/*--------------------------------*- C++ -*----------------------------------*\
  =========                 |
  \\      /  F ield         | OpenFOAM: The Open Source CFD Toolbox
   \\    /   O peration     | Website:  https://openfoam.org
    \\  /    A nd           | Version:  7
     \\/     M anipulation  |
\*---------------------------------------------------------------------------*/
FoamFile
{
    version     2.0;
    format      ascii;
    class       volVectorField;
    location    "550";
    object      U;
}
// * * * * * * * * * * * * * * * * * * * * * * * * * * * * * * * * * * * * * //

dimensions      [0 1 -1 0 0 0 0];

internalField   nonuniform List<vector> 
2500
(
(0.000109788 -0.000111698 0)
(0.000488113 -0.000151382 0)
(0.000833536 -0.000126451 0)
(0.000999131 -7.92156e-05 0)
(0.000909 -3.12641e-05 0)
(0.000558369 1.15237e-05 0)
(-3.52309e-05 4.82398e-05 0)
(-0.000852013 8.02606e-05 0)
(-0.00187669 0.00010975 0)
(-0.00309981 0.000138689 0)
(-0.0045162 0.00016842 0)
(-0.00612206 0.000199538 0)
(-0.00791167 0.00023192 0)
(-0.00987436 0.000264813 0)
(-0.0119919 0.000296928 0)
(-0.0142366 0.000326523 0)
(-0.01657 0.000351489 0)
(-0.018942 0.00036944 0)
(-0.0212912 0.000377837 0)
(-0.0235459 0.000374149 0)
(-0.0256258 0.00035606 0)
(-0.0274451 0.000321713 0)
(-0.0289163 0.000269979 0)
(-0.029955 0.000200734 0)
(-0.0304855 0.000115118 0)
(-0.0304463 1.5682e-05 0)
(-0.029796 -9.36676e-05 0)
(-0.0285181 -0.000207615 0)
(-0.0266253 -0.000319795 0)
(-0.0241613 -0.000423212 0)
(-0.0212011 -0.000510807 0)
(-0.0178488 -0.000576129 0)
(-0.0142327 -0.000614035 0)
(-0.0104983 -0.000621306 0)
(-0.0067989 -0.000597091 0)
(-0.00328607 -0.000543052 0)
(-9.91244e-05 -0.000463178 0)
(0.00264409 -0.000363542 0)
(0.00485423 -0.000251659 0)
(0.00647486 -0.00013527 0)
(0.00748405 -2.14706e-05 0)
(0.00789317 8.37548e-05 0)
(0.00774324 0.000175862 0)
(0.00710073 0.000251541 0)
(0.0060546 0.000307801 0)
(0.00471668 0.000340471 0)
(0.00322754 0.000342381 0)
(0.00177479 0.00030072 0)
(0.000625253 0.000192013 0)
(2.97883e-05 2.97663e-05 0)
(0.000155267 -0.000496524 0)
(0.000689672 -0.000692673 0)
(0.000982165 -0.000439713 0)
(0.000782024 9.71897e-06 0)
(-4.65222e-05 0.000514677 0)
(-0.0015249 0.00100966 0)
(-0.00363032 0.00147265 0)
(-0.00632963 0.00190383 0)
(-0.00959279 0.00231177 0)
(-0.0133959 0.00270512 0)
(-0.0177182 0.00308839 0)
(-0.0225362 0.00346022 0)
(-0.027817 0.00381324 0)
(-0.0335116 0.00413473 0)
(-0.0395497 0.00440769 0)
(-0.0458366 0.00461199 0)
(-0.052251 0.00472576 0)
(-0.0586454 0.00472688 0)
(-0.0648484 0.00459456 0)
(-0.0706689 0.00431115 0)
(-0.0759033 0.003864 0)
(-0.0803433 0.00324734 0)
(-0.0837863 0.00246396 0)
(-0.0860466 0.00152658 0)
(-0.0869672 0.000458736 0)
(-0.0864309 -0.00070521 0)
(-0.0843717 -0.00192113 0)
(-0.0807817 -0.00313664 0)
(-0.0757171 -0.00429405 0)
(-0.0693001 -0.00533388 0)
(-0.0617172 -0.00619901 0)
(-0.0532135 -0.00683915 0)
(-0.0440819 -0.00721526 0)
(-0.0346496 -0.00730338 0)
(-0.0252609 -0.00709726 0)
(-0.0162578 -0.00660961 0)
(-0.00796069 -0.00587132 0)
(-0.000649235 -0.00492912 0)
(0.0054533 -0.00384168 0)
(0.0101919 -0.00267401 0)
(0.0134863 -0.00149155 0)
(0.0153324 -0.000355794 0)
(0.0157996 0.000678407 0)
(0.0150242 0.00156309 0)
(0.0132056 0.00225269 0)
(0.0106039 0.00269658 0)
(0.00754402 0.00282926 0)
(0.00443521 0.00256347 0)
(0.00181884 0.00181078 0)
(0.00019362 0.000627258 0)
(0.000130219 -0.000843449 0)
(0.000379398 -0.000976069 0)
(6.8575e-05 -0.000210954 0)
(-0.00105053 0.000957865 0)
(-0.00310468 0.00225451 0)
(-0.0061148 0.00354331 0)
(-0.0100573 0.00477291 0)
(-0.0148959 0.00593691 0)
(-0.0205935 0.00704628 0)
(-0.0271149 0.00811196 0)
(-0.0344208 0.00913548 0)
(-0.0424606 0.0101051 0)
(-0.0511634 0.0109954 0)
(-0.0604304 0.0117693 0)
(-0.0701295 0.0123806 0)
(-0.0800919 0.0127775 0)
(-0.0901127 0.0129063 0)
(-0.0999534 0.0127159 0)
(-0.109348 0.0121614 0)
(-0.118011 0.0112089 0)
(-0.125649 0.00983937 0)
(-0.131977 0.00805248 0)
(-0.136723 0.00586924 0)
(-0.139655 0.00333403 0)
(-0.140582 0.000515066 0)
(-0.139377 -0.00249673 0)
(-0.135982 -0.005591 0)
(-0.130415 -0.00864283 0)
(-0.122775 -0.011519 0)
(-0.113245 -0.0140853 0)
(-0.102084 -0.0162149 0)
(-0.0896231 -0.0177974 0)
(-0.076251 -0.0187469 0)
(-0.0624012 -0.0190102 0)
(-0.0485307 -0.0185715 0)
(-0.0350989 -0.0174557 0)
(-0.0225439 -0.0157275 0)
(-0.0112594 -0.0134877 0)
(-0.00157328 -0.010865 0)
(0.00626963 -0.00800703 0)
(0.0121202 -0.00506888 0)
(0.0159323 -0.00220214 0)
(0.0177634 0.000451296 0)
(0.0177709 0.00276138 0)
(0.016208 0.00460447 0)
(0.0134187 0.00585203 0)
(0.00983534 0.00635637 0)
(0.00599246 0.00594236 0)
(0.00259184 0.00443376 0)
(0.000303899 0.00178793 0)
(6.7929e-05 -0.000955944 0)
(-0.000257039 -0.000624226 0)
(-0.00156378 0.000999291 0)
(-0.00402749 0.00320103 0)
(-0.00770881 0.00558531 0)
(-0.012603 0.00795567 0)
(-0.018677 0.0102355 0)
(-0.0258904 0.0124113 0)
(-0.034201 0.0144926 0)
(-0.043562 0.0164855 0)
(-0.0539135 0.018379 0)
(-0.0651727 0.02014 0)
(-0.0772246 0.021713 0)
(-0.0899144 0.0230242 0)
(-0.103044 0.0239872 0)
(-0.116371 0.0245094 0)
(-0.129613 0.0244994 0)
(-0.142453 0.0238747 0)
(-0.15455 0.0225686 0)
(-0.165552 0.0205371 0)
(-0.175111 0.0177652 0)
(-0.182894 0.0142713 0)
(-0.188606 0.0101103 0)
(-0.191993 0.00537478 0)
(-0.192865 0.000194003 0)
(-0.191099 -0.00526895 0)
(-0.186654 -0.0108235 0)
(-0.179568 -0.0162602 0)
(-0.169968 -0.0213597 0)
(-0.158066 -0.0259034 0)
(-0.144158 -0.0296859 0)
(-0.128617 -0.0325276 0)
(-0.111883 -0.0342874 0)
(-0.0944473 -0.0348742 0)
(-0.0768371 -0.0342555 0)
(-0.0595895 -0.0324629 0)
(-0.0432291 -0.0295927 0)
(-0.028241 -0.0258012 0)
(-0.0150455 -0.021295 0)
(-0.00397525 -0.0163169 0)
(0.00474341 -0.0111296 0)
(0.0110026 -0.00600019 0)
(0.0148208 -0.00118541 0)
(0.0163421 0.00307227 0)
(0.0158319 0.00654233 0)
(0.0136725 0.00899252 0)
(0.0103544 0.0101723 0)
(0.00648817 0.0098006 0)
(0.00288381 0.00757868 0)
(0.000344937 0.00326309 0)
(-1.41456e-05 -0.000678446 0)
(-0.00111082 0.00067616 0)
(-0.00370217 0.00356461 0)
(-0.00783634 0.00711092 0)
(-0.0134612 0.0108402 0)
(-0.0205227 0.0145228 0)
(-0.0289674 0.0180723 0)
(-0.0387455 0.0214736 0)
(-0.0498075 0.0247314 0)
(-0.0620935 0.0278391 0)
(-0.0755203 0.0307622 0)
(-0.0899694 0.0334335 0)
(-0.105278 0.035756 0)
(-0.121236 0.0376092 0)
(-0.137579 0.0388596 0)
(-0.154001 0.0393705 0)
(-0.170152 0.0390136 0)
(-0.185657 0.03768 0)
(-0.200124 0.0352896 0)
(-0.213161 0.0318 0)
(-0.224393 0.0272131 0)
(-0.233473 0.0215793 0)
(-0.240096 0.014999 0)
(-0.244012 0.00762253 0)
(-0.245034 -0.000352896 0)
(-0.243046 -0.00868796 0)
(-0.238007 -0.0171105 0)
(-0.229959 -0.0253258 0)
(-0.219027 -0.0330276 0)
(-0.205424 -0.0399113 0)
(-0.189446 -0.0456887 0)
(-0.171478 -0.0501046 0)
(-0.151976 -0.0529536 0)
(-0.131465 -0.0540954 0)
(-0.110518 -0.0534687 0)
(-0.0897337 -0.0511 0)
(-0.0697131 -0.0471068 0)
(-0.0510285 -0.0416948 0)
(-0.0341942 -0.0351463 0)
(-0.0196372 -0.0278037 0)
(-0.00767261 -0.0200479 0)
(0.00151494 -0.0122755 0)
(0.0078839 -0.00488051 0)
(0.011541 0.00175916 0)
(0.0127373 0.00728227 0)
(0.0118635 0.0113311 0)
(0.00943973 0.0135332 0)
(0.00612408 0.0134818 0)
(0.00279433 0.0107277 0)
(0.000341508 0.00478878 0)
(-0.000110659 8.27273e-05 0)
(-0.00211804 0.00313581 0)
(-0.00620456 0.00775119 0)
(-0.0122489 0.0129649 0)
(-0.0200502 0.0182791 0)
(-0.0294861 0.0234707 0)
(-0.0404722 0.028467 0)
(-0.0529444 0.0332601 0)
(-0.0668422 0.0378493 0)
(-0.0820894 0.0422069 0)
(-0.098577 0.0462636 0)
(-0.116149 0.049907 0)
(-0.134597 0.0529883 0)
(-0.153655 0.0553345 0)
(-0.173006 0.0567621 0)
(-0.192288 0.0570926 0)
(-0.211107 0.0561671 0)
(-0.229047 0.0538595 0)
(-0.245692 0.050088 0)
(-0.260636 0.0448239 0)
(-0.273497 0.0380963 0)
(-0.283929 0.0299957 0)
(-0.291632 0.020673 0)
(-0.296359 0.0103372 0)
(-0.297919 -0.000748968 0)
(-0.29619 -0.0122751 0)
(-0.291114 -0.023893 0)
(-0.282707 -0.0352276 0)
(-0.271065 -0.0458882 0)
(-0.256371 -0.0554831 0)
(-0.238897 -0.0636363 0)
(-0.219006 -0.0700076 0)
(-0.197153 -0.0743136 0)
(-0.173875 -0.0763485 0)
(-0.14978 -0.0760038 0)
(-0.125524 -0.073283 0)
(-0.101785 -0.0683096 0)
(-0.0792279 -0.0613269 0)
(-0.0584734 -0.0526876 0)
(-0.0400574 -0.0428343 0)
(-0.0244006 -0.0322734 0)
(-0.0117821 -0.021546 0)
(-0.00232094 -0.0111998 0)
(0.00403244 -0.00176994 0)
(0.0074975 0.00622687 0)
(0.00845414 0.012288 0)
(0.00743432 0.0158996 0)
(0.00512512 0.016512 0)
(0.00243857 0.0135123 0)
(0.000311456 0.00619069 0)
(-0.000218428 0.00139336 0)
(-0.00323526 0.0069035 0)
(-0.00896334 0.013747 0)
(-0.0170801 0.0209571 0)
(-0.0272096 0.0280814 0)
(-0.0391482 0.0349513 0)
(-0.052773 0.0415364 0)
(-0.0680004 0.0478483 0)
(-0.0847552 0.0538805 0)
(-0.102943 0.0595771 0)
(-0.122426 0.0648243 0)
(-0.143012 0.0694548 0)
(-0.16445 0.0732623 0)
(-0.186429 0.0760183 0)
(-0.208588 0.0774924 0)
(-0.23053 0.0774706 0)
(-0.251833 0.075773 0)
(-0.272067 0.072268 0)
(-0.29081 0.066883 0)
(-0.307658 0.0596112 0)
(-0.322239 0.0505151 0)
(-0.334214 0.0397264 0)
(-0.343288 0.0274437 0)
(-0.34921 0.0139278 0)
(-0.351775 -0.000502257 0)
(-0.350837 -0.0154757 0)
(-0.346298 -0.0305779 0)
(-0.33813 -0.0453603 0)
(-0.326376 -0.0593514 0)
(-0.311163 -0.0720706 0)
(-0.292712 -0.0830477 0)
(-0.271346 -0.0918448 0)
(-0.247492 -0.0980824 0)
(-0.221685 -0.101467 0)
(-0.194555 -0.101819 0)
(-0.166808 -0.099094 0)
(-0.139202 -0.0933992 0)
(-0.112509 -0.0849987 0)
(-0.0874694 -0.0743057 0)
(-0.0647508 -0.0618619 0)
(-0.0449032 -0.0483062 0)
(-0.0283238 -0.0343379 0)
(-0.015231 -0.0206793 0)
(-0.00565032 -0.00804615 0)
(0.000588315 0.00286799 0)
(0.00384188 0.0113908 0)
(0.0046422 0.0168485 0)
(0.00369242 0.0185357 0)
(0.00191587 0.015675 0)
(0.000268564 0.00736036 0)
(-0.000334662 0.00330126 0)
(-0.00442605 0.0120805 0)
(-0.0118845 0.0216731 0)
(-0.0221635 0.0312053 0)
(-0.0346953 0.0403469 0)
(-0.0491868 0.0490382 0)
(-0.0654721 0.0573227 0)
(-0.0834445 0.065245 0)
(-0.103011 0.0727935 0)
(-0.124057 0.0798783 0)
(-0.146416 0.0863329 0)
(-0.169863 0.0919298 0)
(-0.19411 0.0964022 0)
(-0.218813 0.0994691 0)
(-0.243582 0.100859 0)
(-0.268001 0.100333 0)
(-0.291642 0.0977004 0)
(-0.314077 0.0928343 0)
(-0.334892 0.0856791 0)
(-0.3537 0.0762543 0)
(-0.370138 0.064655 0)
(-0.383877 0.0510495 0)
(-0.394624 0.0356752 0)
(-0.402115 0.0188339 0)
(-0.406123 0.00088814 0)
(-0.406464 -0.0177435 0)
(-0.402993 -0.0365918 0)
(-0.395622 -0.0551432 0)
(-0.384325 -0.0728498 0)
(-0.369156 -0.0891425 0)
(-0.350262 -0.103451 0)
(-0.327901 -0.115225 0)
(-0.302447 -0.123972 0)
(-0.274407 -0.129284 0)
(-0.244412 -0.130878 0)
(-0.213207 -0.12863 0)
(-0.181625 -0.1226 0)
(-0.150547 -0.113048 0)
(-0.120856 -0.10043 0)
(-0.0933754 -0.0853811 0)
(-0.0688157 -0.0686784 0)
(-0.0477253 -0.0511952 0)
(-0.0304522 -0.0338516 0)
(-0.0171224 -0.0175711 0)
(-0.00763388 -0.0032529 0)
(-0.00166571 0.00823493 0)
(0.00130331 0.0160404 0)
(0.00198512 0.0192894 0)
(0.00130295 0.0170442 0)
(0.000223054 0.0082369 0)
(-0.000456242 0.00583692 0)
(-0.00565418 0.0187233 0)
(-0.0148764 0.031587 0)
(-0.0273382 0.0437536 0)
(-0.0422712 0.0550986 0)
(-0.0592902 0.0657287 0)
(-0.078184 0.0757946 0)
(-0.0988204 0.0853874 0)
(-0.121087 0.0944919 0)
(-0.144846 0.10298 0)
(-0.169907 0.110627 0)
(-0.196015 0.117144 0)
(-0.222853 0.122205 0)
(-0.250057 0.125482 0)
(-0.277224 0.126673 0)
(-0.303934 0.125523 0)
(-0.329765 0.12184 0)
(-0.354304 0.115511 0)
(-0.377154 0.106499 0)
(-0.397943 0.0948499 0)
(-0.416325 0.0806869 0)
(-0.431977 0.0642067 0)
(-0.444602 0.045675 0)
(-0.453926 0.0254228 0)
(-0.459698 0.0038431 0)
(-0.461696 -0.0186103 0)
(-0.459732 -0.0414255 0)
(-0.453652 -0.0640356 0)
(-0.443356 -0.0858249 0)
(-0.428813 -0.106141 0)
(-0.410077 -0.12431 0)
(-0.387312 -0.139666 0)
(-0.360809 -0.15158 0)
(-0.331009 -0.159505 0)
(-0.298508 -0.16302 0)
(-0.264059 -0.161878 0)
(-0.228551 -0.156052 0)
(-0.192972 -0.145756 0)
(-0.158354 -0.131462 0)
(-0.125704 -0.113882 0)
(-0.0959321 -0.0939322 0)
(-0.0697796 -0.0726756 0)
(-0.0477672 -0.0512571 0)
(-0.0301586 -0.0308421 0)
(-0.016948 -0.0125712 0)
(-0.00786962 0.00245998 0)
(-0.00242126 0.0131945 0)
(0.000111487 0.0185783 0)
(0.000651478 0.0175133 0)
(0.00018152 0.00879378 0)
(-0.000579278 0.00901196 0)
(-0.00688064 0.0268423 0)
(-0.0178445 0.0434842 0)
(-0.0324421 0.0585756 0)
(-0.049704 0.072286 0)
(-0.069153 0.0849472 0)
(-0.0905324 0.0968496 0)
(-0.113683 0.108144 0)
(-0.138473 0.118815 0)
(-0.16474 0.128693 0)
(-0.192272 0.137494 0)
(-0.22079 0.144867 0)
(-0.24996 0.150433 0)
(-0.279405 0.153827 0)
(-0.308722 0.154724 0)
(-0.337499 0.152861 0)
(-0.365326 0.148056 0)
(-0.391808 0.140208 0)
(-0.416569 0.129303 0)
(-0.439254 0.115409 0)
(-0.45953 0.0986709 0)
(-0.477082 0.079307 0)
(-0.491618 0.0576027 0)
(-0.502858 0.0339087 0)
(-0.510539 0.00863814 0)
(-0.514418 -0.0177322 0)
(-0.51427 -0.0446613 0)
(-0.50989 -0.0715447 0)
(-0.501108 -0.097714 0)
(-0.4878 -0.122446 0)
(-0.469913 -0.144974 0)
(-0.44749 -0.164514 0)
(-0.4207 -0.180292 0)
(-0.389869 -0.191599 0)
(-0.355508 -0.197837 0)
(-0.318326 -0.198592 0)
(-0.279226 -0.193686 0)
(-0.239276 -0.183238 0)
(-0.199654 -0.167686 0)
(-0.161569 -0.147786 0)
(-0.126166 -0.124581 0)
(-0.0944364 -0.0993347 0)
(-0.0671286 -0.0734467 0)
(-0.0446977 -0.0483664 0)
(-0.0272773 -0.0255222 0)
(-0.0146862 -0.0062802 0)
(-0.00645679 0.00806189 0)
(-0.00187478 0.0162485 0)
(-1.21801e-05 0.0170149 0)
(0.000147179 0.00902525 0)
(-0.000699068 0.012817 0)
(-0.00806322 0.0364009 0)
(-0.0206907 0.0572982 0)
(-0.0373123 0.075577 0)
(-0.0567629 0.0917889 0)
(-0.0784772 0.106548 0)
(-0.102153 0.120317 0)
(-0.127605 0.13332 0)
(-0.154677 0.145541 0)
(-0.183188 0.15677 0)
(-0.212905 0.166666 0)
(-0.243531 0.174819 0)
(-0.274722 0.180805 0)
(-0.306097 0.184228 0)
(-0.337258 0.184748 0)
(-0.367805 0.182106 0)
(-0.397343 0.176128 0)
(-0.425497 0.166731 0)
(-0.451906 0.15392 0)
(-0.476234 0.137783 0)
(-0.498164 0.118485 0)
(-0.517399 0.0962611 0)
(-0.53366 0.071413 0)
(-0.546684 0.0443056 0)
(-0.556216 0.0153647 0)
(-0.562012 -0.0149212 0)
(-0.563838 -0.0459979 0)
(-0.561457 -0.0772436 0)
(-0.554639 -0.107961 0)
(-0.543175 -0.13738 0)
(-0.526897 -0.164662 0)
(-0.505703 -0.188919 0)
(-0.479602 -0.209237 0)
(-0.448753 -0.224728 0)
(-0.413516 -0.234588 0)
(-0.374485 -0.238179 0)
(-0.332509 -0.235113 0)
(-0.28868 -0.225332 0)
(-0.244291 -0.209166 0)
(-0.200751 -0.187359 0)
(-0.159472 -0.161048 0)
(-0.121746 -0.131692 0)
(-0.0886229 -0.100972 0)
(-0.0608221 -0.07067 0)
(-0.0386797 -0.0425627 0)
(-0.0221447 -0.0183462 0)
(-0.0108112 0.000391465 0)
(-0.00397217 0.0121558 0)
(-0.000685474 0.0154949 0)
(0.000120398 0.008933 0)
(-0.000810291 0.0172199 0)
(-0.00915758 0.0473138 0)
(-0.0233156 0.0729024 0)
(-0.041787 0.0945992 0)
(-0.0632236 0.113423 0)
(-0.0869766 0.130324 0)
(-0.1127 0.145965 0)
(-0.140179 0.160656 0)
(-0.169236 0.174387 0)
(-0.199671 0.186907 0)
(-0.231231 0.197821 0)
(-0.263608 0.206666 0)
(-0.296451 0.21298 0)
(-0.329379 0.216342 0)
(-0.362002 0.216408 0)
(-0.393928 0.212921 0)
(-0.424778 0.20572 0)
(-0.454189 0.194741 0)
(-0.481821 0.180008 0)
(-0.507354 0.161631 0)
(-0.530497 0.139795 0)
(-0.550984 0.114758 0)
(-0.56857 0.0868373 0)
(-0.58303 0.0564115 0)
(-0.594148 0.023914 0)
(-0.601707 -0.010166 0)
(-0.605491 -0.0452781 0)
(-0.605258 -0.0808081 0)
(-0.600744 -0.11606 0)
(-0.59167 -0.150251 0)
(-0.577756 -0.182508 0)
(-0.558749 -0.211868 0)
(-0.534466 -0.237298 0)
(-0.504854 -0.257735 0)
(-0.470049 -0.27215 0)
(-0.430447 -0.279636 0)
(-0.386747 -0.279521 0)
(-0.339981 -0.271476 0)
(-0.291486 -0.255626 0)
(-0.242834 -0.232607 0)
(-0.195712 -0.20358 0)
(-0.151757 -0.17017 0)
(-0.112398 -0.134352 0)
(-0.0787092 -0.0982893 0)
(-0.0513158 -0.0641806 0)
(-0.0303677 -0.034133 0)
(-0.015564 -0.0100974 0)
(-0.00622394 0.00613566 0)
(-0.00138582 0.0128882 0)
(9.91525e-05 0.00851438 0)
(-0.000907347 0.0221646 0)
(-0.0101192 0.0594476 0)
(-0.0256215 0.0901126 0)
(-0.0457113 0.115424 0)
(-0.0688742 0.136943 0)
(-0.0943845 0.156006 0)
(-0.121852 0.173504 0)
(-0.151032 0.189841 0)
(-0.181726 0.205017 0)
(-0.213712 0.218747 0)
(-0.246722 0.230583 0)
(-0.280438 0.240017 0)
(-0.314503 0.246552 0)
(-0.348537 0.249753 0)
(-0.382153 0.249269 0)
(-0.414968 0.244853 0)
(-0.44661 0.236358 0)
(-0.47673 0.223739 0)
(-0.505004 0.207047 0)
(-0.531141 0.186418 0)
(-0.554886 0.162069 0)
(-0.576018 0.134283 0)
(-0.594352 0.103404 0)
(-0.609724 0.0698241 0)
(-0.621983 0.0339822 0)
(-0.630969 -0.00364133 0)
(-0.636512 -0.0425171 0)
(-0.6384 -0.082064 0)
(-0.636363 -0.121623 0)
(-0.63008 -0.160443 0)
(-0.619181 -0.197658 0)
(-0.603269 -0.232282 0)
(-0.581965 -0.263203 0)
(-0.554966 -0.289212 0)
(-0.522131 -0.309058 0)
(-0.483567 -0.321538 0)
(-0.439719 -0.325628 0)
(-0.391436 -0.320634 0)
(-0.339993 -0.306343 0)
(-0.287043 -0.283153 0)
(-0.234507 -0.252135 0)
(-0.184389 -0.215005 0)
(-0.138562 -0.174011 0)
(-0.0985552 -0.131738 0)
(-0.0653972 -0.0908877 0)
(-0.0395355 -0.0540814 0)
(-0.0208447 -0.0237346 0)
(-0.00870579 -0.00201825 0)
(-0.00214526 0.00909925 0)
(7.97249e-05 0.00775328 0)
(-0.000984761 0.0275715 0)
(-0.0109055 0.072623 0)
(-0.0275175 0.108691 0)
(-0.0489423 0.137779 0)
(-0.0735225 0.162053 0)
(-0.100461 0.183279 0)
(-0.129323 0.202594 0)
(-0.159835 0.220512 0)
(-0.19177 0.237048 0)
(-0.224891 0.251883 0)
(-0.258912 0.264524 0)
(-0.293504 0.274422 0)
(-0.328306 0.281052 0)
(-0.362934 0.283964 0)
(-0.397001 0.282808 0)
(-0.430127 0.277345 0)
(-0.461946 0.267448 0)
(-0.492121 0.253098 0)
(-0.520354 0.23438 0)
(-0.546387 0.211471 0)
(-0.570015 0.184628 0)
(-0.591084 0.154176 0)
(-0.60948 0.120491 0)
(-0.625126 0.0839862 0)
(-0.637955 0.0451032 0)
(-0.647889 0.00430614 0)
(-0.654828 -0.0379129 0)
(-0.658621 -0.0810274 0)
(-0.659027 -0.124452 0)
(-0.655719 -0.167508 0)
(-0.648271 -0.209395 0)
(-0.636177 -0.249162 0)
(-0.618876 -0.285679 0)
(-0.595818 -0.317646 0)
(-0.566548 -0.343624 0)
(-0.530818 -0.36212 0)
(-0.488711 -0.371718 0)
(-0.440762 -0.371262 0)
(-0.388032 -0.360071 0)
(-0.332123 -0.338135 0)
(-0.275098 -0.306264 0)
(-0.219292 -0.266133 0)
(-0.16706 -0.220191 0)
(-0.120483 -0.171449 0)
(-0.0811192 -0.123188 0)
(-0.0498418 -0.0786687 0)
(-0.0268033 -0.0409049 0)
(-0.0115104 -0.0125681 0)
(-0.00300394 0.00398964 0)
(5.73208e-05 0.00661403 0)
(-0.00103761 0.033339 0)
(-0.0114789 0.0866187 0)
(-0.028923 0.128353 0)
(-0.0513555 0.161345 0)
(-0.0770025 0.188414 0)
(-0.105002 0.211782 0)
(-0.134874 0.232855 0)
(-0.166309 0.252267 0)
(-0.199058 0.270052 0)
(-0.232861 0.285866 0)
(-0.267417 0.299172 0)
(-0.302386 0.309384 0)
(-0.337396 0.315953 0)
(-0.37206 0.318418 0)
(-0.405986 0.316431 0)
(-0.438792 0.309765 0)
(-0.470123 0.298319 0)
(-0.499657 0.282112 0)
(-0.527126 0.261277 0)
(-0.55232 0.236044 0)
(-0.575096 0.206729 0)
(-0.595374 0.173711 0)
(-0.613132 0.137406 0)
(-0.628384 0.0982563 0)
(-0.641162 0.0567052 0)
(-0.651484 0.0131953 0)
(-0.65934 -0.0318304 0)
(-0.664658 -0.0779175 0)
(-0.66726 -0.124581 0)
(-0.66685 -0.171258 0)
(-0.662997 -0.217263 0)
(-0.655132 -0.261744 0)
(-0.642565 -0.303632 0)
(-0.624527 -0.341614 0)
(-0.600259 -0.374135 0)
(-0.569125 -0.399452 0)
(-0.530768 -0.415761 0)
(-0.485277 -0.421388 0)
(-0.433336 -0.415052 0)
(-0.376318 -0.396151 0)
(-0.316266 -0.365019 0)
(-0.255747 -0.323082 0)
(-0.197577 -0.272844 0)
(-0.144454 -0.217688 0)
(-0.0985913 -0.161526 0)
(-0.0614444 -0.108381 0)
(-0.0335807 -0.0620383 0)
(-0.0147305 -0.0258314 0)
(-0.00400344 -0.0026253 0)
(2.67775e-05 0.00503931 0)
(-0.00106193 0.0393467 0)
(-0.0118082 0.101178 0)
(-0.0297722 0.148774 0)
(-0.0528498 0.185765 0)
(-0.0791808 0.215648 0)
(-0.107844 0.241122 0)
(-0.138313 0.263877 0)
(-0.170242 0.284674 0)
(-0.203352 0.303576 0)
(-0.237363 0.320217 0)
(-0.271956 0.334023 0)
(-0.306779 0.344373 0)
(-0.341451 0.350697 0)
(-0.375573 0.352524 0)
(-0.408751 0.349511 0)
(-0.440606 0.341452 0)
(-0.470791 0.328283 0)
(-0.499011 0.310073 0)
(-0.525036 0.287016 0)
(-0.548714 0.259416 0)
(-0.569971 0.22766 0)
(-0.588811 0.192191 0)
(-0.605302 0.15348 0)
(-0.619556 0.111996 0)
(-0.631701 0.0681895 0)
(-0.641854 0.0224771 0)
(-0.650098 -0.0247536 0)
(-0.656452 -0.0731312 0)
(-0.660826 -0.122288 0)
(-0.662987 -0.171802 0)
(-0.66255 -0.221149 0)
(-0.658945 -0.269636 0)
(-0.651421 -0.316332 0)
(-0.639063 -0.360007 0)
(-0.620857 -0.399089 0)
(-0.595801 -0.43168 0)
(-0.563065 -0.455641 0)
(-0.522199 -0.468774 0)
(-0.473354 -0.469112 0)
(-0.417467 -0.455288 0)
(-0.35635 -0.426912 0)
(-0.292625 -0.384888 0)
(-0.229465 -0.331534 0)
(-0.170191 -0.270465 0)
(-0.117778 -0.206208 0)
(-0.0744226 -0.143666 0)
(-0.0412806 -0.0875853 0)
(-0.0184439 -0.0421697 0)
(-0.00518108 -0.0109736 0)
(-1.66946e-05 0.0029511 0)
(-0.00105505 0.0454593 0)
(-0.0118714 0.116016 0)
(-0.0300175 0.169599 0)
(-0.053352 0.210655 0)
(-0.079962 0.243355 0)
(-0.108874 0.270885 0)
(-0.139511 0.295228 0)
(-0.171489 0.317283 0)
(-0.204498 0.337149 0)
(-0.238235 0.354444 0)
(-0.272365 0.368562 0)
(-0.306522 0.37885 0)
(-0.340312 0.384719 0)
(-0.373333 0.385691 0)
(-0.405187 0.381437 0)
(-0.435502 0.371779 0)
(-0.463952 0.356701 0)
(-0.490273 0.336339 0)
(-0.514287 0.310965 0)
(-0.535903 0.280969 0)
(-0.555122 0.246822 0)
(-0.572031 0.209041 0)
(-0.586781 0.168153 0)
(-0.599571 0.12466 0)
(-0.610619 0.0790168 0)
(-0.620126 0.0316162 0)
(-0.628263 -0.0172111 0)
(-0.635136 -0.0671794 0)
(-0.640751 -0.118042 0)
(-0.644966 -0.169531 0)
(-0.647479 -0.221307 0)
(-0.647785 -0.272881 0)
(-0.645149 -0.32353 0)
(-0.638606 -0.372202 0)
(-0.626982 -0.417431 0)
(-0.608983 -0.457291 0)
(-0.583338 -0.489422 0)
(-0.549027 -0.51117 0)
(-0.50555 -0.519867 0)
(-0.453219 -0.513246 0)
(-0.393369 -0.489958 0)
(-0.328425 -0.45006 0)
(-0.261733 -0.395357 0)
(-0.19715 -0.329434 0)
(-0.138458 -0.257325 0)
(-0.0887449 -0.184874 0)
(-0.0499492 -0.117979 0)
(-0.0227032 -0.0619685 0)
(-0.0065657 -0.0213152 0)
(-7.71092e-05 0.000253953 0)
(-0.00101585 0.0515322 0)
(-0.0116565 0.130831 0)
(-0.0296318 0.190452 0)
(-0.0528201 0.235608 0)
(-0.0792918 0.271116 0)
(-0.108028 0.300642 0)
(-0.1384 0.326467 0)
(-0.169983 0.349638 0)
(-0.202433 0.370299 0)
(-0.235424 0.388059 0)
(-0.268605 0.402283 0)
(-0.301597 0.412293 0)
(-0.334 0.417482 0)
(-0.365409 0.417374 0)
(-0.395431 0.411658 0)
(-0.423711 0.400199 0)
(-0.44995 0.383041 0)
(-0.47393 0.360401 0)
(-0.495526 0.332644 0)
(-0.514716 0.300256 0)
(-0.531573 0.2638 0)
(-0.546255 0.223868 0)
(-0.558989 0.181043 0)
(-0.570043 0.135862 0)
(-0.5797 0.0887814 0)
(-0.588229 0.040171 0)
(-0.595865 -0.00969136 0)
(-0.602793 -0.0606008 0)
(-0.609106 -0.112423 0)
(-0.61476 -0.16504 0)
(-0.619564 -0.2183 0)
(-0.623124 -0.27194 0)
(-0.624803 -0.325491 0)
(-0.623682 -0.378162 0)
(-0.618551 -0.42871 0)
(-0.607944 -0.475336 0)
(-0.590252 -0.515625 0)
(-0.563923 -0.546608 0)
(-0.527769 -0.564987 0)
(-0.481331 -0.567556 0)
(-0.425231 -0.551811 0)
(-0.361407 -0.516638 0)
(-0.2931 -0.46292 0)
(-0.22452 -0.393833 0)
(-0.160208 -0.314674 0)
(-0.104251 -0.232187 0)
(-0.0595619 -0.153588 0)
(-0.0275293 -0.0856086 0)
(-0.00817596 -0.0339278 0)
(-0.000157764 -0.00316043 0)
(-0.00094489 0.0574174 0)
(-0.0111627 0.145311 0)
(-0.02861 0.210949 0)
(-0.0512449 0.260212 0)
(-0.0771593 0.29851 0)
(-0.105297 0.329965 0)
(-0.134979 0.357159 0)
(-0.165733 0.381293 0)
(-0.197184 0.402568 0)
(-0.228982 0.420592 0)
(-0.260761 0.43471 0)
(-0.292137 0.444221 0)
(-0.322707 0.448507 0)
(-0.352071 0.447102 0)
(-0.379853 0.439722 0)
(-0.405722 0.426287 0)
(-0.429421 0.406916 0)
(-0.450782 0.381918 0)
(-0.469741 0.351762 0)
(-0.486339 0.317034 0)
(-0.500715 0.278387 0)
(-0.51309 0.236491 0)
(-0.523742 0.191979 0)
(-0.532988 0.145414 0)
(-0.541152 0.0972549 0)
(-0.548543 0.0478493 0)
(-0.555434 -0.00257183 0)
(-0.562067 -0.0538749 0)
(-0.568604 -0.106019 0)
(-0.575091 -0.159017 0)
(-0.581453 -0.212888 0)
(-0.587437 -0.267589 0)
(-0.592558 -0.322922 0)
(-0.596036 -0.378409 0)
(-0.596747 -0.433131 0)
(-0.593203 -0.485563 0)
(-0.583606 -0.533432 0)
(-0.565998 -0.573663 0)
(-0.538551 -0.602495 0)
(-0.499974 -0.615852 0)
(-0.449992 -0.609981 0)
(-0.389769 -0.582316 0)
(-0.322103 -0.532383 0)
(-0.251269 -0.462457 0)
(-0.182417 -0.377693 0)
(-0.120646 -0.285558 0)
(-0.0700182 -0.194666 0)
(-0.032908 -0.113434 0)
(-0.0100196 -0.0490893 0)
(-0.000261561 -0.00740761 0)
(-0.00084437 0.0629694 0)
(-0.0104005 0.159148 0)
(-0.0269695 0.230705 0)
(-0.0486501 0.284057 0)
(-0.0735964 0.325119 0)
(-0.100726 0.358436 0)
(-0.129308 0.386881 0)
(-0.158824 0.411821 0)
(-0.188866 0.433525 0)
(-0.219062 0.451613 0)
(-0.249038 0.465415 0)
(-0.278408 0.474216 0)
(-0.306777 0.477396 0)
(-0.33376 0.474504 0)
(-0.359007 0.465298 0)
(-0.382226 0.449763 0)
(-0.403208 0.428105 0)
(-0.42184 0.400733 0)
(-0.43812 0.368222 0)
(-0.452148 0.33126 0)
(-0.464115 0.290587 0)
(-0.474287 0.246937 0)
(-0.482976 0.200989 0)
(-0.490522 0.153322 0)
(-0.497264 0.104394 0)
(-0.503524 0.0545291 0)
(-0.509587 0.00392058 0)
(-0.515724 -0.0473582 0)
(-0.522138 -0.0993355 0)
(-0.528946 -0.152126 0)
(-0.53618 -0.205887 0)
(-0.54373 -0.260767 0)
(-0.55129 -0.316825 0)
(-0.558282 -0.373906 0)
(-0.563771 -0.431477 0)
(-0.566395 -0.488416 0)
(-0.564345 -0.54278 0)
(-0.555438 -0.591632 0)
(-0.537347 -0.631007 0)
(-0.507995 -0.656147 0)
(-0.46612 -0.662093 0)
(-0.411867 -0.644649 0)
(-0.347249 -0.601574 0)
(-0.276239 -0.533686 0)
(-0.20432 -0.445441 0)
(-0.137517 -0.344661 0)
(-0.0811419 -0.241307 0)
(-0.0387892 -0.145721 0)
(-0.0120933 -0.0670609 0)
(-0.000391046 -0.0126049 0)
(-0.000718034 0.0680519 0)
(-0.00939106 0.172047 0)
(-0.0247492 0.249351 0)
(-0.0450917 0.306744 0)
(-0.0686763 0.35054 0)
(-0.0944072 0.385653 0)
(-0.121507 0.415237 0)
(-0.149408 0.440831 0)
(-0.177671 0.462784 0)
(-0.205908 0.480743 0)
(-0.23374 0.494034 0)
(-0.260787 0.501939 0)
(-0.286673 0.503842 0)
(-0.311041 0.49932 0)
(-0.333577 0.488183 0)
(-0.354037 0.470489 0)
(-0.372265 0.446541 0)
(-0.388207 0.41685 0)
(-0.401916 0.382097 0)
(-0.413542 0.343064 0)
(-0.423317 0.300568 0)
(-0.431532 0.255399 0)
(-0.438512 0.208264 0)
(-0.444596 0.159751 0)
(-0.450119 0.110311 0)
(-0.455388 0.060245 0)
(-0.460678 0.00971305 0)
(-0.466259 -0.0412551 0)
(-0.472353 -0.0927366 0)
(-0.479124 -0.144914 0)
(-0.486679 -0.198041 0)
(-0.495037 -0.252412 0)
(-0.50407 -0.3083 0)
(-0.513425 -0.365854 0)
(-0.522422 -0.424939 0)
(-0.529945 -0.484907 0)
(-0.534345 -0.544309 0)
(-0.533426 -0.600591 0)
(-0.524567 -0.649889 0)
(-0.505062 -0.687066 0)
(-0.472683 -0.706147 0)
(-0.426418 -0.701286 0)
(-0.367184 -0.668167 0)
(-0.298249 -0.60558 0)
(-0.225059 -0.516608 0)
(-0.154348 -0.408859 0)
(-0.0926887 -0.293401 0)
(-0.0450885 -0.182644 0)
(-0.0143825 -0.0880697 0)
(-0.000548173 -0.0188659 0)
(-0.000570896 0.0725428 0)
(-0.00816523 0.183736 0)
(-0.0220082 0.266536 0)
(-0.0406552 0.327896 0)
(-0.0625103 0.374394 0)
(-0.0864813 0.411245 0)
(-0.111748 0.441864 0)
(-0.137699 0.467968 0)
(-0.163862 0.490006 0)
(-0.189837 0.507661 0)
(-0.215248 0.520274 0)
(-0.239733 0.527132 0)
(-0.262942 0.527635 0)
(-0.284557 0.521399 0)
(-0.304311 0.508292 0)
(-0.322013 0.488457 0)
(-0.337564 0.46229 0)
(-0.350967 0.430408 0)
(-0.362321 0.393589 0)
(-0.371814 0.352698 0)
(-0.379703 0.308618 0)
(-0.386286 0.262176 0)
(-0.391884 0.214099 0)
(-0.396819 0.164973 0)
(-0.401396 0.11523 0)
(-0.405897 0.0651497 0)
(-0.410566 0.0148649 0)
(-0.415651 -0.0356239 0)
(-0.421369 -0.086424 0)
(-0.427904 -0.137754 0)
(-0.435411 -0.189925 0)
(-0.444004 -0.243322 0)
(-0.453708 -0.298376 0)
(-0.464385 -0.355484 0)
(-0.475631 -0.414879 0)
(-0.486644 -0.476406 0)
(-0.496071 -0.539204 0)
(-0.501902 -0.601312 0)
(-0.501472 -0.659282 0)
(-0.491673 -0.707969 0)
(-0.469462 -0.740726 0)
(-0.43265 -0.750207 0)
(-0.380846 -0.729882 0)
(-0.316227 -0.676019 0)
(-0.243765 -0.58958 0)
(-0.170567 -0.477211 0)
(-0.104359 -0.350614 0)
(-0.0516905 -0.224251 0)
(-0.0168618 -0.112292 0)
(-0.000734107 -0.0262956 0)
(-0.000408918 0.0763398 0)
(-0.00676205 0.193975 0)
(-0.0188228 0.281946 0)
(-0.0354522 0.347167 0)
(-0.0552432 0.396331 0)
(-0.0771269 0.434873 0)
(-0.100249 0.46644 0)
(-0.123958 0.492929 0)
(-0.147751 0.514905 0)
(-0.17122 0.53211 0)
(-0.194001 0.543912 0)
(-0.215755 0.549616 0)
(-0.236172 0.548653 0)
(-0.254979 0.540682 0)
(-0.271965 0.52564 0)
(-0.286995 0.503753 0)
(-0.300026 0.475513 0)
(-0.311108 0.441632 0)
(-0.320381 0.402977 0)
(-0.328056 0.360482 0)
(-0.334399 0.315079 0)
(-0.3397 0.26762 0)
(-0.344261 0.218835 0)
(-0.34837 0.169299 0)
(-0.352298 0.119423 0)
(-0.356283 0.0694614 0)
(-0.360532 0.019524 0)
(-0.365253 -0.0304069 0)
(-0.370648 -0.0804526 0)
(-0.376893 -0.130843 0)
(-0.384166 -0.181908 0)
(-0.392638 -0.234079 0)
(-0.402446 -0.287877 0)
(-0.41363 -0.343879 0)
(-0.426044 -0.402615 0)
(-0.439216 -0.464388 0)
(-0.452168 -0.528954 0)
(-0.463232 -0.595079 0)
(-0.46993 -0.660002 0)
(-0.469034 -0.718971 0)
(-0.456929 -0.765105 0)
(-0.430373 -0.789908 0)
(-0.387575 -0.784692 0)
(-0.329313 -0.742864 0)
(-0.259634 -0.662539 0)
(-0.185591 -0.548502 0)
(-0.115822 -0.412378 0)
(-0.0584547 -0.270448 0)
(-0.0194956 -0.139838 0)
(-0.000949035 -0.0349851 0)
(-0.000238618 0.0793637 0)
(-0.00522678 0.202564 0)
(-0.0152834 0.295304 0)
(-0.0296165 0.364248 0)
(-0.0470479 0.41604 0)
(-0.0665557 0.456238 0)
(-0.0872644 0.488682 0)
(-0.108484 0.515456 0)
(-0.12969 0.537252 0)
(-0.150466 0.553893 0)
(-0.170467 0.564792 0)
(-0.189387 0.569287 0)
(-0.206961 0.566848 0)
(-0.22297 0.557187 0)
(-0.23726 0.540311 0)
(-0.249755 0.516529 0)
(-0.260461 0.486422 0)
(-0.269471 0.45079 0)
(-0.276951 0.410568 0)
(-0.283122 0.36675 0)
(-0.288245 0.320296 0)
(-0.292591 0.272072 0)
(-0.296429 0.222801 0)
(-0.30001 0.173036 0)
(-0.303557 0.123164 0)
(-0.307267 0.0734152 0)
(-0.311302 0.0238784 0)
(-0.315827 -0.0254751 0)
(-0.321015 -0.074768 0)
(-0.327024 -0.124224 0)
(-0.334027 -0.174165 0)
(-0.342223 -0.225025 0)
(-0.351813 -0.277362 0)
(-0.362969 -0.331855 0)
(-0.375751 -0.389249 0)
(-0.38999 -0.450221 0)
(-0.405097 -0.515105 0)
(-0.419838 -0.583442 0)
(-0.432111 -0.653351 0)
(-0.438837 -0.720834 0)
(-0.43614 -0.779271 0)
(-0.41996 -0.819507 0)
(-0.387166 -0.83099 0)
(-0.336947 -0.804135 0)
(-0.272011 -0.733592 0)
(-0.198873 -0.621316 0)
(-0.126735 -0.477913 0)
(-0.0652258 -0.320986 0)
(-0.0222401 -0.170747 0)
(-0.00119202 -0.0450074 0)
(-6.66814e-05 0.0815612 0)
(-0.00360874 0.209349 0)
(-0.0114915 0.306385 0)
(-0.0232993 0.378875 0)
(-0.0381201 0.433247 0)
(-0.0550053 0.475079 0)
(-0.0730732 0.508358 0)
(-0.0916049 0.535342 0)
(-0.110053 0.556872 0)
(-0.128002 0.57287 0)
(-0.145127 0.582816 0)
(-0.16116 0.586095 0)
(-0.175887 0.582225 0)
(-0.189149 0.570977 0)
(-0.20085 0.552429 0)
(-0.210967 0.526966 0)
(-0.219553 0.495249 0)
(-0.226731 0.458147 0)
(-0.232681 0.416657 0)
(-0.237626 0.371807 0)
(-0.241807 0.324577 0)
(-0.245469 0.275832 0)
(-0.248841 0.226278 0)
(-0.25213 0.176445 0)
(-0.255516 0.126693 0)
(-0.25915 0.0772254 0)
(-0.263153 0.0281161 0)
(-0.267647 -0.0206704 0)
(-0.272771 -0.0692509 0)
(-0.27866 -0.117833 0)
(-0.285466 -0.16671 0)
(-0.293386 -0.216291 0)
(-0.302654 -0.267126 0)
(-0.313513 -0.31993 0)
(-0.326174 -0.375573 0)
(-0.340707 -0.435005 0)
(-0.356879 -0.499045 0)
(-0.37391 -0.567973 0)
(-0.390185 -0.640878 0)
(-0.403005 -0.714791 0)
(-0.408546 -0.783828 0)
(-0.402255 -0.838768 0)
(-0.379856 -0.867688 0)
(-0.338902 -0.858148 0)
(-0.28044 -0.800898 0)
(-0.20996 -0.694116 0)
(-0.136782 -0.546258 0)
(-0.0718457 -0.375474 0)
(-0.0250465 -0.204975 0)
(-0.00146097 -0.0564142 0)
(0.000100426 0.0829062 0)
(-0.00195915 0.214228 0)
(-0.00755521 0.315014 0)
(-0.0166646 0.390831 0)
(-0.0286727 0.447728 0)
(-0.0427327 0.491182 0)
(-0.0579757 0.525274 0)
(-0.0736627 0.552425 0)
(-0.0892286 0.573635 0)
(-0.10426 0.58895 0)
(-0.118453 0.597932 0)
(-0.131585 0.600033 0)
(-0.143495 0.594827 0)
(-0.154082 0.582146 0)
(-0.163308 0.562133 0)
(-0.1712 0.535243 0)
(-0.177849 0.502204 0)
(-0.183399 0.463942 0)
(-0.188037 0.421491 0)
(-0.191972 0.375903 0)
(-0.195423 0.328165 0)
(-0.198598 0.279128 0)
(-0.201687 0.22948 0)
(-0.204851 0.179723 0)
(-0.208229 0.13019 0)
(-0.21193 0.081062 0)
(-0.21604 0.0323987 0)
(-0.220641 -0.0158386 0)
(-0.225842 -0.0637565 0)
(-0.231751 -0.11154 0)
(-0.238493 -0.159448 0)
(-0.246247 -0.207846 0)
(-0.255244 -0.257243 0)
(-0.265761 -0.30834 0)
(-0.278092 -0.362053 0)
(-0.292478 -0.419502 0)
(-0.308968 -0.481867 0)
(-0.327199 -0.550068 0)
(-0.34608 -0.624148 0)
(-0.36344 -0.702324 0)
(-0.375785 -0.779845 0)
(-0.378426 -0.848034 0)
(-0.366248 -0.894256 0)
(-0.335274 -0.903614 0)
(-0.284694 -0.86279 0)
(-0.21852 -0.765339 0)
(-0.145694 -0.616328 0)
(-0.0781682 -0.433395 0)
(-0.0278655 -0.242406 0)
(-0.00175277 -0.0692344 0)
(0.000256734 0.0834001 0)
(-0.000329112 0.217151 0)
(-0.00358601 0.321078 0)
(-0.00988422 0.399957 0)
(-0.0189304 0.459302 0)
(-0.0300084 0.504376 0)
(-0.0422837 0.539282 0)
(-0.0550094 0.566586 0)
(-0.0676069 0.587456 0)
(-0.079665 0.602079 0)
(-0.0909051 0.610125 0)
(-0.101146 0.611122 0)
(-0.110282 0.604712 0)
(-0.11827 0.590786 0)
(-0.125125 0.569551 0)
(-0.13092 0.541518 0)
(-0.135775 0.507465 0)
(-0.13985 0.468357 0)
(-0.143327 0.425255 0)
(-0.146399 0.379218 0)
(-0.149254 0.331225 0)
(-0.152062 0.282114 0)
(-0.154973 0.232545 0)
(-0.158107 0.182996 0)
(-0.161563 0.133773 0)
(-0.165417 0.085041 0)
(-0.169725 0.0368462 0)
(-0.174534 -0.0108506 0)
(-0.179931 -0.0581441 0)
(-0.185998 -0.105197 0)
(-0.192831 -0.152229 0)
(-0.200582 -0.199555 0)
(-0.209463 -0.247628 0)
(-0.219747 -0.297097 0)
(-0.23176 -0.348869 0)
(-0.245843 -0.404133 0)
(-0.262245 -0.464311 0)
(-0.28094 -0.530821 0)
(-0.301327 -0.604555 0)
(-0.321827 -0.684952 0)
(-0.339484 -0.76866 0)
(-0.349804 -0.848106 0)
(-0.347213 -0.910688 0)
(-0.326439 -0.939689 0)
(-0.284768 -0.917857 0)
(-0.224365 -0.833484 0)
(-0.153275 -0.686972 0)
(-0.0840726 -0.494131 0)
(-0.0306522 -0.282853 0)
(-0.00206362 -0.0834747 0)
(0.000397074 0.0830706 0)
(0.00123189 0.218125 0)
(0.000304617 0.324528 0)
(-0.0031337 0.406151 0)
(-0.00912501 0.467842 0)
(-0.0171113 0.514532 0)
(-0.0263164 0.550271 0)
(-0.0359997 0.577741 0)
(-0.0455747 0.598279 0)
(-0.0546331 0.612233 0)
(-0.0629193 0.619397 0)
(-0.0702932 0.619395 0)
(-0.0767004 0.611939 0)
(-0.0821526 0.596984 0)
(-0.0867166 0.574785 0)
(-0.0905034 0.545903 0)
(-0.0936584 0.511151 0)
(-0.0963485 0.471514 0)
(-0.0987485 0.428062 0)
(-0.101029 0.381852 0)
(-0.103346 0.333847 0)
(-0.105833 0.284863 0)
(-0.1086 0.235536 0)
(-0.111732 0.18632 0)
(-0.115293 0.1375 0)
(-0.119331 0.0892244 0)
(-0.12388 0.0415334 0)
(-0.128961 -0.00561154 0)
(-0.134639 -0.0522951 0)
(-0.140983 -0.0986559 0)
(-0.148058 -0.14488 0)
(-0.155988 -0.191231 0)
(-0.164954 -0.238098 0)
(-0.175206 -0.286062 0)
(-0.187065 -0.335977 0)
(-0.200907 -0.389034 0)
(-0.2171 -0.446777 0)
(-0.235861 -0.510971 0)
(-0.257 -0.583207 0)
(-0.279515 -0.664058 0)
(-0.301097 -0.751695 0)
(-0.317728 -0.840087 0)
(-0.32376 -0.917414 0)
(-0.312976 -0.965966 0)
(-0.280852 -0.964998 0)
(-0.22745 -0.897179 0)
(-0.15941 -0.757028 0)
(-0.0894755 -0.557007 0)
(-0.0333717 -0.326081 0)
(-0.00238953 -0.0991229 0)
(0.000517257 0.0819699 0)
(0.00267888 0.217209 0)
(0.00400786 0.325375 0)
(0.00341086 0.409373 0)
(0.000508895 0.473274 0)
(-0.0043246 0.521565 0)
(-0.0103963 0.558168 0)
(-0.016988 0.585838 0)
(-0.0235125 0.606078 0)
(-0.0295646 0.619408 0)
(-0.0349087 0.625768 0)
(-0.039442 0.624887 0)
(-0.0431578 0.616559 0)
(-0.0461191 0.600796 0)
(-0.0484381 0.577902 0)
(-0.050261 0.548467 0)
(-0.0517533 0.513324 0)
(-0.053086 0.473466 0)
(-0.0544236 0.429956 0)
(-0.055914 0.383835 0)
(-0.0576821 0.336047 0)
(-0.059827 0.287382 0)
(-0.0624233 0.238453 0)
(-0.0655237 0.189693 0)
(-0.0691648 0.141372 0)
(-0.0733732 0.0936264 0)
(-0.0781655 0.0464928 0)
(-0.0835441 -6.38769e-05 0)
(-0.0895589 -0.0461213 0)
(-0.0962689 -0.0917941 0)
(-0.103717 -0.137239 0)
(-0.111999 -0.182675 0)
(-0.121264 -0.228428 0)
(-0.131724 -0.275008 0)
(-0.143672 -0.323192 0)
(-0.157477 -0.374123 0)
(-0.173554 -0.429375 0)
(-0.192271 -0.490924 0)
(-0.213741 -0.560875 0)
(-0.237468 -0.640776 0)
(-0.261813 -0.730297 0)
(-0.28342 -0.825224 0)
(-0.296928 -0.915193 0)
(-0.295582 -0.982429 0)
(-0.273279 -1.00343 0)
(-0.227851 -0.955226 0)
(-0.164069 -0.825376 0)
(-0.0943387 -0.621322 0)
(-0.0360042 -0.371824 0)
(-0.00272696 -0.116154 0)
(0.000614361 0.0801715 0)
(0.00397234 0.214517 0)
(0.00742257 0.3237 0)
(0.00957698 0.409644 0)
(0.0097351 0.475576 0)
(0.00806599 0.525437 0)
(0.005153 0.562936 0)
(0.00167341 0.590854 0)
(-0.00179326 0.610847 0)
(-0.00484568 0.623616 0)
(-0.0072651 0.62926 0)
(-0.00898051 0.627631 0)
(-0.0100282 0.618607 0)
(-0.0105171 0.602261 0)
(-0.0106009 0.578932 0)
(-0.0104574 0.549231 0)
(-0.0102698 0.513995 0)
(-0.0102123 0.47421 0)
(-0.0104394 0.430919 0)
(-0.011078 0.385139 0)
(-0.0122253 0.337787 0)
(-0.01395 0.289628 0)
(-0.0162964 0.241253 0)
(-0.0192905 0.193077 0)
(-0.0229466 0.14536 0)
(-0.0272739 0.0982314 0)
(-0.0322781 0.0517285 0)
(-0.0379502 0.00582129 0)
(-0.044327 -0.039562 0)
(-0.0514619 -0.084512 0)
(-0.0593853 -0.129164 0)
(-0.0681687 -0.173698 0)
(-0.0779299 -0.218389 0)
(-0.0888427 -0.263674 0)
(-0.101155 -0.310249 0)
(-0.1152 -0.359179 0)
(-0.13139 -0.412009 0)
(-0.15016 -0.470802 0)
(-0.171822 -0.538006 0)
(-0.196276 -0.615938 0)
(-0.222503 -0.705624 0)
(-0.247901 -0.804767 0)
(-0.267684 -0.904986 0)
(-0.274985 -0.989381 0)
(-0.262467 -1.03269 0)
(-0.225734 -1.00662 0)
(-0.167295 -0.890965 0)
(-0.0986712 -0.686381 0)
(-0.0385494 -0.41981 0)
(-0.00307356 -0.134538 0)
(0.000686391 0.0777669 0)
(0.00507844 0.210208 0)
(0.0104566 0.319652 0)
(0.0152011 0.407061 0)
(0.0183214 0.474784 0)
(0.0197736 0.526148 0)
(0.0200068 0.564564 0)
(0.0196352 0.592784 0)
(0.0192184 0.612592 0)
(0.0191511 0.624872 0)
(0.0196392 0.629893 0)
(0.0207275 0.627642 0)
(0.0223428 0.618092 0)
(0.0243352 0.601373 0)
(0.026513 0.577855 0)
(0.0286694 0.548158 0)
(0.0306039 0.51311 0)
(0.0321376 0.473673 0)
(0.0331239 0.430863 0)
(0.0334523 0.385665 0)
(0.0330483 0.338963 0)
(0.0318682 0.291495 0)
(0.0298921 0.243834 0)
(0.0271157 0.196381 0)
(0.023542 0.149389 0)
(0.0191749 0.102988 0)
(0.0140163 0.0572179 0)
(0.00808025 0.0120547 0)
(0.00134284 -0.0325683 0)
(-0.00624706 -0.0767242 0)
(-0.0147183 -0.120528 0)
(-0.0241221 -0.164131 0)
(-0.0345482 -0.207763 0)
(-0.0461332 -0.251799 0)
(-0.0590776 -0.296856 0)
(-0.0736628 -0.343915 0)
(-0.0902614 -0.394446 0)
(-0.109314 -0.450519 0)
(-0.131237 -0.514771 0)
(-0.156208 -0.590072 0)
(-0.183728 -0.678585 0)
(-0.211949 -0.779865 0)
(-0.236858 -0.887841 0)
(-0.251876 -0.987363 0)
(-0.248857 -1.05256 0)
(-0.221315 -1.05054 0)
(-0.169184 -0.952831 0)
(-0.102526 -0.751517 0)
(-0.0410294 -0.469781 0)
(-0.00342896 -0.154251 0)
(0.000732229 0.074863 0)
(0.00596882 0.204488 0)
(0.0130271 0.313442 0)
(0.0201294 0.401786 0)
(0.0260423 0.471002 0)
(0.0305126 0.52375 0)
(0.0338374 0.563075 0)
(0.0365446 0.591641 0)
(0.0391582 0.611325 0)
(0.0420597 0.623186 0)
(0.0454434 0.627673 0)
(0.0493332 0.624917 0)
(0.0536251 0.614994 0)
(0.0581335 0.598092 0)
(0.0626322 0.574607 0)
(0.0668864 0.545159 0)
(0.0706774 0.510553 0)
(0.0738192 0.471722 0)
(0.0761677 0.429641 0)
(0.0776236 0.385254 0)
(0.0781281 0.33941 0)
(0.0776563 0.292823 0)
(0.0762064 0.246043 0)
(0.0737905 0.199464 0)
(0.0704247 0.153337 0)
(0.0661224 0.107794 0)
(0.0608906 0.0628808 0)
(0.0547414 0.0185833 0)
(0.0476603 -0.0251586 0)
(0.0396018 -0.0684064 0)
(0.0305357 -0.111259 0)
(0.0204249 -0.153846 0)
(0.00920124 -0.196364 0)
(-0.00323904 -0.23914 0)
(-0.0170518 -0.282727 0)
(-0.0324611 -0.328016 0)
(-0.0497784 -0.376386 0)
(-0.0694068 -0.429857 0)
(-0.0917926 -0.491135 0)
(-0.117278 -0.563445 0)
(-0.145763 -0.649826 0)
(-0.176083 -0.751492 0)
(-0.205096 -0.864805 0)
(-0.226851 -0.977071 0)
(-0.232857 -1.06304 0)
(-0.214812 -1.08633 0)
(-0.169853 -1.01008 0)
(-0.105993 -0.816102 0)
(-0.0434909 -0.52152 0)
(-0.00379568 -0.175284 0)
(0.000751498 0.071578 0)
(0.00662013 0.197603 0)
(0.0150598 0.305343 0)
(0.024218 0.394058 0)
(0.0326803 0.4644 0)
(0.0400014 0.518349 0)
(0.0463167 0.55853 0)
(0.0520468 0.587459 0)
(0.0576605 0.607068 0)
(0.0635152 0.618573 0)
(0.0697913 0.622603 0)
(0.076495 0.619444 0)
(0.0834967 0.609278 0)
(0.0905801 0.592358 0)
(0.0974871 0.569101 0)
(0.103956 0.540119 0)
(0.109747 0.50619 0)
(0.114664 0.4682 0)
(0.11856 0.42708 0)
(0.121338 0.383727 0)
(0.122948 0.338953 0)
(0.123378 0.293439 0)
(0.122637 0.24772 0)
(0.120747 0.202182 0)
(0.117736 0.157076 0)
(0.113621 0.112541 0)
(0.108415 0.0686309 0)
(0.102125 0.0253428 0)
(0.094745 -0.0173719 0)
(0.0862335 -0.059565 0)
(0.0765547 -0.101325 0)
(0.0656817 -0.142766 0)
(0.0535614 -0.184066 0)
(0.0401175 -0.225519 0)
(0.0252388 -0.267621 0)
(0.0087602 -0.311191 0)
(-0.00956142 -0.357514 0)
(-0.0300683 -0.408531 0)
(-0.0531809 -0.466927 0)
(-0.0793165 -0.536114 0)
(-0.108646 -0.61975 0)
(-0.140575 -0.720421 0)
(-0.172841 -0.836847 0)
(-0.200368 -0.959281 0)
(-0.214801 -1.06433 0)
(-0.206404 -1.11348 0)
(-0.169416 -1.06189 0)
(-0.109182 -0.879538 0)
(-0.0460064 -0.574857 0)
(-0.0041802 -0.197661 0)
(0.000744251 0.0680401 0)
(0.00701253 0.189831 0)
(0.0164873 0.29569 0)
(0.027331 0.384185 0)
(0.0380241 0.455219 0)
(0.0479612 0.510108 0)
(0.0571157 0.551026 0)
(0.0657834 0.580291 0)
(0.074356 0.599846 0)
(0.0831513 0.61104 0)
(0.0923281 0.614674 0)
(0.101875 0.611193 0)
(0.111639 0.600892 0)
(0.121377 0.584089 0)
(0.130803 0.561226 0)
(0.139627 0.5329 0)
(0.147588 0.499853 0)
(0.154472 0.462923 0)
(0.160124 0.422984 0)
(0.164442 0.380883 0)
(0.16738 0.337389 0)
(0.168925 0.293152 0)
(0.169095 0.248688 0)
(0.167918 0.204378 0)
(0.165424 0.160474 0)
(0.161638 0.117124 0)
(0.156572 0.0743919 0)
(0.150231 0.0322875 0)
(0.142615 -0.00922588 0)
(0.133686 -0.0501942 0)
(0.123402 -0.0906951 0)
(0.111743 -0.130837 0)
(0.098671 -0.170782 0)
(0.0841312 -0.210802 0)
(0.068049 -0.251355 0)
(0.0503103 -0.293202 0)
(0.0307403 -0.337555 0)
(0.00907828 -0.386252 0)
(-0.0150338 -0.441907 0)
(-0.0420228 -0.507997 0)
(-0.0722217 -0.588557 0)
(-0.105474 -0.68722 0)
(-0.140323 -0.804822 0)
(-0.172726 -0.934798 0)
(-0.194906 -1.05669 0)
(-0.196186 -1.13156 0)
(-0.167935 -1.10744 0)
(-0.112207 -0.941231 0)
(-0.0486746 -0.629679 0)
(-0.00459436 -0.221447 0)
(0.000710473 0.064385 0)
(0.0071268 0.181488 0)
(0.0172443 0.284873 0)
(0.0293358 0.372548 0)
(0.041865 0.443772 0)
(0.0541129 0.49925 0)
(0.0659018 0.540701 0)
(0.0773899 0.57021 0)
(0.0888691 0.589688 0)
(0.100597 0.600584 0)
(0.112696 0.60386 0)
(0.125132 0.600114 0)
(0.13773 0.589759 0)
(0.150223 0.573182 0)
(0.162295 0.550846 0)
(0.173631 0.523336 0)
(0.183946 0.491353 0)
(0.193005 0.455679 0)
(0.200636 0.417128 0)
(0.206728 0.376492 0)
(0.211227 0.334491 0)
(0.214117 0.291744 0)
(0.215415 0.248746 0)
(0.215149 0.205871 0)
(0.213352 0.163372 0)
(0.210049 0.121407 0)
(0.205255 0.0800536 0)
(0.198972 0.0393327 0)
(0.191203 -0.000778512 0)
(0.181913 -0.0403245 0)
(0.17106 -0.0793713 0)
(0.158627 -0.118025 0)
(0.144586 -0.156444 0)
(0.128903 -0.194889 0)
(0.111537 -0.233795 0)
(0.0924208 -0.273879 0)
(0.071443 -0.316284 0)
(0.0484173 -0.362759 0)
(0.0230616 -0.415838 0)
(-0.00500146 -0.478939 0)
(-0.036177 -0.556297 0)
(-0.0706189 -0.652269 0)
(-0.107562 -0.769443 0)
(-0.144045 -0.90441 0)
(-0.173249 -1.04052 0)
(-0.184134 -1.14021 0)
(-0.16539 -1.14587 0)
(-0.11516 -1.00055 0)
(-0.0516216 -0.685925 0)
(-0.00505761 -0.246769 0)
(0.000649297 0.0607576 0)
(0.00693929 0.172919 0)
(0.0172592 0.273341 0)
(0.0300929 0.3596 0)
(0.0439884 0.430447 0)
(0.0581718 0.486062 0)
(0.072336 0.527738 0)
(0.0864942 0.557311 0)
(0.100816 0.576624 0)
(0.115472 0.587195 0)
(0.130532 0.590119 0)
(0.145924 0.586138 0)
(0.161448 0.575784 0)
(0.176809 0.559513 0)
(0.191669 0.537812 0)
(0.205685 0.511251 0)
(0.218544 0.480488 0)
(0.229989 0.446248 0)
(0.239827 0.40928 0)
(0.24793 0.370315 0)
(0.254228 0.330023 0)
(0.258698 0.288987 0)
(0.261348 0.247679 0)
(0.262203 0.206462 0)
(0.261293 0.165593 0)
(0.258644 0.125238 0)
(0.25427 0.085486 0)
(0.248173 0.0463713 0)
(0.240354 0.00788459 0)
(0.230787 -0.030018 0)
(0.219434 -0.0673933 0)
(0.206275 -0.104348 0)
(0.191296 -0.141045 0)
(0.174481 -0.177743 0)
(0.155815 -0.214869 0)
(0.135277 -0.253111 0)
(0.112813 -0.29356 0)
(0.0883092 -0.337881 0)
(0.0615583 -0.388501 0)
(0.0322391 -0.448768 0)
(-5.30095e-05 -0.522938 0)
(-0.0356585 -0.615799 0)
(-0.0743636 -0.731279 0)
(-0.114249 -0.868858 0)
(-0.149743 -1.01626 0)
(-0.170071 -1.13911 0)
(-0.161627 -1.17628 0)
(-0.118081 -1.05674 0)
(-0.0550011 -0.743561 0)
(-0.00560077 -0.273828 0)
(0.000557703 0.0573157 0)
(0.00641359 0.164511 0)
(0.0164394 0.261602 0)
(0.0294403 0.345865 0)
(0.0441597 0.415703 0)
(0.0598378 0.470891 0)
(0.0760677 0.512362 0)
(0.0927153 0.541711 0)
(0.109806 0.56069 0)
(0.127394 0.570847 0)
(0.145467 0.573387 0)
(0.163903 0.569177 0)
(0.182464 0.558855 0)
(0.200826 0.542947 0)
(0.218624 0.521965 0)
(0.235488 0.496463 0)
(0.251081 0.467057 0)
(0.26512 0.43441 0)
(0.277386 0.399207 0)
(0.287729 0.362113 0)
(0.296061 0.323747 0)
(0.302343 0.284648 0)
(0.30657 0.245265 0)
(0.30876 0.205947 0)
(0.308936 0.166952 0)
(0.307122 0.12845 0)
(0.303333 0.0905423 0)
(0.29757 0.0532758 0)
(0.289833 0.0166524 0)
(0.280106 -0.0193679 0)
(0.268358 -0.0548394 0)
(0.25457 -0.0898719 0)
(0.23874 -0.124635 0)
(0.22087 -0.159397 0)
(0.200971 -0.194586 0)
(0.179057 -0.230878 0)
(0.155128 -0.269327 0)
(0.129134 -0.311523 0)
(0.100939 -0.359786 0)
(0.0702806 -0.417342 0)
(0.0367673 -0.488402 0)
(-3.51938e-05 -0.577931 0)
(-0.0403045 -0.69076 0)
(-0.0830471 -0.828817 0)
(-0.124113 -0.984367 0)
(-0.153631 -1.12796 0)
(-0.156312 -1.1976 0)
(-0.120911 -1.10888 0)
(-0.0589945 -0.80254 0)
(-0.0062726 -0.302927 0)
(0.000428217 0.0542403 0)
(0.00548672 0.156703 0)
(0.0146486 0.250232 0)
(0.0271664 0.331941 0)
(0.0421013 0.400066 0)
(0.0587795 0.454141 0)
(0.0767268 0.494838 0)
(0.0956616 0.523547 0)
(0.115442 0.541919 0)
(0.135975 0.551507 0)
(0.157137 0.553584 0)
(0.178726 0.54912 0)
(0.200454 0.538843 0)
(0.221962 0.52334 0)
(0.242855 0.503144 0)
(0.262738 0.478795 0)
(0.281247 0.450865 0)
(0.298073 0.419958 0)
(0.312973 0.386689 0)
(0.325771 0.351661 0)
(0.336356 0.315433 0)
(0.34467 0.278502 0)
(0.350692 0.241286 0)
(0.354428 0.204119 0)
(0.355892 0.167252 0)
(0.355106 0.130861 0)
(0.352081 0.0950565 0)
(0.346824 0.0598938 0)
(0.339333 0.0253844 0)
(0.329603 -0.00850543 0)
(0.317615 -0.041835 0)
(0.303354 -0.0747167 0)
(0.286833 -0.107333 0)
(0.268071 -0.139965 0)
(0.247103 -0.173052 0)
(0.223974 -0.20727 0)
(0.198723 -0.243646 0)
(0.171354 -0.28371 0)
(0.141789 -0.329672 0)
(0.10982 -0.384617 0)
(0.0750723 -0.452627 0)
(0.0370439 -0.538707 0)
(-0.00469725 -0.648189 0)
(-0.0499006 -0.78487 0)
(-0.0958684 -0.945366 0)
(-0.13423 -1.10651 0)
(-0.148874 -1.2086 0)
(-0.123438 -1.15572 0)
(-0.0638031 -0.862729 0)
(-0.00715049 -0.334499 0)
(0.000244739 0.0517549 0)
(0.00404607 0.150016 0)
(0.0116703 0.239892 0)
(0.0229709 0.318493 0)
(0.0374585 0.384114 0)
(0.0546115 0.436252 0)
(0.0739131 0.47545 0)
(0.0949304 0.502961 0)
(0.11733 0.520342 0)
(0.140838 0.529121 0)
(0.165184 0.530608 0)
(0.19006 0.525837 0)
(0.215106 0.515602 0)
(0.239918 0.500535 0)
(0.264067 0.481184 0)
(0.287132 0.458073 0)
(0.308725 0.431731 0)
(0.328514 0.4027 0)
(0.346229 0.371528 0)
(0.361672 0.338752 0)
(0.374707 0.304871 0)
(0.385254 0.270336 0)
(0.393274 0.235531 0)
(0.398758 0.20077 0)
(0.401715 0.166294 0)
(0.402156 0.13228 0)
(0.400097 0.0988412 0)
(0.395546 0.066042 0)
(0.388506 0.0338998 0)
(0.378984 0.00238637 0)
(0.366976 -0.0285683 0)
(0.35248 -0.0590796 0)
(0.335522 -0.0893443 0)
(0.316141 -0.119663 0)
(0.294394 -0.150489 0)
(0.270347 -0.182504 0)
(0.244068 -0.21672 0)
(0.215593 -0.254608 0)
(0.184882 -0.298277 0)
(0.151762 -0.350652 0)
(0.115872 -0.415636 0)
(0.0766522 -0.49814 0)
(0.0334693 -0.60375 0)
(-0.0139572 -0.737485 0)
(-0.0642593 -0.899765 0)
(-0.111031 -1.07454 0)
(-0.138439 -1.20786 0)
(-0.125211 -1.19558 0)
(-0.0696267 -0.923777 0)
(-0.00835673 -0.369132 0)
(-2.51074e-05 0.0501633 0)
(0.00189154 0.145099 0)
(0.00715332 0.231353 0)
(0.0164085 0.306255 0)
(0.0297546 0.368459 0)
(0.0468647 0.417672 0)
(0.0671829 0.45448 0)
(0.0901083 0.480084 0)
(0.115087 0.495969 0)
(0.141628 0.503617 0)
(0.169279 0.504333 0)
(0.197598 0.499175 0)
(0.226131 0.488968 0)
(0.254414 0.474369 0)
(0.28198 0.455926 0)
(0.308382 0.434139 0)
(0.333211 0.409492 0)
(0.356112 0.382469 0)
(0.376797 0.35355 0)
(0.395045 0.323205 0)
(0.410696 0.291875 0)
(0.423652 0.259959 0)
(0.433856 0.227804 0)
(0.441284 0.195699 0)
(0.445935 0.163873 0)
(0.44782 0.132495 0)
(0.446954 0.101681 0)
(0.443352 0.0714972 0)
(0.437027 0.0419629 0)
(0.427999 0.0130529 0)
(0.416285 -0.0153125 0)
(0.401901 -0.043258 0)
(0.384888 -0.0709944 0)
(0.365304 -0.0988403 0)
(0.343222 -0.127266 0)
(0.318723 -0.156958 0)
(0.291884 -0.188912 0)
(0.26275 -0.22455 0)
(0.231289 -0.265871 0)
(0.197335 -0.315637 0)
(0.160517 -0.377533 0)
(0.120216 -0.456282 0)
(0.0756193 -0.557508 0)
(0.0260419 -0.68699 0)
(-0.028203 -0.848043 0)
(-0.0828957 -1.03191 0)
(-0.123756 -1.19375 0)
(-0.125424 -1.22614 0)
(-0.076612 -0.984925 0)
(-0.0100826 -0.407579 0)
(-0.000443815 0.0499147 0)
(-0.00132471 0.142806 0)
(0.000533866 0.225531 0)
(0.00681797 0.296019 0)
(0.0183395 0.353701 0)
(0.0349588 0.398807 0)
(0.0560423 0.432159 0)
(0.0807805 0.455 0)
(0.108361 0.46877 0)
(0.13804 0.474887 0)
(0.169152 0.474607 0)
(0.201091 0.468962 0)
(0.233292 0.458771 0)
(0.265217 0.444679 0)
(0.296358 0.427216 0)
(0.326239 0.406848 0)
(0.354434 0.384011 0)
(0.380573 0.359128 0)
(0.404353 0.332615 0)
(0.425535 0.304874 0)
(0.443944 0.276286 0)
(0.459464 0.247199 0)
(0.472024 0.21792 0)
(0.48159 0.188708 0)
(0.488156 0.159773 0)
(0.491731 0.131273 0)
(0.492336 0.103319 0)
(0.489995 0.0759745 0)
(0.48474 0.0492579 0)
(0.476604 0.0231414 0)
(0.46563 -0.00245985 0)
(0.451856 -0.0276863 0)
(0.435336 -0.0527597 0)
(0.416145 -0.0780135 0)
(0.394364 -0.103929 0)
(0.370072 -0.131192 0)
(0.343337 -0.160778 0)
(0.314183 -0.194049 0)
(0.282553 -0.232899 0)
(0.248246 -0.27991 0)
(0.210845 -0.338531 0)
(0.169653 -0.41322 0)
(0.123692 -0.509479 0)
(0.0719031 -0.633513 0)
(0.0138396 -0.790592 0)
(-0.0483261 -0.978561 0)
(-0.103104 -1.1645 0)
(-0.122732 -1.24436 0)
(-0.0847316 -1.04477 0)
(-0.0126262 -0.450767 0)
(-0.00112984 0.0517217 0)
(-0.0061921 0.144312 0)
(-0.00906244 0.22352 0)
(-0.0067491 0.288601 0)
(0.00235448 0.34037 0)
(0.0181993 0.37995 0)
(0.0399686 0.408602 0)
(0.0665693 0.427699 0)
(0.0968812 0.438649 0)
(0.129874 0.442779 0)
(0.164644 0.44125 0)
(0.200403 0.435014 0)
(0.236461 0.424831 0)
(0.272201 0.4113 0)
(0.307065 0.394907 0)
(0.340556 0.376071 0)
(0.372232 0.35517 0)
(0.401717 0.332565 0)
(0.428699 0.308607 0)
(0.452932 0.283633 0)
(0.474233 0.257964 0)
(0.492475 0.231896 0)
(0.507582 0.205693 0)
(0.519515 0.17958 0)
(0.528267 0.153742 0)
(0.533853 0.128322 0)
(0.536303 0.103419 0)
(0.535658 0.0790893 0)
(0.531968 0.0553466 0)
(0.525287 0.0321572 0)
(0.515678 0.00943335 0)
(0.503208 -0.0129798 0)
(0.487938 -0.0353107 0)
(0.469946 -0.0578995 0)
(0.449309 -0.0812281 0)
(0.426089 -0.105971 0)
(0.400318 -0.133068 0)
(0.371971 -0.163813 0)
(0.340923 -0.199978 0)
(0.306894 -0.24396 0)
(0.269376 -0.298946 0)
(0.227558 -0.369087 0)
(0.180285 -0.459633 0)
(0.126159 -0.576923 0)
(0.0640524 -0.727613 0)
(-0.00535485 -0.91452 0)
(-0.0742284 -1.1183 0)
(-0.115047 -1.24635 0)
(-0.0935434 -1.10094 0)
(-0.0164601 -0.499951 0)
(-0.00230194 0.0567565 0)
(-0.0136698 0.151259 0)
(-0.022922 0.226608 0)
(-0.0255511 0.284768 0)
(-0.0192207 0.328815 0)
(-0.00412983 0.361178 0)
(0.0185357 0.383725 0)
(0.0472784 0.398014 0)
(0.0806143 0.405401 0)
(0.117202 0.407077 0)
(0.155887 0.404047 0)
(0.195697 0.397128 0)
(0.235815 0.386967 0)
(0.275545 0.374075 0)
(0.314286 0.358866 0)
(0.35152 0.34169 0)
(0.386802 0.322861 0)
(0.419755 0.302675 0)
(0.450071 0.281414 0)
(0.477507 0.259354 0)
(0.501882 0.236755 0)
(0.523071 0.213859 0)
(0.541 0.190887 0)
(0.555633 0.168026 0)
(0.566971 0.145435 0)
(0.575039 0.123232 0)
(0.579881 0.101503 0)
(0.581557 0.0802939 0)
(0.580134 0.0596082 0)
(0.575688 0.0394067 0)
(0.568296 0.0195984 0)
(0.558044 2.76894e-05 0)
(0.544996 -0.0195377 0)
(0.529217 -0.0394314 0)
(0.51076 -0.0601221 0)
(0.48965 -0.082255 0)
(0.465857 -0.106715 0)
(0.439275 -0.134709 0)
(0.409676 -0.167871 0)
(0.376657 -0.208392 0)
(0.339567 -0.259183 0)
(0.297431 -0.324049 0)
(0.248886 -0.407896 0)
(0.192209 -0.516955 0)
(0.12563 -0.65875 0)
(0.0486561 -0.839834 0)
(-0.0342915 -1.0534 0)
(-0.0993153 -1.2272 0)
(-0.101815 -1.14942 0)
(-0.0223361 -0.556671 0)
(-0.0043578 0.0669683 0)
(-0.0252346 0.16592 0)
(-0.0427462 0.236201 0)
(-0.0509781 0.285056 0)
(-0.0472417 0.319014 0)
(-0.0323467 0.342194 0)
(-0.00812327 0.357137 0)
(0.0233965 0.365546 0)
(0.0602964 0.368664 0)
(0.100924 0.367464 0)
(0.143889 0.362729 0)
(0.188051 0.355074 0)
(0.232483 0.34498 0)
(0.276427 0.332831 0)
(0.31925 0.318937 0)
(0.360427 0.303561 0)
(0.399517 0.286942 0)
(0.436158 0.269302 0)
(0.470055 0.25086 0)
(0.500981 0.231825 0)
(0.528768 0.2124 0)
(0.553302 0.192775 0)
(0.57452 0.173124 0)
(0.592398 0.153597 0)
(0.606947 0.134321 0)
(0.618205 0.115392 0)
(0.626231 0.0968762 0)
(0.631097 0.0788074 0)
(0.632884 0.0611822 0)
(0.631679 0.0439569 0)
(0.627566 0.0270408 0)
(0.620622 0.010286 0)
(0.610923 -0.00652951 0)
(0.598488 -0.0237178 0)
(0.583333 -0.0417178 0)
(0.565424 -0.0611259 0)
(0.54465 -0.082751 0)
(0.520798 -0.107686 0)
(0.49351 -0.137402 0)
(0.462221 -0.173864 0)
(0.426095 -0.219678 0)
(0.383939 -0.278272 0)
(0.334135 -0.354139 0)
(0.274616 -0.453215 0)
(0.203021 -0.583405 0)
(0.117637 -0.754148 0)
(0.0203664 -0.968367 0)
(-0.0711633 -1.18086 0)
(-0.106868 -1.1832 0)
(-0.031207 -0.621144 0)
(-0.0079818 0.0855212 0)
(-0.0429405 0.191233 0)
(-0.0702737 0.253492 0)
(-0.0837152 0.289366 0)
(-0.0812394 0.310244 0)
(-0.0649907 0.322078 0)
(-0.0377677 0.327946 0)
(-0.00225962 0.329531 0)
(0.0391767 0.327816 0)
(0.0845997 0.323447 0)
(0.132441 0.3169 0)
(0.181442 0.308522 0)
(0.230608 0.298584 0)
(0.27915 0.287303 0)
(0.32643 0.27486 0)
(0.371932 0.261416 0)
(0.415236 0.247121 0)
(0.456005 0.232126 0)
(0.493969 0.216577 0)
(0.528925 0.200625 0)
(0.560725 0.184414 0)
(0.589273 0.168084 0)
(0.614519 0.151765 0)
(0.636452 0.135571 0)
(0.655091 0.119596 0)
(0.670481 0.103915 0)
(0.682688 0.0885766 0)
(0.691785 0.0736036 0)
(0.697856 0.0589878 0)
(0.700981 0.0446862 0)
(0.701237 0.0306149 0)
(0.698683 0.0166401 0)
(0.693364 0.0025659 0)
(0.685285 -0.0118865 0)
(0.674391 -0.0271047 0)
(0.660578 -0.0436171 0)
(0.643647 -0.0621331 0)
(0.623268 -0.0836057 0)
(0.598937 -0.109312 0)
(0.569911 -0.140957 0)
(0.535137 -0.180808 0)
(0.493165 -0.231877 0)
(0.442068 -0.298184 0)
(0.379393 -0.385226 0)
(0.302203 -0.500864 0)
(0.207605 -0.656362 0)
(0.0949878 -0.862854 0)
(-0.0239663 -1.10098 0)
(-0.103059 -1.19179 0)
(-0.0434061 -0.690344 0)
(-0.0141413 0.117357 0)
(-0.0689569 0.230338 0)
(-0.105637 0.278394 0)
(-0.120978 0.295929 0)
(-0.115854 0.300265 0)
(-0.0947058 0.298695 0)
(-0.0615371 0.294332 0)
(-0.0197109 0.288498 0)
(0.0280622 0.281704 0)
(0.0796568 0.274129 0)
(0.133448 0.26584 0)
(0.188153 0.256868 0)
(0.242789 0.247237 0)
(0.296591 0.236974 0)
(0.348956 0.226118 0)
(0.399406 0.214716 0)
(0.44756 0.202829 0)
(0.493114 0.190528 0)
(0.535834 0.177898 0)
(0.575541 0.165027 0)
(0.61211 0.152009 0)
(0.645459 0.138939 0)
(0.675548 0.125905 0)
(0.70237 0.112987 0)
(0.725943 0.100255 0)
(0.746311 0.0877613 0)
(0.76353 0.0755422 0)
(0.777666 0.0636124 0)
(0.788788 0.0519628 0)
(0.796963 0.0405562 0)
(0.802244 0.0293215 0)
(0.80467 0.0181462 0)
(0.804246 0.00686646 0)
(0.800949 -0.00474938 0)
(0.794676 -0.0170228 0)
(0.785255 -0.0303933 0)
(0.772405 -0.0454489 0)
(0.755688 -0.0629756 0)
(0.734467 -0.084024 0)
(0.707828 -0.109999 0)
(0.674502 -0.14278 0)
(0.632763 -0.1849 0)
(0.580335 -0.239829 0)
(0.514311 -0.312496 0)
(0.43113 -0.410385 0)
(0.326794 -0.54561 0)
(0.19801 -0.735684 0)
(0.0519329 -0.983576 0)
(-0.0796939 -1.16326 0)
(-0.0574808 -0.764194 0)
(-0.0237916 0.170749 0)
(-0.103188 0.284721 0)
(-0.141722 0.306316 0)
(-0.148212 0.298533 0)
(-0.130864 0.28327 0)
(-0.0972406 0.267173 0)
(-0.0523356 0.252422 0)
(0.000129249 0.239478 0)
(0.0573665 0.228083 0)
(0.117377 0.217791 0)
(0.178705 0.208203 0)
(0.240244 0.199016 0)
(0.301159 0.190005 0)
(0.360811 0.181012 0)
(0.4187 0.171935 0)
(0.474434 0.162714 0)
(0.527698 0.153326 0)
(0.578245 0.143774 0)
(0.62588 0.134082 0)
(0.670458 0.12429 0)
(0.711871 0.114447 0)
(0.750051 0.104606 0)
(0.784962 0.0948253 0)
(0.816594 0.0851555 0)
(0.844961 0.0756433 0)
(0.870097 0.0663256 0)
(0.892046 0.0572272 0)
(0.910862 0.0483581 0)
(0.9266 0.0397106 0)
(0.939312 0.0312556 0)
(0.949036 0.0229383 0)
(0.955791 0.0146716 0)
(0.959565 0.00632822 0)
(0.960302 -0.00227091 0)
(0.957884 -0.0113713 0)
(0.952092 -0.0213065 0)
(0.942589 -0.0325232 0)
(0.928868 -0.0456165 0)
(0.910195 -0.0613801 0)
(0.885534 -0.0808755 0)
(0.853445 -0.105535 0)
(0.811966 -0.137324 0)
(0.758471 -0.179026 0)
(0.689533 -0.234795 0)
(0.600795 -0.311363 0)
(0.486969 -0.420721 0)
(0.342225 -0.584378 0)
(0.168832 -0.82621 0)
(-0.0219633 -1.08245 0)
(-0.070177 -0.8525 0)
(-0.0380831 0.260322 0)
(-0.133766 0.346878 0)
(-0.145086 0.319203 0)
(-0.115106 0.280817 0)
(-0.0657889 0.246758 0)
(-0.00614706 0.218111 0)
(0.0596275 0.195306 0)
(0.12855 0.177541 0)
(0.198653 0.16349 0)
(0.268732 0.152031 0)
(0.338004 0.14236 0)
(0.405898 0.133901 0)
(0.471984 0.126233 0)
(0.535926 0.119059 0)
(0.597457 0.112175 0)
(0.656355 0.105445 0)
(0.712438 0.0987871 0)
(0.765552 0.092155 0)
(0.815575 0.0855307 0)
(0.862409 0.0789164 0)
(0.905985 0.0723279 0)
(0.946256 0.0657899 0)
(0.983202 0.0593312 0)
(1.01682 0.0529814 0)
(1.04713 0.0467676 0)
(1.07418 0.040712 0)
(1.09799 0.0348294 0)
(1.11864 0.029125 0)
(1.13618 0.0235922 0)
(1.15067 0.01821 0)
(1.16214 0.0129395 0)
(1.17062 0.00772042 0)
(1.1761 0.00246389 0)
(1.17852 -0.00295366 0)
(1.17777 -0.00869546 0)
(1.17361 -0.0149811 0)
(1.1657 -0.0221048 0)
(1.15352 -0.0304571 0)
(1.13632 -0.0405552 0)
(1.11301 -0.0530893 0)
(1.08212 -0.0689954 0)
(1.04157 -0.0895814 0)
(0.988546 -0.116769 0)
(0.919179 -0.1536 0)
(0.828181 -0.205384 0)
(0.708391 -0.282497 0)
(0.550395 -0.406752 0)
(0.348096 -0.617561 0)
(0.0878361 -0.919399 0)
(-0.0645773 -0.923746 0)
(-0.0421286 0.376231 0)
(-0.0820729 0.380149 0)
(0.0143188 0.279124 0)
(0.129698 0.21909 0)
(0.23545 0.177043 0)
(0.332337 0.143852 0)
(0.42266 0.11911 0)
(0.50689 0.10143 0)
(0.585536 0.0885929 0)
(0.659371 0.0789193 0)
(0.729048 0.0713728 0)
(0.794997 0.0652762 0)
(0.857495 0.0601534 0)
(0.916724 0.0556733 0)
(0.972792 0.0516124 0)
(1.02575 0.0478226 0)
(1.07562 0.0442078 0)
(1.12239 0.0407086 0)
(1.16606 0.0372915 0)
(1.2066 0.0339415 0)
(1.24402 0.0306561 0)
(1.27832 0.0274405 0)
(1.30951 0.0243045 0)
(1.33763 0.0212595 0)
(1.36273 0.0183166 0)
(1.38487 0.0154844 0)
(1.40412 0.0127678 0)
(1.42056 0.0101665 0)
(1.43426 0.00767391 0)
(1.4453 0.00527583 0)
(1.45374 0.0029485 0)
(1.45962 0.000656927 0)
(1.46295 -0.00164753 0)
(1.46368 -0.00402908 0)
(1.46172 -0.00657368 0)
(1.45686 -0.00939389 0)
(1.44881 -0.0126379 0)
(1.4371 -0.0164992 0)
(1.42105 -0.0212302 0)
(1.39969 -0.0271637 0)
(1.37171 -0.0347504 0)
(1.33523 -0.0446282 0)
(1.28765 -0.0577672 0)
(1.22525 -0.0757928 0)
(1.14246 -0.101763 0)
(1.03057 -0.142183 0)
(0.874965 -0.212713 0)
(0.653269 -0.352173 0)
(0.319172 -0.620922 0)
(0.0717389 -0.799247 0)
(0.396976 0.21112 0)
(0.568607 0.208677 0)
(0.780306 0.130628 0)
(0.966604 0.0799657 0)
(1.09821 0.0529469 0)
(1.19435 0.0366119 0)
(1.2708 0.0259115 0)
(1.33402 0.0189548 0)
(1.38747 0.0144327 0)
(1.43383 0.0114092 0)
(1.47496 0.00931565 0)
(1.51206 0.00781365 0)
(1.54589 0.00668932 0)
(1.57694 0.00580447 0)
(1.60554 0.00507159 0)
(1.63192 0.00443617 0)
(1.6562 0.00386462 0)
(1.67849 0.00333684 0)
(1.69883 0.00284147 0)
(1.71728 0.00237282 0)
(1.73388 0.0019287 0)
(1.74869 0.00150896 0)
(1.76174 0.00111445 0)
(1.7731 0.000746265 0)
(1.78283 0.000405249 0)
(1.79099 9.15897e-05 0)
(1.79766 -0.000195431 0)
(1.80291 -0.000457648 0)
(1.8068 -0.000698191 0)
(1.8094 -0.000921688 0)
(1.81076 -0.00113458 0)
(1.81091 -0.00134526 0)
(1.80984 -0.00156396 0)
(1.80755 -0.00180367 0)
(1.80395 -0.00208094 0)
(1.79892 -0.00241672 0)
(1.79225 -0.00283765 0)
(1.78366 -0.00337731 0)
(1.77272 -0.0040781 0)
(1.75885 -0.00499468 0)
(1.74125 -0.00620036 0)
(1.71884 -0.00780032 0)
(1.69008 -0.00996106 0)
(1.65274 -0.0129787 0)
(1.60325 -0.0174485 0)
(1.53533 -0.0246804 0)
(1.43568 -0.0379696 0)
(1.27353 -0.0671952 0)
(0.981866 -0.163807 0)
(0.771516 -0.304401 0)
)
;

boundaryField
{
    movingWall
    {
        type            fixedValue;
        value           uniform (2 0 0);
    }
    fixedWalls
    {
        type            fixedValue;
        value           uniform (0 0 0);
    }
    frontAndBack
    {
        type            empty;
    }
}


// ************************************************************************* //
