/*--------------------------------*- C++ -*----------------------------------*\
  =========                 |
  \\      /  F ield         | OpenFOAM: The Open Source CFD Toolbox
   \\    /   O peration     | Website:  https://openfoam.org
    \\  /    A nd           | Version:  7
     \\/     M anipulation  |
\*---------------------------------------------------------------------------*/
FoamFile
{
    version     2.0;
    format      ascii;
    class       surfaceScalarField;
    location    "1550";
    object      phi;
}
// * * * * * * * * * * * * * * * * * * * * * * * * * * * * * * * * * * * * * //

dimensions      [0 3 -1 0 0 0 0];

internalField   nonuniform List<scalar> 
4900
(
1.69798e-06
-1.70564e-06
6.22329e-06
-4.52535e-06
1.17163e-05
-5.49305e-06
1.65025e-05
-4.78616e-06
1.975e-05
-3.24747e-06
2.13891e-05
-1.63911e-06
2.17676e-05
-3.78513e-07
2.1262e-05
5.0552e-07
2.00157e-05
1.24634e-06
1.78645e-05
2.15114e-06
1.44153e-05
3.44914e-06
9.18129e-06
5.234e-06
1.6713e-06
7.50995e-06
-8.56663e-06
1.02379e-05
-2.18819e-05
1.33153e-05
-3.84372e-05
1.65553e-05
-5.81368e-05
1.96995e-05
-8.05449e-05
2.2408e-05
-0.000104823
2.42781e-05
-0.000129714
2.48911e-05
-0.00015359
2.38762e-05
-0.000174565
2.09749e-05
-0.000190657
1.60921e-05
-0.000199992
9.33452e-06
-0.000201048
1.05642e-06
-0.000192886
-8.16231e-06
-0.000175261
-1.76247e-05
-0.000148696
-2.65651e-05
-0.000114485
-3.42111e-05
-7.46538e-05
-3.98311e-05
-3.18549e-05
-4.27989e-05
1.07961e-05
-4.2651e-05
5.00427e-05
-3.92466e-05
8.30342e-05
-3.29915e-05
0.000107595
-2.45611e-05
0.000122462
-1.4867e-05
0.000127522
-5.05973e-06
0.000123857
3.66502e-06
0.000113465
1.03917e-05
9.87388e-05
1.47265e-05
8.20205e-05
1.67183e-05
6.52476e-05
1.67729e-05
4.97654e-05
1.54822e-05
3.63076e-05
1.34578e-05
2.51012e-05
1.12063e-05
1.60385e-05
9.06277e-06
8.89239e-06
7.14606e-06
3.59373e-06
5.29865e-06
5.04995e-07
3.08872e-06
5.04994e-07
4.47387e-06
-6.17957e-06
1.38479e-05
-1.38994e-05
2.43103e-05
-1.59555e-05
3.28989e-05
-1.33747e-05
3.80016e-05
-8.35026e-06
3.92282e-05
-2.86572e-06
3.68604e-05
1.98926e-06
3.1205e-05
6.16081e-06
2.21541e-05
1.02972e-05
9.0797e-06
1.52255e-05
-9.01521e-06
2.1544e-05
-3.32313e-05
2.945e-05
-6.44683e-05
3.87468e-05
-0.000103166
4.89352e-05
-0.000149094
5.92433e-05
-0.000201192
6.86537e-05
-0.000257514
7.60214e-05
-0.000315349
8.02435e-05
-0.000371501
8.04302e-05
-0.000422634
7.6024e-05
-0.00046561
6.68516e-05
-0.000497749
5.3114e-05
-0.000516999
3.53421e-05
-0.000522019
1.43544e-05
-0.000512263
-8.69969e-06
-0.000487823
-3.26022e-05
-0.000449337
-5.61104e-05
-0.00039801
-7.78919e-05
-0.000335671
-9.65508e-05
-0.000264791
-0.00011071
-0.000188465
-0.000119125
-0.000110267
-0.00012085
-3.40769e-05
-0.000115436
3.603e-05
-0.000103098
9.63635e-05
-8.48946e-05
0.000144109
-6.26126e-05
0.000177344
-3.82951e-05
0.00019528
-1.4271e-05
0.000198512
7.16051e-06
0.000189136
2.41016e-05
0.000170304
3.55508e-05
0.000145605
4.14716e-05
0.000118449
4.2638e-05
9.16019e-05
4.03053e-05
6.69292e-05
3.58789e-05
4.54181e-05
3.05738e-05
2.74584e-05
2.51057e-05
1.33344e-05
1.94226e-05
3.75521e-06
1.26679e-05
4.2602e-06
5.98702e-06
-1.21666e-05
1.73368e-05
-2.52492e-05
2.88013e-05
-2.742e-05
3.68222e-05
-2.13956e-05
3.95377e-05
-1.10658e-05
3.6359e-05
3.12936e-07
2.72231e-05
1.11251e-05
1.19229e-05
2.14609e-05
-1.03064e-05
3.25264e-05
-4.07416e-05
4.56607e-05
-8.07424e-05
6.15447e-05
-0.000131232
7.99396e-05
-0.000192276
9.97903e-05
-0.000262769
0.000119429
-0.000340367
0.000136841
-0.000421712
0.000149999
-0.000502887
0.000157197
-0.000579941
0.000157297
-0.000649328
0.000149818
-0.000708187
0.000134882
-0.000754428
0.000113093
-0.000786698
8.5384e-05
-0.000804237
5.2882e-05
-0.000806693
1.68095e-05
-0.000793923
-2.14693e-05
-0.000765948
-6.05775e-05
-0.000723083
-9.89755e-05
-0.000666059
-0.000134915
-0.000596113
-0.000166497
-0.000515091
-0.000191732
-0.000425518
-0.000208698
-0.00033059
-0.000215777
-0.000234092
-0.000211934
-0.00014016
-0.00019703
-5.30244e-05
-0.00017203
2.33526e-05
-0.00013899
8.59993e-05
-0.000100942
0.000133124
-6.13956e-05
0.00016376
-2.34758e-05
0.000178052
9.81016e-06
0.000177536
3.60658e-05
0.000165018
5.39899e-05
0.000144045
6.36111e-05
0.000118299
6.60514e-05
9.10398e-05
6.31378e-05
6.4742e-05
5.68716e-05
4.1064e-05
4.87837e-05
2.1207e-05
3.92796e-05
6.60689e-06
2.7268e-05
1.08671e-05
6.50861e-06
-1.86753e-05
1.75971e-05
-3.63377e-05
2.69525e-05
-3.67755e-05
3.076e-05
-2.52032e-05
2.72135e-05
-7.51934e-06
1.56199e-05
1.19065e-05
-4.55625e-06
3.13012e-05
-3.43287e-05
5.12334e-05
-7.52204e-05
7.3418e-05
-0.000128708
9.91483e-05
-0.000195522
0.000128359
-0.000275083
0.0001595
-0.000365263
0.000189971
-0.000462578
0.000216743
-0.000562713
0.000236976
-0.000661219
0.000248505
-0.00075412
0.000250098
-0.00083828
0.000241457
-0.00091149
0.000223027
-0.000972337
0.00019573
-0.00102
0.00016075
-0.00105398
0.00011937
-0.00107395
7.28458e-05
-0.00107955
2.24163e-05
-0.00107042
-3.06052e-05
-0.00104624
-8.47504e-05
-0.00100688
-0.000138341
-0.000952379
-0.000189414
-0.000883164
-0.000235712
-0.000800172
-0.000274725
-0.00070503
-0.00030384
-0.000600228
-0.00032058
-0.000489185
-0.000322977
-0.000376177
-0.000310039
-0.000266036
-0.000282172
-0.000163614
-0.000241411
-7.323e-05
-0.000191326
1.84539e-06
-0.000136471
6.00387e-05
-8.16691e-05
0.000101047
-3.11977e-05
0.000125124
1.19883e-05
0.000133562
4.55518e-05
0.000128867
6.83064e-05
0.000114334
8.05837e-05
9.35479e-05
8.39242e-05
6.98695e-05
8.055e-05
4.61155e-05
7.25377e-05
2.46358e-05
6.07592e-05
7.92812e-06
4.39757e-05
1.87952e-05
6.20565e-06
-2.48809e-05
1.48969e-05
-4.5029e-05
1.92089e-05
-4.10875e-05
1.54807e-05
-2.1475e-05
2.16547e-06
5.79587e-06
-2.16208e-05
3.56927e-05
-5.70546e-05
6.6735e-05
-0.000105862
0.000100041
-0.000169668
0.000137224
-0.000249034
0.000178515
-0.000342778
0.000222103
-0.000447882
0.000264604
-0.000559965
0.000302054
-0.000674085
0.000330863
-0.000785566
0.000348457
-0.000890586
0.000353525
-0.000986416
0.000345929
-0.00107135
0.000326387
-0.00114441
0.000296091
-0.00120512
0.000256435
-0.00125323
0.000208867
-0.00128861
0.000154751
-0.0013111
9.53313e-05
-0.00132052
3.18399e-05
-0.00131664
-3.44924e-05
-0.00129907
-0.000102313
-0.00126734
-0.00017008
-0.00122086
-0.000235894
-0.00115911
-0.000297453
-0.00108182
-0.000352017
-0.000989213
-0.000396449
-0.000882394
-0.000427399
-0.000763663
-0.000441708
-0.000636717
-0.000436985
-0.000506619
-0.000412269
-0.000379401
-0.00036863
-0.000261263
-0.000309464
-0.000157504
-0.00024023
-7.16501e-05
-0.000167523
-5.13905e-06
-9.77088e-05
4.25711e-05
-3.57219e-05
7.27254e-05
1.53975e-05
8.69272e-05
5.41045e-05
8.77046e-05
7.98063e-05
7.82666e-05
9.33622e-05
6.21253e-05
9.66912e-05
4.27413e-05
9.19217e-05
2.34088e-05
8.00918e-05
7.60336e-06
5.97811e-05
2.63986e-05
4.89924e-06
-2.97802e-05
8.88337e-06
-4.90132e-05
5.29534e-06
-3.74995e-05
-8.91499e-06
-7.26473e-06
-3.5092e-05
3.19729e-05
-7.43984e-05
7.4999e-05
-0.000128552
0.000120889
-0.000199303
0.000170791
-0.000287207
0.000225128
-0.000390744
0.000282052
-0.000506268
0.000337626
-0.000628717
0.000387053
-0.000752643
0.00042598
-0.00087314
0.00045136
-0.000986402
0.000461719
-0.00108987
0.000456991
-0.00118206
0.000438119
-0.00126226
0.000406592
-0.00133027
0.000364102
-0.00138623
0.000312391
-0.00143047
0.000253104
-0.00146338
0.000187663
-0.00148537
0.000117325
-0.0014968
4.32636e-05
-0.00149775
-3.35345e-05
-0.00148798
-0.000112085
-0.00146686
-0.000191204
-0.00143336
-0.000269396
-0.00138609
-0.00034472
-0.00132348
-0.000414628
-0.00124408
-0.000475849
-0.001147
-0.000524474
-0.00103245
-0.000556256
-0.000902301
-0.000567138
-0.00076051
-0.00055406
-0.000613212
-0.000515928
-0.000468193
-0.000454484
-0.000333707
-0.000374715
-0.000216819
-0.000284411
-0.000121835
-0.000192693
-4.97098e-05
-0.000107847
1.19224e-06
-3.55045e-05
3.34731e-05
2.18237e-05
4.96841e-05
6.35952e-05
5.27844e-05
9.02619e-05
4.61883e-05
0.000103287
3.35985e-05
0.000104511
1.88759e-05
9.48143e-05
6.11478e-06
7.25421e-05
3.25133e-05
2.27613e-06
-3.20563e-05
-9.095e-07
-4.58276e-05
-1.49963e-05
-2.34128e-05
-4.21767e-05
1.99156e-05
-8.36337e-05
7.34299e-05
-0.000140802
0.000132167
-0.00021538
0.000195468
-0.00030805
0.000263461
-0.000417274
0.000334353
-0.000539111
0.000403888
-0.000668013
0.000466528
-0.000798046
0.000517086
-0.000923943
0.000551877
-0.00104168
0.000569098
-0.0011486
0.00056864
-0.00124323
0.00055162
-0.00132499
0.000519877
-0.00139395
0.000475547
-0.00145067
0.000420823
-0.00149608
0.000357807
-0.0015313
0.00028832
-0.00155746
0.000213822
-0.00157564
0.000135509
-0.00158669
5.4306e-05
-0.00159104
-2.91784e-05
-0.00158871
-0.000114416
-0.00157918
-0.000200731
-0.00156129
-0.00028729
-0.00153318
-0.000372829
-0.00149242
-0.000455391
-0.00143615
-0.000532123
-0.00136143
-0.000599188
-0.00126589
-0.000651797
-0.00114849
-0.000684544
-0.00101041
-0.000692131
-0.000855855
-0.000670487
-0.000692217
-0.000618122
-0.000529546
-0.000537386
-0.000378859
-0.000435098
-0.000249636
-0.000321916
-0.000147353
-0.00021013
-7.2468e-05
-0.00011039
-2.16762e-05
-2.89682e-05
9.34447e-06
3.25745e-05
2.44519e-05
7.51544e-05
2.74298e-05
0.000100309
2.22356e-05
0.000109706
1.30493e-05
0.000104001
4.21388e-06
8.13776e-05
3.67272e-05
-1.91479e-06
-3.01416e-05
-1.46469e-05
-3.30955e-05
-4.13126e-05
3.25291e-06
-8.32033e-05
6.18063e-05
-0.000141331
0.000131558
-0.000217094
0.00020793
-0.000311276
0.00028965
-0.000422596
0.000374781
-0.000547164
0.00045892
-0.000679175
0.0005359
-0.000812243
0.000599596
-0.000940606
0.000645449
-0.00105982
0.000671087
-0.00116691
0.000676192
-0.00126026
0.000661991
-0.00133934
0.000630693
-0.00140446
0.000584998
-0.00145663
0.000527718
-0.00149735
0.000461547
-0.0015284
0.000388853
-0.00155157
0.000311491
-0.00156858
0.000230831
-0.00158089
0.000147824
-0.00158959
6.30088e-05
-0.00159539
-2.33795e-05
-0.00159857
-0.000111234
-0.00159889
-0.000200419
-0.0015954
-0.000290771
-0.00158646
-0.000381776
-0.00156951
-0.000472339
-0.00154111
-0.000560527
-0.00149702
-0.000643273
-0.00143269
-0.000716125
-0.00134398
-0.000773253
-0.0012283
-0.000807819
-0.00108589
-0.000812892
-0.00092107
-0.000782943
-0.000742697
-0.000715759
-0.000563523
-0.000614273
-0.00039792
-0.000487519
-0.000258282
-0.000349769
-0.000151374
-0.000217298
-7.68383e-05
-0.000103504
-2.92094e-05
-1.50544e-05
-2.0587e-06
4.80037e-05
9.98426e-06
8.82664e-05
1.17368e-05
0.000107953
7.79479e-06
0.000107943
2.60197e-06
8.65704e-05
3.93292e-05
-7.7414e-06
-2.24002e-05
-3.18904e-05
-8.94654e-06
-7.24842e-05
4.38467e-05
-0.000129781
0.000119103
-0.000204604
0.00020638
-0.000297682
0.000301008
-0.000408126
0.000400093
-0.000532428
0.000499083
-0.000664816
0.000591309
-0.000798559
0.000669642
-0.000927344
0.00072838
-0.00104615
0.000764257
-0.00115156
0.000776498
-0.00124169
0.000766317
-0.00131597
0.000736274
-0.00137497
0.000689689
-0.0014201
0.000630133
-0.00145341
0.000561024
-0.00147722
0.000485355
-0.00149384
0.00040548
-0.00150541
0.000323054
-0.00151371
0.000239138
-0.00152018
0.000154292
-0.00152585
6.86729e-05
-0.00153145
-1.7781e-05
-0.0015374
-0.000105276
-0.00154376
-0.000194058
-0.00155014
-0.000284394
-0.00155554
-0.000376374
-0.00155811
-0.000469767
-0.00155489
-0.000563753
-0.00154163
-0.000656533
-0.00151286
-0.000744892
-0.00146231
-0.000823804
-0.00138386
-0.000886267
-0.00127308
-0.000923678
-0.00112904
-0.000926977
-0.000956117
-0.000888685
-0.000764817
-0.000805574
-0.000571028
-0.000681307
-0.00039297
-0.000527827
-0.000246178
-0.00036409
-0.000138388
-0.000211293
-6.76953e-05
-8.57475e-05
-2.58886e-05
6.19703e-06
-4.30548e-06
6.66833e-05
3.87439e-06
9.97731e-05
4.28443e-06
0.000107533
1.71539e-06
8.91394e-05
4.10446e-05
-1.49315e-05
-7.46866e-06
-5.16585e-05
2.77804e-05
-0.000106478
9.86665e-05
-0.000178717
0.000191342
-0.000268725
0.000296388
-0.000375962
0.000408246
-0.000497564
0.000521695
-0.000628134
0.000629652
-0.000760817
0.000723993
-0.000888796
0.000797621
-0.0010064
0.000845989
-0.00110965
0.000867502
-0.00119628
0.000863126
-0.00126564
0.000835677
-0.00131846
0.000789101
-0.00135658
0.000727808
-0.00138253
0.000656076
-0.00139912
0.000577622
-0.00140911
0.000495341
-0.00141486
0.000411225
-0.00141826
0.00032646
-0.00142075
0.000241628
-0.00142333
0.000156871
-0.00142671
7.20543e-05
-0.00143142
-1.3078e-05
-0.00143783
-9.88663e-05
-0.00144621
-0.000185678
-0.00145669
-0.000273907
-0.00146912
-0.000363949
-0.00148275
-0.000456137
-0.00149593
-0.00055057
-0.00150566
-0.000646802
-0.00150721
-0.000743348
-0.00149399
-0.000837022
-0.00145801
-0.000922251
-0.00139099
-0.000990697
-0.00128639
-0.00103158
-0.00114193
-0.00103314
-0.000962076
-0.000985428
-0.000759338
-0.000884046
-0.000553293
-0.000733872
-0.000366416
-0.000550967
-0.000217187
-0.000360523
-0.000113331
-0.000189603
-5.01803e-05
-5.69541e-05
-1.63321e-05
3.2835e-05
-1.28568e-06
8.47267e-05
2.75049e-06
0.000103496
1.64893e-06
9.02409e-05
4.26935e-05
-2.29864e-05
1.55178e-05
-7.2442e-05
7.72359e-05
-0.000140703
0.000166927
-0.000226256
0.000276895
-0.000328579
0.000398711
-0.000445547
0.000525214
-0.000572494
0.000648642
-0.000702786
0.000759944
-0.000829266
0.000850473
-0.000945626
0.000913981
-0.0010472
0.000947568
-0.00113126
0.000951555
-0.00119692
0.000928787
-0.001245
0.000883762
-0.00127767
0.000821763
-0.0012979
0.000748047
-0.00130902
0.000667196
-0.00131414
0.000582733
-0.00131582
0.000497021
-0.00131598
0.000411385
-0.0013159
0.000326382
-0.00131636
0.000242086
-0.00131779
0.000158303
-0.00132046
7.47248e-05
-0.00132457
-8.96711e-06
-0.00133036
-9.30778e-05
-0.00133814
-0.0001779
-0.00134831
-0.000263732
-0.0013613
-0.000350957
-0.00137738
-0.000440058
-0.00139636
-0.000531597
-0.00141708
-0.000626079
-0.00143683
-0.000723596
-0.00145068
-0.000823168
-0.00145114
-0.000921796
-0.00142844
-0.00101339
-0.00137199
-0.00108803
-0.00127289
-0.00113224
-0.00112747
-0.00113085
-0.000940588
-0.00107093
-0.000727432
-0.000947027
-0.000512002
-0.000766397
-0.00032127
-0.000551254
-0.00017584
-0.000335033
-8.16103e-05
-0.000151184
-2.96122e-05
-1.91631e-05
-5.39085e-06
6.05053e-05
2.49447e-06
9.5611e-05
2.18172e-06
9.05537e-05
4.48752e-05
-3.11643e-05
4.6682e-05
-9.24281e-05
0.0001385
-0.000172422
0.000246921
-0.000268676
0.000373149
-0.000379533
0.000509568
-0.00050131
0.00064699
-0.000628015
0.000775347
-0.000752472
0.000884401
-0.000867838
0.000965839
-0.000968727
0.00101487
-0.00105175
0.00103059
-0.00111565
0.00101545
-0.00116115
0.000974281
-0.00119057
0.00091319
-0.00120732
0.000838509
-0.00121513
0.000755858
-0.00121749
0.000669555
-0.00121719
0.000582431
-0.00121616
0.000495992
-0.00121554
0.000410767
-0.00121587
0.000326706
-0.00121727
0.000243493
-0.00121971
0.000160744
-0.0012231
7.8111e-05
-0.00122739
-4.67618e-06
-0.00123266
-8.7807e-05
-0.00123913
-0.000171429
-0.0012472
-0.000255662
-0.00125746
-0.000340701
-0.00127064
-0.000426876
-0.0012875
-0.000514741
-0.00130848
-0.000605101
-0.00133315
-0.000698923
-0.00135936
-0.00079696
-0.00138223
-0.000898926
-0.00139346
-0.00100216
-0.00138148
-0.00110001
-0.00133316
-0.00118056
-0.00123715
-0.00122686
-0.00108859
-0.00121949
-0.000893444
-0.00114217
-0.000670657
-0.000989184
-0.000449617
-0.000772295
-0.000261707
-0.000522942
-0.000127793
-0.000285099
-4.91509e-05
-9.78048e-05
-1.12727e-05
2.2627e-05
2.16006e-06
8.21782e-05
2.88149e-06
8.98322e-05
4.77567e-05
-3.859e-05
8.5272e-05
-0.000109888
0.000209798
-0.000199151
0.000336184
-0.000302838
0.000476835
-0.000418092
0.000624822
-0.000539958
0.000768856
-0.000661693
0.000897082
-0.000776183
0.00099889
-0.000877343
0.001067
-0.000961008
0.00109853
-0.00102529
0.00109487
-0.00107055
0.00106072
-0.0010991
0.00100283
-0.00111455
0.000928637
-0.00112102
0.000844976
-0.00112236
0.000757199
-0.00112161
0.00066881
-0.00112079
0.000581609
-0.00112094
0.000496145
-0.00112241
0.000412238
-0.00112512
0.000329412
-0.00112879
0.000247163
-0.00113313
0.000165081
-0.0011379
8.28826e-05
-0.00114297
3.96052e-07
-0.00114832
-8.24565e-05
-0.00115405
-0.000165701
-0.00116039
-0.000249318
-0.00116778
-0.000333317
-0.00117687
-0.000417788
-0.0011886
-0.000503007
-0.00120414
-0.00058956
-0.00122459
-0.000678476
-0.00125033
-0.000771218
-0.00127994
-0.000869316
-0.00130876
-0.000973344
-0.00132771
-0.00108106
-0.00132327
-0.001185
-0.00127957
-0.00127056
-0.00118283
-0.00131623
-0.00102755
-0.00129745
-0.000822164
-0.00119457
-0.000591054
-0.0010034
-0.000369986
-0.000744011
-0.000193734
-0.00046135
-7.99909e-05
-0.000211548
-2.19465e-05
-3.54174e-05
2.49125e-07
5.99826e-05
3.27359e-06
8.68077e-05
5.10303e-05
-4.4496e-05
0.000129768
-0.000123393
0.000288695
-0.000218972
0.000431764
-0.00032656
0.000584423
-0.000442218
0.00074048
-0.000560136
0.000886774
-0.000673364
0.00101031
-0.00077531
0.00110084
-0.000860965
0.00115265
-0.000927585
0.00116516
-0.000974884
0.00114217
-0.00100481
0.00109065
-0.00102097
0.00101899
-0.00102772
0.000935391
-0.00102928
0.000846536
-0.00102899
0.000756909
-0.00102902
0.000668833
-0.0010304
0.000582994
-0.00103338
0.00049912
-0.00103771
0.000416567
-0.00104298
0.000334683
-0.00104879
0.000252973
-0.00105483
0.000171122
-0.0010609
8.89554e-05
-0.0010669
6.39664e-06
-0.0010728
-7.65618e-05
-0.00107861
-0.000159887
-0.00108442
-0.000243512
-0.00109038
-0.000327352
-0.00109684
-0.000411331
-0.00110441
-0.00049544
-0.0011141
-0.000579866
-0.00112738
-0.000665198
-0.00114593
-0.000752661
-0.001171
-0.000844249
-0.00120197
-0.000942377
-0.00123443
-0.00104859
-0.00125842
-0.00116102
-0.0012581
-0.00127087
-0.00121459
-0.00135975
-0.00111199
-0.00140004
-0.000945504
-0.00136106
-0.00072811
-0.0012208
-0.000491756
-0.000980365
-0.000279071
-0.000674035
-0.000125359
-0.00036526
-3.96774e-05
-0.000121099
-4.39093e-06
2.4696e-05
3.03223e-06
7.93845e-05
5.40625e-05
-4.83114e-05
0.000178079
-0.000131956
0.000372339
-0.000230705
0.000530512
-0.000338754
0.000692472
-0.000451325
0.00085305
-0.00056219
0.000997639
-0.000664643
0.00111276
-0.000752941
0.00118913
-0.000823341
0.00122305
-0.000874598
0.00121641
-0.000907953
0.00117553
-0.000926661
0.00110936
-0.000935123
0.00102745
-0.000937832
0.000938101
-0.000938489
0.000847193
-0.000939525
0.000757945
-0.000942096
0.000671404
-0.000946403
0.000587301
-0.000952115
0.000504832
-0.000958724
0.000423176
-0.000965769
0.000341728
-0.000972923
0.000260128
-0.000980001
0.000178199
-0.000986918
9.58723e-05
-0.000993653
1.31324e-05
-0.00100021
-7.00043e-05
-0.00100659
-0.000153504
-0.00101279
-0.000237317
-0.00101878
-0.000321358
-0.00102461
-0.000405502
-0.00103045
-0.000489601
-0.00103677
-0.000573543
-0.00104456
-0.000657406
-0.00105548
-0.000741743
-0.00107176
-0.000827968
-0.00109549
-0.000918648
-0.00112687
-0.00101722
-0.00116157
-0.00112631
-0.00118827
-0.00124418
-0.00118831
-0.00135971
-0.00113963
-0.00144872
-0.00102505
-0.00147564
-0.00084262
-0.00140322
-0.000612993
-0.00120999
-0.00037792
-0.000909108
-0.000185673
-0.000557508
-6.59166e-05
-0.000240855
-1.23352e-05
-2.88855e-05
2.04176e-06
6.50075e-05
5.61043e-05
-4.97066e-05
0.000227786
-0.000135089
0.000457721
-0.000233923
0.000629347
-0.000339352
0.0007979
-0.000446039
0.000959737
-0.000547741
0.00109934
-0.000638325
0.00120335
-0.000713095
0.0012639
-0.00076964
0.0012796
-0.000808133
0.00125491
-0.000831089
0.00119848
-0.000842615
0.00112088
-0.000847331
0.00103217
-0.000849301
0.000940071
-0.000851342
0.000849234
-0.000854865
0.000761468
-0.000860161
0.0006767
-0.000866871
0.000594012
-0.000874425
0.000512386
-0.000882312
0.000431062
-0.000890194
0.00034961
-0.000897905
0.000267839
-0.000905406
0.0001857
-0.000912723
0.00010319
-0.000919908
2.03173e-05
-0.000927004
-6.29087e-05
-0.000934023
-0.000146485
-0.000940941
-0.000230399
-0.000947685
-0.000314614
-0.000954143
-0.000399045
-0.000960202
-0.000483542
-0.000965855
-0.000567891
-0.000971392
-0.000651869
-0.000977711
-0.000735425
-0.000986626
-0.000819053
-0.0010009
-0.000904376
-0.00102344
-0.000994678
-0.00105512
-0.00109463
-0.00109129
-0.00120801
-0.00111851
-0.00133249
-0.0011145
-0.00145273
-0.00105408
-0.00153606
-0.000920595
-0.00153671
-0.00071859
-0.001412
-0.000480242
-0.00114746
-0.000258236
-0.000779515
-0.000101485
-0.000397606
-2.37469e-05
-0.000106623
3.08995e-07
4.09515e-05
5.64133e-05
-4.85948e-05
0.000276381
-0.00013276
0.000541886
-0.000228864
0.00072545
-0.000329099
0.000898136
-0.000427861
0.0010585
-0.000519204
0.00119068
-0.000597788
0.00128193
-0.000660035
0.00132615
-0.000704801
0.00132436
-0.000733458
0.00128356
-0.000749402
0.00121443
-0.00075708
0.00112856
-0.000760822
0.00103591
-0.000763904
0.000943153
-0.000768154
0.000853485
-0.000774105
0.000767418
-0.000781469
0.000684065
-0.00078965
0.000602193
-0.00079809
0.000520826
-0.000806426
0.000439398
-0.000814499
0.000357682
-0.000822295
0.000275636
-0.000829881
0.000193286
-0.000837348
0.000110657
-0.000844779
2.77493e-05
-0.00085224
-5.5448e-05
-0.000859758
-0.000138967
-0.000867325
-0.000222832
-0.000874884
-0.000307055
-0.00088231
-0.000391619
-0.000889407
-0.000476444
-0.000895934
-0.000561364
-0.000901706
-0.000646098
-0.000906829
-0.000730301
-0.00091211
-0.000813772
-0.000919522
-0.000896964
-0.000932378
-0.000981822
-0.000954414
-0.0010726
-0.000986927
-0.0011755
-0.00102412
-0.00129529
-0.00104916
-0.00142769
-0.0010353
-0.00154992
-0.000955165
-0.00161684
-0.000796121
-0.00157104
-0.000574309
-0.00136927
-0.000337213
-0.00101661
-0.000146116
-0.000588703
-3.90025e-05
-0.000213737
-2.30593e-06
4.25486e-06
5.41073e-05
-4.50953e-05
0.000321476
-0.000125313
0.000622104
-0.000216255
0.000816393
-0.000309295
0.000991176
-0.000398796
0.001148
-0.000479341
0.00127123
-0.000546483
0.00134907
-0.000597734
0.0013774
-0.000633035
0.00135967
-0.000654632
0.00130516
-0.000666365
0.00122616
-0.000672561
0.00113476
-0.000676913
0.00104026
-0.000681787
0.000948027
-0.000688133
0.000859831
-0.000695875
0.00077516
-0.000704454
0.000692644
-0.000713275
0.000611014
-0.000721933
0.000529483
-0.000730252
0.000447717
-0.000738227
0.000365658
-0.000745946
0.000283354
-0.000753523
0.000200863
-0.000761067
0.000118201
-0.000768666
3.53475e-05
-0.00077638
-4.77331e-05
-0.000784246
-0.000131101
-0.000792273
-0.000214805
-0.000800435
-0.000298893
-0.000808654
-0.0003834
-0.000816773
-0.000468326
-0.000824535
-0.000553602
-0.000831593
-0.00063904
-0.000837605
-0.000724289
-0.000842511
-0.000808866
-0.000847059
-0.000892416
-0.000853476
-0.000975405
-0.000865752
-0.00106032
-0.000888403
-0.00115285
-0.000922566
-0.00126113
-0.000959952
-0.00139031
-0.000978686
-0.00153119
-0.000947149
-0.00164838
-0.00083837
-0.00167982
-0.00064951
-0.00155813
-0.000414628
-0.00125149
-0.000197767
-0.000805565
-5.87626e-05
-0.000352741
-5.87518e-06
-4.86327e-05
4.82321e-05
-3.94807e-05
0.000360956
-0.000113345
0.000695969
-0.00019714
0.000900187
-0.000281533
0.00107557
-0.000361035
0.0012275
-0.000430894
0.00134109
-0.000487575
0.00140576
-0.000529552
0.00141938
-0.000557594
0.00138771
-0.000574458
0.00132202
-0.000584021
0.00123572
-0.000590154
0.00114089
-0.000595762
0.00104587
-0.000602365
0.00095463
-0.000610264
0.000867731
-0.000619054
0.00078395
-0.000628139
0.000701728
-0.000637059
0.000619934
-0.000645594
0.000538019
-0.000653728
0.000455851
-0.000661554
0.000373483
-0.000669202
0.000291002
-0.000676795
0.000208456
-0.000684434
0.00012584
-0.000692191
4.31044e-05
-0.000700119
-3.98049e-05
-0.000708249
-0.000122971
-0.000716598
-0.000206456
-0.000725163
-0.000290328
-0.000733908
-0.000374654
-0.000742745
-0.000459489
-0.000751496
-0.000544851
-0.000759859
-0.000630677
-0.000767393
-0.000716754
-0.000773619
-0.00080264
-0.000778349
-0.000887685
-0.000782374
-0.00097138
-0.000788342
-0.00105435
-0.000801089
-0.0011401
-0.000825767
-0.00123645
-0.000862314
-0.00135376
-0.000897833
-0.00149567
-0.00090357
-0.00164264
-0.00084413
-0.00173926
-0.000698588
-0.00170367
-0.00048225
-0.00146783
-0.000252349
-0.00103547
-8.31737e-05
-0.000521916
-1.03788e-05
-0.000121428
3.78533e-05
-3.21227e-05
0.000393079
-9.76058e-05
0.000761452
-0.000172702
0.000975283
-0.000247479
0.00115035
-0.000316702
0.00129672
-0.000376346
0.00140073
-0.000423728
0.00145314
-0.0004581
0.00145375
-0.00048077
0.00141038
-0.000494654
0.00133591
-0.000503351
0.00124442
-0.000510092
0.00114763
-0.000516995
0.00105277
-0.000524907
0.000962542
-0.000533731
0.000876554
-0.000542956
0.000793175
-0.000552082
0.000710855
-0.000560824
0.000628677
-0.000569122
0.000546317
-0.00057706
0.000463788
-0.000584775
0.000381199
-0.000592404
0.000298631
-0.000600056
0.000216109
-0.000607816
0.0001336
-0.000615741
5.10298e-05
-0.000623876
-3.16696e-05
-0.000632245
-0.000114602
-0.000640862
-0.000197839
-0.000649733
-0.000281457
-0.000658844
-0.000365543
-0.000668153
-0.00045018
-0.000677564
-0.00053544
-0.000686881
-0.00062136
-0.000695756
-0.000707879
-0.000703661
-0.000794734
-0.000709996
-0.00088135
-0.000714507
-0.00096687
-0.000718178
-0.00105068
-0.000724379
-0.0011339
-0.000739012
-0.00122182
-0.000767353
-0.00132542
-0.000806146
-0.00145688
-0.000834998
-0.00161379
-0.000817412
-0.00175685
-0.000718652
-0.00180243
-0.000533461
-0.00165302
-0.000304576
-0.00126435
-0.000111224
-0.000715269
-1.58198e-05
-0.000216832
2.20335e-05
-2.34452e-05
0.000416524
-7.88993e-05
0.000816906
-0.000144141
0.00104052
-0.000208723
0.00121493
-0.000267705
0.00135571
-0.000317785
0.00145081
-0.000357029
0.00149238
-0.000385254
0.00148197
-0.000404024
0.00142915
-0.000416125
0.00134801
-0.000424664
0.00125296
-0.000432175
0.00115514
-0.000440098
0.00106069
-0.000448808
0.000971251
-0.000458019
0.000885765
-0.000467256
0.000802412
-0.000476167
0.000719766
-0.000484623
0.000637133
-0.000492672
0.000554366
-0.000500446
0.000471563
-0.000508092
0.000388845
-0.000515731
0.00030627
-0.000523456
0.000223834
-0.000531339
0.000141483
-0.000539431
5.91218e-05
-0.000547772
-2.33286e-05
-0.000556379
-0.000105995
-0.000565262
-0.000188955
-0.000574426
-0.000272294
-0.000583861
-0.000356108
-0.000593545
-0.000440495
-0.000603429
-0.000525556
-0.000613405
-0.000611384
-0.000623252
-0.000698031
-0.000632569
-0.000785418
-0.000640729
-0.00087319
-0.000647027
-0.000960572
-0.000651248
-0.00104646
-0.000654858
-0.00113029
-0.000662346
-0.00121433
-0.000680738
-0.00130703
-0.000714091
-0.00142353
-0.000752681
-0.0015752
-0.000765644
-0.00174388
-0.000710959
-0.00185712
-0.000564417
-0.00179956
-0.00034941
-0.00147936
-0.000140918
-0.000923761
-2.20962e-05
-0.000335654
-6.26858e-08
-1.38891e-05
0.000430413
-5.80242e-05
0.000861041
-0.000112582
0.00109508
-0.00016668
0.00126903
-0.000215646
0.00140467
-0.000256859
0.00149202
-0.000289003
0.00152453
-0.000312253
0.00150522
-0.000328181
0.00144508
-0.000339226
0.00135905
-0.000347895
0.00126163
-0.000356054
0.0011633
-0.00036461
0.00106925
-0.000373653
0.000980294
-0.000382853
0.000894966
-0.000391841
0.0008114
-0.000400412
0.000728337
-0.000408549
0.000645271
-0.00041636
0.000562177
-0.000423991
0.000479193
-0.000431575
0.000396429
-0.000439218
0.000313913
-0.000446999
0.000231616
-0.000454984
0.000149468
-0.000463225
6.73627e-05
-0.000471763
-1.47903e-05
-0.000480612
-9.71456e-05
-0.000489779
-0.000179787
-0.00049926
-0.000262812
-0.000509044
-0.000346324
-0.000519112
-0.000430427
-0.000529432
-0.000515236
-0.000539943
-0.000600873
-0.00055052
-0.000687455
-0.000560901
-0.000775037
-0.000570606
-0.000863485
-0.0005789
-0.000952277
-0.000585016
-0.00104035
-0.000588966
-0.00112634
-0.000593124
-0.00121017
-0.00060357
-0.00129658
-0.000627972
-0.00139912
-0.000666246
-0.00153692
-0.000697581
-0.00171255
-0.000679865
-0.00187483
-0.000574292
-0.00190514
-0.000383137
-0.00167051
-0.000169679
-0.00113722
-2.94189e-05
-0.000475914
-2.94816e-05
-3.87431e-06
0.000434288
-3.57449e-05
0.000892911
-7.90343e-05
0.00113837
-0.00012255
0.00131254
-0.000161815
0.00144394
-0.000194805
0.00152502
-0.000220697
0.00155042
-0.000239839
0.00152437
-0.000253619
0.00145886
-0.000263987
0.00136942
-0.000272813
0.00127046
-0.000281373
0.00117186
-0.000290183
0.00107806
-0.000299189
0.000989301
-0.000308108
0.000903884
-0.000316693
0.000819985
-0.000324859
0.000736503
-0.000332662
0.000653074
-0.000340233
0.000569748
-0.000347709
0.00048667
-0.000355209
0.000403929
-0.000362823
0.000321528
-0.000370623
0.000239415
-0.000378672
0.000157517
-0.000387033
7.57235e-05
-0.000395751
-6.07196e-06
-0.000404842
-8.8054e-05
-0.00041431
-0.000170319
-0.000424143
-0.000252979
-0.000434324
-0.000336143
-0.00044483
-0.000419922
-0.000455631
-0.000504434
-0.000466687
-0.000589817
-0.000477921
-0.000676221
-0.000489172
-0.000763786
-0.000500116
-0.000852541
-0.000510168
-0.000942225
-0.000518478
-0.00103204
-0.000524309
-0.00112051
-0.000528251
-0.00120623
-0.000534221
-0.00129061
-0.000550158
-0.00138319
-0.000582414
-0.00150467
-0.00062149
-0.00167347
-0.000631405
-0.00186492
-0.000564807
-0.00197173
-0.000403869
-0.00183145
-0.000195062
-0.00134602
-3.78509e-05
-0.000633126
-6.73325e-05
6.06188e-06
0.000428226
-1.27302e-05
0.000911703
-4.43887e-05
0.00117003
-7.73264e-05
0.00134548
-0.000107208
0.00147382
-0.000132509
0.00155032
-0.000152777
0.00157069
-0.000168395
0.00153998
-0.00018043
0.00147089
-0.000190264
0.00137925
-0.000199139
0.00127933
-0.000207826
0.00118055
-0.000216571
0.0010868
-0.00022527
0.000998001
-0.000233725
0.000912339
-0.000241809
0.00082807
-0.000249526
0.000744219
-0.00025697
0.000660518
-0.000264272
0.000577051
-0.000271559
0.000493956
-0.000278931
0.000411301
-0.000286471
0.000329068
-0.000294244
0.000247189
-0.000302316
0.000165589
-0.000310761
8.41686e-05
-0.000319634
2.80146e-06
-0.000328961
-7.87265e-05
-0.000338742
-0.000160538
-0.000348957
-0.000242764
-0.000359582
-0.000325518
-0.000370589
-0.000408915
-0.000381947
-0.000493076
-0.00039362
-0.000578143
-0.000405554
-0.000664288
-0.000417642
-0.000751697
-0.000429671
-0.000840512
-0.000441219
-0.000930677
-0.000451572
-0.00102168
-0.000459792
-0.00111229
-0.000465402
-0.00120062
-0.000470162
-0.00128585
-0.000480272
-0.00137308
-0.000504794
-0.00148015
-0.000543967
-0.0016343
-0.000571955
-0.00183693
-0.000539375
-0.00200431
-0.000411501
-0.00195932
-0.000215304
-0.00154222
-4.69679e-05
-0.000801462
-0.0001143
1.53111e-05
0.000412914
1.03799e-05
0.000916634
-9.38084e-06
0.00118979
-3.18203e-05
0.00136792
-5.25871e-05
0.00149459
-7.0584e-05
0.00156831
-8.56379e-05
0.00158574
-9.80693e-05
0.00155242
-0.000108542
0.00148136
-0.000117838
0.00138855
-0.000126601
0.00128809
-0.000135171
0.00118912
-0.000143604
0.00109524
-0.000151804
0.0010062
-0.000159669
0.000920203
-0.000167177
0.000835579
-0.000174395
0.000751437
-0.000181436
0.000667559
-0.000188423
0.000584038
-0.000195466
0.000500999
-0.000202657
0.000418492
-0.000210071
0.000336482
-0.000217774
0.000254893
-0.000225829
0.000173644
-0.000234319
9.26585e-05
-0.000243318
1.18011e-05
-0.000252868
-6.91762e-05
-0.000262967
-0.000150438
-0.000273585
-0.000232145
-0.000284692
-0.000314411
-0.000296257
-0.000397349
-0.000308249
-0.000481084
-0.000320632
-0.00056576
-0.000333359
-0.000651561
-0.000346351
-0.000738705
-0.000359456
-0.000827407
-0.000372376
-0.000917756
-0.000384566
-0.00100949
-0.000395173
-0.00110168
-0.000403292
-0.0011925
-0.000409158
-0.00127998
-0.000416606
-0.00136563
-0.000434453
-0.0014623
-0.000469457
-0.00159929
-0.000507233
-0.00179915
-0.000502189
-0.00200936
-0.000407306
-0.00205421
-0.00022954
-0.00171999
-5.623e-05
-0.000974772
-0.00017053
2.34519e-05
0.000389463
3.2849e-05
0.000907237
2.53937e-05
0.00119725
1.32978e-05
0.00138001
1.44204e-06
0.00150644
-9.45767e-06
0.00157921
-1.94932e-05
0.00159578
-2.88653e-05
0.00156179
-3.77978e-05
0.0014903
-4.64688e-05
0.00139722
-5.49515e-05
0.00129658
-6.321e-05
0.00119738
-7.11555e-05
0.00110318
-7.87202e-05
0.00101376
-8.59006e-05
0.000927384
-9.27642e-05
0.000842443
-9.94222e-05
0.000758095
-0.000105998
0.000674135
-0.000112604
0.000590644
-0.000119339
0.000507735
-0.000126287
0.00042544
-0.000133523
0.000343718
-0.000141113
0.000262483
-0.000149117
0.000181649
-0.000157618
0.00010116
-0.000166714
2.08977e-05
-0.000176472
-5.94185e-05
-0.000186885
-0.000140025
-0.000197914
-0.000221116
-0.000209525
-0.000302799
-0.000221693
-0.000385181
-0.000234388
-0.000468389
-0.000247574
-0.000552574
-0.000261203
-0.000637931
-0.00027521
-0.000724699
-0.000289475
-0.000813141
-0.000303777
-0.000903455
-0.000317705
-0.000995565
-0.00033057
-0.00108882
-0.000341433
-0.00118164
-0.000349721
-0.00127169
-0.000357212
-0.00135814
-0.000370824
-0.00144869
-0.000400322
-0.0015698
-0.000441708
-0.00175777
-0.000457429
-0.00199364
-0.000393381
-0.00211826
-0.00023769
-0.00187568
-6.4955e-05
-0.00114751
-0.000235485
3.02046e-05
0.000359258
5.38825e-05
0.000883559
5.93497e-05
0.00119178
5.76047e-05
0.00138176
5.4447e-05
0.0015096
5.05233e-05
0.00158314
4.54932e-05
0.00160081
3.92434e-05
0.00156804
3.19682e-05
0.00149757
2.40707e-05
0.00140512
1.60219e-05
0.00130463
8.21545e-06
0.00120518
8.74877e-07
0.00111052
-5.95924e-06
0.0010206
-1.23748e-05
0.0009338
-1.85183e-05
0.000848586
-2.45411e-05
0.000764118
-3.0573e-05
0.000680167
-3.67202e-05
0.000596792
-4.30725e-05
0.000514087
-4.97112e-05
0.000432079
-5.67137e-05
0.000350721
-6.41532e-05
0.000269923
-7.20942e-05
0.00018959
-8.0607e-05
0.000109673
-8.97812e-05
3.00722e-05
-9.97125e-05
-4.94867e-05
-0.000110406
-0.000129331
-0.000121828
-0.000209694
-0.000133947
-0.00029068
-0.000146747
-0.000372381
-0.000160202
-0.000454933
-0.000174275
-0.000538502
-0.000188917
-0.000623289
-0.000204065
-0.00070955
-0.000219619
-0.000797588
-0.000235398
-0.000887675
-0.000251084
-0.000979878
-0.000266138
-0.00107376
-0.000279748
-0.00116803
-0.000291065
-0.00126038
-0.000300485
-0.00134872
-0.000312573
-0.0014366
-0.000337281
-0.00154509
-0.000378416
-0.00171663
-0.000408744
-0.00196331
-0.000372137
-0.00215486
-0.000240257
-0.00200756
-7.25643e-05
-0.0013152
-0.00030805
3.53576e-05
0.0003239
7.27966e-05
0.00084612
9.17557e-05
0.00117282
0.000100584
0.00137293
0.000106067
0.00150412
0.000109134
0.00158007
0.000109241
0.0016007
0.000106316
0.00157096
0.000100918
0.00150297
9.39885e-05
0.00141205
8.65169e-05
0.0013121
7.92564e-05
0.00121244
7.25836e-05
0.0011172
6.65359e-05
0.00102665
6.09498e-05
0.000939386
5.56038e-05
0.000853932
5.03039e-05
0.000769418
4.49068e-05
0.000685564
3.9308e-05
0.000602391
3.34209e-05
0.000519975
2.71631e-05
0.000438337
2.04523e-05
0.000357432
1.32057e-05
0.00027717
5.34541e-06
0.000197451
-3.19716e-06
0.000118216
-1.24754e-05
3.9351e-05
-2.25487e-05
-3.9413e-05
-3.34598e-05
-0.00011842
-4.52223e-05
-0.000197931
-5.78283e-05
-0.000278074
-7.1268e-05
-0.000358941
-8.55215e-05
-0.000440679
-0.000100552
-0.000523471
-0.00011631
-0.00060753
-0.00013273
-0.000693131
-0.000149714
-0.000780604
-0.000167108
-0.000870281
-0.000184656
-0.000962331
-0.00020193
-0.00105649
-0.000218273
-0.00115168
-0.000232851
-0.0012458
-0.000245335
-0.00133624
-0.000258243
-0.00142369
-0.000279997
-0.00152334
-0.000319097
-0.00167753
-0.000359011
-0.00192339
-0.000345938
-0.00216794
-0.000238118
-0.00211538
-7.87306e-05
-0.00147459
-0.00038678
3.87728e-05
0.000285128
8.89889e-05
0.000795904
0.000121894
0.00113991
0.000141724
0.0013531
0.000155913
0.00148993
0.000166075
0.00156991
0.000171588
0.00159518
0.000172343
0.00157021
0.000169165
0.00150615
0.000163464
0.00141775
0.000156723
0.00131884
0.000150075
0.00121909
0.000144093
0.00112318
0.000138854
0.00103189
0.000134145
0.000944095
0.000129674
0.000858403
0.000125195
0.000773898
0.000120537
0.000690222
0.000115589
0.00060734
0.000110259
0.000525304
0.000104463
0.000444134
9.81097e-05
0.000363786
9.11072e-05
0.000284173
8.33729e-05
0.000205186
7.48636e-05
0.000126726
6.55547e-05
4.86604e-05
5.53971e-05
-2.9255e-05
4.42941e-05
-0.000107316
3.2193e-05
-0.000185829
1.90768e-05
-0.000264957
4.95219e-06
-0.000344816
-1.01605e-05
-0.000425566
-2.62278e-05
-0.000507403
-4.31997e-05
-0.000590558
-6.10083e-05
-0.000675322
-7.9561e-05
-0.000762051
-9.87199e-05
-0.000851122
-0.000118271
-0.00094278
-0.000137874
-0.00103688
-0.000157003
-0.00113256
-0.000174947
-0.00122785
-0.000191116
-0.00132007
-0.000206597
-0.00140821
-0.0002276
-0.00150233
-0.00026448
-0.00164065
-0.000310288
-0.00187759
-0.00031687
-0.00216135
-0.000232346
-0.0021999
-8.34139e-05
-0.00162352
-0.000470194
4.04155e-05
0.000244712
0.000101921
0.000734399
0.000148982
0.00109285
0.000180422
0.00132166
0.000203561
0.00146679
0.000221002
0.00155247
0.000232284
0.0015839
0.000237198
0.00156529
0.000236705
0.00150664
0.000232583
0.00142187
0.000226775
0.00132465
0.000220811
0.00122506
0.000215524
0.00112847
0.000211092
0.00103632
0.000207291
0.000947896
0.00020377
0.000861925
0.000200219
0.000777449
0.000196426
0.000694015
0.000192255
0.00061151
0.000187608
0.000529952
0.000182393
0.00044935
0.000176515
0.000369664
0.000169879
0.000290809
0.000162399
0.000212666
0.000154026
0.000135099
0.000144736
5.79516e-05
0.000134487
-1.90059e-05
0.000123176
-9.6005e-05
0.000110714
-0.000173367
9.70579e-05
-0.000251301
8.22047e-05
-0.000329963
6.61665e-05
-0.000409528
4.89729e-05
-0.00049021
3.06737e-05
-0.000572259
1.13407e-05
-0.000655989
-8.93003e-06
-0.00074178
-3.00132e-05
-0.000830038
-5.17296e-05
-0.000921063
-7.38077e-05
-0.00101481
-9.58388e-05
-0.00111052
-0.000117257
-0.00120644
-0.00013746
-0.00129986
-0.000156706
-0.00138896
-0.000179053
-0.00147999
-0.000214579
-0.00160513
-0.000263882
-0.00182828
-0.000286628
-0.00213861
-0.000224066
-0.00226247
-8.68222e-05
-0.00176076
-0.000557016
4.03617e-05
0.00020435
0.000111142
0.000663618
0.000172164
0.00103183
0.000215922
0.0012779
0.000248472
0.00143424
0.000273479
0.00152746
0.00029096
0.00156642
0.00030062
0.00155563
0.000303408
0.00150385
0.00030134
0.00142394
0.000296751
0.00132923
0.000291586
0.00123022
0.000287001
0.00113305
0.000283354
0.00103997
0.000280468
0.000950782
0.000277954
0.000864439
0.000275437
0.000779967
0.000272642
0.00069681
0.000269393
0.000614759
0.00026557
0.000533775
0.000261071
0.000453848
0.000255799
0.000374936
0.000249657
0.000296951
0.000242557
0.000219767
0.00023443
0.000143226
0.000225229
6.7153e-05
0.000214897
-8.67343e-06
0.000203351
-8.44589e-05
0.000190501
-0.000160517
0.000176281
-0.000237081
0.000160668
-0.000314349
0.000143663
-0.000392523
0.000125285
-0.000471832
0.000105579
-0.000552552
8.46128e-05
-0.000635022
6.24796e-05
-0.000719647
3.93003e-05
-0.000806859
1.52343e-05
-0.000896997
-9.50044e-06
-0.000990071
-3.46023e-05
-0.00108542
-5.96478e-05
-0.00118139
-8.41291e-05
-0.00127538
-0.000107921
-0.00136517
-0.000133366
-0.00145454
-0.000168971
-0.00156952
-0.000220488
-0.00177677
-0.000256494
-0.0021026
-0.000214348
-0.00230461
-8.93399e-05
-0.00188577
-0.000646356
3.87956e-05
0.000165555
0.000116334
0.00058608
0.000190543
0.000957623
0.000247273
0.00122117
0.000289934
0.00139158
0.000322931
0.00149446
0.000347092
0.00154226
0.000362168
0.00154056
0.000368971
0.00149705
0.000369585
0.00142333
0.00036664
0.00133218
0.000362484
0.00123438
0.000358652
0.00113688
0.00035577
0.00104285
0.000353786
0.000952766
0.000352314
0.00086591
0.00035092
0.000781361
0.000349255
0.000698475
0.000347081
0.000616933
0.00034424
0.000536616
0.000340611
0.000457478
0.000336087
0.000379461
0.000330565
0.000302473
0.00032395
0.000226382
0.000316157
0.000151019
0.000307116
7.61942e-05
0.000296754
1.68882e-06
0.000284998
-7.27031e-05
0.000271762
-0.00014728
0.000256963
-0.000222282
0.000240563
-0.000297949
0.000222549
-0.000374509
0.000202932
-0.000452214
0.000181749
-0.000531369
0.000159064
-0.000612338
0.000134966
-0.000695548
0.000109559
-0.000781452
8.29716e-05
-0.00087041
5.53635e-05
-0.000962463
2.69571e-05
-0.00105702
-1.92688e-06
-0.00115251
-3.09189e-05
-0.00124639
-5.97935e-05
-0.0013363
-8.97089e-05
-0.00142462
-0.000127039
-0.00153219
-0.000180365
-0.00172344
-0.000227363
-0.0020556
-0.000204133
-0.00232784
-9.14549e-05
-0.00199845
-0.000737811
3.5997e-05
0.000129558
0.000117359
0.000504717
0.000203253
0.00087173
0.000273331
0.00115109
0.000326985
0.00133792
0.000368592
0.00145286
0.000399977
0.00151088
0.000421187
0.00151935
0.000432857
0.00148538
0.000436963
0.00141922
0.000436283
0.00133286
0.000433509
0.00123715
0.000430587
0.00113981
0.000428494
0.00104494
0.000427393
0.000953868
0.000426971
0.000866332
0.000426762
0.00078157
0.000426342
0.000698895
0.000425396
0.00061788
0.000423704
0.000538308
0.00042111
0.000460072
0.000417487
0.000383084
0.000412722
0.000307239
0.000406707
0.000232396
0.000399345
0.000158381
0.000390548
8.49914e-05
0.000380228
1.20095e-05
0.000368311
-6.07864e-05
0.000354708
-0.000133677
0.000339334
-0.000206908
0.000322136
-0.000280751
0.000303088
-0.000355461
0.000282192
-0.000431318
0.000259477
-0.000508654
0.000235001
-0.000587861
0.00020884
-0.000669387
0.000181082
-0.000753694
0.000151819
-0.000841147
0.000121151
-0.000931795
8.9209e-05
-0.00102507
5.61889e-05
-0.00111949
2.23707e-05
-0.00121257
-1.20014e-05
-0.00130193
-4.74196e-05
-0.00138921
-8.81033e-05
-0.00149151
-0.000143459
-0.00166809
-0.000199777
-0.00199929
-0.000194183
-0.00233344
-9.36966e-05
-0.00209893
-0.000831508
3.23112e-05
9.72463e-05
0.000114315
0.000422713
0.000209568
0.000776478
0.000292816
0.00106785
0.000358377
0.00127236
0.000409437
0.00140179
0.00044869
0.00147162
0.000476781
0.00149126
0.000494259
0.0014679
0.000502852
0.00141063
0.000505295
0.00133041
0.000504512
0.00123793
0.000502844
0.00114147
0.000501675
0.00104611
0.000501479
0.000954064
0.000502103
0.000865708
0.000503109
0.000780564
0.000504017
0.000697987
0.000504428
0.000617469
0.000504046
0.00053869
0.000502658
0.000461459
0.000500103
0.00038564
0.000496244
0.000311098
0.000490963
0.000237678
0.000484146
0.000165198
0.00047569
9.34471e-05
0.000465497
2.2203e-05
0.000453484
-4.87731e-05
0.000439556
-0.000119749
0.000423629
-0.000190981
0.00040564
-0.000262762
0.000385554
-0.000335374
0.000363362
-0.000409127
0.000339086
-0.000484378
0.000312769
-0.000561545
0.000284473
-0.00064109
0.000254255
-0.000723476
0.000222162
-0.000809054
0.000188226
-0.000897859
0.000152485
-0.000989333
0.000115029
-0.00108203
7.604e-05
-0.00117358
3.5743e-05
-0.00126163
-5.97699e-06
-0.00134749
-5.14822e-05
-0.001446
-0.000109492
-0.00161008
-0.000173959
-0.00193482
-0.000185041
-0.00232235
-9.65811e-05
-0.00218739
-0.000928089
2.81043e-05
6.9142e-05
0.000107572
0.000343245
0.000209041
0.000675009
0.000304441
0.000972446
0.000382586
0.00119422
0.00044412
0.00134026
0.000492045
0.0014237
0.000527797
0.00145551
0.000552067
0.00144363
0.000566291
0.0013964
0.000572977
0.00132373
0.0005751
0.00123581
0.000575308
0.00114127
0.000575407
0.00104601
0.000576255
0.000953216
0.00057796
0.000864003
0.000580193
0.000778331
0.000582472
0.000695708
0.000584331
0.00061561
0.000585392
0.00053763
0.000585368
0.000461483
0.000584046
0.000386962
0.000581254
0.000313889
0.00057685
0.000242082
0.000570706
0.000171342
0.000562705
0.000101449
0.000552737
3.21714e-05
0.000540709
-3.67457e-05
0.000526523
-0.000105562
0.000510092
-0.00017455
0.000491348
-0.000244018
0.000470248
-0.000314274
0.000446775
-0.000385653
0.000420937
-0.00045854
0.000392761
-0.000533368
0.000362277
-0.000610606
0.000329503
-0.000690703
0.000294427
-0.000773978
0.000257003
-0.000860435
0.00021717
-0.0009495
0.000174914
-0.00103977
0.000130341
-0.00112901
8.37034e-05
-0.00121499
3.51071e-05
-0.00129889
-1.65467e-05
-0.00139435
-7.80454e-05
-0.00154858
-0.000149849
-0.00186302
-0.000176993
-0.00229521
-0.000100559
-0.00226383
-0.00102865
2.37163e-05
4.54257e-05
9.77841e-05
0.000269177
0.000201656
0.000571137
0.000307116
0.000866985
0.000397912
0.00110342
0.000470936
0.00126724
0.000528517
0.00136612
0.000572791
0.00141123
0.000604851
0.00141157
0.000625946
0.00137531
0.000638227
0.00131145
0.000644508
0.00122953
0.000647583
0.00113819
0.000649616
0.00104398
0.00065188
0.000950951
0.00065483
0.000861054
0.000658348
0.000774813
0.000662026
0.00069203
0.000665382
0.000612255
0.000667971
0.000535041
0.000669433
0.000460021
0.000669486
0.000386909
0.000667911
0.000315464
0.000664533
0.000245461
0.0006592
0.000176676
0.000651779
0.00010887
0.000642151
4.17997e-05
0.000630211
-2.48063e-05
0.000615857
-9.12079e-05
0.000599003
-0.000157696
0.000579575
-0.00022459
0.000557522
-0.000292221
0.000532816
-0.000360948
0.000505448
-0.000431172
0.000475416
-0.000503335
0.000442709
-0.000577898
0.000407287
-0.000655281
0.000369065
-0.000735756
0.000327905
-0.000819275
0.00028365
-0.000905245
0.000236183
-0.000992308
0.000185552
-0.00107838
0.000132066
-0.00116151
7.61421e-05
-0.00124297
1.73878e-05
-0.00133559
-4.86459e-05
-0.00148254
-0.000127146
-0.00178452
-0.00017003
-0.00225233
-0.000105959
-0.0023279
-0.00113461
1.94281e-05
2.59975e-05
8.58516e-05
0.000202753
0.000187944
0.000469045
0.000300203
0.000754726
0.000402692
0.00100093
0.000487872
0.00118206
0.000556188
0.0012978
0.000609968
0.00135745
0.000650844
0.0013707
0.000680086
0.00134606
0.000699476
0.00129206
0.000711487
0.00121752
0.000718836
0.00113084
0.000723898
0.00103892
0.00072832
0.000946528
0.000732946
0.000856428
0.000737958
0.000769801
0.000743125
0.000686863
0.000748022
0.000607358
0.000752188
0.000530875
0.000755207
0.000457002
0.000756736
0.000385381
0.000756498
0.000315701
0.000754275
0.000247684
0.000749886
0.000181065
0.000743177
0.000115578
0.000734016
5.09606e-05
0.000722288
-1.30775e-05
0.000707884
-7.68045e-05
0.000690718
-0.00014053
0.000670709
-0.000204581
0.000647798
-0.000269309
0.000621939
-0.000335089
0.000593096
-0.000402329
0.000561225
-0.000471464
0.000526258
-0.000542931
0.000488081
-0.000617104
0.000446519
-0.000694194
0.000401337
-0.000774094
0.000352275
-0.000856183
0.000299135
-0.000939168
0.000241934
-0.00102118
0.000181071
-0.00110064
0.000117306
-0.0011792
5.09182e-05
-0.00126921
-2.07315e-05
-0.00141089
-0.000105307
-0.00169994
-0.00016379
-0.00219384
-0.000112928
-0.00237876
-0.00124753
1.54572e-05
1.05403e-05
7.28303e-05
0.00014538
0.000169023
0.000372852
0.000283754
0.000639995
0.000395607
0.000889079
0.000492779
0.00108488
0.000572744
0.00121784
0.000637123
0.00129307
0.000687908
0.00131991
0.000726582
0.00130739
0.000754672
0.00126397
0.000774214
0.00119798
0.000787637
0.00111742
0.00079731
0.00102924
0.000805123
0.000938715
0.000812278
0.000849274
0.000819309
0.00076277
0.000826248
0.000679924
0.000832824
0.000600781
0.000838637
0.000525062
0.000843266
0.000452373
0.00084633
0.000382317
0.000847508
0.000314523
0.000846538
0.000248655
0.000843204
0.000184399
0.000837329
0.000121454
0.000828764
5.95256e-05
0.000817375
-1.68904e-06
0.000803058
-6.24868e-05
0.000785712
-0.000123184
0.000765249
-0.000184118
0.000741592
-0.000245652
0.000714671
-0.000308168
0.000684407
-0.000372065
0.0006507
-0.000437757
0.000613407
-0.000505638
0.000572324
-0.000576022
0.000527176
-0.000649046
0.000477624
-0.000724541
0.000423313
-0.000801872
0.000363986
-0.000879841
0.000299673
-0.000956862
0.000230919
-0.00103189
0.000158849
-0.00110713
8.44843e-05
-0.00119484
6.42707e-06
-0.00133284
-8.35732e-05
-0.00160994
-0.000157503
-0.00211991
-0.000121342
-0.00241492
-0.00136888
1.19845e-05
-1.44429e-06
5.98012e-05
9.75634e-05
0.00014651
0.000286143
0.000258656
0.00052785
0.000376023
0.000771712
0.000483689
0.000977218
0.000575597
0.00112593
0.000651605
0.00121706
0.000713484
0.00125803
0.000762904
0.00125797
0.000801293
0.00122558
0.000830281
0.00116899
0.000851861
0.00109584
0.000868174
0.00101293
0.00088115
0.000925739
0.000892232
0.000838191
0.000902285
0.000752718
0.000911652
0.000670557
0.000920302
0.000592131
0.000927981
0.000517382
0.000934341
0.000446014
0.000939017
0.000377641
0.000941675
0.000311865
0.000942028
0.000248302
0.000939832
0.000186594
0.000934888
0.000126398
0.000927027
6.73862e-05
0.000916101
9.23737e-06
0.000901995
-4.83806e-05
0.000884594
-0.000105783
0.000863792
-0.000163316
0.000839484
-0.000221345
0.000811561
-0.000280245
0.000779888
-0.000340392
0.000744292
-0.000402161
0.000704541
-0.000465887
0.000660329
-0.00053181
0.000611272
-0.00059999
0.00055693
-0.000670199
0.000496872
-0.000741814
0.000430817
-0.000813787
0.000358867
-0.000884912
0.00028178
-0.000954804
0.000201091
-0.00102644
0.00011854
-0.00111229
3.37235e-05
-0.00124802
-6.10377e-05
-0.00151518
-0.000149942
-0.00203101
-0.000130694
-0.00243417
-0.00149957
9.20024e-06
-1.06446e-05
4.77294e-05
5.90342e-05
0.000122273
0.000211599
0.000226569
0.000423553
0.000344224
0.000654058
0.000459204
0.000862237
0.000562191
0.00102294
0.000650423
0.00112883
0.000724564
0.00118389
0.000786101
0.00119643
0.000836389
0.00117529
0.00087674
0.00112864
0.000908681
0.0010639
0.00093396
0.00098765
0.000954334
0.000905365
0.000971306
0.000821219
0.000985965
0.000738058
0.000998948
0.000657575
0.0010105
0.000580578
0.00102059
0.00050729
0.00102903
0.000437581
0.00103552
0.000371142
0.0010398
0.000307592
0.00104157
0.000246532
0.00104059
0.00018757
0.00103666
0.000130333
0.00102958
7.44622e-05
0.0010192
1.96136e-05
0.00100539
-3.45676e-05
0.000988007
-8.84001e-05
0.00096692
-0.000142229
0.000941985
-0.000196411
0.000913038
-0.000251297
0.000879874
-0.000307228
0.000842235
-0.000364523
0.00079979
-0.000423442
0.000752126
-0.000484145
0.000698752
-0.000546616
0.000639141
-0.000610588
0.000572815
-0.000675488
0.000499524
-0.000740495
0.000419512
-0.0008049
0.000333822
-0.000869114
0.000244433
-0.000937053
0.00015373
-0.00102159
6.22189e-05
-0.00115651
-3.65777e-05
-0.00141638
-0.00013931
-0.00192828
-0.000139963
-0.00243352
-0.00163953
7.22098e-06
-1.78656e-05
3.72396e-05
2.90155e-05
9.79533e-05
0.000150886
0.000189519
0.000331987
0.000301365
0.000542211
0.000418811
0.000744792
0.000530427
0.000911327
0.000630535
0.00102872
0.000717797
0.00109663
0.000792813
0.00112142
0.000856606
0.0011115
0.000910189
0.00107505
0.000954661
0.00101943
0.000991317
0.000950994
0.00102158
0.000875102
0.00104683
0.000795971
0.00106822
0.00071667
0.00108658
0.000639212
0.00110242
0.00056474
0.00111595
0.000493758
0.00112719
0.000426344
0.00113601
0.00036232
0.00114223
0.00030137
0.00114564
0.000243121
0.00114603
0.00018718
0.00114321
0.000133161
0.00113698
8.06869e-05
0.00112719
2.94011e-05
0.00111369
-2.10624e-05
0.00109631
-7.10192e-05
0.00107488
-0.000120805
0.00104922
-0.000170751
0.0010191
-0.000221172
0.000984229
-0.000272358
0.000944264
-0.000324557
0.000898772
-0.000377951
0.00084724
-0.000432613
0.000789087
-0.000488464
0.000723727
-0.000545228
0.000650687
-0.000602447
0.000569815
-0.000659623
0.00048157
-0.000716656
0.000387334
-0.000774878
0.000289529
-0.000839249
0.000191082
-0.00092314
9.32637e-05
-0.00105869
-8.87665e-06
-0.00131424
-0.000123178
-0.00181398
-0.000147524
-0.00240917
-0.00178706
5.87104e-06
-2.37367e-05
2.8083e-05
6.80349e-06
7.40653e-05
0.000104903
0.000148961
0.000257092
0.000248914
0.000442258
0.000362866
0.00063084
0.000479053
0.00079514
0.00058934
0.000918438
0.000689827
0.000996141
0.00077942
0.00103183
0.00085826
0.00103266
0.000926864
0.00100645
0.000985902
0.000960389
0.00103622
0.000900673
0.00107885
0.000832471
0.00111491
0.000759913
0.00114546
0.000686118
0.00117141
0.000613264
0.00119343
0.000542725
0.00121194
0.000475241
0.00122719
0.000411095
0.00123925
0.000350263
0.00124809
0.000292536
0.0012536
0.000237605
0.00125567
0.000185112
0.00125414
0.000134686
0.00124887
8.59584e-05
0.0012397
3.85757e-05
0.00122646
-7.81945e-06
0.00120897
-5.35363e-05
0.00118705
-9.88785e-05
0.00116043
-0.000144138
0.00112884
-0.000189582
0.00109192
-0.000235436
0.00104924
-0.000281871
0.00100027
-0.000328983
0.000944428
-0.000376774
0.000881085
-0.000425121
0.000809651
-0.000473794
0.000729728
-0.000522524
0.000641336
-0.000571231
0.000545205
-0.000620524
0.000443043
-0.000672717
0.000337626
-0.000733831
0.000232253
-0.000817767
0.000128797
-0.000955235
2.35232e-05
-0.00120897
-9.87023e-05
-0.00169175
-0.000151199
-0.00235668
-0.00193826
4.14524e-06
-2.7882e-05
1.80299e-05
-7.08126e-06
4.84784e-05
7.44546e-05
0.00010415
0.000201421
0.000187364
0.000359044
0.000291983
0.000526221
0.000407748
0.000679375
0.000525174
0.000801012
0.000637866
0.000883449
0.00074246
0.000927232
0.000837561
0.000937556
0.000922777
0.000921235
0.000998194
0.000884973
0.0010642
0.000834672
0.00112141
0.000775256
0.00117064
0.000710683
0.00121276
0.000643994
0.00124863
0.000577397
0.00127897
0.000512381
0.00130437
0.000449843
0.00132524
0.00039023
0.00134183
0.000333668
0.0013543
0.00028007
0.00136269
0.000229216
0.00136698
0.000180815
0.00136712
0.000134543
0.00136302
9.0066e-05
0.00135453
4.70583e-05
0.00134152
5.19842e-06
0.0013238
-3.58161e-05
0.00130114
-7.62258e-05
0.00127328
-0.000116277
0.00123988
-0.000156176
0.00120052
-0.000196076
0.00115471
-0.000236069
0.00110191
-0.000276178
0.00104148
-0.000316351
0.000972837
-0.000356474
0.000895465
-0.000396421
0.000809133
-0.000436193
0.000714097
-0.000476195
0.000611346
-0.000517773
0.000502811
-0.000564182
0.000391379
-0.000622399
0.000280382
-0.00070677
0.000171913
-0.000846766
6.29231e-05
-0.00109998
-6.31473e-05
-0.00156568
-0.000148258
-0.00227156
-0.00208652
-6.33822e-07
-2.72482e-05
1.48375e-06
-9.19891e-06
1.47745e-05
6.11637e-05
5.02429e-05
0.000165952
0.000114448
0.000294838
0.000205787
0.000434883
0.00031665
0.000568511
0.000437558
0.000680104
0.000560334
0.000760673
0.000679319
0.000808247
0.00079115
0.000825724
0.00089406
0.000818325
0.000987252
0.000791781
0.00107053
0.000751397
0.00114409
0.000701698
0.0012084
0.000646364
0.00126413
0.000588264
0.001312
0.000529533
0.00135271
0.00047167
0.0013869
0.000415648
0.00141511
0.000362021
0.00143774
0.000311036
0.0014551
0.000262718
0.00146737
0.000216947
0.00147466
0.000173516
0.00147704
0.00013217
0.00147447
9.26359e-05
0.00146689
5.46386e-05
0.00145417
1.79161e-05
0.00143616
-1.78053e-05
0.00141263
-5.27024e-05
0.00138332
-8.69613e-05
0.00134786
-0.000120719
0.00130585
-0.000154062
0.0012568
-0.000187017
0.00120018
-0.000219561
0.00113546
-0.000251634
0.00106217
-0.000283183
0.00098
-0.00031425
0.000888954
-0.000345147
0.000789523
-0.000376765
0.000682858
-0.000411108
0.000570878
-0.000452202
0.000456224
-0.000507745
0.000341752
-0.000592299
0.000229033
-0.000734047
0.000114906
-0.000985851
-1.34464e-05
-0.00143733
-0.000134049
-0.00215096
-0.00222056
-1.34003e-05
-1.38479e-05
-3.09153e-05
8.31607e-06
-3.7675e-05
6.79234e-05
-2.18601e-05
0.000150137
2.41025e-05
0.000248876
0.000101667
0.000357318
0.000205506
0.000464673
0.000326996
0.000558614
0.00045728
0.000630389
0.000589006
0.000676521
0.000716916
0.000697815
0.000837631
0.000697609
0.000949194
0.000680218
0.00105063
0.000649963
0.00114161
0.000610712
0.00122227
0.000565709
0.001293
0.000517538
0.00135436
0.000468169
0.001407
0.00041903
0.00145155
0.000371097
0.0014886
0.000324974
0.00151865
0.000280986
0.00154212
0.00023925
0.00155932
0.00019974
0.0015705
0.000162336
0.00157581
0.000126863
0.00157532
9.3123e-05
0.00156905
6.09088e-05
0.00155694
3.0027e-05
0.00153886
2.80916e-07
0.00151464
-2.84892e-05
0.00148406
-5.63804e-05
0.00144682
-8.34789e-05
0.00140258
-0.000109823
0.00135098
-0.000135411
0.00129163
-0.000160219
0.00122423
-0.00018423
0.00114854
-0.000207495
0.00106453
-0.00023024
0.00097244
-0.000253054
0.000872875
-0.0002772
0.000766899
-0.000305132
0.000656059
-0.000341363
0.000542315
-0.000394001
0.000427581
-0.000477565
0.000312273
-0.000618739
0.00019209
-0.000865669
5.64137e-05
-0.00130165
-9.82976e-05
-0.00199625
-0.00231886
-4.09728e-05
2.71249e-05
-9.01806e-05
5.75238e-05
-0.000121105
9.88481e-05
-0.000123159
0.000152191
-9.13535e-05
0.00021707
-2.47119e-05
0.000290676
7.31682e-05
0.000366793
0.000194528
0.000437254
0.000330372
0.000494545
0.000472665
0.000534228
0.000614845
0.000555636
0.000752135
0.000560319
0.000881379
0.000550974
0.00100071
0.000530637
0.00110917
0.000502252
0.00120645
0.000468427
0.00129266
0.000431323
0.00136819
0.000392642
0.00143356
0.000353659
0.00148937
0.000315285
0.00153622
0.000278122
0.00157468
0.000242532
0.00160523
0.000208696
0.00162831
0.000176662
0.00164426
0.000146389
0.00165334
0.000117783
0.00165574
9.07168e-05
0.00165159
6.50563e-05
0.00164095
4.06719e-05
0.00162378
1.7454e-05
0.00159999
-4.6982e-06
0.00156947
-2.5869e-05
0.00153212
-4.61201e-05
0.00148776
-6.54717e-05
0.00143629
-8.39327e-05
0.00137758
-0.000101515
0.00131162
-0.000118267
0.00123846
-0.000134339
0.0011583
-0.00015008
0.00107147
-0.000166223
0.000978443
-0.000184172
0.000879808
-0.000206497
0.000776223
-0.000237778
0.000668341
-0.000286118
0.000556549
-0.000365774
0.000439888
-0.000502077
0.000312791
-0.000738573
0.000159762
-0.00114862
-2.67714e-05
-0.00180972
-0.00234563
-9.01037e-05
0.000117229
-0.000183171
0.000150591
-0.000240245
0.000155922
-0.000257478
0.000169424
-0.000234972
0.000194564
-0.000174196
0.000229899
-7.94146e-05
0.000272011
4.25662e-05
0.000315273
0.000183145
0.000353966
0.00033382
0.000383553
0.000487606
0.000401849
0.000638846
0.000409079
0.000783484
0.000406336
0.000918864
0.000395256
0.00104341
0.000377708
0.00115633
0.000355504
0.00125742
0.000330239
0.00134682
0.000303237
0.00142495
0.000275534
0.00149233
0.000247905
0.00154955
0.000220895
0.00159722
0.000194861
0.00163591
0.00017001
0.00166613
0.000146442
0.00168834
0.000124178
0.00170293
0.000103188
0.00171024
8.34099e-05
0.00171053
6.47696e-05
0.00170401
4.71892e-05
0.00169086
3.05994e-05
0.00167123
1.49336e-05
0.00164516
2.0198e-07
0.00161266
-1.36144e-05
0.00157383
-2.66431e-05
0.00152883
-3.89349e-05
0.00147783
-5.05148e-05
0.00142102
-6.1463e-05
0.00135865
-7.19595e-05
0.00129093
-8.23635e-05
0.00121807
-9.33615e-05
0.00114012
-0.000106221
0.00105684
-0.000123225
0.000967509
-0.000148443
0.000870574
-0.000189183
0.00076337
-0.00025857
0.000641551
-0.000380259
0.000497443
-0.000594464
0.000312257
-0.000963435
8.51055e-05
-0.00158257
-0.00226053
-0.000160368
0.000277597
-0.000293325
0.000283549
-0.000362667
0.000225263
-0.000384787
0.000191545
-0.000365749
0.000175526
-0.000308214
0.000172364
-0.000216408
0.000180205
-9.66551e-05
0.00019552
4.42038e-05
0.000213107
0.000198546
0.000229211
0.000358719
0.000241675
0.000518823
0.000248975
0.000674379
0.00025078
0.000822144
0.00024749
0.000959988
0.000239864
0.00108667
0.000228824
0.00120161
0.000215299
0.00130471
0.000200134
0.0013962
0.000184043
0.00147651
0.000167593
0.0015462
0.00015121
0.00160586
0.000135198
0.00165611
0.000119757
0.00169755
0.000105008
0.00173071
9.10115e-05
0.00175612
7.77861e-05
0.0017742
6.53229e-05
0.00178538
5.35964e-05
0.00178999
4.25736e-05
0.00178837
3.22203e-05
0.0017808
2.25026e-05
0.00176763
1.33779e-05
0.00174916
4.84769e-06
0.00172556
-3.04099e-06
0.00169698
-1.0349e-05
0.00166364
-1.71786e-05
0.0016258
-2.36216e-05
0.00158366
-2.98171e-05
0.00153732
-3.60294e-05
0.00148672
-4.27562e-05
0.00143141
-5.09103e-05
0.00137031
-6.21337e-05
0.00130123
-7.93573e-05
0.00121994
-0.000107893
0.00111885
-0.000157484
0.000984958
-0.000246366
0.000799308
-0.000408814
0.000541172
-0.0007053
0.000229446
-0.00127084
-0.00203108
-0.000223967
0.000501564
-0.000284695
0.000344277
-0.000270984
0.000211551
-0.000242536
0.000163097
-0.000199559
0.000132549
-0.000136058
0.000108863
-5.0268e-05
9.44152e-05
5.72735e-05
8.79789e-05
0.000183349
8.70315e-05
0.000323346
8.92131e-05
0.000472371
9.26502e-05
0.000625409
9.59374e-05
0.000778092
9.80971e-05
0.000926935
9.86469e-05
0.00106934
9.7462e-05
0.0012035
9.46622e-05
0.00132829
9.05074e-05
0.00144311
8.53131e-05
0.00154776
7.93932e-05
0.00164232
7.30294e-05
0.00172708
6.64552e-05
0.00180242
5.98535e-05
0.00186882
5.33591e-05
0.00192676
4.7066e-05
0.00197674
4.10352e-05
0.00201922
3.53031e-05
0.00205466
2.98877e-05
0.00208346
2.47947e-05
0.00210601
2.00221e-05
0.00212267
1.55639e-05
0.00213376
1.14117e-05
0.00213958
7.55402e-06
0.00214045
3.97644e-06
0.00213674
6.76999e-07
0.00212873
-2.34121e-06
0.00211664
-5.0961e-06
0.00210066
-7.63734e-06
0.00208089
-1.00453e-05
0.00205732
-1.24603e-05
0.0020297
-1.51351e-05
0.00199731
-1.85207e-05
0.00195858
-2.34093e-05
0.00191041
-3.11807e-05
0.00184674
-4.42281e-05
0.0017561
-6.68381e-05
0.00161637
-0.000106639
0.00138895
-0.00018139
0.00101736
-0.000333714
0.000489562
-0.000743043
-0.00154152
0.000501564
0.000845841
0.00105739
0.00122049
0.00135304
0.0014619
0.00155632
0.00164429
0.00173133
0.00182054
0.00191319
0.00200913
0.00210722
0.00220587
0.00230333
0.002398
0.0024885
0.00257382
0.00265321
0.00272624
0.00279269
0.00285255
0.00290591
0.00295297
0.00299401
0.00302931
0.0030592
0.00308399
0.00310401
0.00311958
0.00313099
0.00313854
0.00314252
0.0031432
0.00314086
0.00313576
0.00312812
0.00311808
0.00310562
0.00309048
0.00307196
0.00304855
0.00301737
0.00297314
0.00290631
0.00279967
0.00261828
0.00228456
0.00154152
)
;

boundaryField
{
    movingWall
    {
        type            calculated;
        value           uniform 0;
    }
    fixedWalls
    {
        type            calculated;
        value           uniform 0;
    }
    frontAndBack
    {
        type            empty;
        value           nonuniform 0();
    }
}


// ************************************************************************* //
