/*--------------------------------*- C++ -*----------------------------------*\
  =========                 |
  \\      /  F ield         | OpenFOAM: The Open Source CFD Toolbox
   \\    /   O peration     | Website:  https://openfoam.org
    \\  /    A nd           | Version:  7
     \\/     M anipulation  |
\*---------------------------------------------------------------------------*/
FoamFile
{
    version     2.0;
    format      ascii;
    class       surfaceScalarField;
    location    "400";
    object      phi;
}
// * * * * * * * * * * * * * * * * * * * * * * * * * * * * * * * * * * * * * //

dimensions      [0 3 -1 0 0 0 0];

internalField   nonuniform List<scalar> 
4900
(
1.70162e-06
-1.70825e-06
6.23117e-06
-4.52923e-06
1.17262e-05
-5.49646e-06
1.6512e-05
-4.7876e-06
1.97575e-05
-3.24709e-06
2.1394e-05
-1.63771e-06
2.17695e-05
-3.76659e-07
2.12605e-05
5.08125e-07
2.00089e-05
1.25071e-06
1.78493e-05
2.15872e-06
1.43874e-05
3.46113e-06
9.13511e-06
5.25148e-06
1.60038e-06
7.534e-06
-8.66995e-06
1.02697e-05
-2.20263e-05
1.33557e-05
-3.86321e-05
1.66052e-05
-5.83921e-05
1.97595e-05
-8.08709e-05
2.24784e-05
-0.00010523
2.43584e-05
-0.000130211
2.49807e-05
-0.000154185
2.39742e-05
-0.000175265
2.10793e-05
-0.000191465
1.62001e-05
-0.000200908
9.44262e-06
-0.000202068
1.15947e-06
-0.000193998
-8.07032e-06
-0.000176448
-1.75505e-05
-0.000149933
-2.6515e-05
-0.000115742
-3.41908e-05
-7.58973e-05
-3.98452e-05
-3.30468e-05
-4.28508e-05
9.69531e-06
-4.27423e-05
4.90673e-05
-3.93722e-05
8.2208e-05
-3.3141e-05
0.000106933
-2.47249e-05
0.000121965
-1.50329e-05
0.00012718
-5.21444e-06
0.000123646
3.53359e-06
0.000113356
1.02896e-05
9.87011e-05
1.46547e-05
8.20274e-05
1.66736e-05
6.52777e-05
1.67495e-05
4.98038e-05
1.54737e-05
3.63451e-05
1.34585e-05
2.51332e-05
1.12117e-05
1.6063e-05
9.07003e-06
8.90915e-06
7.15363e-06
3.60313e-06
5.30581e-06
5.08169e-07
3.09477e-06
5.08128e-07
4.4801e-06
-6.18711e-06
1.38593e-05
-1.39104e-05
2.43217e-05
-1.59628e-05
3.2905e-05
-1.33749e-05
3.79981e-05
-8.34378e-06
3.92116e-05
-2.85429e-06
3.68274e-05
2.00495e-06
3.11505e-05
6.18258e-06
2.20702e-05
1.03288e-05
8.9551e-06
1.52716e-05
-9.19498e-06
2.16091e-05
-3.34831e-05
2.95377e-05
-6.48099e-05
3.88591e-05
-0.000103615
4.9073e-05
-0.000149666
5.94055e-05
-0.000201899
6.88374e-05
-0.000258363
7.62221e-05
-0.000316341
8.04557e-05
-0.000372632
8.06484e-05
-0.000423896
7.62445e-05
-0.000466995
6.70721e-05
-0.000499248
5.33317e-05
-0.000518601
3.55525e-05
-0.000523711
1.45525e-05
-0.000514033
-8.51929e-06
-0.000489659
-3.24449e-05
-0.000451223
-5.59863e-05
-0.000399926
-7.78129e-05
-0.000337591
-9.65266e-05
-0.000266687
-0.000110749
-0.000190302
-0.000119236
-0.000112009
-0.000121035
-3.56901e-05
-0.000115692
3.45813e-05
-0.000103413
9.51025e-05
-8.52467e-05
0.000143051
-6.29824e-05
0.000176497
-3.86604e-05
0.00019464
-1.46102e-05
0.000198062
6.86741e-06
0.000188848
2.38677e-05
0.000170142
3.53794e-05
0.000145533
4.13578e-05
0.000118435
4.25718e-05
9.16184e-05
4.02745e-05
6.6958e-05
3.58716e-05
4.54474e-05
3.05802e-05
2.74817e-05
2.51188e-05
1.33489e-05
1.94382e-05
3.76059e-06
1.26826e-05
4.26867e-06
5.99151e-06
-1.21787e-05
1.73429e-05
-2.52629e-05
2.88009e-05
-2.74235e-05
3.68072e-05
-2.13844e-05
3.9501e-05
-1.10407e-05
3.62939e-05
3.49933e-07
2.71215e-05
1.11747e-05
1.17732e-05
2.15285e-05
-1.05205e-05
3.26203e-05
-4.10407e-05
4.57897e-05
-8.11483e-05
6.17151e-05
-0.000131765
8.01533e-05
-0.000192952
0.000100045
-0.000263597
0.000119716
-0.000341342
0.00013715
-0.000422823
0.000150317
-0.000504115
0.000157513
-0.000581262
0.000157602
-0.000650718
0.000150105
-0.000709625
0.000135151
-0.000755903
0.000113349
-0.000788202
8.56298e-05
-0.000805763
5.31133e-05
-0.00080824
1.70291e-05
-0.000795502
-2.12575e-05
-0.000767565
-6.03821e-05
-0.000724738
-9.88142e-05
-0.000667748
-0.000134803
-0.00059783
-0.000166446
-0.000516821
-0.000191759
-0.000427237
-0.000208821
-0.000332269
-0.000216004
-0.000235698
-0.000212263
-0.00014166
-0.000197451
-5.43861e-05
-0.000172521
2.21523e-05
-0.000139521
8.49703e-05
-0.000101479
0.000132271
-6.19118e-05
0.000163085
-2.39464e-05
0.000177546
9.40579e-06
0.000177183
3.5742e-05
0.000164791
5.37497e-05
0.000143914
6.34481e-05
0.000118235
6.59532e-05
9.10173e-05
6.30888e-05
6.47409e-05
5.68561e-05
4.10708e-05
4.87884e-05
2.12138e-05
3.92947e-05
6.61007e-06
2.72859e-05
1.08787e-05
6.50999e-06
-1.86882e-05
1.75918e-05
-3.63458e-05
2.69293e-05
-3.67632e-05
3.07086e-05
-2.51663e-05
2.71245e-05
-7.45949e-06
1.5483e-05
1.19888e-05
-4.75496e-06
3.14102e-05
-3.46082e-05
5.13796e-05
-7.56034e-05
7.36137e-05
-0.000129217
9.94016e-05
-0.000196173
0.00012867
-0.000275881
0.00015986
-0.000366201
0.000190363
-0.00046363
0.000217145
-0.000563846
0.000237365
-0.000662395
0.000248865
-0.000755301
0.000250419
-0.000839431
0.000241732
-0.000912585
0.000223258
-0.000973369
0.000195935
-0.00102097
0.000160947
-0.0010549
0.000119558
-0.00107481
7.30311e-05
-0.00108041
2.26208e-05
-0.00107128
-3.03785e-05
-0.00104714
-8.45233e-05
-0.00100783
-0.000138131
-0.000953399
-0.000189231
-0.000884268
-0.000235578
-0.000801354
-0.000274673
-0.000706279
-0.000303896
-0.000601522
-0.000320761
-0.000490494
-0.000323291
-0.000377462
-0.000310483
-0.000267258
-0.000282726
-0.00016474
-0.00024204
-7.4231e-05
-0.000191988
9.8063e-07
-0.000137124
5.93096e-05
-8.22759e-05
0.000100451
-3.17364e-05
0.000124661
1.15322e-05
0.000133221
4.51891e-05
0.000128631
6.80377e-05
0.000114183
8.04006e-05
9.34587e-05
8.38125e-05
6.9822e-05
8.04924e-05
4.6093e-05
7.25169e-05
2.46271e-05
6.07602e-05
7.92596e-06
4.39866e-05
1.88046e-05
6.20147e-06
-2.489e-05
1.48738e-05
-4.50193e-05
1.9153e-05
-4.10442e-05
1.53802e-05
-2.13959e-05
2.00941e-06
5.90876e-06
-2.18465e-05
3.58423e-05
-5.73689e-05
6.69306e-05
-0.000106287
0.000100296
-0.000170222
0.000137547
-0.000249726
0.000178904
-0.000343599
0.000222542
-0.000448805
0.000265065
-0.000560947
0.000302505
-0.000675073
0.00033127
-0.000786504
0.000348796
-0.000891427
0.000353787
-0.000987123
0.000346114
-0.00107189
0.000326499
-0.00114479
0.000296153
-0.00120534
0.000256486
-0.00125331
0.000208921
-0.00128857
0.000154813
-0.00131097
9.54353e-05
-0.00132037
3.20131e-05
-0.00131648
-3.42682e-05
-0.00129894
-0.000102058
-0.00126728
-0.000169794
-0.00122092
-0.000235594
-0.00115932
-0.000297179
-0.00108218
-0.000351811
-0.000989731
-0.000396343
-0.000883068
-0.000427424
-0.000764468
-0.000441892
-0.000637615
-0.000437337
-0.000507563
-0.000412778
-0.000380338
-0.000369266
-0.000262146
-0.00031018
-0.000158299
-0.000240971
-7.23385e-05
-0.000168237
-5.72008e-06
-9.83553e-05
4.20905e-05
-3.62789e-05
7.23418e-05
1.49374e-05
8.66354e-05
5.37436e-05
8.74945e-05
7.95411e-05
7.81245e-05
9.31821e-05
6.20358e-05
9.65806e-05
4.269e-05
9.18624e-05
2.33837e-05
8.0066e-05
7.59547e-06
5.97745e-05
2.64e-05
4.88705e-06
-2.97773e-05
8.83687e-06
-4.89705e-05
5.19942e-06
-3.74086e-05
-9.07177e-06
-7.12683e-06
-3.53221e-05
3.2157e-05
-7.47175e-05
7.52359e-05
-0.000128979
0.00012119
-0.00019985
0.000171166
-0.000287876
0.000225572
-0.000391512
0.00028254
-0.000507092
0.000338121
-0.000629537
0.00038751
-0.00075339
0.000426358
-0.000873746
0.000451626
-0.000986812
0.000461862
-0.00109004
0.000457018
-0.00118197
0.000438042
-0.00126191
0.000406434
-0.00132967
0.000363916
-0.0013854
0.000312215
-0.00142943
0.000252946
-0.00146217
0.00018756
-0.00148407
0.000117329
-0.00149543
4.33744e-05
-0.00149636
-3.33383e-05
-0.00148662
-0.000111794
-0.0014656
-0.000190819
-0.00143224
-0.000268953
-0.00138515
-0.000344267
-0.00132276
-0.000414199
-0.00124362
-0.000475489
-0.00114681
-0.000524236
-0.00103252
-0.000556181
-0.000902599
-0.000567254
-0.000761
-0.000554376
-0.000613833
-0.000516433
-0.000468873
-0.00045514
-0.000334382
-0.000375463
-0.000217438
-0.000285181
-0.000122371
-0.000193422
-5.01598e-05
-0.000108491
8.20873e-07
-3.60437e-05
3.31743e-05
2.13897e-05
4.9454e-05
6.3261e-05
5.26166e-05
9.0019e-05
4.60741e-05
0.000103123
3.35282e-05
0.000104408
1.88397e-05
9.47541e-05
6.10307e-06
7.25107e-05
3.2503e-05
2.25359e-06
-3.20315e-05
-9.82629e-07
-4.57358e-05
-1.51342e-05
-2.32587e-05
-4.23891e-05
2.01263e-05
-8.39317e-05
7.3698e-05
-0.000141198
0.000132501
-0.000215883
0.000195874
-0.00030865
0.000263932
-0.000417941
0.000334862
-0.000539788
0.000404386
-0.000668627
0.00046696
-0.000798519
0.000517401
-0.000924196
0.000552035
-0.00104165
0.000569082
-0.00114825
0.000568459
-0.00124253
0.0005513
-0.00132394
0.000519445
-0.00139255
0.000475053
-0.00144897
0.000420329
-0.0014941
0.000357343
-0.00152906
0.000287915
-0.00155504
0.00021354
-0.0015731
0.000135381
-0.00158404
5.4318e-05
-0.00158836
-2.90159e-05
-0.00158607
-0.000114084
-0.00157664
-0.000200252
-0.00155889
-0.000286704
-0.00153099
-0.000372169
-0.00149049
-0.000454697
-0.00143452
-0.000531455
-0.00136015
-0.000598606
-0.00126498
-0.000651355
-0.00114794
-0.00068429
-0.00101022
-0.000692104
-0.00085595
-0.0006707
-0.000692533
-0.000618557
-0.000529997
-0.000537999
-0.000379359
-0.00043582
-0.000250114
-0.000322667
-0.000147768
-0.000210837
-7.28108e-05
-0.000111002
-2.19544e-05
-2.94671e-05
9.12319e-06
3.21829e-05
2.42838e-05
7.4858e-05
2.73106e-05
0.000100095
2.21597e-05
0.000109558
1.30098e-05
0.000103904
4.20128e-06
8.13189e-05
3.67043e-05
-1.94863e-06
-3.00834e-05
-1.47452e-05
-3.29408e-05
-4.14864e-05
3.48077e-06
-8.34582e-05
6.20967e-05
-0.000141673
0.000131911
-0.000217524
0.000208351
-0.00031178
0.00029013
-0.000423137
0.000375288
-0.000547678
0.000459402
-0.00067958
0.000536288
-0.000812451
0.00059983
-0.000940533
0.000645482
-0.00105939
0.000670896
-0.0011661
0.000675783
-0.00125903
0.000661394
-0.00133768
0.00062995
-0.00140239
0.000584155
-0.00145418
0.000526844
-0.00149456
0.000460703
-0.00152529
0.000388073
-0.0015482
0.000310831
-0.00156501
0.000230349
-0.00157716
0.000147532
-0.00158576
6.29134e-05
-0.00159153
-2.32478e-05
-0.00159474
-0.000110877
-0.00159512
-0.000199865
-0.00159178
-0.000290044
-0.00158305
-0.000380906
-0.00156637
-0.000471377
-0.00153829
-0.000559534
-0.00149459
-0.000642308
-0.00143069
-0.000715256
-0.00134243
-0.000772548
-0.0012272
-0.000807336
-0.00108523
-0.000812667
-0.000920799
-0.00078299
-0.000742735
-0.000716062
-0.000563769
-0.000614786
-0.000398268
-0.000488168
-0.000258641
-0.000350464
-0.00015169
-0.000217953
-7.70945e-05
-0.000104063
-2.94107e-05
-1.55013e-05
-2.21244e-06
4.76593e-05
9.87399e-06
8.80086e-05
1.16662e-05
0.000107766
7.75843e-06
0.000107811
2.59087e-06
8.64861e-05
3.92951e-05
-7.78502e-06
-2.22991e-05
-3.20067e-05
-8.72069e-06
-7.26784e-05
4.41511e-05
-0.000130052
0.000119469
-0.000204946
0.000206804
-0.000298078
0.000301482
-0.000408535
0.000400585
-0.000532783
0.000499536
-0.00066503
0.000591649
-0.000798538
0.000669795
-0.000927
0.000728291
-0.00104541
0.000763896
-0.00115038
0.000775864
-0.00124004
0.00076544
-0.00131385
0.000735205
-0.00137239
0.000688484
-0.00141709
0.000628857
-0.00144999
0.000559751
-0.00147344
0.000484144
-0.00148975
0.000404383
-0.00150105
0.000322134
-0.00150914
0.000238437
-0.00151544
0.000153829
-0.001521
6.84756e-05
-0.00152655
-1.76912e-05
-0.00153252
-0.000104912
-0.00153895
-0.000193435
-0.00154546
-0.000283531
-0.00155106
-0.000375308
-0.00155389
-0.000468548
-0.00155099
-0.000562436
-0.00153811
-0.000655185
-0.00150978
-0.000743588
-0.00145971
-0.000822618
-0.00138178
-0.000885269
-0.00127152
-0.000922925
-0.001128
-0.000926512
-0.000955532
-0.000888526
-0.000764609
-0.000805709
-0.00057109
-0.000681688
-0.000393185
-0.00052837
-0.000246438
-0.000364699
-0.000138624
-0.000211877
-6.78814e-05
-8.62446e-05
-2.60273e-05
5.80483e-06
-4.40262e-06
6.63836e-05
3.81366e-06
9.9549e-05
4.25417e-06
0.00010737
1.7068e-06
8.90332e-05
4.10019e-05
-1.49802e-05
-7.31941e-06
-5.17798e-05
2.80775e-05
-0.000106668
9.90385e-05
-0.000178964
0.000191765
-0.00026901
0.000296849
-0.000376243
0.000408715
-0.000497775
0.000522116
-0.000628187
0.000629948
-0.000760617
0.000724078
-0.00088825
0.000797428
-0.00100544
0.000845479
-0.00110821
0.000866668
-0.00119434
0.000861992
-0.00126319
0.000834295
-0.00131553
0.000787537
-0.00135317
0.00072613
-0.00137868
0.000654361
-0.00139487
0.000575945
-0.00140449
0.000493766
-0.00140992
0.000409813
-0.00141306
0.00032527
-0.00141532
0.000240702
-0.00141774
0.000156241
-0.00142101
7.17505e-05
-0.00142566
-1.3043e-05
-0.00143207
-9.84996e-05
-0.00144052
-0.000184988
-0.00145113
-0.000272917
-0.00146375
-0.000362696
-0.00147763
-0.000454667
-0.00149112
-0.000548941
-0.00150122
-0.000645086
-0.00150319
-0.000741621
-0.00149045
-0.00083536
-0.00145498
-0.000920732
-0.00138852
-0.000989391
-0.00128448
-0.00103055
-0.00114058
-0.00103243
-0.000961232
-0.000985055
-0.000758928
-0.000883992
-0.000553208
-0.000734091
-0.000366524
-0.000551384
-0.000217365
-0.000361036
-0.0001135
-0.00019011
-5.03091e-05
-5.73863e-05
-1.64207e-05
3.24949e-05
-1.33923e-06
8.44672e-05
2.72497e-06
0.000103306
1.64208e-06
9.01157e-05
4.26439e-05
-2.30331e-05
1.57131e-05
-7.25491e-05
7.75924e-05
-0.000140858
0.000167347
-0.000226436
0.000277342
-0.000328745
0.000399157
-0.000445636
0.000525606
-0.000572422
0.000648902
-0.000702457
0.000759982
-0.000828587
0.000850208
-0.000944519
0.000913359
-0.00104561
0.000946573
-0.00112915
0.000950205
-0.00119429
0.00092713
-0.00124186
0.000881865
-0.00127403
0.000819702
-0.0012938
0.0007459
-0.00130448
0.000665044
-0.00130919
0.000580653
-0.0013105
0.000495082
-0.00131035
0.000409653
-0.00130999
0.000324917
-0.00131022
0.000240933
-0.00131148
0.000157501
-0.00131404
7.4305e-05
-0.00131809
-8.99222e-06
-0.00132388
-9.27102e-05
-0.00133172
-0.000177148
-0.00134202
-0.000262619
-0.00135519
-0.000349518
-0.00137152
-0.000438341
-0.0013908
-0.000529665
-0.00141188
-0.000624004
-0.00143205
-0.000721454
-0.00144636
-0.000821041
-0.00144733
-0.000919769
-0.00142517
-0.00101155
-0.00136928
-0.00108644
-0.00127076
-0.00113095
-0.00112591
-0.0011299
-0.000939571
-0.00107033
-0.00072688
-0.000946782
-0.000511803
-0.000766461
-0.000321293
-0.000551546
-0.000175956
-0.000335447
-8.17287e-05
-0.000151614
-2.96993e-05
-1.95348e-05
-5.4444e-06
6.02119e-05
2.46863e-06
9.53921e-05
2.17459e-06
9.04095e-05
4.48184e-05
-3.11992e-05
4.6912e-05
-9.25006e-05
0.000138893
-0.000172511
0.000247356
-0.000268744
0.000373575
-0.000379524
0.000509937
-0.000501147
0.000647229
-0.000627606
0.000775361
-0.000751724
0.0008841
-0.00086667
0.000965153
-0.000967079
0.00101377
-0.00104959
0.00102908
-0.00111296
0.00101358
-0.00115794
0.000972101
-0.00118685
0.000910784
-0.00120311
0.000835959
-0.00121046
0.000753248
-0.00121238
0.000666967
-0.00121168
0.000579946
-0.00121028
0.000493684
-0.00120933
0.000408708
-0.00120937
0.000324957
-0.00121055
0.000242106
-0.00121281
0.000159763
-0.00121607
7.75679e-05
-0.0012203
-4.76569e-06
-0.00122557
-8.74437e-05
-0.00123209
-0.00017062
-0.00124029
-0.000254428
-0.00125073
-0.000339078
-0.00126415
-0.000424916
-0.00128131
-0.000512505
-0.00130265
-0.000602662
-0.00132774
-0.000696363
-0.00135441
-0.00079437
-0.00137778
-0.000896401
-0.00138954
-0.000999791
-0.00137811
-0.00109787
-0.00133035
-0.00117871
-0.00123492
-0.00122533
-0.00108692
-0.00121833
-0.000892315
-0.00114139
-0.00067001
-0.000988766
-0.000449352
-0.000772205
-0.000261683
-0.000523116
-0.000127869
-0.000285428
-4.9235e-05
-9.81689e-05
-1.13324e-05
2.2309e-05
2.12857e-06
8.1931e-05
2.87158e-06
8.96661e-05
4.769e-05
-3.86035e-05
8.55151e-05
-0.000109907
0.000210196
-0.000199145
0.000336593
-0.000302758
0.000477188
-0.000417871
0.000625049
-0.000539511
0.000768868
-0.00066093
0.00089678
-0.00077502
0.00099819
-0.000875719
0.00106585
-0.000958884
0.00109693
-0.00102265
0.00109285
-0.00106739
0.00105832
-0.00109543
0.00100014
-0.00111038
0.000925733
-0.00111637
0.000841944
-0.00111725
0.000754127
-0.00111606
0.000665784
-0.00111483
0.000578714
-0.00111461
0.000493462
-0.00111574
0.000409844
-0.00111816
0.000327374
-0.00112159
0.000245538
-0.00112575
0.000163917
-0.00113039
8.22119e-05
-0.00113539
2.37402e-07
-0.00114073
-8.21026e-05
-0.00114651
-0.00016484
-0.00115297
-0.000247972
-0.00116053
-0.00033152
-0.00116985
-0.000415591
-0.00118189
-0.000500469
-0.00119779
-0.000586757
-0.00121866
-0.000675495
-0.00124487
-0.00076816
-0.00127499
-0.000866287
-0.00130433
-0.000970444
-0.00132383
-0.00107837
-0.00131994
-0.0011826
-0.00127678
-0.0012685
-0.00118057
-0.00131454
-0.00102585
-0.00129612
-0.000821004
-0.00119361
-0.000590384
-0.00100282
-0.000369703
-0.000743798
-0.000193693
-0.000461438
-8.00453e-05
-0.000211816
-2.20073e-05
-3.57293e-05
2.10282e-07
5.9713e-05
3.25953e-06
8.66167e-05
5.09495e-05
-4.44805e-05
0.000129995
-0.000123343
0.000289058
-0.000218852
0.000432102
-0.000326312
0.000584648
-0.000441768
0.000740506
-0.0005594
0.0008865
-0.000672261
0.00100964
-0.000773774
0.0010997
-0.000858952
0.00115103
-0.000925073
0.00116305
-0.000971865
0.00113964
-0.00100129
0.00108775
-0.00101695
0.0010158
-0.00102322
0.000932
-0.0010243
0.000843028
-0.00102355
0.000753375
-0.00102313
0.000665366
-0.0010241
0.000579686
-0.0010267
0.00049606
-0.0010307
0.000413837
-0.00103568
0.000332357
-0.00104125
0.000251113
-0.00104711
0.000169775
-0.00105306
8.81568e-05
-0.00105899
6.16618e-06
-0.00106487
-7.62228e-05
-0.00107072
-0.000158984
-0.00107663
-0.000242066
-0.00108275
-0.000325397
-0.00108943
-0.000408912
-0.00109728
-0.000492618
-0.00110732
-0.000576716
-0.00112101
-0.000661809
-0.00114003
-0.000749137
-0.00116562
-0.000840701
-0.00119714
-0.000938922
-0.00123017
-0.00104534
-0.00125469
-0.00115807
-0.0012549
-0.00126829
-0.0012119
-0.00135754
-0.00110982
-0.0013982
-0.00094385
-0.00135958
-0.000726976
-0.0012197
-0.000491111
-0.000979663
-0.000278814
-0.000673735
-0.000125329
-0.000365302
-3.97216e-05
-0.000121337
-4.43278e-06
2.44241e-05
3.01447e-06
7.9169e-05
5.39639e-05
-4.82623e-05
0.000178257
-0.00013183
0.000372625
-0.000230461
0.000530733
-0.000338332
0.000692519
-0.00045065
0.000852823
-0.000561186
0.000997036
-0.000663243
0.0011117
-0.000751096
0.00118756
-0.000821024
0.00122096
-0.000871797
0.00121383
-0.000904666
0.00117251
-0.000922891
0.00110597
-0.000930871
0.00102378
-0.0009331
0.000934229
-0.000933284
0.000843211
-0.000933858
0.000753949
-0.00093599
0.000667497
-0.000939889
0.000583585
-0.000945231
0.000501402
-0.000951515
0.000420122
-0.000958284
0.000339126
-0.000965211
0.000258041
-0.000972112
0.000176676
-0.000978905
9.49489e-05
-0.000985568
1.28294e-05
-0.000992105
-6.96856e-05
-0.000998519
-0.00015257
-0.0010048
-0.000235786
-0.00101093
-0.000319262
-0.00101696
-0.000402887
-0.00102305
-0.000486524
-0.00102969
-0.000570077
-0.00103786
-0.000653637
-0.00104923
-0.000737772
-0.00106602
-0.000823909
-0.00109031
-0.000914633
-0.00112227
-0.00101338
-0.00115755
-0.00112279
-0.00118479
-0.00124105
-0.00118534
-0.00135699
-0.00113712
-0.00144642
-0.00102299
-0.00147371
-0.000841052
-0.00140164
-0.000611946
-0.00120877
-0.000377364
-0.000908317
-0.000185484
-0.000557182
-6.59116e-05
-0.000240909
-1.23696e-05
-2.91183e-05
2.02218e-06
6.47772e-05
5.59861e-05
-4.96228e-05
0.00022788
-0.000134885
0.000457887
-0.000233559
0.000629407
-0.000338766
0.000797726
-0.000445163
0.00095922
-0.00054651
0.00109838
-0.000636688
0.00120188
-0.000711019
0.00126189
-0.00076711
0.00127705
-0.000805144
0.00125186
-0.000827638
0.001195
-0.000838699
0.00111703
-0.000842946
0.00102803
-0.000844444
0.000935728
-0.000846018
0.000844785
-0.000849088
0.000757019
-0.000853956
0.000672365
-0.000860274
0.000589902
-0.000867476
0.000508604
-0.000875055
0.000427701
-0.000882676
0.000346746
-0.000890173
0.000265538
-0.000897505
0.000184009
-0.000904702
0.000102146
-0.000911813
1.99411e-05
-0.000918884
-6.26152e-05
-0.000925926
-0.000145527
-0.000932916
-0.000228796
-0.000939782
-0.000312396
-0.000946413
-0.000396256
-0.000952697
-0.00048024
-0.00095863
-0.000564144
-0.000964507
-0.00064776
-0.000971231
-0.000731048
-0.000980617
-0.000814523
-0.000995424
-0.000899827
-0.00101855
-0.00099026
-0.00105084
-0.0010905
-0.00108761
-0.00120428
-0.00111535
-0.00132925
-0.00111179
-0.00144998
-0.00105177
-0.00153373
-0.000918701
-0.0015347
-0.00071717
-0.0014103
-0.000479342
-0.00114615
-0.000257816
-0.000778708
-0.000101384
-0.000397341
-2.37602e-05
-0.000106742
2.89819e-07
4.07269e-05
5.62758e-05
-4.84791e-05
0.000276359
-0.000132486
0.000541893
-0.000228392
0.000725313
-0.000328374
0.000897708
-0.000426822
0.00105767
-0.000517801
0.00118936
-0.000595983
0.00128006
-0.00065781
0.00132371
-0.000702149
0.00132139
-0.000730374
0.00128009
-0.000745881
0.00121051
-0.000753114
0.00112427
-0.0007564
0.00103131
-0.000759023
0.000938351
-0.00076282
0.000848582
-0.000768335
0.000762535
-0.000775293
0.000679324
-0.000783105
0.000597714
-0.000791216
0.000516715
-0.000799265
0.00043575
-0.000807093
0.000354574
-0.000814687
0.000273131
-0.000822112
0.000191434
-0.00082946
0.000109494
-0.000836818
2.72986e-05
-0.000844248
-5.51844e-05
-0.000851781
-0.000137994
-0.000859409
-0.000221168
-0.000867074
-0.000304731
-0.000874652
-0.000388678
-0.000881949
-0.000472944
-0.000888722
-0.00055737
-0.000894792
-0.00064169
-0.00090027
-0.000725571
-0.000905965
-0.000808827
-0.000913863
-0.000891929
-0.00092728
-0.000976844
-0.00094993
-0.00106785
-0.000983063
-0.00117115
-0.00102083
-0.00129148
-0.00104635
-0.00142446
-0.00103288
-0.0015472
-0.000953083
-0.00161449
-0.000794417
-0.00156897
-0.00057308
-0.00136748
-0.000336517
-0.00101527
-0.000145866
-0.000587992
-3.89771e-05
-0.000213631
-2.32136e-06
4.07118e-06
5.39545e-05
-4.49538e-05
0.000321313
-0.00012498
0.000621919
-0.000215697
0.00081603
-0.000308463
0.000990475
-0.000397641
0.00114685
-0.000477824
0.00126954
-0.000544583
0.00134682
-0.000595441
0.00137457
-0.000630345
0.00135629
-0.00065154
0.00130128
-0.000662861
0.00122183
-0.000668632
0.00113004
-0.000672546
0.00103523
-0.00067698
0.000942785
-0.000682897
0.000854498
-0.00069023
0.000769868
-0.000698431
0.000687525
-0.000706911
0.000606194
-0.000715266
0.00052507
-0.000723318
0.000443803
-0.000731065
0.000362321
-0.000738591
0.000280658
-0.000746012
0.000198856
-0.00075344
0.000116922
-0.000760961
3.48198e-05
-0.00076864
-4.75048e-05
-0.000776512
-0.000130122
-0.000784588
-0.000213092
-0.000792843
-0.000296476
-0.000801197
-0.000380323
-0.000809494
-0.000464647
-0.000817476
-0.000549388
-0.000824796
-0.00063437
-0.000831115
-0.000719251
-0.000836381
-0.000803561
-0.000841353
-0.000886957
-0.000848267
-0.00096993
-0.000861112
-0.001055
-0.000884382
-0.00114788
-0.000919169
-0.00125669
-0.000957103
-0.00138653
-0.000976249
-0.00152806
-0.000945005
-0.00164574
-0.000836506
-0.00167746
-0.000648026
-0.00155596
-0.000413653
-0.00124964
-0.000197323
-0.000804322
-5.8672e-05
-0.000352282
-5.8818e-06
-4.87192e-05
4.80727e-05
-3.93219e-05
0.000360635
-0.000112971
0.000695568
-0.000196521
0.000899581
-0.000280631
0.00107459
-0.000359813
0.00122603
-0.000429326
0.00133906
-0.000485649
0.00140314
-0.000527264
0.00141619
-0.000554943
0.00138397
-0.000571435
0.00131777
-0.000580614
0.00123101
-0.000586346
0.00113577
-0.000591542
0.00104042
-0.000597732
0.000948975
-0.000605232
0.000861998
-0.000613646
0.000778282
-0.000622386
0.000696266
-0.000630994
0.000614803
-0.000639252
0.000533328
-0.000647139
0.000451691
-0.00065475
0.000369932
-0.000662214
0.000288123
-0.000669657
0.000206299
-0.00067718
0.000124445
-0.000684856
4.24969e-05
-0.000692743
-3.9618e-05
-0.000700869
-0.000121995
-0.000709255
-0.000204706
-0.000717897
-0.000287833
-0.000726761
-0.000371459
-0.000735756
-0.000455651
-0.000744704
-0.00054044
-0.000753301
-0.000625773
-0.000761107
-0.000711445
-0.000767645
-0.000797022
-0.000772736
-0.000881866
-0.000777182
-0.000965484
-0.000783648
-0.00104853
-0.000796976
-0.00113455
-0.000822286
-0.00123139
-0.000859431
-0.00134938
-0.000895419
-0.00149207
-0.000901465
-0.00163969
-0.000842238
-0.00173669
-0.000696957
-0.00170124
-0.00048104
-0.00146556
-0.00025169
-0.00103367
-8.29864e-05
-0.000520986
-1.03726e-05
-0.000121333
3.77001e-05
-3.19568e-05
0.000392592
-9.72088e-05
0.00076082
-0.000172053
0.000974426
-0.000246549
0.00114908
-0.000315465
0.00129494
-0.000374785
0.00139838
-0.00042184
0.0014502
-0.000455885
0.00145023
-0.000478227
0.00140631
-0.000491772
0.00133132
-0.000500115
0.00123935
-0.000506484
0.00114214
-0.000513007
0.00104695
-0.000520542
0.00095651
-0.000529003
0.00087046
-0.000537889
0.000787169
-0.000546705
0.000705082
-0.000555166
0.000623263
-0.00056321
0.000541372
-0.000570919
0.000459401
-0.000578433
0.000377446
-0.000585888
0.000295578
-0.000593395
0.000213807
-0.000601039
0.00013209
-0.000608882
5.034e-05
-0.000616969
-3.15304e-05
-0.000625324
-0.000113639
-0.000633965
-0.000196065
-0.000642896
-0.000278902
-0.000652106
-0.000362249
-0.000661552
-0.000446205
-0.000671137
-0.000530855
-0.000680663
-0.000616246
-0.000689781
-0.000702327
-0.00069796
-0.000788842
-0.000704603
-0.000875222
-0.000709467
-0.00096062
-0.00071356
-0.00104444
-0.000720265
-0.00112784
-0.000735483
-0.00121617
-0.000764436
-0.00132043
-0.000803771
-0.00145273
-0.000832993
-0.00161047
-0.0008156
-0.00175408
-0.000716993
-0.00179985
-0.000532098
-0.00165046
-0.000303717
-0.00126205
-0.000110913
-0.00071379
-1.57966e-05
-0.000216449
2.19036e-05
-2.32832e-05
0.000415875
-7.85009e-05
0.000816039
-0.000143491
0.00103942
-0.000207804
0.00121339
-0.000266498
0.00135364
-0.000316284
0.00144816
-0.000355235
0.00148915
-0.000383171
0.00147817
-0.000401649
0.00142479
-0.000413446
0.00134312
-0.000421666
0.00124757
-0.000428842
0.00114932
-0.000436423
0.00105453
-0.000444796
0.000964883
-0.000453686
0.00087935
-0.000462623
0.000796107
-0.000471259
0.000713718
-0.000479463
0.000631468
-0.000487282
0.000549191
-0.000494847
0.000466967
-0.000502306
0.000384906
-0.000509782
0.000303054
-0.000517369
0.000221394
-0.00052514
0.000139862
-0.000533148
5.83485e-05
-0.000541435
-2.32428e-05
-0.000550018
-0.000105055
-0.000558911
-0.000187172
-0.000568116
-0.000269695
-0.000577629
-0.000352737
-0.000587426
-0.000436407
-0.000597458
-0.000520822
-0.000607616
-0.000606088
-0.000617677
-0.000692266
-0.000627234
-0.000779285
-0.000635662
-0.000866794
-0.00064226
-0.000954022
-0.000646827
-0.00103988
-0.000650852
-0.00112382
-0.000658845
-0.00120817
-0.000677823
-0.00130145
-0.000711761
-0.0014188
-0.000750795
-0.00157144
-0.00076398
-0.0017409
-0.000709379
-0.00185445
-0.000562998
-0.00179684
-0.000348394
-0.00147666
-0.000140472
-0.000921712
-2.20493e-05
-0.000334872
-1.45611e-07
-1.37421e-05
0.000429618
-5.76449e-05
0.000859942
-0.000111961
0.00109373
-0.000165807
0.00126724
-0.000214513
0.00140234
-0.000255465
0.00148912
-0.000287353
0.00152104
-0.000310352
0.00150117
-0.000326027
0.00144046
-0.000336807
0.0013539
-0.000345196
0.00125596
-0.000353063
0.00115718
-0.000361321
0.00106279
-0.000370072
0.000973634
-0.000378995
0.000888273
-0.000387724
0.000804836
-0.000396054
0.000722049
-0.000403969
0.000639383
-0.000411574
0.000556797
-0.000419017
0.00047441
-0.000426431
0.000392321
-0.000433924
0.000310548
-0.000441576
0.000229047
-0.000449453
0.00014774
-0.00045761
6.6506e-05
-0.000466089
-1.47625e-05
-0.000474905
-9.62387e-05
-0.000484066
-0.00017801
-0.000493571
-0.00026019
-0.000503409
-0.000342898
-0.000513563
-0.000426253
-0.000524001
-0.000510383
-0.000534664
-0.000595425
-0.000545422
-0.000681508
-0.000556012
-0.000768695
-0.000565949
-0.000856856
-0.000574499
-0.000945472
-0.000580897
-0.00103348
-0.00058518
-0.00111953
-0.000589752
-0.0012036
-0.000600714
-0.00129049
-0.000625691
-0.00139382
-0.000664467
-0.00153266
-0.000696089
-0.00170928
-0.000678441
-0.0018721
-0.000572914
-0.00190236
-0.000382029
-0.00166754
-0.000169105
-0.00113464
-2.93355e-05
-0.000474641
-2.94811e-05
-3.75278e-06
0.000433371
-3.54044e-05
0.000891594
-7.84685e-05
0.0011368
-0.000121757
0.00131053
-0.000160793
0.00144138
-0.000193558
0.00152188
-0.000219233
0.00154671
-0.000238163
0.0015201
-0.00025173
0.00145403
-0.000261876
0.00136404
-0.000270467
0.00126455
-0.000278782
0.0011655
-0.000287343
0.00107135
-0.000296106
0.000982398
-0.000304791
0.000896959
-0.000313158
0.000813203
-0.000321119
0.00073001
-0.00032873
0.000646996
-0.000336121
0.000564189
-0.000343432
0.000481721
-0.000350781
0.000399671
-0.00035826
0.000318028
-0.000365941
0.00023673
-0.00037389
0.00015569
-0.000382168
7.4785e-05
-0.000390823
-6.10599e-06
-0.000399872
-8.71886e-05
-0.00040932
-0.000168561
-0.000419157
-0.000250352
-0.000429368
-0.000332686
-0.000439932
-0.000415689
-0.000450821
-0.000499494
-0.000461994
-0.000584251
-0.000473374
-0.000670127
-0.000484798
-0.00075727
-0.000495938
-0.000845716
-0.000506205
-0.000935205
-0.000514748
-0.00102493
-0.000520844
-0.00111344
-0.00052511
-0.00119933
-0.0005315
-0.0012841
-0.000547953
-0.00137737
-0.000580735
-0.00149988
-0.000620172
-0.00166984
-0.000630183
-0.00186209
-0.000563551
-0.00196899
-0.000402743
-0.00182835
-0.000194386
-0.00134299
-3.77157e-05
-0.000631311
-6.71967e-05
6.14706e-06
0.000427224
-1.24454e-05
0.000910187
-4.39014e-05
0.00116825
-7.6641e-05
0.00134327
-0.000106328
0.00147107
-0.000131442
0.001547
-0.000151532
0.0015668
-0.000166979
0.00153554
-0.000178844
0.0014659
-0.000188501
0.0013737
-0.000197191
0.00127324
-0.000205684
0.00117399
-0.000214232
0.0010799
-0.000222738
0.000990905
-0.000231006
0.000905227
-0.000238913
0.000821111
-0.00024646
0.000737558
-0.000253744
0.00065428
-0.000260896
0.000571341
-0.00026804
0.000488867
-0.000275282
0.000406913
-0.000282703
0.00032545
-0.000290371
0.000244399
-0.00029835
0.00016367
-0.000306715
8.31512e-05
-0.000315522
2.70273e-06
-0.000324799
-7.79105e-05
-0.000334547
-0.000158813
-0.000344747
-0.000240151
-0.000355379
-0.000322054
-0.000366415
-0.000404651
-0.000377828
-0.00048808
-0.000389582
-0.000572496
-0.000401624
-0.000658086
-0.000413846
-0.000745048
-0.00042603
-0.000833531
-0.000437753
-0.000923482
-0.000448295
-0.00101439
-0.000456723
-0.00110501
-0.000462578
-0.00119348
-0.000467659
-0.00127902
-0.000478199
-0.00136683
-0.000503225
-0.00147485
-0.000542817
-0.00163025
-0.000570956
-0.00183395
-0.000538304
-0.00200165
-0.000410428
-0.00195622
-0.000214563
-0.00153886
-4.67714e-05
-0.000799103
-0.000113968
1.53528e-05
0.000411872
1.05929e-05
0.000914948
-8.99095e-06
0.00118784
-3.1265e-05
0.00136554
-5.1874e-05
0.00149168
-6.97225e-05
0.00156485
-8.46389e-05
0.00158172
-9.69412e-05
0.00154785
-0.000107288
0.00147624
-0.000116456
0.00138287
-0.000125085
0.00128187
-0.000133516
0.00118242
-0.000141806
0.00108819
-0.000149864
0.000998963
-0.000157589
0.000912954
-0.000164963
0.000828485
-0.000172049
0.000744646
-0.000178963
0.000661195
-0.000185829
0.000578207
-0.000192756
0.000495795
-0.000199837
0.000413996
-0.000207151
0.000332764
-0.000214762
0.000252011
-0.000222733
0.000171642
-0.000231147
9.15667e-05
-0.000240079
1.1636e-05
-0.000249572
-6.84162e-05
-0.000259625
-0.000148758
-0.000270211
-0.000229564
-0.000281301
-0.000310963
-0.000292868
-0.000393084
-0.000304883
-0.000476065
-0.00031731
-0.000560068
-0.000330105
-0.00064529
-0.000343188
-0.000731964
-0.000356406
-0.000820313
-0.000369457
-0.000910431
-0.000381792
-0.00100205
-0.000392557
-0.00109424
-0.000400856
-0.00118518
-0.000406954
-0.00127292
-0.000414733
-0.00135905
-0.000433021
-0.00145656
-0.000468462
-0.00159481
-0.000506453
-0.00179596
-0.000501336
-0.00200676
-0.000406344
-0.00205122
-0.000228776
-0.00171643
-5.59716e-05
-0.000971907
-0.00016994
2.34483e-05
0.000388424
3.29761e-05
0.00090542
2.56718e-05
0.00119514
1.37063e-05
0.00137751
1.96901e-06
0.00150342
-8.82188e-06
0.00157564
-1.87598e-05
0.00159166
-2.80445e-05
0.00155713
-3.68965e-05
0.0014851
-4.54894e-05
0.00139146
-5.38925e-05
0.00129028
-6.20683e-05
0.0011906
-6.99275e-05
0.00109605
-7.74029e-05
0.00100644
-8.44923e-05
0.000920044
-9.12637e-05
0.000835257
-9.78292e-05
0.000751212
-0.000104312
0.000667679
-0.000110828
0.000584723
-0.000117474
0.000502442
-0.000124336
0.000420859
-0.00013149
0.000339919
-0.000139001
0.000259524
-0.000146932
0.000179575
-0.000155363
9.99991e-05
-0.000164391
2.06661e-05
-0.000174085
-5.87204e-05
-0.000184441
-0.000138401
-0.000195422
-0.000218582
-0.000206996
-0.000299388
-0.000219139
-0.000380939
-0.000231825
-0.000463378
-0.000245019
-0.000546874
-0.000258675
-0.000631633
-0.000272729
-0.00071791
-0.000287061
-0.00080598
-0.000301447
-0.000896044
-0.000315474
-0.000988028
-0.000328449
-0.00108127
-0.000339435
-0.00117419
-0.00034788
-0.00126447
-0.000355602
-0.00135132
-0.000369564
-0.0014426
-0.000399475
-0.0015649
-0.000441129
-0.0017543
-0.000456806
-0.00199109
-0.000392574
-0.00211545
-0.000236945
-0.00187206
-6.4644e-05
-0.00114421
-0.000234583
3.01577e-05
0.000358267
5.39152e-05
0.000881664
5.95019e-05
0.00118956
5.78538e-05
0.00137916
5.47756e-05
0.00150649
5.09202e-05
0.00157949
4.5947e-05
0.00159663
3.97427e-05
0.00156334
3.25028e-05
0.00149234
2.46335e-05
0.00139933
1.66096e-05
0.0012983
8.82875e-06
0.00119838
1.5177e-06
0.00110336
-5.28095e-06
0.00101324
-1.16547e-05
0.000926418
-1.77504e-05
0.000841354
-2.37205e-05
0.000757183
-2.96961e-05
0.000673656
-3.57843e-05
0.000590813
-4.20757e-05
0.000508735
-4.86522e-05
0.000427437
-5.55917e-05
0.00034686
-6.29677e-05
0.000266901
-7.08451e-05
0.000187454
-7.92937e-05
0.00010845
-8.84013e-05
2.97757e-05
-9.82653e-05
-4.88546e-05
-0.000108893
-0.000127772
-0.000120252
-0.000207222
-0.000132314
-0.000287324
-0.000145064
-0.000368188
-0.00015848
-0.000449962
-0.000172525
-0.000532828
-0.000187154
-0.000617003
-0.000202306
-0.000702758
-0.000217878
-0.000790407
-0.000233693
-0.000880229
-0.000249428
-0.000972292
-0.000264543
-0.00106615
-0.000278223
-0.00116051
-0.000289632
-0.00125307
-0.000299194
-0.00134176
-0.00031153
-0.00143026
-0.000336594
-0.00153983
-0.000378024
-0.00171287
-0.000408354
-0.00196076
-0.000371519
-0.00215228
-0.000239573
-0.002004
-7.22178e-05
-0.00131156
-0.000306801
3.52723e-05
0.000322995
7.27329e-05
0.000844204
9.1774e-05
0.00117052
0.000100666
0.00137027
0.000106189
0.00150097
0.000109284
0.0015764
0.000109407
0.00159651
0.000106486
0.00156626
0.00010108
0.00149774
9.41281e-05
0.00140629
8.66266e-05
0.0013058
7.93337e-05
0.00120567
7.26325e-05
0.00111006
6.6565e-05
0.00101931
6.09703e-05
0.000932014
5.56267e-05
0.000846698
5.03387e-05
0.000762472
4.49616e-05
0.000679034
3.93895e-05
0.000596386
3.35351e-05
0.00051459
2.73159e-05
0.000433657
2.06492e-05
0.000353528
1.34519e-05
0.0002741
5.64618e-06
0.000195261
-2.83676e-06
0.000116935
-1.205e-05
3.89911e-05
-2.20542e-05
-3.88485e-05
-3.28932e-05
-0.000116932
-4.45817e-05
-0.000195532
-5.71138e-05
-0.000274791
-7.04812e-05
-0.000354819
-8.46664e-05
-0.000435776
-9.96353e-05
-0.000517858
-0.000115341
-0.000601297
-0.000131719
-0.000686379
-0.000148675
-0.00077345
-0.000166054
-0.000862849
-0.000183599
-0.000954747
-0.000200883
-0.00104887
-0.000217245
-0.00114415
-0.000231856
-0.00123845
-0.000244407
-0.00132921
-0.000257465
-0.00141721
-0.000279493
-0.0015178
-0.000318887
-0.00167348
-0.000358848
-0.0019208
-0.000345528
-0.0021656
-0.000237531
-0.002112
-7.83706e-05
-0.00147072
-0.000385172
3.86571e-05
0.000284338
8.88328e-05
0.000794029
0.000121775
0.00113757
0.000141635
0.00135041
0.000155828
0.00148678
0.000165977
0.00156625
0.000171467
0.00159102
0.000172185
0.00156554
0.000168955
0.00150097
0.000163184
0.00141206
0.000156361
0.00131263
0.000149623
0.00121241
0.000143555
0.00111613
0.00013824
0.00102462
0.00013347
0.000936784
0.000128954
0.000851215
0.000124444
0.000766983
0.000119768
0.00068371
0.000114812
0.000601342
0.000109486
0.000519917
0.000103704
0.000439441
9.73751e-05
0.000359858
9.04078e-05
0.000281069
8.27197e-05
0.000202951
7.42663e-05
0.00012539
6.50216e-05
4.82376e-05
5.49352e-05
-2.87602e-05
4.39092e-05
-0.000105904
3.18915e-05
-0.000183513
1.88642e-05
-0.000261763
4.83238e-06
-0.000340786
-1.01854e-05
-0.000420757
-2.61582e-05
-0.000501884
-4.30391e-05
-0.000584415
-6.0763e-05
-0.000668655
-7.92397e-05
-0.000754973
-9.8333e-05
-0.000843755
-0.00011783
-0.00093525
-0.000137389
-0.00102931
-0.000156485
-0.00112505
-0.000174407
-0.00122053
-0.000190577
-0.00131304
-0.000206119
-0.00140166
-0.000227302
-0.00149662
-0.000264441
-0.00163634
-0.000310333
-0.0018749
-0.000316674
-0.00215926
-0.000231885
-0.00219679
-8.30638e-05
-0.00161954
-0.000468235
4.02797e-05
0.000244059
0.000101682
0.000732627
0.000148728
0.00109053
0.000180164
0.00131897
0.000203271
0.00146367
0.000220661
0.00154886
0.00023188
0.0015798
0.000236719
0.0015607
0.000236132
0.00150156
0.000231897
0.00141629
0.000225956
0.00131857
0.000219849
0.00121852
0.000214419
0.00112156
0.000209854
0.00102919
0.000205939
0.0009407
0.000202323
0.000854832
0.000198697
0.00077061
0.000194847
0.000687561
0.000190635
0.000605556
0.00018596
0.000524593
0.000180733
0.000444669
0.000174858
0.000365734
0.000168242
0.000287686
0.000160797
0.000210397
0.000152474
0.000133714
0.000143245
5.74679e-05
0.00013307
-1.85834e-05
0.000121842
-9.46754e-05
0.000109475
-0.000171144
9.59243e-05
-0.000248211
8.1185e-05
-0.000326046
6.52671e-05
-0.000404838
4.81981e-05
-0.000484814
3.00253e-05
-0.000566241
1.08177e-05
-0.000649446
-9.33138e-06
-0.000734823
-3.02992e-05
-0.000822787
-5.19089e-05
-0.000913639
-7.38903e-05
-0.00100733
-9.5835e-05
-0.00110311
-0.000117178
-0.00119919
-0.000137322
-0.0012929
-0.000156551
-0.00138244
-0.00017898
-0.00147419
-0.000214703
-0.00160062
-0.000264115
-0.00182549
-0.000286645
-0.00213673
-0.000223754
-0.00225968
-8.65042e-05
-0.00175679
-0.000554739
4.02171e-05
0.000203842
0.000110836
0.000662008
0.000171785
0.00102958
0.0002155
0.00127526
0.000247986
0.00143119
0.000272905
0.00152394
0.000290285
0.00156242
0.000299832
0.00155116
0.00030249
0.0014989
0.000300267
0.00141852
0.000295501
0.00132333
0.000290143
0.00122388
0.000285361
0.00112635
0.000281526
0.00103302
0.000278471
0.000943755
0.000275813
0.000857491
0.000273174
0.000773249
0.000270281
0.000690456
0.000266954
0.000608883
0.000263072
0.000528475
0.000258535
0.000449208
0.000253244
0.000371026
0.000247103
0.000293828
0.000240023
0.000217477
0.000231937
0.000141802
0.000222794
6.66125e-05
0.000212536
-8.32487e-06
0.000201081
-8.32187e-05
0.000188337
-0.000158399
0.000174237
-0.000234111
0.000158758
-0.000310566
0.000141899
-0.000387978
0.000123677
-0.000466592
0.000104133
-0.000546697
8.33332e-05
-0.000628646
6.13663e-05
-0.000712856
3.83499e-05
-0.00079977
1.44407e-05
-0.00088973
-1.01457e-05
-0.000982743
-3.5109e-05
-0.00107814
-6.00267e-05
-0.00117427
-8.43941e-05
-0.00126853
-0.0001081
-0.00135873
-0.000133538
-0.00144875
-0.000169265
-0.00156489
-0.000220896
-0.00177386
-0.00025672
-0.0021009
-0.000214201
-0.0023022
-8.90742e-05
-0.00188192
-0.000643814
3.86533e-05
0.000165189
0.000115981
0.000584682
0.000190055
0.000955507
0.000246698
0.00121862
0.000289263
0.00138862
0.00032214
0.00149106
0.000346164
0.0015384
0.000361091
0.00153623
0.000367728
0.00149227
0.000368152
0.00141809
0.000364991
0.0013265
0.000360598
0.00122827
0.000356519
0.00113042
0.000353396
0.00103615
0.000351189
0.000945963
0.000349522
0.000859159
0.000347959
0.000774812
0.000346153
0.000692262
0.000343864
0.000611173
0.000340932
0.000531408
0.000337236
0.000452905
0.000332668
0.000375594
0.000327128
0.00029937
0.000320518
0.000224088
0.000312755
0.000149566
0.000303766
7.56022e-05
0.000293478
1.96377e-06
0.000281818
-7.15576e-05
0.000268697
-0.000145277
0.000254033
-0.000219446
0.000237787
-0.000294319
0.000219943
-0.000370134
0.000200511
-0.000447159
0.000179525
-0.00052571
0.000157046
-0.000606166
0.000133158
-0.000688967
0.000107962
-0.000774573
8.15804e-05
-0.000863348
5.41712e-05
-0.000955333
2.59543e-05
-0.00104993
-2.75158e-06
-0.00114556
-3.15786e-05
-0.0012397
-6.0309e-05
-0.00133
-9.01368e-05
-0.00141893
-0.000127506
-0.00152752
-0.000180931
-0.00172044
-0.000227783
-0.00205405
-0.000204158
-0.00232582
-9.1259e-05
-0.00199482
-0.000735073
3.58665e-05
0.000129323
0.000116982
0.000503567
0.000202678
0.000869811
0.000272621
0.00114867
0.000326145
0.0013351
0.000367602
0.00144961
0.000398817
0.00150718
0.000419845
0.0015152
0.000431318
0.0014808
0.000435203
0.00141421
0.000434273
0.00132743
0.000431223
0.00123132
0.000428012
0.00113364
0.00042563
0.00103853
0.000424255
0.000947338
0.000423585
0.00085983
0.00042316
0.000775239
0.000422555
0.000692868
0.000421453
0.000612275
0.000419636
0.000533225
0.000416946
0.000455596
0.000413255
0.000379286
0.00040845
0.000304176
0.000402424
0.000230113
0.00039508
0.000156911
0.000386328
8.43546e-05
0.00037608
1.22129e-05
0.000364262
-5.97393e-05
0.000350783
-0.000131797
0.000335558
-0.00020422
0.000318531
-0.000277292
0.000299676
-0.000351279
0.000278994
-0.000426476
0.000256509
-0.000503225
0.000232275
-0.000581933
0.000206366
-0.000663057
0.000178863
-0.00074707
0.000149854
-0.000834339
0.000119434
-0.000924913
8.7731e-05
-0.00101822
5.49386e-05
-0.00111277
2.13356e-05
-0.0012061
-1.28391e-05
-0.00129582
-4.81002e-05
-0.00138366
-8.87362e-05
-0.00148688
-0.000144158
-0.00166501
-0.000200367
-0.00199784
-0.00019438
-0.00233181
-9.35833e-05
-0.00209562
-0.000828656
3.21992e-05
9.7124e-05
0.000113938
0.000421829
0.000208937
0.000774812
0.000291995
0.00106562
0.00035739
0.0012697
0.000408272
0.00139873
0.000447327
0.00146813
0.000475204
0.00148732
0.000492455
0.00146354
0.000500799
0.00140586
0.000502966
0.00132526
0.000501878
0.00123241
0.000499885
0.00113563
0.000498386
0.00104003
0.000497869
0.000947855
0.000498197
0.000859503
0.000498937
0.000774499
0.000499613
0.000692192
0.000499828
0.00061206
0.000499285
0.000533769
0.000497769
0.000457112
0.000495119
0.000381936
0.000491199
0.000308096
0.000485889
0.000235424
0.000479077
0.000163724
0.000470658
9.27736e-05
0.000460533
2.23384e-05
0.000448621
-4.78263e-05
0.000434824
-0.000117999
0.000419058
-0.000188453
0.000401257
-0.000259491
0.000381386
-0.000331407
0.000359434
-0.000404523
0.000335419
-0.00047921
0.000309381
-0.000555894
0.000281375
-0.000635051
0.000251454
-0.000717149
0.000219659
-0.000802544
0.000186017
-0.00089127
0.000150561
-0.000982768
0.00011338
-0.00107559
7.46543e-05
-0.00116737
3.46047e-05
-0.00125577
-6.89734e-06
-0.00134216
-5.22729e-05
-0.00144151
-0.000110301
-0.00160699
-0.000174693
-0.00193345
-0.000185401
-0.0023211
-9.65581e-05
-0.00218446
-0.000925214
2.80143e-05
6.911e-05
0.000107218
0.000342626
0.000208389
0.000673641
0.000303542
0.000970463
0.000381479
0.00119177
0.000442806
0.0013374
0.000490508
0.00142042
0.000526021
0.00145181
0.000550036
0.00143953
0.000563988
0.00139191
0.000570375
0.00131887
0.000572171
0.00123061
0.000572028
0.00113577
0.000571763
0.00104029
0.000572252
0.000947367
0.000573615
0.00085814
0.000575536
0.000772578
0.000577538
0.00069019
0.000579159
0.00061044
0.000580019
0.000532909
0.000579835
0.000457297
0.000578389
0.000383382
0.000575512
0.000310974
0.000571061
0.000239876
0.000564907
0.000169878
0.000556933
0.000100748
0.000547029
3.22432e-05
0.000535103
-3.58995e-05
0.000521052
-0.000103949
0.000504793
-0.000172193
0.000486253
-0.000240951
0.000465389
-0.000310543
0.00044218
-0.000381314
0.000416632
-0.000453661
0.000388766
-0.000528028
0.000358608
-0.000604893
0.00032617
-0.000684711
0.000291432
-0.000767806
0.000254343
-0.000854181
0.000214838
-0.000943264
0.000172901
-0.00103365
0.000128636
-0.00112311
8.22927e-05
-0.00120943
3.39644e-05
-0.00129383
-1.74879e-05
-0.00139005
-7.8948e-05
-0.00154553
-0.000150703
-0.0018617
-0.000177505
-0.0022943
-0.00010063
-0.00226133
-0.00102584
2.36488e-05
4.54614e-05
9.74722e-05
0.000268803
0.000201021
0.000570093
0.000306181
0.000865302
0.000396721
0.00110123
0.000469507
0.00126461
0.000526841
0.00136309
0.000570852
0.0014078
0.000602635
0.00140775
0.000623437
0.00137111
0.000635402
0.00130691
0.00064134
0.00122468
0.000644046
0.00113307
0.000645693
0.00103865
0.000647568
0.000945492
0.000650139
0.000855569
0.000653303
0.000769415
0.000656662
0.000686832
0.000659737
0.000607366
0.000662087
0.000530559
0.000663353
0.000456032
0.000663252
0.000383483
0.000661567
0.000312659
0.000658121
0.000243323
0.000652762
0.000175237
0.000645358
0.000108153
0.000635787
4.18139e-05
0.000623948
-2.40597e-05
0.000609734
-8.97353e-05
0.00059306
-0.000155519
0.000573849
-0.000221741
0.00055205
-0.000288743
0.00052763
-0.000356895
0.000500578
-0.000426608
0.000470884
-0.000498335
0.000438534
-0.000572543
0.000403481
-0.000649658
0.000365632
-0.000729957
0.000324845
-0.000813394
0.000280956
-0.000899374
0.000233848
-0.000986546
0.000183568
-0.00107283
0.00013042
-0.00115628
7.48081e-05
-0.00123822
1.63113e-05
-0.00133156
-4.96148e-05
-0.0014796
-0.000128085
-0.00178323
-0.000170671
-0.00225171
-0.000106126
-0.00232588
-0.00113197
1.93814e-05
2.60802e-05
8.55952e-05
0.00020259
0.000187361
0.000468328
0.000299279
0.000753385
0.000401462
0.000999044
0.000486367
0.00117971
0.000554412
0.00129505
0.00060791
0.0013543
0.000648489
0.00136717
0.000677421
0.00134218
0.000696481
0.00128785
0.000708137
0.00121302
0.000715107
0.0011261
0.00071977
0.00103398
0.000723784
0.000941478
0.000728005
0.000851348
0.000732631
0.000764789
0.000737441
0.000682022
0.000742019
0.000602788
0.000745908
0.00052667
0.000748696
0.000453244
0.000750039
0.00038214
0.000749665
0.000313034
0.000747351
0.000245636
0.000742919
0.000179669
0.000736215
0.000114857
0.000727104
5.09247e-05
0.000715472
-1.24276e-05
0.000701211
-7.54742e-05
0.000684231
-0.000138539
0.000664451
-0.00020196
0.000641808
-0.000266099
0.000616253
-0.000331341
0.000587746
-0.000398101
0.000556238
-0.000466826
0.000521653
-0.000537958
0.000483872
-0.000611877
0.000442713
-0.000688797
0.000397935
-0.000768615
0.000349273
-0.000850713
0.000296529
-0.000933801
0.000239715
-0.00101601
0.000179231
-0.0010958
0.000115822
-0.00117481
4.97376e-05
-0.00126547
-2.17356e-05
-0.00140813
-0.000106286
-0.00169868
-0.000164527
-0.00219347
-0.000113183
-0.00237722
-0.00124515
1.54282e-05
1.06522e-05
7.26345e-05
0.000145384
0.00016852
0.000372443
0.000282887
0.000639018
0.000394391
0.000887539
0.000491247
0.00108285
0.000570913
0.00121538
0.000634991
0.00129022
0.000685466
0.00131669
0.000723814
0.00130383
0.000751562
0.0012601
0.000770743
0.00119384
0.000783781
0.00111306
0.000793051
0.00102471
0.000800447
0.000934082
0.000807183
0.000844613
0.000813806
0.000758166
0.00082036
0.000675468
0.000826586
0.000596563
0.000832089
0.000521167
0.000836454
0.000448879
0.000839303
0.000379291
0.000840316
0.000312021
0.000839232
0.00024672
0.000835837
0.000183065
0.000829951
0.000120743
0.000821427
5.94491e-05
0.00081013
-1.13055e-06
0.000795954
-6.12981e-05
0.000778798
-0.000121383
0.00075857
-0.000181733
0.000735192
-0.000242721
0.000708588
-0.000304737
0.000678675
-0.000368189
0.000645348
-0.000433499
0.000608456
-0.000501067
0.000567791
-0.000571211
0.000523069
-0.000644076
0.000473946
-0.000719493
0.000420065
-0.000796832
0.000361165
-0.000874901
0.000297274
-0.000952121
0.000228934
-0.00102746
0.000157258
-0.00110314
8.32355e-05
-0.00119145
5.40934e-06
-0.0013303
-8.45539e-05
-0.00160871
-0.000158302
-0.00211972
-0.00012167
-0.00241386
-0.00136682
1.19691e-05
-1.31673e-06
5.96627e-05
9.76909e-05
0.000146104
0.000286002
0.000257888
0.000527234
0.000374875
0.000770552
0.000482186
0.000975543
0.000573764
0.0011238
0.000649452
0.00121454
0.000711007
0.00125514
0.00076009
0.00125475
0.000798129
0.00122206
0.00082675
0.00116522
0.000847944
0.00109187
0.000863853
0.0010088
0.000876412
0.000921523
0.000887072
0.000833953
0.000896707
0.000748531
0.000905674
0.000666501
0.000913952
0.000588285
0.000921296
0.000513822
0.000927365
0.000442811
0.000931799
0.000374857
0.000934268
0.000309552
0.000934484
0.000246504
0.000932208
0.000185341
0.000927238
0.000125713
0.000919406
6.72805e-05
0.000908563
9.71247e-06
0.000894594
-4.73292e-05
0.000877382
-0.000104171
0.000856817
-0.000161168
0.000832793
-0.000218697
0.000805193
-0.000277137
0.00077388
-0.000336876
0.000738674
-0.000398293
0.000699337
-0.00046173
0.000655556
-0.000527431
0.000606943
-0.000595462
0.000553051
-0.000665601
0.000493445
-0.000737227
0.000427844
-0.0008093
0.000356345
-0.000880622
0.000279702
-0.000950816
0.000199437
-0.00102287
0.000117259
-0.00110927
3.27114e-05
-0.00124575
-6.19884e-05
-0.00151401
-0.000150767
-0.00203094
-0.000131079
-0.00243354
-0.0014979
9.19329e-06
-1.051e-05
4.76368e-05
5.92477e-05
0.000121964
0.000211675
0.000225927
0.000423272
0.000343194
0.000653285
0.000457791
0.000860947
0.000560418
0.00102118
0.000648307
0.00112665
0.00072211
0.00118134
0.000783303
0.00119356
0.000833235
0.00117213
0.000873215
0.00112524
0.00090477
0.00106031
0.000929648
0.000983926
0.000949609
0.000901563
0.000966161
0.0008174
0.000980404
0.000734289
0.000992982
0.000653923
0.00100415
0.000577114
0.0010139
0.000504079
0.00102202
0.000434686
0.00102826
0.00036862
0.00103232
0.000305489
0.00103393
0.000244888
0.00103286
0.000186416
0.00102888
0.00012969
0.00102182
7.43406e-05
0.00101152
2.0016e-05
0.000997834
-3.36452e-05
0.000980633
-8.69707e-05
0.00095978
-0.000140315
0.000935126
-0.000194043
0.000906503
-0.000248514
0.0008737
-0.000304074
0.000836454
-0.000361048
0.000794429
-0.000419704
0.000747204
-0.000480206
0.000694285
-0.000542544
0.000635139
-0.000606455
0.000569285
-0.000671373
0.00049647
-0.000736485
0.000416933
-0.000801086
0.000331711
-0.000865594
0.000242767
-0.000933927
0.000152458
-0.00101896
6.1243e-05
-0.00115454
-3.74579e-05
-0.00141531
-0.000140118
-0.00192828
-0.000140386
-0.00243328
-0.00163829
7.21567e-06
-1.77255e-05
3.71738e-05
2.92896e-05
9.7725e-05
0.000151124
0.000189009
0.000331987
0.000300491
0.000541803
0.000417545
0.000743893
0.000528779
0.000909942
0.000628525
0.0010269
0.000715434
0.00109443
0.000790098
0.00111889
0.00085353
0.0011087
0.000906739
0.00107203
0.000950825
0.00101623
0.000987083
0.000947668
0.00101694
0.000871707
0.00104177
0.000792565
0.00106275
0.000713312
0.00108071
0.000635961
0.00109617
0.000561656
0.00110935
0.0004909
0.00112027
0.000423766
0.00112882
0.00036007
0.00113482
0.000299491
0.00113806
0.000241647
0.00113834
0.00018614
0.00113545
0.000132573
0.00112923
8.0563e-05
0.0011195
2.97435e-05
0.00110611
-2.02574e-05
0.00108891
-6.97625e-05
0.00106771
-0.000119116
0.00104232
-0.000168657
0.00101251
-0.000218707
0.000978
-0.00026956
0.000938425
-0.000321473
0.000893353
-0.000374632
0.000842264
-0.000429117
0.000784573
-0.000484853
0.00071969
-0.000541571
0.000647137
-0.00059882
0.000566757
-0.000656106
0.000479006
-0.000713335
0.000385252
-0.00077184
0.000287903
-0.000836578
0.00018986
-0.000920922
9.23544e-05
-0.00105703
-9.64786e-06
-0.00131331
-0.000123916
-0.00181401
-0.000147954
-0.00240924
-0.00178624
5.85787e-06
-2.35834e-05
2.80194e-05
7.1282e-06
7.38865e-05
0.000105257
0.000148568
0.000257306
0.00024821
0.00044216
0.000361794
0.000630309
0.000477597
0.000794138
0.000587508
0.00091699
0.00068763
0.000994305
0.000776861
0.00102966
0.000855334
0.00103022
0.000923561
0.0010038
0.000982213
0.000957574
0.00103214
0.000897744
0.00107436
0.000829479
0.00111002
0.000756912
0.00114017
0.000683162
0.00116572
0.000610406
0.00118736
0.000540016
0.00120553
0.000472732
0.00122046
0.000408832
0.00123224
0.000348288
0.00124085
0.000290887
0.00124618
0.00023631
0.00124813
0.000184196
0.00124653
0.000134166
0.00124125
8.58448e-05
0.00123213
3.88709e-05
0.00121899
-7.11859e-06
0.00120166
-5.24396e-05
0.00117995
-9.74027e-05
0.0011536
-0.000142307
0.00112232
-0.000187425
0.00108574
-0.000232988
0.00104344
-0.000279172
0.000994891
-0.000326082
0.000939495
-0.000373722
0.000876619
-0.000421977
0.00080567
-0.000470622
0.000726245
-0.000519395
0.000638358
-0.000568219
0.000542728
-0.000617705
0.000441053
-0.000670166
0.00033609
-0.000731615
0.000231116
-0.000815949
0.000127973
-0.00095389
2.28727e-05
-0.00120821
-9.93353e-05
-0.00169181
-0.000151603
-0.00235697
-0.00193784
4.11506e-06
-2.76984e-05
1.79468e-05
-6.70352e-06
4.83171e-05
7.48863e-05
0.000103846
0.000201777
0.000186827
0.000359179
0.000291134
0.000526002
0.000406543
0.000678729
0.000523597
0.000799936
0.000635917
0.000881985
0.000740139
0.00092544
0.000834866
0.000935497
0.000919701
0.000918966
0.000994728
0.000882547
0.00106033
0.000832139
0.00111715
0.000772666
0.00116597
0.000708084
0.0012077
0.000641435
0.00124318
0.000574925
0.00127316
0.000510041
0.00129821
0.000447678
0.00131876
0.00038828
0.00133508
0.000331968
0.00134732
0.000278651
0.00135552
0.000228104
0.00135969
0.00018003
0.00135975
0.0001341
0.00135563
8.99726e-05
0.00134718
4.73173e-05
0.00133425
5.80674e-06
0.00131668
-3.48669e-05
0.00129423
-7.49504e-05
0.00126662
-0.000114696
0.00123351
-0.000154316
0.00119449
-0.000193968
0.00114907
-0.00023375
0.00109667
-0.000273691
0.0010367
-0.000313745
0.000968519
-0.000353801
0.000891638
-0.000393741
0.000805811
-0.000433568
0.000711283
-0.000473692
0.000609032
-0.000515455
0.000500974
-0.000562108
0.00038998
-0.000620621
0.000279362
-0.000705331
0.000171191
-0.000845719
6.2389e-05
-0.00109941
-6.36625e-05
-0.00156576
-0.000148615
-0.00227202
-0.00208646
-6.79943e-07
-2.70185e-05
1.38393e-06
-8.76747e-06
1.46246e-05
6.16456e-05
5.00148e-05
0.000166387
0.000114073
0.000295121
0.000205179
0.000434895
0.000315742
0.000568167
0.000436306
0.000679372
0.000558717
0.000759574
0.000677325
0.000806831
0.000788775
0.000824047
0.000891296
0.000816445
0.000984093
0.00078975
0.00106697
0.000749265
0.00114012
0.000699511
0.00120404
0.000644167
0.00125937
0.0005861
0.00130686
0.000527443
0.0013472
0.000469694
0.00138106
0.000413822
0.00140896
0.00036038
0.00143132
0.000309608
0.00144844
0.000261529
0.00146052
0.000216019
0.00146769
0.000172865
0.00146998
0.000131808
0.00146738
9.25695e-05
0.00145983
5.48693e-05
0.0014472
1.84405e-05
0.00142932
-1.69941e-05
0.00140599
-5.16186e-05
0.00137692
-8.56228e-05
0.00134175
-0.00011915
0.00130007
-0.000152289
0.0012514
-0.000185075
0.00119519
-0.000217489
0.00113092
-0.000249475
0.00105811
-0.000280984
0.000976429
-0.000312064
0.000885887
-0.000343026
0.000786958
-0.000374763
0.000680777
-0.000409275
0.00056925
-0.000450582
0.000455003
-0.000506374
0.000340878
-0.000591206
0.000228433
-0.000733275
0.000114495
-0.00098547
-1.38194e-05
-0.00143744
-0.00013434
-0.0021515
-0.0022208
-1.34438e-05
-1.35748e-05
-3.09947e-05
8.78335e-06
-3.77712e-05
6.8422e-05
-2.19809e-05
0.000150597
2.39096e-05
0.00024923
0.000101325
0.00035748
0.000204934
0.000464558
0.000326129
0.000558178
0.000456072
0.000629631
0.000587429
0.000675473
0.000714953
0.000696524
0.000835271
0.000696126
0.000946429
0.000678592
0.00104745
0.00064824
0.00113803
0.000608936
0.00121828
0.000563918
0.00128861
0.000515772
0.00134959
0.000466463
0.00140186
0.000417419
0.00144607
0.000369609
0.00148281
0.000323639
0.00151259
0.000279828
0.00153583
0.000238291
0.00155286
0.000198996
0.0015639
0.00016182
0.00156912
0.000126585
0.00156861
9.30865e-05
0.00156236
6.11148e-05
0.00155033
3.04715e-05
0.00153238
9.57026e-07
0.00150835
-2.75943e-05
0.00147801
-5.52831e-05
0.00144106
-8.22e-05
0.00139716
-0.000108387
0.00134593
-0.00013385
0.00128701
-0.000158565
0.00122006
-0.000182521
0.00114484
-0.00020577
0.00106132
-0.000228542
0.000969718
-0.000251424
0.000870632
-0.000275677
0.000765109
-0.000303752
0.000654684
-0.000340157
0.000541304
-0.000392994
0.000426876
-0.00047678
0.000311812
-0.000618211
0.000191809
-0.000865467
5.62075e-05
-0.00130184
-9.84949e-05
-0.0019968
-0.00231929
-4.0981e-05
2.74061e-05
-9.01665e-05
5.79687e-05
-0.000121056
9.93115e-05
-0.000123088
0.000152628
-9.12982e-05
0.00021744
-2.47367e-05
0.000290918
7.2982e-05
0.000366839
0.000194102
0.000437058
0.000329642
0.00049409
0.000471585
0.00053353
0.000613382
0.000554727
0.000750271
0.000559238
0.0008791
0.000549762
0.000998007
0.000529333
0.00110605
0.000500895
0.00120291
0.000467052
0.00128872
0.000429963
0.00136386
0.000391326
0.00142886
0.000352416
0.00148433
0.000314139
0.00153087
0.000277096
0.00156906
0.000241646
0.00159938
0.000207966
0.00162227
0.000176102
0.00163808
0.000146008
0.00164708
0.000117587
0.00164946
9.07089e-05
0.00164534
6.52353e-05
0.00163478
4.10335e-05
0.00161774
1.79893e-05
0.00159415
-3.99992e-06
0.00156389
-2.50204e-05
0.00152683
-4.51395e-05
0.00148282
-6.43811e-05
0.00143173
-8.27574e-05
0.00137344
-0.000100282
0.00130793
-0.000117005
0.00123523
-0.000133077
0.00115554
-0.00014885
0.00106917
-0.000165054
0.000976581
-0.00018309
0.000878353
-0.000205524
0.000775132
-0.000236936
0.000667564
-0.000285427
0.000556037
-0.000365253
0.000439586
-0.00050176
0.000312642
-0.000738524
0.0001597
-0.0011489
-2.68542e-05
-0.00181024
-0.00234615
-9.00318e-05
0.000117438
-0.000182987
0.000150924
-0.000239955
0.000156279
-0.000257111
0.000169784
-0.000234572
0.000194901
-0.000173825
0.000230171
-7.91522e-05
0.000272166
4.26387e-05
0.000315267
0.000182953
0.000353776
0.000333304
0.000383179
0.000486722
0.000401309
0.000637562
0.000408398
0.000781781
0.000405543
0.000916734
0.00039438
0.00104085
0.000376781
0.00115335
0.000354553
0.00125402
0.000329292
0.00134303
0.000302317
0.00142078
0.000274663
0.00148781
0.000247103
0.00154473
0.00022018
0.00159213
0.000194245
0.00163059
0.000169507
0.00166063
0.00014606
0.00168272
0.000123924
0.00169724
0.000103065
0.00170453
8.34192e-05
0.00170485
6.49095e-05
0.00169843
4.74553e-05
0.00168543
3.09847e-05
0.001666
1.54289e-05
0.00164019
7.91835e-07
0.00160799
-1.29431e-05
0.00156952
-2.59031e-05
0.0015249
-3.81439e-05
0.00147431
-4.96916e-05
0.00141793
-6.06265e-05
0.00135598
-7.1129e-05
0.00128869
-8.15593e-05
0.00121624
-9.26038e-05
0.00113868
-0.000105526
0.00105576
-0.000122604
0.000966732
-0.000147911
0.000870064
-0.000188759
0.000763087
-0.000258276
0.000641448
-0.000380121
0.000497457
-0.000594534
0.000312316
-0.000963757
8.51256e-05
-0.00158305
-0.00226102
-0.000160218
0.000277656
-0.000292989
0.000283696
-0.000362156
0.000225446
-0.000384132
0.00019176
-0.000364996
0.000175765
-0.000307427
0.000172601
-0.000215666
0.000180405
-9.60428e-05
0.000195643
4.46092e-05
0.000213124
0.000198671
0.000229117
0.000358509
0.00024147
0.000518238
0.000248669
0.000673391
0.000250389
0.00082074
0.000247032
0.000958161
0.000239359
0.00108442
0.000228291
0.00119896
0.000214758
0.00130167
0.000199602
0.0013928
0.000183535
0.00147278
0.000167122
0.00154217
0.000150788
0.00160158
0.000134835
0.00165163
0.00011946
0.0016929
0.000104783
0.00172597
9.08628e-05
0.00175131
7.77152e-05
0.0017694
6.53301e-05
0.00178063
5.36802e-05
0.00178536
4.27311e-05
0.00178389
3.24466e-05
0.00177653
2.27913e-05
0.0017636
1.37219e-05
0.00174542
5.23569e-06
0.00172214
-2.62092e-06
0.0016939
-9.90402e-06
0.00166092
-1.6718e-05
0.00162345
-2.31558e-05
0.00158168
-2.93568e-05
0.00153571
-3.55868e-05
0.00148545
-4.23447e-05
0.00143046
-5.05395e-05
0.00136967
-6.18081e-05
0.00130084
-7.90853e-05
0.00121977
-0.000107693
0.00111888
-0.00015738
0.000985129
-0.000246373
0.000799551
-0.000408957
0.00054139
-0.000705596
0.000229558
-0.00127122
-0.00203146
-0.000223878
0.000501533
-0.000284465
0.000344282
-0.000270592
0.000211572
-0.000241974
0.000163142
-0.000198832
0.000132623
-0.000135192
0.000108961
-4.93124e-05
9.45245e-05
5.82454e-05
8.80853e-05
0.00018425
8.71183e-05
0.000324102
8.9265e-05
0.000472914
9.26583e-05
0.000625684
9.58982e-05
0.00077806
9.80124e-05
0.000926569
9.85223e-05
0.00106862
9.73055e-05
0.00120243
9.4483e-05
0.00132687
9.03149e-05
0.00144136
8.51161e-05
0.00154569
7.92e-05
0.00163997
7.28471e-05
0.00172446
6.62901e-05
0.00179959
5.97104e-05
0.00186581
5.32419e-05
0.00192361
4.69777e-05
0.0019735
4.0978e-05
0.00201593
3.52778e-05
0.00205137
2.98944e-05
0.00208022
2.48328e-05
0.00210286
2.00902e-05
0.00211964
1.56597e-05
0.0021309
1.1532e-05
0.00213693
7.69564e-06
0.00213803
4.13642e-06
0.00213456
8.49983e-07
0.00212681
-2.16184e-06
0.00211501
-4.91488e-06
0.00209931
-7.45845e-06
0.00207983
-9.87307e-06
0.00205654
-1.22999e-05
0.00202919
-1.49925e-05
0.00199705
-1.84004e-05
0.00195855
-2.33124e-05
0.00191058
-3.11103e-05
0.00184708
-4.41944e-05
0.00175655
-6.68537e-05
0.00161689
-0.00010671
0.00138945
-0.00018152
0.00101775
-0.000333895
0.000489771
-0.000743238
-0.00154169
0.000501533
0.000845816
0.00105739
0.00122053
0.00135315
0.00146211
0.00155664
0.00164472
0.00173184
0.00182111
0.00191377
0.00200966
0.00210768
0.0022062
0.0023035
0.00239799
0.0024883
0.00257342
0.00265262
0.00272547
0.00279176
0.00285147
0.00290471
0.00295168
0.00299266
0.00302794
0.00305783
0.00308267
0.00310276
0.00311842
0.00312995
0.00313764
0.00314178
0.00314263
0.00314047
0.00313555
0.0031281
0.00311822
0.00310592
0.00309093
0.00307253
0.00304922
0.00301811
0.00297391
0.00290706
0.00280035
0.00261883
0.00228493
0.00154169
)
;

boundaryField
{
    movingWall
    {
        type            calculated;
        value           uniform 0;
    }
    fixedWalls
    {
        type            calculated;
        value           uniform 0;
    }
    frontAndBack
    {
        type            empty;
        value           nonuniform 0();
    }
}


// ************************************************************************* //
