/*--------------------------------*- C++ -*----------------------------------*\
  =========                 |
  \\      /  F ield         | OpenFOAM: The Open Source CFD Toolbox
   \\    /   O peration     | Website:  https://openfoam.org
    \\  /    A nd           | Version:  7
     \\/     M anipulation  |
\*---------------------------------------------------------------------------*/
FoamFile
{
    version     2.0;
    format      ascii;
    class       volVectorField;
    location    "400";
    object      U;
}
// * * * * * * * * * * * * * * * * * * * * * * * * * * * * * * * * * * * * * //

dimensions      [0 1 -1 0 0 0 0];

internalField   nonuniform List<vector> 
2500
(
(0.000207925 -0.000202003 0)
(0.0018688 -0.000572009 0)
(0.00447873 -0.00069858 0)
(0.00716821 -0.000600652 0)
(0.00923373 -0.000419385 0)
(0.0104539 -0.000264719 0)
(0.0109323 -0.000188511 0)
(0.0108817 -0.000186519 0)
(0.0104493 -0.000220562 0)
(0.0096296 -0.000246043 0)
(0.00827296 -0.000229069 0)
(0.0061464 -0.000150795 0)
(0.00299212 -2.1643e-06 0)
(-0.00143414 0.000222204 0)
(-0.0073375 0.000525482 0)
(-0.0148509 0.000911307 0)
(-0.0239972 0.00137979 0)
(-0.0346464 0.00191941 0)
(-0.0464809 0.00249696 0)
(-0.0589743 0.00305008 0)
(-0.0713977 0.00348881 0)
(-0.082857 0.00370829 0)
(-0.092362 0.00360976 0)
(-0.0989284 0.00312761 0)
(-0.101689 0.00225563 0)
(-0.0999673 0.00105152 0)
(-0.093491 -0.000354233 0)
(-0.0823312 -0.0017957 0)
(-0.0669523 -0.00309912 0)
(-0.0482081 -0.00409727 0)
(-0.0273147 -0.00464515 0)
(-0.00575614 -0.00462072 0)
(0.0149401 -0.00395865 0)
(0.0333025 -0.00281041 0)
(0.0480218 -0.00139836 0)
(0.0581351 9.93159e-05 0)
(0.0632553 0.00147376 0)
(0.0635896 0.00251646 0)
(0.0599381 0.00310055 0)
(0.0534651 0.00321925 0)
(0.0454032 0.00298497 0)
(0.0368581 0.00255054 0)
(0.0286699 0.00205075 0)
(0.0213617 0.00157666 0)
(0.0151655 0.00117637 0)
(0.0100943 0.000865216 0)
(0.00603941 0.000632698 0)
(0.00290762 0.000437222 0)
(0.000798377 0.000193768 0)
(-8.14784e-05 -8.68554e-05 0)
(0.000567305 -0.00182145 0)
(0.00437932 -0.00432084 0)
(0.00958813 -0.0051203 0)
(0.0146088 -0.00444207 0)
(0.0181627 -0.00299783 0)
(0.0197639 -0.00145611 0)
(0.0194513 -0.000190024 0)
(0.0174356 0.000769139 0)
(0.013801 0.00163086 0)
(0.00835673 0.00267422 0)
(0.000664503 0.00411651 0)
(-0.00983333 0.00606351 0)
(-0.0236667 0.00851931 0)
(-0.0411983 0.0114167 0)
(-0.0625079 0.0146172 0)
(-0.0872867 0.0178946 0)
(-0.114774 0.0209277 0)
(-0.143774 0.0233239 0)
(-0.172761 0.0246738 0)
(-0.200052 0.02462 0)
(-0.22399 0.0229153 0)
(-0.243094 0.0194601 0)
(-0.256165 0.0143182 0)
(-0.262346 0.00772161 0)
(-0.261162 5.96555e-05 0)
(-0.252543 -0.00815224 0)
(-0.236686 -0.0163432 0)
(-0.214036 -0.0239596 0)
(-0.185357 -0.0304385 0)
(-0.151735 -0.0352455 0)
(-0.114577 -0.0379173 0)
(-0.075581 -0.0381092 0)
(-0.036655 -0.0356726 0)
(0.000262873 -0.0307874 0)
(0.0333265 -0.0239498 0)
(0.0608562 -0.0158857 0)
(0.0815322 -0.00741636 0)
(0.0946249 0.000575779 0)
(0.0999983 0.00724605 0)
(0.0982549 0.0120089 0)
(0.090846 0.0146627 0)
(0.0795566 0.0154061 0)
(0.0662136 0.0147022 0)
(0.0524175 0.0131046 0)
(0.03935 0.01112 0)
(0.0277094 0.00911589 0)
(0.017787 0.00725527 0)
(0.00969177 0.00544105 0)
(0.00373108 0.00334875 0)
(0.000330162 0.000921496 0)
(0.000786804 -0.00450078 0)
(0.00569198 -0.00970235 0)
(0.0117204 -0.0109214 0)
(0.016904 -0.00900484 0)
(0.0197524 -0.00541816 0)
(0.0196891 -0.00145997 0)
(0.0166315 0.00216618 0)
(0.0105763 0.0054419 0)
(0.00129616 0.00880771 0)
(-0.0117432 0.0128306 0)
(-0.0292561 0.0178962 0)
(-0.0518704 0.0240808 0)
(-0.0798903 0.0311718 0)
(-0.113083 0.0387038 0)
(-0.150569 0.0459949 0)
(-0.190868 0.0522248 0)
(-0.232088 0.0565692 0)
(-0.27219 0.0583422 0)
(-0.309249 0.0570984 0)
(-0.341641 0.0526731 0)
(-0.36813 0.0451664 0)
(-0.387875 0.0348943 0)
(-0.400364 0.0223296 0)
(-0.405342 0.00805215 0)
(-0.402734 -0.0072888 0)
(-0.392517 -0.0230118 0)
(-0.37473 -0.0384074 0)
(-0.349637 -0.0526889 0)
(-0.317723 -0.0650212 0)
(-0.279752 -0.0745646 0)
(-0.23681 -0.0805444 0)
(-0.19033 -0.0823488 0)
(-0.14207 -0.0796434 0)
(-0.0940341 -0.0724793 0)
(-0.0483339 -0.0613993 0)
(-0.00696799 -0.0474073 0)
(0.0283393 -0.0317931 0)
(0.0562243 -0.0160073 0)
(0.0759897 -0.00134112 0)
(0.0873665 0.0110081 0)
(0.0906056 0.0201286 0)
(0.0869569 0.0256519 0)
(0.0781236 0.0278058 0)
(0.0659947 0.0272774 0)
(0.0523715 0.0249651 0)
(0.0387177 0.0217248 0)
(0.0260368 0.0181285 0)
(0.014972 0.0142482 0)
(0.00625918 0.00959204 0)
(0.000705801 0.00359207 0)
(0.00091854 -0.00773392 0)
(0.00606876 -0.0155997 0)
(0.0115407 -0.0165381 0)
(0.015147 -0.0124423 0)
(0.0153849 -0.00571501 0)
(0.011696 0.00172663 0)
(0.00385453 0.00897886 0)
(-0.00849069 0.0161529 0)
(-0.0260073 0.0240134 0)
(-0.0495117 0.0333109 0)
(-0.07964 0.0443231 0)
(-0.116485 0.0567058 0)
(-0.159374 0.0695797 0)
(-0.206845 0.0817189 0)
(-0.256852 0.0917929 0)
(-0.307108 0.0986161 0)
(-0.355438 0.101342 0)
(-0.400036 0.0995529 0)
(-0.439573 0.093237 0)
(-0.473176 0.0826987 0)
(-0.500328 0.0684403 0)
(-0.520734 0.0510603 0)
(-0.534204 0.0311869 0)
(-0.540579 0.0094552 0)
(-0.539703 -0.0134754 0)
(-0.531389 -0.0368774 0)
(-0.515507 -0.0599072 0)
(-0.492031 -0.0816019 0)
(-0.461064 -0.100896 0)
(-0.42292 -0.116649 0)
(-0.378215 -0.127724 0)
(-0.327959 -0.133117 0)
(-0.273617 -0.132128 0)
(-0.217123 -0.124547 0)
(-0.160788 -0.110801 0)
(-0.107095 -0.0919968 0)
(-0.0583973 -0.0698307 0)
(-0.01657 -0.046308 0)
(0.0171884 -0.0233453 0)
(0.0422811 -0.00269105 0)
(0.0586513 0.014416 0)
(0.0665512 0.0270493 0)
(0.0670894 0.0348298 0)
(0.0618193 0.0380947 0)
(0.0525292 0.0377452 0)
(0.0410106 0.0349161 0)
(0.0288161 0.0305656 0)
(0.0171832 0.0250372 0)
(0.00741926 0.0177483 0)
(0.000861977 0.00737164 0)
(0.00100008 -0.0110246 0)
(0.00560599 -0.0208297 0)
(0.00921122 -0.0203374 0)
(0.00964109 -0.0128759 0)
(0.00555838 -0.00189542 0)
(-0.00355623 0.0101819 0)
(-0.0181698 0.0224584 0)
(-0.0390401 0.0353809 0)
(-0.0671015 0.0498892 0)
(-0.103003 0.0665056 0)
(-0.146635 0.0848518 0)
(-0.196913 0.103691 0)
(-0.251891 0.121289 0)
(-0.309112 0.13585 0)
(-0.366069 0.145889 0)
(-0.420583 0.150461 0)
(-0.471015 0.149202 0)
(-0.516286 0.142242 0)
(-0.555775 0.130041 0)
(-0.589163 0.113221 0)
(-0.616299 0.092455 0)
(-0.637104 0.0684022 0)
(-0.651515 0.0416973 0)
(-0.659458 0.0129645 0)
(-0.66083 -0.0171468 0)
(-0.655498 -0.0479124 0)
(-0.643247 -0.0784779 0)
(-0.623801 -0.107836 0)
(-0.596866 -0.134809 0)
(-0.562204 -0.158042 0)
(-0.519763 -0.176062 0)
(-0.469829 -0.187398 0)
(-0.413207 -0.190791 0)
(-0.351365 -0.185461 0)
(-0.286503 -0.171381 0)
(-0.221454 -0.149475 0)
(-0.159383 -0.121626 0)
(-0.103298 -0.0904377 0)
(-0.0554937 -0.0587662 0)
(-0.0171692 -0.0291366 0)
(0.0115442 -0.00333093 0)
(0.0310308 0.0174451 0)
(0.0418397 0.0325195 0)
(0.0451731 0.0417348 0)
(0.0425495 0.0456258 0)
(0.0356939 0.0452584 0)
(0.0263691 0.0417412 0)
(0.0162344 0.0355954 0)
(0.00710311 0.0261598 0)
(0.000795679 0.0113863 0)
(0.000995152 -0.013926 0)
(0.00414952 -0.0242845 0)
(0.00454783 -0.0208481 0)
(0.000335541 -0.00867482 0)
(-0.00955974 0.00773149 0)
(-0.0257018 0.0256924 0)
(-0.048836 0.0446098 0)
(-0.0799425 0.0651578 0)
(-0.119731 0.0879888 0)
(-0.168009 0.112782 0)
(-0.223421 0.138073 0)
(-0.283654 0.161705 0)
(-0.345933 0.181456 0)
(-0.407566 0.195551 0)
(-0.466332 0.202926 0)
(-0.520656 0.203243 0)
(-0.569572 0.196732 0)
(-0.61258 0.183979 0)
(-0.649494 0.165731 0)
(-0.680323 0.142771 0)
(-0.705197 0.115853 0)
(-0.724318 0.0856768 0)
(-0.737912 0.052889 0)
(-0.746175 0.0180929 0)
(-0.749214 -0.0181251 0)
(-0.747033 -0.0551535 0)
(-0.739434 -0.0922886 0)
(-0.72598 -0.128655 0)
(-0.706054 -0.163151 0)
(-0.678885 -0.194391 0)
(-0.643675 -0.220708 0)
(-0.599772 -0.240233 0)
(-0.546924 -0.251073 0)
(-0.48557 -0.251622 0)
(-0.417115 -0.240945 0)
(-0.344084 -0.219189 0)
(-0.270046 -0.187856 0)
(-0.199187 -0.149793 0)
(-0.135564 -0.108771 0)
(-0.0821901 -0.0686714 0)
(-0.0403688 -0.0326258 0)
(-0.00973286 -0.00250776 0)
(0.0108841 0.0209448 0)
(0.0226739 0.0374508 0)
(0.0270637 0.0472238 0)
(0.0257167 0.0510428 0)
(0.0204224 0.0498999 0)
(0.0130539 0.0443 0)
(0.00573903 0.0334693 0)
(0.000589807 0.0148925 0)
(0.000837879 -0.0158593 0)
(0.00146271 -0.0247396 0)
(-0.0026455 -0.0166362 0)
(-0.0127701 0.00153451 0)
(-0.0296951 0.0245154 0)
(-0.0540966 0.0497133 0)
(-0.0868739 0.0768213 0)
(-0.128782 0.106299 0)
(-0.179684 0.13789 0)
(-0.238139 0.170037 0)
(-0.301611 0.200254 0)
(-0.36706 0.225906 0)
(-0.431572 0.244882 0)
(-0.492786 0.25593 0)
(-0.549055 0.258665 0)
(-0.599393 0.253378 0)
(-0.643333 0.240781 0)
(-0.680783 0.22179 0)
(-0.711932 0.19738 0)
(-0.737172 0.168498 0)
(-0.757034 0.136011 0)
(-0.772114 0.10067 0)
(-0.782987 0.0631023 0)
(-0.790135 0.0238246 0)
(-0.793887 -0.0167252 0)
(-0.794393 -0.0581444 0)
(-0.79156 -0.100001 0)
(-0.784943 -0.141707 0)
(-0.773792 -0.182428 0)
(-0.757026 -0.220984 0)
(-0.733286 -0.255773 0)
(-0.701062 -0.284768 0)
(-0.658935 -0.305605 0)
(-0.605928 -0.315838 0)
(-0.541958 -0.313347 0)
(-0.468278 -0.2969 0)
(-0.387778 -0.266738 0)
(-0.304941 -0.224992 0)
(-0.225297 -0.175671 0)
(-0.15432 -0.124009 0)
(-0.0960226 -0.0752042 0)
(-0.0518828 -0.0330655 0)
(-0.0208986 0.000640382 0)
(-0.000865281 0.0257699 0)
(0.0102152 0.0426563 0)
(0.0142459 0.0519199 0)
(0.013162 0.0543558 0)
(0.00898677 0.0503163 0)
(0.00398962 0.0389059 0)
(0.000361065 0.0174846 0)
(0.000461336 -0.0160786 0)
(-0.00260364 -0.0209155 0)
(-0.0123495 -0.00652584 0)
(-0.0293363 0.0187805 0)
(-0.054094 0.0494246 0)
(-0.087374 0.0830649 0)
(-0.129896 0.119346 0)
(-0.181658 0.157912 0)
(-0.241323 0.197199 0)
(-0.306292 0.234488 0)
(-0.373322 0.266729 0)
(-0.439245 0.291388 0)
(-0.501463 0.306912 0)
(-0.55814 0.312778 0)
(-0.608175 0.309286 0)
(-0.65107 0.297279 0)
(-0.686809 0.277888 0)
(-0.715758 0.252361 0)
(-0.738574 0.221931 0)
(-0.756104 0.187722 0)
(-0.769276 0.150686 0)
(-0.778997 0.111562 0)
(-0.786065 0.0708839 0)
(-0.79112 0.0290103 0)
(-0.794623 -0.0138218 0)
(-0.796839 -0.0574526 0)
(-0.797806 -0.10175 0)
(-0.79722 -0.146479 0)
(-0.794457 -0.191193 0)
(-0.788472 -0.235111 0)
(-0.777762 -0.276988 0)
(-0.760378 -0.315002 0)
(-0.734049 -0.346714 0)
(-0.696473 -0.369161 0)
(-0.6458 -0.379166 0)
(-0.581269 -0.37389 0)
(-0.503883 -0.351608 0)
(-0.416907 -0.312553 0)
(-0.325903 -0.259538 0)
(-0.238019 -0.197982 0)
(-0.160456 -0.13496 0)
(-0.0984055 -0.0773233 0)
(-0.0534522 -0.0296373 0)
(-0.0236876 0.00666397 0)
(-0.00564514 0.0322913 0)
(0.00355201 0.0481773 0)
(0.00641582 0.0551655 0)
(0.00526491 0.0535314 0)
(0.0024776 0.0423414 0)
(0.000208393 0.0191431 0)
(-0.000177429 -0.0137498 0)
(-0.00800285 -0.0117402 0)
(-0.0241955 0.01033 0)
(-0.0485493 0.0436644 0)
(-0.0813809 0.0828312 0)
(-0.123323 0.125611 0)
(-0.174504 0.171068 0)
(-0.23384 0.21759 0)
(-0.298852 0.262316 0)
(-0.366199 0.301793 0)
(-0.432459 0.332961 0)
(-0.494733 0.35382 0)
(-0.550914 0.36358 0)
(-0.599715 0.362474 0)
(-0.640566 0.35146 0)
(-0.673505 0.331918 0)
(-0.699071 0.305427 0)
(-0.718173 0.273576 0)
(-0.731944 0.237819 0)
(-0.741583 0.199369 0)
(-0.748229 0.159144 0)
(-0.75287 0.11777 0)
(-0.756306 0.0756107 0)
(-0.759142 0.0328364 0)
(-0.761829 -0.0105157 0)
(-0.764668 -0.0544917 0)
(-0.767785 -0.0991887 0)
(-0.7711 -0.144667 0)
(-0.774298 -0.190857 0)
(-0.776695 -0.237453 0)
(-0.777116 -0.283761 0)
(-0.773774 -0.328515 0)
(-0.764213 -0.369695 0)
(-0.745409 -0.404415 0)
(-0.714108 -0.428996 0)
(-0.667449 -0.439334 0)
(-0.603843 -0.431623 0)
(-0.523952 -0.40343 0)
(-0.431447 -0.354893 0)
(-0.333137 -0.28965 0)
(-0.238056 -0.214897 0)
(-0.155346 -0.140041 0)
(-0.0913731 -0.0739126 0)
(-0.0475043 -0.021768 0)
(-0.0205066 0.0156237 0)
(-0.00552833 0.0399775 0)
(0.00116756 0.0526779 0)
(0.00265308 0.0543149 0)
(0.00159797 0.0441549 0)
(0.00018345 0.0201493 0)
(-0.00107953 -0.00810647 0)
(-0.0144567 0.00353163 0)
(-0.0374427 0.0343059 0)
(-0.0691499 0.0762372 0)
(-0.10963 0.12435 0)
(-0.159131 0.17618 0)
(-0.216897 0.229741 0)
(-0.280758 0.282063 0)
(-0.347431 0.329326 0)
(-0.413304 0.367866 0)
(-0.475154 0.395065 0)
(-0.530547 0.409689 0)
(-0.577947 0.411789 0)
(-0.616668 0.402376 0)
(-0.646775 0.383084 0)
(-0.668962 0.35586 0)
(-0.684378 0.322708 0)
(-0.694424 0.285464 0)
(-0.700535 0.245648 0)
(-0.704015 0.204384 0)
(-0.705943 0.162412 0)
(-0.707144 0.12014 0)
(-0.708207 0.0777301 0)
(-0.709537 0.0351753 0)
(-0.711438 -0.00763309 0)
(-0.714164 -0.0508588 0)
(-0.717854 -0.0947 0)
(-0.722619 -0.139365 0)
(-0.728476 -0.185029 0)
(-0.735238 -0.231774 0)
(-0.742358 -0.279467 0)
(-0.748723 -0.327571 0)
(-0.752434 -0.374882 0)
(-0.750651 -0.41923 0)
(-0.739635 -0.457263 0)
(-0.71512 -0.484455 0)
(-0.673103 -0.495534 0)
(-0.61104 -0.485448 0)
(-0.529203 -0.450844 0)
(-0.431771 -0.391772 0)
(-0.327053 -0.313007 0)
(-0.226253 -0.224121 0)
(-0.140562 -0.137466 0)
(-0.0772079 -0.0640754 0)
(-0.0366645 -0.00951397 0)
(-0.0138339 0.0266473 0)
(-0.00266039 0.0470303 0)
(0.00128532 0.0531641 0)
(0.00144035 0.0449627 0)
(0.000287911 0.0209234 0)
(-0.00218695 0.00139552 0)
(-0.0214644 0.0251832 0)
(-0.0510868 0.0652581 0)
(-0.0895853 0.11596 0)
(-0.13664 0.172839 0)
(-0.191884 0.232777 0)
(-0.253607 0.292507 0)
(-0.318794 0.347896 0)
(-0.383775 0.394639 0)
(-0.445034 0.429328 0)
(-0.499778 0.450072 0)
(-0.546159 0.456545 0)
(-0.58331 0.449698 0)
(-0.611266 0.431369 0)
(-0.630832 0.403892 0)
(-0.643376 0.36973 0)
(-0.650549 0.331162 0)
(-0.654014 0.29006 0)
(-0.655224 0.247781 0)
(-0.655307 0.205178 0)
(-0.655051 0.162692 0)
(-0.654953 0.120471 0)
(-0.655289 0.0784815 0)
(-0.656202 0.0365933 0)
(-0.6578 -0.00536855 0)
(-0.660231 -0.0475866 0)
(-0.663596 -0.0902431 0)
(-0.668081 -0.133542 0)
(-0.673906 -0.177719 0)
(-0.681272 -0.22304 0)
(-0.690244 -0.269746 0)
(-0.700554 -0.317936 0)
(-0.711319 -0.367325 0)
(-0.720695 -0.41687 0)
(-0.725584 -0.464325 0)
(-0.721574 -0.505837 0)
(-0.703324 -0.535862 0)
(-0.66557 -0.547665 0)
(-0.604721 -0.534631 0)
(-0.520711 -0.492323 0)
(-0.418484 -0.420886 0)
(-0.308248 -0.32686 0)
(-0.203712 -0.223109 0)
(-0.118025 -0.125644 0)
(-0.0585205 -0.0475975 0)
(-0.0236957 0.00606532 0)
(-0.00622351 0.0376244 0)
(0.000661086 0.0502901 0)
(0.0018031 0.0452896 0)
(0.000485358 0.0218478 0)
(-0.00336368 0.0149858 0)
(-0.0283783 0.0530079 0)
(-0.0640072 0.102556 0)
(-0.108246 0.161741 0)
(-0.160294 0.226571 0)
(-0.219066 0.292973 0)
(-0.282032 0.356425 0)
(-0.34567 0.412001 0)
(-0.406282 0.455374 0)
(-0.460709 0.48374 0)
(-0.506736 0.496133 0)
(-0.543221 0.49324 0)
(-0.570074 0.476987 0)
(-0.588133 0.450059 0)
(-0.598923 0.415413 0)
(-0.604323 0.37584 0)
(-0.606216 0.333635 0)
(-0.606208 0.290437 0)
(-0.605486 0.247234 0)
(-0.604798 0.204488 0)
(-0.604537 0.162307 0)
(-0.604844 0.120603 0)
(-0.605721 0.0792083 0)
(-0.607102 0.0379384 0)
(-0.608945 -0.00337501 0)
(-0.611297 -0.0448674 0)
(-0.614212 -0.0866465 0)
(-0.617836 -0.128826 0)
(-0.622417 -0.171569 0)
(-0.628292 -0.215117 0)
(-0.63586 -0.25981 0)
(-0.64547 -0.306071 0)
(-0.657213 -0.354283 0)
(-0.670557 -0.404505 0)
(-0.683855 -0.455968 0)
(-0.693859 -0.506401 0)
(-0.695498 -0.551378 0)
(-0.682282 -0.584089 0)
(-0.647575 -0.595957 0)
(-0.586729 -0.578459 0)
(-0.499563 -0.526036 0)
(-0.392278 -0.439443 0)
(-0.277596 -0.328088 0)
(-0.172063 -0.209429 0)
(-0.0903215 -0.103766 0)
(-0.0383678 -0.0254597 0)
(-0.0113737 0.0227563 0)
(-0.000176385 0.0452522 0)
(0.00228791 0.0452783 0)
(0.000719634 0.0231263 0)
(-0.00444594 0.0325074 0)
(-0.0345463 0.0863359 0)
(-0.075148 0.145137 0)
(-0.123708 0.212071 0)
(-0.178882 0.283504 0)
(-0.238906 0.354291 0)
(-0.300669 0.41887 0)
(-0.36048 0.471937 0)
(-0.414881 0.509534 0)
(-0.461246 0.529719 0)
(-0.498058 0.532601 0)
(-0.524974 0.519977 0)
(-0.542735 0.494771 0)
(-0.552928 0.460428 0)
(-0.557601 0.420319 0)
(-0.558845 0.377263 0)
(-0.558433 0.33327 0)
(-0.557635 0.289521 0)
(-0.557191 0.246524 0)
(-0.557412 0.204339 0)
(-0.558331 0.162802 0)
(-0.559838 0.121677 0)
(-0.561776 0.0807459 0)
(-0.563993 0.0398354 0)
(-0.566385 -0.00117525 0)
(-0.568954 -0.0423576 0)
(-0.571719 -0.0837446 0)
(-0.574743 -0.12536 0)
(-0.578187 -0.167254 0)
(-0.582315 -0.209539 0)
(-0.587529 -0.252446 0)
(-0.594371 -0.296381 0)
(-0.603456 -0.341949 0)
(-0.615257 -0.389859 0)
(-0.629669 -0.440596 0)
(-0.645343 -0.493753 0)
(-0.658938 -0.547048 0)
(-0.664695 -0.595325 0)
(-0.65485 -0.630124 0)
(-0.621306 -0.640534 0)
(-0.558483 -0.615795 0)
(-0.466582 -0.549463 0)
(-0.353892 -0.443971 0)
(-0.236465 -0.313378 0)
(-0.133835 -0.181379 0)
(-0.0609253 -0.0725908 0)
(-0.0200908 -0.000360052 0)
(-0.00229418 0.0368151 0)
(0.00245726 0.0445423 0)
(0.000938239 0.0247184 0)
(-0.00528557 0.0533943 0)
(-0.0394086 0.124105 0)
(-0.0836539 0.191625 0)
(-0.134909 0.265212 0)
(-0.191292 0.341561 0)
(-0.250493 0.414511 0)
(-0.309095 0.477765 0)
(-0.363507 0.52604 0)
(-0.410708 0.556052 0)
(-0.44872 0.566918 0)
(-0.476803 0.559944 0)
(-0.495439 0.538068 0)
(-0.506128 0.505138 0)
(-0.510997 0.465138 0)
(-0.512309 0.421533 0)
(-0.512021 0.376842 0)
(-0.511524 0.33255 0)
(-0.511593 0.289269 0)
(-0.5125 0.247039 0)
(-0.5142 0.205615 0)
(-0.516502 0.164681 0)
(-0.519193 0.123962 0)
(-0.522091 0.0832645 0)
(-0.525056 0.0424648 0)
(-0.528003 0.00149747 0)
(-0.530934 -0.0396612 0)
(-0.533868 -0.0809998 0)
(-0.536798 -0.122497 0)
(-0.539782 -0.164126 0)
(-0.542932 -0.205882 0)
(-0.546473 -0.247824 0)
(-0.550801 -0.290157 0)
(-0.556537 -0.33333 0)
(-0.564515 -0.378125 0)
(-0.575585 -0.425605 0)
(-0.590111 -0.476751 0)
(-0.607081 -0.531578 0)
(-0.623046 -0.587729 0)
(-0.631422 -0.639 0)
(-0.622984 -0.674695 0)
(-0.588129 -0.680941 0)
(-0.520712 -0.644549 0)
(-0.42222 -0.55896 0)
(-0.304257 -0.430259 0)
(-0.187098 -0.279782 0)
(-0.0927923 -0.139042 0)
(-0.0339794 -0.0353298 0)
(-0.0065288 0.0230373 0)
(0.00199711 0.0422126 0)
(0.00111385 0.0263737 0)
(-0.00576189 0.0767378 0)
(-0.0425552 0.164979 0)
(-0.0889556 0.240474 0)
(-0.141241 0.319393 0)
(-0.197053 0.398849 0)
(-0.253722 0.471839 0)
(-0.307774 0.531676 0)
(-0.355921 0.573424 0)
(-0.3957 0.594717 0)
(-0.425846 0.595875 0)
(-0.446405 0.579457 0)
(-0.458606 0.549487 0)
(-0.464506 0.510529 0)
(-0.466475 0.466791 0)
(-0.466657 0.421484 0)
(-0.466615 0.376566 0)
(-0.467218 0.332877 0)
(-0.468752 0.290487 0)
(-0.47113 0.249087 0)
(-0.474107 0.208275 0)
(-0.477424 0.16771 0)
(-0.480885 0.127163 0)
(-0.484366 0.0865056 0)
(-0.487791 0.0456726 0)
(-0.491125 0.00463979 0)
(-0.494399 -0.036594 0)
(-0.497641 -0.078007 0)
(-0.500819 -0.119577 0)
(-0.503927 -0.161257 0)
(-0.506961 -0.202988 0)
(-0.509961 -0.244715 0)
(-0.513066 -0.28644 0)
(-0.516617 -0.328321 0)
(-0.521263 -0.370831 0)
(-0.528015 -0.414923 0)
(-0.53809 -0.462054 0)
(-0.552325 -0.513772 0)
(-0.570025 -0.570526 0)
(-0.587488 -0.629684 0)
(-0.597024 -0.683409 0)
(-0.587679 -0.717897 0)
(-0.548437 -0.715591 0)
(-0.473362 -0.661074 0)
(-0.366692 -0.549446 0)
(-0.244946 -0.39376 0)
(-0.133183 -0.226017 0)
(-0.0540149 -0.0859158 0)
(-0.0133678 0.00151036 0)
(0.000756846 0.0371117 0)
(0.00125043 0.027734 0)
(-0.00580009 0.101403 0)
(-0.0437565 0.207476 0)
(-0.0907939 0.290106 0)
(-0.142541 0.372966 0)
(-0.196266 0.453791 0)
(-0.24913 0.524987 0)
(-0.297804 0.579791 0)
(-0.339433 0.613889 0)
(-0.372174 0.626003 0)
(-0.395478 0.617737 0)
(-0.410099 0.592877 0)
(-0.417832 0.556365 0)
(-0.421023 0.513186 0)
(-0.421973 0.467423 0)
(-0.422459 0.421749 0)
(-0.423524 0.377424 0)
(-0.425534 0.334665 0)
(-0.428408 0.293132 0)
(-0.43187 0.252332 0)
(-0.435625 0.211843 0)
(-0.439458 0.171391 0)
(-0.443252 0.130833 0)
(-0.446967 0.0901098 0)
(-0.45059 0.0492019 0)
(-0.454129 0.00810473 0)
(-0.457643 -0.0331811 0)
(-0.461173 -0.0746438 0)
(-0.464691 -0.116281 0)
(-0.46817 -0.158065 0)
(-0.471563 -0.199942 0)
(-0.474806 -0.241829 0)
(-0.477854 -0.283625 0)
(-0.480747 -0.325263 0)
(-0.483746 -0.366843 0)
(-0.487498 -0.408848 0)
(-0.493173 -0.452425 0)
(-0.502353 -0.499493 0)
(-0.516332 -0.552246 0)
(-0.534621 -0.611515 0)
(-0.552946 -0.673936 0)
(-0.562035 -0.729049 0)
(-0.548916 -0.758702 0)
(-0.501576 -0.741048 0)
(-0.415728 -0.659568 0)
(-0.3005 -0.514519 0)
(-0.179014 -0.330949 0)
(-0.0804148 -0.154818 0)
(-0.0231554 -0.0305535 0)
(-0.0012962 0.0279123 0)
(0.00136731 0.0284232 0)
(-0.00537779 0.126147 0)
(-0.0429589 0.250091 0)
(-0.089192 0.339034 0)
(-0.139025 0.424514 0)
(-0.189469 0.505187 0)
(-0.237688 0.573152 0)
(-0.280638 0.621844 0)
(-0.315971 0.647767 0)
(-0.342467 0.65084 0)
(-0.360222 0.633956 0)
(-0.370546 0.602005 0)
(-0.375567 0.560599 0)
(-0.377639 0.514815 0)
(-0.378762 0.468312 0)
(-0.380221 0.423059 0)
(-0.382556 0.37962 0)
(-0.385754 0.337715 0)
(-0.389537 0.296768 0)
(-0.393585 0.256251 0)
(-0.39766 0.21582 0)
(-0.401639 0.175302 0)
(-0.405493 0.134638 0)
(-0.409245 0.093823 0)
(-0.412926 0.0528588 0)
(-0.41656 0.0117431 0)
(-0.42022 -0.0295334 0)
(-0.423958 -0.0709737 0)
(-0.427756 -0.112599 0)
(-0.431594 -0.15441 0)
(-0.435429 -0.196387 0)
(-0.439178 -0.238475 0)
(-0.442728 -0.28057 0)
(-0.445955 -0.322524 0)
(-0.448804 -0.364197 0)
(-0.451447 -0.40562 0)
(-0.454529 -0.4473 0)
(-0.459395 -0.490637 0)
(-0.46801 -0.538138 0)
(-0.482093 -0.592743 0)
(-0.501106 -0.655451 0)
(-0.519639 -0.721274 0)
(-0.526168 -0.775528 0)
(-0.505567 -0.794183 0)
(-0.445915 -0.751127 0)
(-0.346978 -0.631765 0)
(-0.225505 -0.44765 0)
(-0.112128 -0.242335 0)
(-0.0363627 -0.0761331 0)
(-0.00423543 0.0131198 0)
(0.00145593 0.0280329 0)
(-0.00452037 0.149732 0)
(-0.0402572 0.291388 0)
(-0.0843959 0.38594 0)
(-0.131179 0.472897 0)
(-0.177478 0.552208 0)
(-0.220588 0.615954 0)
(-0.257845 0.657981 0)
(-0.287421 0.675739 0)
(-0.308665 0.670376 0)
(-0.322197 0.646003 0)
(-0.329685 0.608423 0)
(-0.333345 0.563628 0)
(-0.335324 0.516488 0)
(-0.337189 0.470046 0)
(-0.33974 0.425532 0)
(-0.34312 0.382916 0)
(-0.347099 0.341596 0)
(-0.351345 0.300918 0)
(-0.355595 0.260422 0)
(-0.359708 0.219877 0)
(-0.363651 0.179212 0)
(-0.367457 0.138426 0)
(-0.371189 0.0975395 0)
(-0.374889 0.056559 0)
(-0.378584 0.0154726 0)
(-0.382342 -0.0257423 0)
(-0.386223 -0.0671015 0)
(-0.390216 -0.108643 0)
(-0.394309 -0.150392 0)
(-0.398479 -0.19236 0)
(-0.40267 -0.234537 0)
(-0.40678 -0.276868 0)
(-0.410654 -0.319228 0)
(-0.414101 -0.36142 0)
(-0.416976 -0.403225 0)
(-0.419379 -0.444604 0)
(-0.421982 -0.486132 0)
(-0.426358 -0.529598 0)
(-0.434913 -0.578306 0)
(-0.44969 -0.636017 0)
(-0.469627 -0.70334 0)
(-0.487287 -0.772019 0)
(-0.488135 -0.820788 0)
(-0.455311 -0.818303 0)
(-0.379265 -0.736007 0)
(-0.267361 -0.567659 0)
(-0.146601 -0.345531 0)
(-0.0533008 -0.137427 0)
(-0.00822486 -0.00889066 0)
(0.00146843 0.0261092 0)
(-0.00329104 0.17102 0)
(-0.0358554 0.330075 0)
(-0.0768006 0.429719 0)
(-0.119653 0.51726 0)
(-0.161237 0.594358 0)
(-0.199076 0.653342 0)
(-0.230923 0.688621 0)
(-0.255446 0.698653 0)
(-0.272465 0.685776 0)
(-0.282962 0.655182 0)
(-0.288761 0.613351 0)
(-0.291966 0.566383 0)
(-0.294377 0.51873 0)
(-0.297113 0.472735 0)
(-0.300569 0.428957 0)
(-0.304639 0.386932 0)
(-0.309012 0.345897 0)
(-0.3134 0.305233 0)
(-0.317633 0.264597 0)
(-0.321663 0.22387 0)
(-0.325521 0.18305 0)
(-0.329276 0.14217 0)
(-0.332998 0.101252 0)
(-0.336732 0.0602946 0)
(-0.340492 0.0192727 0)
(-0.344335 -0.0218489 0)
(-0.348326 -0.0630947 0)
(-0.352461 -0.104514 0)
(-0.356725 -0.146145 0)
(-0.361113 -0.188022 0)
(-0.365596 -0.230169 0)
(-0.370114 -0.272582 0)
(-0.374548 -0.315207 0)
(-0.37871 -0.357896 0)
(-0.382351 -0.400392 0)
(-0.385248 -0.442386 0)
(-0.387456 -0.48379 0)
(-0.389737 -0.525346 0)
(-0.394008 -0.569477 0)
(-0.403179 -0.620596 0)
(-0.41938 -0.683198 0)
(-0.440171 -0.756218 0)
(-0.454832 -0.825309 0)
(-0.445344 -0.859612 0)
(-0.394815 -0.820339 0)
(-0.300054 -0.682163 0)
(-0.180308 -0.458759 0)
(-0.0734234 -0.214788 0)
(-0.0135083 -0.0398934 0)
(0.00138321 0.0221732 0)
(-0.00177908 0.189035 0)
(-0.030026 0.365039 0)
(-0.0668811 0.469493 0)
(-0.105156 0.557013 0)
(-0.141703 0.631402 0)
(-0.17432 0.685486 0)
(-0.201185 0.714329 0)
(-0.221395 0.717382 0)
(-0.235124 0.698082 0)
(-0.243547 0.662517 0)
(-0.248461 0.617614 0)
(-0.251721 0.569362 0)
(-0.254734 0.521677 0)
(-0.258217 0.476222 0)
(-0.262285 0.433015 0)
(-0.266711 0.391315 0)
(-0.2712 0.350325 0)
(-0.275544 0.309519 0)
(-0.279668 0.268677 0)
(-0.283591 0.227765 0)
(-0.287378 0.186825 0)
(-0.291107 0.145893 0)
(-0.294845 0.104984 0)
(-0.298631 0.0640826 0)
(-0.302466 0.0231491 0)
(-0.306393 -0.0178609 0)
(-0.310486 -0.0589771 0)
(-0.314744 -0.100258 0)
(-0.319143 -0.141747 0)
(-0.323686 -0.183492 0)
(-0.328362 -0.225535 0)
(-0.33314 -0.267911 0)
(-0.337952 -0.310623 0)
(-0.342668 -0.353612 0)
(-0.347067 -0.396696 0)
(-0.350842 -0.43954 0)
(-0.353708 -0.481734 0)
(-0.355723 -0.52319 0)
(-0.35786 -0.565024 0)
(-0.362546 -0.610709 0)
(-0.373222 -0.666125 0)
(-0.391533 -0.735899 0)
(-0.412229 -0.814604 0)
(-0.419911 -0.877454 0)
(-0.393739 -0.881314 0)
(-0.320704 -0.783683 0)
(-0.209702 -0.574992 0)
(-0.0951435 -0.306188 0)
(-0.0203066 -0.0815511 0)
(0.00124188 0.0157435 0)
(-8.88162e-05 0.203004 0)
(-0.0230761 0.395361 0)
(-0.0551358 0.504591 0)
(-0.0883907 0.591781 0)
(-0.119762 0.663299 0)
(-0.147338 0.712689 0)
(-0.169696 0.735703 0)
(-0.186285 0.732723 0)
(-0.197499 0.708138 0)
(-0.204555 0.668741 0)
(-0.209084 0.621698 0)
(-0.212617 0.572748 0)
(-0.216182 0.525243 0)
(-0.220188 0.480256 0)
(-0.224582 0.437406 0)
(-0.229113 0.395808 0)
(-0.233546 0.354707 0)
(-0.237762 0.313691 0)
(-0.241755 0.27264 0)
(-0.245582 0.231579 0)
(-0.249321 0.190563 0)
(-0.253043 0.149622 0)
(-0.256809 0.108755 0)
(-0.260652 0.0679336 0)
(-0.264563 0.0271076 0)
(-0.268572 -0.0137761 0)
(-0.272764 -0.0547502 0)
(-0.277145 -0.0958817 0)
(-0.281676 -0.137219 0)
(-0.286363 -0.178815 0)
(-0.291199 -0.220722 0)
(-0.296169 -0.262994 0)
(-0.301239 -0.305674 0)
(-0.306332 -0.348771 0)
(-0.3113 -0.392208 0)
(-0.315884 -0.435748 0)
(-0.319719 -0.478947 0)
(-0.322479 -0.521296 0)
(-0.324312 -0.562824 0)
(-0.326592 -0.605418 0)
(-0.332469 -0.654238 0)
(-0.345736 -0.716808 0)
(-0.36633 -0.795966 0)
(-0.384114 -0.876899 0)
(-0.378284 -0.918915 0)
(-0.328379 -0.867119 0)
(-0.232044 -0.687248 0)
(-0.11632 -0.407662 0)
(-0.0286183 -0.135003 0)
(0.0011066 0.00631161 0)
(0.00167015 0.212375 0)
(-0.0153223 0.420314 0)
(-0.0420466 0.534527 0)
(-0.0699991 0.621362 0)
(-0.0961826 0.690129 0)
(-0.11896 0.735302 0)
(-0.137272 0.753307 0)
(-0.150826 0.745339 0)
(-0.160118 0.716575 0)
(-0.166279 0.674322 0)
(-0.170686 0.625833 0)
(-0.174523 0.576532 0)
(-0.178491 0.529248 0)
(-0.182785 0.484585 0)
(-0.187276 0.441896 0)
(-0.191743 0.400247 0)
(-0.196027 0.358957 0)
(-0.200082 0.317721 0)
(-0.203945 0.276493 0)
(-0.207689 0.235328 0)
(-0.211389 0.19428 0)
(-0.215106 0.153364 0)
(-0.218894 0.112564 0)
(-0.222785 0.0718439 0)
(-0.226765 0.0311445 0)
(-0.230846 -0.00959562 0)
(-0.235133 -0.0504105 0)
(-0.239644 -0.0913784 0)
(-0.244318 -0.132552 0)
(-0.249163 -0.173987 0)
(-0.254169 -0.215743 0)
(-0.259327 -0.257882 0)
(-0.264617 -0.300465 0)
(-0.269997 -0.343547 0)
(-0.275378 -0.387133 0)
(-0.280584 -0.431108 0)
(-0.285307 -0.475141 0)
(-0.289121 -0.518643 0)
(-0.291705 -0.561038 0)
(-0.29345 -0.602763 0)
(-0.296414 -0.647178 0)
(-0.304635 -0.701942 0)
(-0.32153 -0.775489 0)
(-0.34305 -0.864164 0)
(-0.351985 -0.935848 0)
(-0.323877 -0.930077 0)
(-0.245824 -0.78968 0)
(-0.134913 -0.51419 0)
(-0.0380559 -0.200026 0)
(0.000956508 -0.00658706 0)
(0.00339215 0.216843 0)
(-0.00707334 0.439315 0)
(-0.0280616 0.558961 0)
(-0.0505429 0.64567 0)
(-0.0716021 0.712041 0)
(-0.0898361 0.753671 0)
(-0.104497 0.767616 0)
(-0.115473 0.755739 0)
(-0.123261 0.723823 0)
(-0.128811 0.679524 0)
(-0.133198 0.630085 0)
(-0.137269 0.580608 0)
(-0.141465 0.533494 0)
(-0.145844 0.489 0)
(-0.150265 0.446323 0)
(-0.154563 0.404533 0)
(-0.158651 0.363033 0)
(-0.162531 0.321603 0)
(-0.166264 0.280242 0)
(-0.169924 0.239016 0)
(-0.173578 0.197971 0)
(-0.177277 0.157107 0)
(-0.181069 0.116398 0)
(-0.18499 0.0757986 0)
(-0.189026 0.0352479 0)
(-0.193163 -0.00532422 0)
(-0.197537 -0.0459562 0)
(-0.202183 -0.0867376 0)
(-0.207015 -0.127728 0)
(-0.212038 -0.168988 0)
(-0.217241 -0.210577 0)
(-0.222613 -0.252563 0)
(-0.22814 -0.295016 0)
(-0.233795 -0.338015 0)
(-0.239526 -0.381617 0)
(-0.245221 -0.425807 0)
(-0.25066 -0.470396 0)
(-0.255473 -0.514902 0)
(-0.259188 -0.558562 0)
(-0.261579 -0.600883 0)
(-0.263542 -0.643318 0)
(-0.268181 -0.69185 0)
(-0.280267 -0.757154 0)
(-0.300918 -0.845196 0)
(-0.318784 -0.936483 0)
(-0.309218 -0.97262 0)
(-0.250791 -0.87818 0)
(-0.149448 -0.620666 0)
(-0.0478956 -0.274874 0)
(0.000653975 -0.0233916 0)
(0.0049358 0.216224 0)
(0.00136623 0.45203 0)
(-0.0135787 0.577637 0)
(-0.0305012 0.664695 0)
(-0.0465312 0.7292 0)
(-0.0604483 0.768097 0)
(-0.0717694 0.779003 0)
(-0.0804937 0.764284 0)
(-0.0870416 0.730149 0)
(-0.0921257 0.684469 0)
(-0.0964941 0.634422 0)
(-0.100691 0.584841 0)
(-0.10495 0.537804 0)
(-0.109259 0.493343 0)
(-0.113496 0.450577 0)
(-0.117559 0.408609 0)
(-0.121419 0.366914 0)
(-0.125112 0.325328 0)
(-0.128705 0.283878 0)
(-0.132266 0.242632 0)
(-0.135855 0.20162 0)
(-0.139513 0.160833 0)
(-0.143287 0.120234 0)
(-0.147218 0.0797777 0)
(-0.151293 0.0394035 0)
(-0.155469 -0.000965913 0)
(-0.159916 -0.0413873 0)
(-0.164699 -0.0819493 0)
(-0.169702 -0.122729 0)
(-0.174922 -0.163788 0)
(-0.18035 -0.20519 0)
(-0.185973 -0.247001 0)
(-0.191775 -0.289299 0)
(-0.197738 -0.332172 0)
(-0.203825 -0.375711 0)
(-0.209964 -0.419968 0)
(-0.216008 -0.464872 0)
(-0.221676 -0.510099 0)
(-0.22653 -0.554949 0)
(-0.230091 -0.598519 0)
(-0.232423 -0.640824 0)
(-0.235333 -0.685523 0)
(-0.243273 -0.742709 0)
(-0.260575 -0.824678 0)
(-0.282312 -0.925762 0)
(-0.287037 -0.996658 0)
(-0.247708 -0.950498 0)
(-0.159193 -0.722613 0)
(-0.0573121 -0.356809 0)
(-8.08273e-06 -0.0445218 0)
(0.00614745 0.210753 0)
(0.00963345 0.458014 0)
(0.00107929 0.590469 0)
(-0.010272 0.678448 0)
(-0.0213736 0.741762 0)
(-0.0311503 0.77881 0)
(-0.0393453 0.787724 0)
(-0.0460198 0.771199 0)
(-0.0514688 0.735694 0)
(-0.0561331 0.689184 0)
(-0.0604351 0.638773 0)
(-0.0646435 0.589098 0)
(-0.068835 0.542038 0)
(-0.0729584 0.497502 0)
(-0.0769326 0.454588 0)
(-0.0807154 0.412436 0)
(-0.0843221 0.370577 0)
(-0.0878071 0.328881 0)
(-0.0912378 0.287386 0)
(-0.0946764 0.246153 0)
(-0.0981729 0.205202 0)
(-0.101766 0.164516 0)
(-0.105498 0.12405 0)
(-0.109416 0.0837604 0)
(-0.113512 0.0435923 0)
(-0.117715 0.00346516 0)
(-0.122219 -0.0367105 0)
(-0.127132 -0.0770108 0)
(-0.132315 -0.117543 0)
(-0.137749 -0.158367 0)
(-0.143426 -0.199549 0)
(-0.149333 -0.241156 0)
(-0.155455 -0.283267 0)
(-0.161773 -0.325978 0)
(-0.16826 -0.369399 0)
(-0.174863 -0.413625 0)
(-0.18148 -0.458673 0)
(-0.187908 -0.504359 0)
(-0.193796 -0.550134 0)
(-0.198648 -0.595037 0)
(-0.202096 -0.63826 0)
(-0.204844 -0.681344 0)
(-0.210155 -0.732151 0)
(-0.223503 -0.805586 0)
(-0.245446 -0.908287 0)
(-0.260054 -1.00521 0)
(-0.237985 -1.00603 0)
(-0.164095 -0.816561 0)
(-0.0655863 -0.4427 0)
(-0.00114648 -0.0702152 0)
(0.0069355 0.200932 0)
(0.0173482 0.456865 0)
(0.0155864 0.597304 0)
(0.00983319 0.68703 0)
(0.00355197 0.749851 0)
(-0.00220297 0.78598 0)
(-0.00738595 0.793947 0)
(-0.0121 0.776605 0)
(-0.0164921 0.740506 0)
(-0.0207186 0.693642 0)
(-0.0248841 0.643052 0)
(-0.029006 0.593271 0)
(-0.0330314 0.546092 0)
(-0.0368911 0.501396 0)
(-0.0405475 0.458297 0)
(-0.0440121 0.415976 0)
(-0.0473353 0.373993 0)
(-0.0505836 0.332232 0)
(-0.0538217 0.290733 0)
(-0.0571049 0.249546 0)
(-0.0604785 0.208687 0)
(-0.0639794 0.168128 0)
(-0.0676467 0.127823 0)
(-0.0715313 0.0877229 0)
(-0.0756331 0.0477837 0)
(-0.0798547 0.00792838 0)
(-0.0843955 -0.0319557 0)
(-0.089424 -0.0719399 0)
(-0.0947933 -0.112175 0)
(-0.10045 -0.15272 0)
(-0.106394 -0.193638 0)
(-0.112615 -0.234997 0)
(-0.119097 -0.276879 0)
(-0.125823 -0.319384 0)
(-0.132766 -0.362633 0)
(-0.139886 -0.406753 0)
(-0.147104 -0.451822 0)
(-0.154269 -0.497764 0)
(-0.161116 -0.544184 0)
(-0.167217 -0.590222 0)
(-0.172081 -0.634739 0)
(-0.175706 -0.677768 0)
(-0.180017 -0.724449 0)
(-0.190085 -0.789242 0)
(-0.210127 -0.887735 0)
(-0.230686 -1.00172 0)
(-0.223301 -1.04544 0)
(-0.1646 -0.900171 0)
(-0.0722481 -0.529573 0)
(-0.00271552 -0.100406 0)
(0.0072874 0.187383 0)
(0.0241897 0.448529 0)
(0.0295753 0.597835 0)
(0.0295439 0.690476 0)
(0.028004 0.753567 0)
(0.0261999 0.789663 0)
(0.0240004 0.79771 0)
(0.0212525 0.78052 0)
(0.0179554 0.744574 0)
(0.0142303 0.697799 0)
(0.0102784 0.647194 0)
(0.00631956 0.59729 0)
(0.00252712 0.549913 0)
(-0.00101462 0.504994 0)
(-0.00431026 0.461693 0)
(-0.00742002 0.419223 0)
(-0.0104239 0.377156 0)
(-0.0133981 0.335377 0)
(-0.0164051 0.293912 0)
(-0.0194948 0.252807 0)
(-0.0227102 0.212069 0)
(-0.0260889 0.171668 0)
(-0.0296699 0.13155 0)
(-0.033508 0.0916612 0)
(-0.0376177 0.0519671 0)
(-0.0418618 0.0124128 0)
(-0.0464135 -0.0271216 0)
(-0.051527 -0.0667311 0)
(-0.0570754 -0.106619 0)
(-0.0629549 -0.146839 0)
(-0.0691749 -0.187443 0)
(-0.0757317 -0.228501 0)
(-0.0826112 -0.270097 0)
(-0.0897943 -0.312339 0)
(-0.0972558 -0.355357 0)
(-0.104958 -0.3993 0)
(-0.112837 -0.444291 0)
(-0.120773 -0.490334 0)
(-0.128561 -0.537159 0)
(-0.135863 -0.584049 0)
(-0.142211 -0.629819 0)
(-0.147275 -0.673636 0)
(-0.151914 -0.718213 0)
(-0.159997 -0.775691 0)
(-0.177416 -0.866616 0)
(-0.200841 -0.989486 0)
(-0.205308 -1.07021 0)
(-0.16144 -0.97215 0)
(-0.0771213 -0.614927 0)
(-0.00454676 -0.134703 0)
(0.00723063 0.170852 0)
(0.029892 0.433156 0)
(0.0426585 0.591766 0)
(0.048586 0.688724 0)
(0.0517717 0.752968 0)
(0.0538889 0.789872 0)
(0.0547181 0.798961 0)
(0.0540306 0.782851 0)
(0.0519425 0.747788 0)
(0.048827 0.701552 0)
(0.0451741 0.651116 0)
(0.0414363 0.601094 0)
(0.0379128 0.553451 0)
(0.0347144 0.508248 0)
(0.0318067 0.464728 0)
(0.0290863 0.422132 0)
(0.0264426 0.380025 0)
(0.0237869 0.338275 0)
(0.0210556 0.296893 0)
(0.0182009 0.255915 0)
(0.0151802 0.215348 0)
(0.0119523 0.17516 0)
(0.00847389 0.135301 0)
(0.00469057 0.0957135 0)
(0.000571741 0.0563653 0)
(-0.00370821 0.0171959 0)
(-0.00824997 -0.0219975 0)
(-0.0134023 -0.0612618 0)
(-0.0191026 -0.100795 0)
(-0.0251953 -0.140659 0)
(-0.0316914 -0.180906 0)
(-0.0385966 -0.221608 0)
(-0.0459021 -0.262859 0)
(-0.0535886 -0.304776 0)
(-0.0616278 -0.347501 0)
(-0.069982 -0.391197 0)
(-0.0785936 -0.436021 0)
(-0.087365 -0.482036 0)
(-0.0961314 -0.529072 0)
(-0.104627 -0.576541 0)
(-0.112461 -0.62333 0)
(-0.119219 -0.668212 0)
(-0.125092 -0.712129 0)
(-0.132589 -0.764196 0)
(-0.147673 -0.846302 0)
(-0.171861 -0.971354 0)
(-0.185456 -1.08223 0)
(-0.155461 -1.03206 0)
(-0.0802917 -0.696853 0)
(-0.00643054 -0.172465 0)
(0.00681679 0.152185 0)
(0.0342487 0.411116 0)
(0.0544431 0.578834 0)
(0.0666562 0.681616 0)
(0.0746467 0.748066 0)
(0.080694 0.786585 0)
(0.08465 0.797601 0)
(0.0861909 0.783457 0)
(0.0854964 0.749999 0)
(0.0831482 0.704773 0)
(0.0799001 0.654722 0)
(0.0764362 0.604614 0)
(0.0732001 0.556649 0)
(0.0703537 0.5111 0)
(0.0678509 0.467332 0)
(0.0655523 0.424618 0)
(0.0633146 0.382505 0)
(0.0610307 0.340825 0)
(0.0586304 0.299568 0)
(0.0560643 0.258762 0)
(0.0532889 0.218411 0)
(0.05026 0.178488 0)
(0.0469314 0.138943 0)
(0.0432494 0.0997224 0)
(0.0391639 0.0607795 0)
(0.0347915 0.0220394 0)
(0.0301696 -0.0167452 0)
(0.025008 -0.0556229 0)
(0.019208 -0.0947321 0)
(0.0129184 -0.134158 0)
(0.00614722 -0.173963 0)
(-0.00111796 -0.214235 0)
(-0.00887638 -0.255076 0)
(-0.0171088 -0.296606 0)
(-0.0257809 -0.338972 0)
(-0.034852 -0.382351 0)
(-0.0442698 -0.426923 0)
(-0.0539517 -0.472801 0)
(-0.0637624 -0.519885 0)
(-0.073491 -0.567693 0)
(-0.0828269 -0.61521 0)
(-0.0913838 -0.661087 0)
(-0.0990355 -0.705163 0)
(-0.107153 -0.753677 0)
(-0.120782 -0.827227 0)
(-0.144563 -0.949506 0)
(-0.164905 -1.08349 0)
(-0.147505 -1.0801 0)
(-0.0820387 -0.774026 0)
(-0.00819063 -0.212946 0)
(0.0061209 0.132269 0)
(0.0371183 0.383023 0)
(0.0645345 0.558859 0)
(0.0833936 0.668892 0)
(0.0963903 0.738795 0)
(0.106427 0.779737 0)
(0.113644 0.793479 0)
(0.117641 0.782138 0)
(0.118592 0.751019 0)
(0.117225 0.707322 0)
(0.114523 0.657938 0)
(0.111397 0.607829 0)
(0.10846 0.559516 0)
(0.105961 0.51356 0)
(0.103867 0.469498 0)
(0.102016 0.426652 0)
(0.10023 0.384544 0)
(0.0983776 0.342964 0)
(0.0963717 0.301868 0)
(0.0941565 0.261269 0)
(0.0916856 0.221168 0)
(0.0889127 0.18154 0)
(0.08579 0.142336 0)
(0.0822675 0.103494 0)
(0.0782944 0.0649501 0)
(0.0739192 0.0266264 0)
(0.0692293 -0.0116735 0)
(0.0640092 -0.0500326 0)
(0.0580918 -0.0885927 0)
(0.0515864 -0.12746 0)
(0.0445072 -0.166712 0)
(0.0368361 -0.206444 0)
(0.028579 -0.246764 0)
(0.0197565 -0.287797 0)
(0.0103991 -0.3297 0)
(0.000547654 -0.372665 0)
(-0.00974997 -0.416893 0)
(-0.020422 -0.462526 0)
(-0.0313553 -0.509514 0)
(-0.0423845 -0.557451 0)
(-0.0532704 -0.605412 0)
(-0.0636933 -0.652043 0)
(-0.0734301 -0.69659 0)
(-0.0830766 -0.743021 0)
(-0.0963675 -0.80917 0)
(-0.119346 -0.925452 0)
(-0.144514 -1.07585 0)
(-0.138327 -1.11681 0)
(-0.0827577 -0.845631 0)
(-0.00973054 -0.255439 0)
(0.0052379 0.111978 0)
(0.0384348 0.349752 0)
(0.0725474 0.531819 0)
(0.0983585 0.650209 0)
(0.116695 0.724981 0)
(0.130859 0.769211 0)
(0.1415 0.786394 0)
(0.148222 0.778626 0)
(0.151135 0.750588 0)
(0.151031 0.709005 0)
(0.149069 0.660656 0)
(0.146379 0.610711 0)
(0.143764 0.562067 0)
(0.1416 0.515651 0)
(0.139907 0.471233 0)
(0.138518 0.428219 0)
(0.137227 0.386115 0)
(0.135866 0.344657 0)
(0.134325 0.303761 0)
(0.132531 0.263413 0)
(0.130434 0.22361 0)
(0.127982 0.184326 0)
(0.125127 0.145513 0)
(0.12182 0.107103 0)
(0.118014 0.0690173 0)
(0.113702 0.0311698 0)
(0.108974 -0.00659991 0)
(0.103677 -0.0443899 0)
(0.0976247 -0.0823373 0)
(0.0908918 -0.120566 0)
(0.0834935 -0.159174 0)
(0.0754066 -0.198259 0)
(0.0666292 -0.237941 0)
(0.0571777 -0.278358 0)
(0.0470793 -0.319681 0)
(0.0363724 -0.362115 0)
(0.0251096 -0.405878 0)
(0.0133607 -0.451129 0)
(0.00121678 -0.49786 0)
(-0.0112004 -0.545724 0)
(-0.023715 -0.59386 0)
(-0.0360794 -0.640942 0)
(-0.0480858 -0.685934 0)
(-0.0598865 -0.731251 0)
(-0.0739526 -0.79151 0)
(-0.0963015 -0.900091 0)
(-0.124863 -1.06093 0)
(-0.128558 -1.14295 0)
(-0.0828896 -0.911247 0)
(-0.0110511 -0.299391 0)
(0.00427222 0.0921189 0)
(0.0382204 0.312438 0)
(0.0781328 0.497935 0)
(0.111032 0.625202 0)
(0.135147 0.70633 0)
(0.153689 0.754833 0)
(0.167945 0.776112 0)
(0.17769 0.772601 0)
(0.182938 0.748369 0)
(0.184457 0.709548 0)
(0.183508 0.662703 0)
(0.18141 0.613183 0)
(0.179176 0.564292 0)
(0.177346 0.517387 0)
(0.176038 0.472543 0)
(0.175114 0.4293 0)
(0.174348 0.387172 0)
(0.173536 0.345845 0)
(0.172532 0.305181 0)
(0.17124 0.265133 0)
(0.169592 0.225684 0)
(0.167534 0.186803 0)
(0.165013 0.148442 0)
(0.161979 0.110529 0)
(0.158383 0.0729769 0)
(0.154184 0.0356897 0)
(0.149457 -0.0014676 0)
(0.144094 -0.038618 0)
(0.13791 -0.0758778 0)
(0.130947 -0.113382 0)
(0.123218 -0.151248 0)
(0.114697 -0.189589 0)
(0.105374 -0.228534 0)
(0.0952609 -0.268234 0)
(0.084384 -0.308872 0)
(0.0727795 -0.350662 0)
(0.0604953 -0.393831 0)
(0.047589 -0.438557 0)
(0.0341296 -0.484859 0)
(0.0202095 -0.532425 0)
(0.00595508 -0.580452 0)
(-0.00845621 -0.627654 0)
(-0.0228751 -0.672873 0)
(-0.0372452 -0.717579 0)
(-0.0530582 -0.773444 0)
(-0.0753227 -0.873821 0)
(-0.106301 -1.04002 0)
(-0.118679 -1.1593 0)
(-0.0828643 -0.970738 0)
(-0.0122491 -0.344476 0)
(0.0033224 0.073377 0)
(0.0365961 0.272449 0)
(0.0810186 0.457759 0)
(0.12084 0.593585 0)
(0.151201 0.682436 0)
(0.174505 0.736349 0)
(0.192626 0.762381 0)
(0.2057 0.763709 0)
(0.213698 0.74396 0)
(0.217278 0.708587 0)
(0.217714 0.663819 0)
(0.216461 0.615104 0)
(0.214734 0.566142 0)
(0.213274 0.518768 0)
(0.212346 0.473434 0)
(0.211879 0.429881 0)
(0.211654 0.387672 0)
(0.211437 0.346459 0)
(0.211038 0.306045 0)
(0.210327 0.26634 0)
(0.209214 0.2273 0)
(0.20763 0.188886 0)
(0.205515 0.151043 0)
(0.202814 0.113698 0)
(0.199476 0.0767589 0)
(0.195444 0.0401223 0)
(0.190763 0.0036699 0)
(0.185355 -0.0327479 0)
(0.179057 -0.0692287 0)
(0.171871 -0.105911 0)
(0.163807 -0.142932 0)
(0.15484 -0.180417 0)
(0.144954 -0.218508 0)
(0.134156 -0.25737 0)
(0.122468 -0.297198 0)
(0.109923 -0.338219 0)
(0.0965617 -0.380667 0)
(0.0824292 -0.424726 0)
(0.0675713 -0.470421 0)
(0.0520414 -0.517465 0)
(0.0359103 -0.565092 0)
(0.0192999 -0.612056 0)
(0.0023126 -0.657174 0)
(-0.0149161 -0.701406 0)
(-0.0332537 -0.754129 0)
(-0.0561839 -0.846662 0)
(-0.0889945 -1.01407 0)
(-0.109025 -1.16656 0)
(-0.0830567 -1.02413 0)
(-0.0135052 -0.390628 0)
(0.00246458 0.0562786 0)
(0.0337817 0.231332 0)
(0.0810597 0.412239 0)
(0.127212 0.555271 0)
(0.164176 0.652823 0)
(0.192751 0.713392 0)
(0.215074 0.744908 0)
(0.2318 0.751582 0)
(0.242981 0.736905 0)
(0.249131 0.705669 0)
(0.251436 0.663636 0)
(0.251405 0.616232 0)
(0.250423 0.5675 0)
(0.249446 0.519762 0)
(0.248927 0.47391 0)
(0.248916 0.429962 0)
(0.249235 0.387591 0)
(0.249638 0.346445 0)
(0.249899 0.306278 0)
(0.249844 0.266947 0)
(0.249349 0.228371 0)
(0.248323 0.19049 0)
(0.246693 0.153241 0)
(0.244395 0.116544 0)
(0.241374 0.0803054 0)
(0.237566 0.0444165 0)
(0.23298 0.00876283 0)
(0.227561 -0.0268126 0)
(0.221172 -0.0624067 0)
(0.21378 -0.0981611 0)
(0.205388 -0.134223 0)
(0.195975 -0.170734 0)
(0.18552 -0.207848 0)
(0.174025 -0.245745 0)
(0.161506 -0.284632 0)
(0.14799 -0.324744 0)
(0.133506 -0.366319 0)
(0.118081 -0.409538 0)
(0.101734 -0.454425 0)
(0.084475 -0.500702 0)
(0.0663244 -0.547633 0)
(0.047346 -0.594007 0)
(0.0276054 -0.638639 0)
(0.00727824 -0.682285 0)
(-0.0141676 -0.732785 0)
(-0.0385956 -0.818381 0)
(-0.0729713 -0.983795 0)
(-0.0997751 -1.16527 0)
(-0.0837539 -1.07152 0)
(-0.0150657 -0.438045 0)
(0.00174121 0.0411699 0)
(0.0300823 0.190703 0)
(0.0782888 0.362748 0)
(0.129659 0.510527 0)
(0.1733 0.617053 0)
(0.207697 0.685482 0)
(0.234679 0.723337 0)
(0.255415 0.73584 0)
(0.270213 0.726717 0)
(0.279486 0.700251 0)
(0.284252 0.661657 0)
(0.285969 0.616193 0)
(0.286123 0.568133 0)
(0.285869 0.520261 0)
(0.285873 0.473941 0)
(0.286351 0.429544 0)
(0.28722 0.386922 0)
(0.288256 0.345774 0)
(0.289209 0.305824 0)
(0.289867 0.266878 0)
(0.290064 0.228811 0)
(0.289677 0.191531 0)
(0.288614 0.154957 0)
(0.286795 0.118999 0)
(0.284157 0.0835581 0)
(0.280631 0.0485216 0)
(0.276198 0.0137715 0)
(0.270816 -0.0208463 0)
(0.264369 -0.0554378 0)
(0.256797 -0.0901479 0)
(0.248097 -0.125132 0)
(0.238252 -0.160544 0)
(0.227237 -0.196553 0)
(0.215047 -0.233349 0)
(0.201692 -0.271153 0)
(0.187187 -0.310204 0)
(0.171544 -0.350735 0)
(0.154765 -0.392917 0)
(0.136834 -0.436763 0)
(0.117717 -0.481991 0)
(0.0973801 -0.52789 0)
(0.075835 -0.573303 0)
(0.0531224 -0.617084 0)
(0.0294751 -0.659846 0)
(0.00451855 -0.708727 0)
(-0.0222274 -0.788604 0)
(-0.0581578 -0.94966 0)
(-0.0909606 -1.15583 0)
(-0.0851259 -1.11296 0)
(-0.017216 -0.487169 0)
(0.00116067 0.0282225 0)
(0.0258561 0.152105 0)
(0.0729568 0.311044 0)
(0.127888 0.460105 0)
(0.177796 0.574889 0)
(0.21845 0.652076 0)
(0.250644 0.697218 0)
(0.275822 0.716078 0)
(0.294675 0.712897 0)
(0.307639 0.691726 0)
(0.315539 0.657256 0)
(0.31968 0.614442 0)
(0.321548 0.567645 0)
(0.322436 0.520024 0)
(0.323218 0.473415 0)
(0.324314 0.42859 0)
(0.32578 0.38566 0)
(0.327464 0.344434 0)
(0.329127 0.30465 0)
(0.33053 0.266079 0)
(0.331471 0.22855 0)
(0.331791 0.19193 0)
(0.331367 0.156112 0)
(0.330103 0.120988 0)
(0.327917 0.0864492 0)
(0.324738 0.0523764 0)
(0.320522 0.0186465 0)
(0.315233 -0.0148942 0)
(0.308773 -0.0483612 0)
(0.301062 -0.0819037 0)
(0.292091 -0.115684 0)
(0.281845 -0.149868 0)
(0.270296 -0.184636 0)
(0.257432 -0.220191 0)
(0.243249 -0.256758 0)
(0.227746 -0.294576 0)
(0.210912 -0.333867 0)
(0.192715 -0.374784 0)
(0.173096 -0.417316 0)
(0.151975 -0.461175 0)
(0.129263 -0.505669 0)
(0.104926 -0.549712 0)
(0.0789911 -0.59226 0)
(0.0517649 -0.633908 0)
(0.023049 -0.681287 0)
(-0.00671907 -0.756883 0)
(-0.0443944 -0.912016 0)
(-0.0824547 -1.13845 0)
(-0.0871979 -1.14837 0)
(-0.0202408 -0.538653 0)
(0.000709076 0.017456 0)
(0.0214698 0.116847 0)
(0.0655462 0.259166 0)
(0.121903 0.405339 0)
(0.17702 0.526504 0)
(0.224016 0.612701 0)
(0.261969 0.666013 0)
(0.292111 0.691837 0)
(0.315488 0.694941 0)
(0.332706 0.679457 0)
(0.344454 0.649703 0)
(0.35182 0.610265 0)
(0.35617 0.565435 0)
(0.358839 0.518619 0)
(0.360864 0.472066 0)
(0.362867 0.426969 0)
(0.365085 0.383752 0)
(0.367485 0.342407 0)
(0.369885 0.30274 0)
(0.372054 0.26452 0)
(0.373768 0.227539 0)
(0.374838 0.191625 0)
(0.37511 0.156635 0)
(0.374462 0.122438 0)
(0.372795 0.0889079 0)
(0.370027 0.0559139 0)
(0.366095 0.0233253 0)
(0.360964 -0.00901404 0)
(0.354546 -0.04123 0)
(0.346752 -0.0734766 0)
(0.337564 -0.105922 0)
(0.326965 -0.138744 0)
(0.314925 -0.172131 0)
(0.301419 -0.206291 0)
(0.286426 -0.241452 0)
(0.269921 -0.277842 0)
(0.251859 -0.315666 0)
(0.232167 -0.355047 0)
(0.210739 -0.39595 0)
(0.187443 -0.438071 0)
(0.16214 -0.480747 0)
(0.134761 -0.522984 0)
(0.105335 -0.563895 0)
(0.0742581 -0.604192 0)
(0.0415677 -0.650157 0)
(0.00829264 -0.722654 0)
(-0.031444 -0.871165 0)
(-0.0739683 -1.11323 0)
(-0.0898238 -1.17748 0)
(-0.0243664 -0.593292 0)
(0.000367987 0.0087678 0)
(0.017253 0.0858575 0)
(0.0567384 0.209241 0)
(0.112084 0.348148 0)
(0.170626 0.47268 0)
(0.223444 0.567164 0)
(0.267487 0.629176 0)
(0.303149 0.662586 0)
(0.331583 0.672324 0)
(0.353623 0.662803 0)
(0.369938 0.638209 0)
(0.381398 0.602801 0)
(0.389161 0.560692 0)
(0.394482 0.515376 0)
(0.398466 0.469412 0)
(0.4019 0.424375 0)
(0.405211 0.381035 0)
(0.408523 0.339621 0)
(0.411761 0.300066 0)
(0.414744 0.262183 0)
(0.41726 0.225754 0)
(0.419106 0.190579 0)
(0.420108 0.156479 0)
(0.42012 0.123293 0)
(0.419024 0.0908714 0)
(0.416724 0.0590689 0)
(0.413139 0.0277415 0)
(0.408231 -0.00326944 0)
(0.401921 -0.0341076 0)
(0.394107 -0.0649285 0)
(0.384766 -0.0959061 0)
(0.373873 -0.127225 0)
(0.361392 -0.159079 0)
(0.347278 -0.191678 0)
(0.331489 -0.225239 0)
(0.313965 -0.259976 0)
(0.29462 -0.296065 0)
(0.273333 -0.333597 0)
(0.249945 -0.372504 0)
(0.224271 -0.412472 0)
(0.196132 -0.452877 0)
(0.165437 -0.492847 0)
(0.132247 -0.53172 0)
(0.0970732 -0.570442 0)
(0.0601989 -0.615149 0)
(0.0231571 -0.685377 0)
(-0.0190006 -0.827422 0)
(-0.0650542 -1.0802 0)
(-0.0926622 -1.19971 0)
(-0.0296808 -0.651878 0)
(0.000129782 0.00195346 0)
(0.0134715 0.0596072 0)
(0.0473293 0.163247 0)
(0.0991887 0.290926 0)
(0.158705 0.414955 0)
(0.216015 0.515817 0)
(0.26598 0.586336 0)
(0.307597 0.627758 0)
(0.341662 0.644472 0)
(0.36913 0.641118 0)
(0.390725 0.62197 0)
(0.407167 0.591106 0)
(0.419366 0.552424 0)
(0.428394 0.509378 0)
(0.435311 0.464697 0)
(0.440983 0.420255 0)
(0.44599 0.377145 0)
(0.450628 0.335862 0)
(0.45496 0.296518 0)
(0.458906 0.259017 0)
(0.462304 0.22317 0)
(0.464974 0.188771 0)
(0.466739 0.155615 0)
(0.467444 0.123514 0)
(0.466957 0.0922935 0)
(0.465169 0.0617874 0)
(0.461987 0.0318354 0)
(0.457359 0.00227509 0)
(0.451211 -0.0270603 0)
(0.443442 -0.0563254 0)
(0.434007 -0.0856972 0)
(0.422872 -0.115365 0)
(0.409986 -0.145522 0)
(0.395282 -0.176369 0)
(0.378685 -0.20811 0)
(0.360094 -0.240929 0)
(0.339375 -0.274972 0)
(0.316353 -0.310289 0)
(0.290815 -0.346782 0)
(0.262529 -0.384136 0)
(0.231285 -0.421786 0)
(0.196997 -0.459026 0)
(0.159789 -0.495487 0)
(0.120323 -0.532449 0)
(0.0791173 -0.576081 0)
(0.0382461 -0.644745 0)
(-0.00669122 -0.781151 0)
(-0.0551083 -1.03947 0)
(-0.095142 -1.21408 0)
(-0.0360246 -0.714976 0)
(5.74242e-06 -0.00328378 0)
(0.0103244 0.0381247 0)
(0.0380962 0.122772 0)
(0.0842498 0.236314 0)
(0.141831 0.355627 0)
(0.201425 0.459796 0)
(0.256374 0.537562 0)
(0.304001 0.586883 0)
(0.344206 0.61077 0)
(0.377744 0.61373 0)
(0.405347 0.600189 0)
(0.427643 0.574211 0)
(0.445322 0.539537 0)
(0.459216 0.499512 0)
(0.470232 0.4569 0)
(0.479211 0.41376 0)
(0.486814 0.371438 0)
(0.493474 0.330684 0)
(0.499405 0.291811 0)
(0.504653 0.254854 0)
(0.509153 0.219695 0)
(0.512781 0.186149 0)
(0.515393 0.154011 0)
(0.516846 0.123074 0)
(0.517011 0.0931426 0)
(0.515773 0.0640318 0)
(0.513035 0.0355636 0)
(0.508728 0.00756687 0)
(0.502781 -0.0201413 0)
(0.495094 -0.0477174 0)
(0.485597 -0.0753394 0)
(0.474238 -0.103195 0)
(0.460945 -0.131469 0)
(0.445624 -0.160349 0)
(0.428158 -0.190011 0)
(0.4084 -0.220609 0)
(0.386163 -0.252246 0)
(0.36122 -0.284935 0)
(0.333305 -0.318553 0)
(0.30215 -0.352798 0)
(0.267533 -0.387199 0)
(0.229405 -0.421267 0)
(0.187995 -0.454998 0)
(0.14414 -0.490106 0)
(0.0985965 -0.532911 0)
(0.0539988 -0.600764 0)
(0.00597388 -0.732693 0)
(-0.0433673 -0.991404 0)
(-0.0964152 -1.21927 0)
(-0.0428621 -0.7828 0)
(1.84142e-05 -0.00733135 0)
(0.00790812 0.0210929 0)
(0.0295951 0.0888818 0)
(0.0683132 0.186902 0)
(0.120933 0.297596 0)
(0.179876 0.401126 0)
(0.237963 0.483639 0)
(0.290994 0.539831 0)
(0.337568 0.57066 0)
(0.377777 0.579938 0)
(0.412133 0.572067 0)
(0.441144 0.551167 0)
(0.465312 0.520922 0)
(0.485232 0.484563 0)
(0.501595 0.444806 0)
(0.515124 0.403772 0)
(0.526468 0.362969 0)
(0.536133 0.323344 0)
(0.544454 0.285398 0)
(0.551608 0.249315 0)
(0.557646 0.215078 0)
(0.562537 0.182558 0)
(0.566202 0.15157 0)
(0.568541 0.121911 0)
(0.569447 0.0933772 0)
(0.568821 0.0657697 0)
(0.566566 0.0388983 0)
(0.562608 0.0125817 0)
(0.556874 -0.0133697 0)
(0.549266 -0.0391162 0)
(0.539689 -0.0648319 0)
(0.528067 -0.0906949 0)
(0.514304 -0.116877 0)
(0.49827 -0.14354 0)
(0.479807 -0.170831 0)
(0.458719 -0.198862 0)
(0.434769 -0.227696 0)
(0.407679 -0.257309 0)
(0.377145 -0.287564 0)
(0.342878 -0.318199 0)
(0.304678 -0.34888 0)
(0.262571 -0.379395 0)
(0.216922 -0.410176 0)
(0.168761 -0.443439 0)
(0.119077 -0.485744 0)
(0.0709898 -0.55356 0)
(0.0197087 -0.68255 0)
(-0.0289909 -0.936899 0)
(-0.0953627 -1.21376 0)
(-0.0491859 -0.855273 0)
(0.00015499 -0.0106055 0)
(0.00601553 0.00803437 0)
(0.0217837 0.0621294 0)
(0.0519342 0.144925 0)
(0.0968897 0.244013 0)
(0.151927 0.342605 0)
(0.210532 0.426218 0)
(0.267553 0.487072 0)
(0.320188 0.523841 0)
(0.367449 0.539083 0)
(0.409253 0.536799 0)
(0.445814 0.52106 0)
(0.477425 0.495523 0)
(0.504452 0.463338 0)
(0.527368 0.427136 0)
(0.546718 0.38902 0)
(0.563065 0.350556 0)
(0.57691 0.312813 0)
(0.588655 0.276437 0)
(0.598578 0.241747 0)
(0.606843 0.208837 0)
(0.613526 0.177653 0)
(0.618636 0.148056 0)
(0.622139 0.11987 0)
(0.623979 0.0928971 0)
(0.624088 0.0669411 0)
(0.622389 0.0418085 0)
(0.618812 0.0173147 0)
(0.613285 -0.00672876 0)
(0.605715 -0.0304844 0)
(0.595989 -0.0541138 0)
(0.584004 -0.0777781 0)
(0.569639 -0.101628 0)
(0.552731 -0.125796 0)
(0.533083 -0.150391 0)
(0.510456 -0.175485 0)
(0.48457 -0.201096 0)
(0.455112 -0.227175 0)
(0.421763 -0.253591 0)
(0.384248 -0.280158 0)
(0.342426 -0.306725 0)
(0.296431 -0.333418 0)
(0.246788 -0.361152 0)
(0.194692 -0.392684 0)
(0.141314 -0.434852 0)
(0.0900898 -0.503376 0)
(0.0356072 -0.631007 0)
(-0.0112603 -0.8775 0)
(-0.0907162 -1.19579 0)
(-0.0535065 -0.931617 0)
(0.000274753 -0.0133086 0)
(0.00368165 -0.00128399 0)
(0.0133515 0.0428075 0)
(0.0343438 0.11202 0)
(0.069754 0.197756 0)
(0.11801 0.287364 0)
(0.174245 0.367695 0)
(0.233187 0.429836 0)
(0.290908 0.470514 0)
(0.345147 0.490733 0)
(0.394869 0.493655 0)
(0.43971 0.483024 0)
(0.479618 0.462369 0)
(0.51471 0.434746 0)
(0.545238 0.402691 0)
(0.571563 0.368238 0)
(0.594118 0.332938 0)
(0.613343 0.297905 0)
(0.629645 0.263868 0)
(0.643357 0.23125 0)
(0.65473 0.200238 0)
(0.663933 0.17086 0)
(0.671067 0.143039 0)
(0.67618 0.116639 0)
(0.679282 0.0914901 0)
(0.680352 0.0674131 0)
(0.679353 0.0442253 0)
(0.676229 0.0217504 0)
(0.67092 -0.000187285 0)
(0.663341 -0.0217492 0)
(0.653373 -0.0430751 0)
(0.640895 -0.0643013 0)
(0.625764 -0.0855499 0)
(0.607795 -0.10692 0)
(0.586761 -0.128479 0)
(0.562398 -0.150258 0)
(0.534407 -0.172242 0)
(0.502472 -0.194371 0)
(0.466298 -0.21655 0)
(0.425672 -0.238708 0)
(0.380553 -0.260926 0)
(0.331207 -0.2837 0)
(0.278287 -0.30844 0)
(0.22308 -0.338421 0)
(0.166782 -0.380736 0)
(0.112903 -0.450451 0)
(0.0554116 -0.577617 0)
(0.0104725 -0.815162 0)
(-0.0810467 -1.16285 0)
(-0.0538286 -1.00862 0)
(-5.05744e-05 -0.0147505 0)
(-0.00143678 -0.00597027 0)
(0.000984888 0.0315409 0)
(0.012535 0.0891737 0)
(0.0377819 0.160809 0)
(0.0776334 0.238104 0)
(0.129213 0.310677 0)
(0.187905 0.369954 0)
(0.249226 0.411521 0)
(0.309791 0.434915 0)
(0.367451 0.442166 0)
(0.421004 0.436345 0)
(0.469852 0.420628 0)
(0.513762 0.397869 0)
(0.552741 0.370461 0)
(0.586964 0.340329 0)
(0.61672 0.308964 0)
(0.642363 0.277464 0)
(0.664261 0.246587 0)
(0.68276 0.216811 0)
(0.698157 0.188394 0)
(0.710691 0.161432 0)
(0.72054 0.135911 0)
(0.72783 0.111744 0)
(0.732638 0.0888023 0)
(0.735004 0.0669375 0)
(0.734935 0.0459921 0)
(0.73241 0.0258105 0)
(0.727392 0.00624228 0)
(0.719804 -0.0128608 0)
(0.709544 -0.0316147 0)
(0.696484 -0.0501248 0)
(0.680474 -0.0684784 0)
(0.661325 -0.0867364 0)
(0.638811 -0.10493 0)
(0.612675 -0.123058 0)
(0.582643 -0.141089 0)
(0.548452 -0.158978 0)
(0.509886 -0.1767 0)
(0.466844 -0.194335 0)
(0.419411 -0.212216 0)
(0.367962 -0.231201 0)
(0.313199 -0.253146 0)
(0.256351 -0.281765 0)
(0.19841 -0.324321 0)
(0.142689 -0.395227 0)
(0.0823844 -0.521998 0)
(0.03782 -0.751356 0)
(-0.0639102 -1.11139 0)
(-0.0474274 -1.07935 0)
(-0.00179198 -0.0120872 0)
(-0.013192 -0.00284311 0)
(-0.0205528 0.0297886 0)
(-0.0187854 0.076756 0)
(-0.00303179 0.133811 0)
(0.0287165 0.196285 0)
(0.074933 0.257133 0)
(0.131954 0.309313 0)
(0.195384 0.348188 0)
(0.261175 0.372244 0)
(0.326209 0.382353 0)
(0.388372 0.380665 0)
(0.446366 0.369739 0)
(0.499483 0.352034 0)
(0.547413 0.32969 0)
(0.590118 0.304465 0)
(0.627737 0.277739 0)
(0.660524 0.250551 0)
(0.68879 0.223643 0)
(0.712862 0.197509 0)
(0.733053 0.172446 0)
(0.749642 0.148601 0)
(0.762863 0.126011 0)
(0.772902 0.104639 0)
(0.779901 0.0844028 0)
(0.783958 0.0651919 0)
(0.785132 0.0468846 0)
(0.783445 0.0293573 0)
(0.778892 0.0124926 0)
(0.771428 -0.00382642 0)
(0.760972 -0.0196935 0)
(0.747417 -0.0351853 0)
(0.730636 -0.0503554 0)
(0.710473 -0.0652297 0)
(0.686748 -0.0798102 0)
(0.659269 -0.0940819 0)
(0.627853 -0.108024 0)
(0.592351 -0.121636 0)
(0.552683 -0.134988 0)
(0.508877 -0.148315 0)
(0.46112 -0.162177 0)
(0.409809 -0.177724 0)
(0.355538 -0.197148 0)
(0.299274 -0.224474 0)
(0.241565 -0.267055 0)
(0.185306 -0.338646 0)
(0.122454 -0.464378 0)
(0.0758938 -0.687134 0)
(-0.0345641 -1.03995 0)
(-0.0309238 -1.13675 0)
(-0.00668792 0.000657822 0)
(-0.0363359 0.0135305 0)
(-0.0570726 0.0397718 0)
(-0.0654411 0.0744392 0)
(-0.0576114 0.115713 0)
(-0.0320901 0.161399 0)
(0.0100478 0.207573 0)
(0.0655075 0.249131 0)
(0.130225 0.281914 0)
(0.200092 0.303846 0)
(0.271453 0.3149 0)
(0.341464 0.316267 0)
(0.408144 0.309694 0)
(0.470247 0.297048 0)
(0.527086 0.280065 0)
(0.578365 0.260236 0)
(0.624047 0.238769 0)
(0.66427 0.216596 0)
(0.699272 0.194406 0)
(0.729348 0.172677 0)
(0.754804 0.151717 0)
(0.775939 0.131704 0)
(0.793022 0.112712 0)
(0.80629 0.0947494 0)
(0.815936 0.0777758 0)
(0.822115 0.0617229 0)
(0.824943 0.0465075 0)
(0.824498 0.0320427 0)
(0.820826 0.0182457 0)
(0.813939 0.00504113 0)
(0.803817 -0.00763329 0)
(0.790372 -0.019824 0)
(0.773558 -0.0315767 0)
(0.753312 -0.0429106 0)
(0.729561 -0.0538215 0)
(0.702236 -0.064299 0)
(0.671297 -0.0743499 0)
(0.636742 -0.0840295 0)
(0.598624 -0.093494 0)
(0.557064 -0.103092 0)
(0.512249 -0.113519 0)
(0.464439 -0.126076 0)
(0.4139 -0.143104 0)
(0.361065 -0.168766 0)
(0.30574 -0.21043 0)
(0.250126 -0.28136 0)
(0.184576 -0.404697 0)
(0.135459 -0.619256 0)
(0.011536 -0.956954 0)
(-0.00183995 -1.17929 0)
(-0.0171143 0.0330793 0)
(-0.0747303 0.049273 0)
(-0.111528 0.0628579 0)
(-0.129513 0.0806571 0)
(-0.127458 0.103632 0)
(-0.105637 0.130994 0)
(-0.0656001 0.160559 0)
(-0.010585 0.189138 0)
(0.0554033 0.213423 0)
(0.128396 0.230928 0)
(0.204777 0.240972 0)
(0.281281 0.24405 0)
(0.355414 0.241097 0)
(0.42548 0.233267 0)
(0.490433 0.221763 0)
(0.549702 0.207698 0)
(0.603055 0.192022 0)
(0.650492 0.175503 0)
(0.69217 0.158728 0)
(0.728335 0.142124 0)
(0.759279 0.125985 0)
(0.785308 0.110494 0)
(0.806723 0.0957532 0)
(0.8238 0.0818 0)
(0.836787 0.0686316 0)
(0.8459 0.056217 0)
(0.85132 0.0445096 0)
(0.853198 0.0334567 0)
(0.851652 0.0230059 0)
(0.846782 0.013112 0)
(0.83865 0.00373854 0)
(0.827377 -0.0051369 0)
(0.812868 -0.0135259 0)
(0.79518 -0.021467 0)
(0.774389 -0.028992 0)
(0.750571 -0.0361184 0)
(0.723808 -0.0428793 0)
(0.694198 -0.0493612 0)
(0.661854 -0.0557531 0)
(0.62688 -0.0624271 0)
(0.589335 -0.0700754 0)
(0.549184 -0.0799486 0)
(0.50616 -0.0942694 0)
(0.459849 -0.116999 0)
(0.408802 -0.155194 0)
(0.353694 -0.221553 0)
(0.283169 -0.337865 0)
(0.228248 -0.539352 0)
(0.0731513 -0.870744 0)
(0.0414343 -1.19775 0)
(-0.0353111 0.0984739 0)
(-0.125059 0.109964 0)
(-0.17087 0.0980444 0)
(-0.192017 0.092465 0)
(-0.19185 0.094477 0)
(-0.171708 0.10239 0)
(-0.13325 0.114762 0)
(-0.079387 0.129334 0)
(-0.0138309 0.143446 0)
(0.0598673 0.15491 0)
(0.138523 0.16258 0)
(0.218904 0.166192 0)
(0.298117 0.165939 0)
(0.374125 0.162319 0)
(0.445595 0.155984 0)
(0.511706 0.147621 0)
(0.572022 0.13787 0)
(0.626393 0.127277 0)
(0.674868 0.116287 0)
(0.717629 0.105239 0)
(0.754935 0.0943782 0)
(0.787086 0.0838707 0)
(0.814395 0.0738195 0)
(0.83717 0.0642791 0)
(0.855699 0.0552691 0)
(0.870249 0.0467855 0)
(0.881061 0.0388095 0)
(0.888347 0.0313145 0)
(0.892297 0.0242714 0)
(0.893077 0.0176525 0)
(0.890843 0.0114307 0)
(0.885707 0.00559684 0)
(0.877918 0.000144572 0)
(0.867557 -0.00494119 0)
(0.854646 -0.00969004 0)
(0.839309 -0.0141442 0)
(0.821667 -0.0183584 0)
(0.801827 -0.022421 0)
(0.779863 -0.0264961 0)
(0.755786 -0.0308882 0)
(0.729469 -0.036151 0)
(0.700559 -0.0432784 0)
(0.668231 -0.0540439 0)
(0.631098 -0.0716456 0)
(0.585957 -0.101879 0)
(0.530426 -0.155448 0)
(0.449821 -0.251692 0)
(0.373137 -0.423919 0)
(0.152755 -0.74106 0)
(0.118123 -1.13994 0)
(-0.0728461 0.213881 0)
(-0.14457 0.159862 0)
(-0.141655 0.103367 0)
(-0.130437 0.0842944 0)
(-0.112282 0.0723502 0)
(-0.0848903 0.063817 0)
(-0.0469872 0.0606349 0)
(0.00138193 0.0621031 0)
(0.0593553 0.0662824 0)
(0.125602 0.0717065 0)
(0.197983 0.0770626 0)
(0.273831 0.0812271 0)
(0.350607 0.0836753 0)
(0.426261 0.0842903 0)
(0.499251 0.083193 0)
(0.568483 0.0806372 0)
(0.633233 0.0769341 0)
(0.693085 0.0723976 0)
(0.747856 0.0673118 0)
(0.797533 0.0619152 0)
(0.84222 0.0563965 0)
(0.8821 0.0508975 0)
(0.917397 0.0455186 0)
(0.948357 0.0403269 0)
(0.97523 0.0353634 0)
(0.998261 0.03065 0)
(1.01768 0.0261953 0)
(1.03371 0.021999 0)
(1.04653 0.0180559 0)
(1.05635 0.0143578 0)
(1.06333 0.0108963 0)
(1.06761 0.00765857 0)
(1.06935 0.00463689 0)
(1.06872 0.00183866 0)
(1.06589 -0.000741078 0)
(1.06098 -0.00312677 0)
(1.05407 -0.00535576 0)
(1.04526 -0.00748625 0)
(1.03454 -0.00962205 0)
(1.02188 -0.0119524 0)
(1.00703 -0.0148165 0)
(0.989445 -0.018816 0)
(0.967984 -0.0250137 0)
(0.940589 -0.035297 0)
(0.902707 -0.0530515 0)
(0.848605 -0.0844689 0)
(0.758239 -0.142056 0)
(0.641753 -0.252177 0)
(0.336159 -0.495661 0)
(0.327974 -0.86227 0)
(0.238782 0.159754 0)
(0.357171 0.172588 0)
(0.470696 0.127608 0)
(0.571655 0.0909964 0)
(0.648035 0.066764 0)
(0.707012 0.0498554 0)
(0.756467 0.037439 0)
(0.801208 0.0282593 0)
(0.844336 0.0216571 0)
(0.887964 0.0172098 0)
(0.93322 0.014484 0)
(0.980343 0.0130036 0)
(1.02894 0.0123236 0)
(1.07827 0.0120751 0)
(1.12745 0.0119822 0)
(1.17561 0.0118638 0)
(1.22199 0.0116207 0)
(1.26599 0.0112145 0)
(1.30717 0.0106466 0)
(1.34525 0.00994054 0)
(1.38007 0.00912955 0)
(1.41158 0.00824838 0)
(1.43981 0.00732882 0)
(1.46485 0.00639766 0)
(1.48681 0.00547611 0)
(1.50584 0.00458014 0)
(1.5221 0.00372125 0)
(1.53574 0.00290736 0)
(1.54694 0.00214369 0)
(1.55584 0.00143344 0)
(1.5626 0.000778298 0)
(1.56737 0.000178584 0)
(1.5703 -0.000365778 0)
(1.57151 -0.000855334 0)
(1.57115 -0.00129013 0)
(1.56935 -0.00167333 0)
(1.56623 -0.00201296 0)
(1.56187 -0.0023239 0)
(1.55631 -0.00263391 0)
(1.54949 -0.00299331 0)
(1.54118 -0.00349102 0)
(1.53084 -0.0042805 0)
(1.51741 -0.00563041 0)
(1.49899 -0.00798844 0)
(1.47167 -0.0121835 0)
(1.42999 -0.0194316 0)
(1.35695 -0.0331723 0)
(1.24373 -0.0573936 0)
(0.972486 -0.130245 0)
(0.99724 -0.299656 0)
)
;

boundaryField
{
    movingWall
    {
        type            fixedValue;
        value           uniform (2 0 0);
    }
    fixedWalls
    {
        type            fixedValue;
        value           uniform (0 0 0);
    }
    frontAndBack
    {
        type            empty;
    }
}


// ************************************************************************* //
