/*--------------------------------*- C++ -*----------------------------------*\
  =========                 |
  \\      /  F ield         | OpenFOAM: The Open Source CFD Toolbox
   \\    /   O peration     | Website:  https://openfoam.org
    \\  /    A nd           | Version:  7
     \\/     M anipulation  |
\*---------------------------------------------------------------------------*/
FoamFile
{
    version     2.0;
    format      ascii;
    class       volVectorField;
    location    "700";
    object      U;
}
// * * * * * * * * * * * * * * * * * * * * * * * * * * * * * * * * * * * * * //

dimensions      [0 1 -1 0 0 0 0];

internalField   nonuniform List<vector> 
2500
(
(0.00020528 -0.00020358 0)
(0.00186295 -0.000572436 0)
(0.00447314 -0.000698262 0)
(0.00716301 -0.000600207 0)
(0.00922913 -0.000419045 0)
(0.0104503 -0.000264369 0)
(0.0109297 -0.000188067 0)
(0.0108803 -0.000185971 0)
(0.0104494 -0.000219969 0)
(0.00963223 -0.000245512 0)
(0.00827954 -0.00022871 0)
(0.00615886 -0.000150716 0)
(0.00301278 -2.48434e-06 0)
(-0.00140253 0.000221367 0)
(-0.00729181 0.000523985 0)
(-0.0147877 0.00090893 0)
(-0.0239127 0.00137624 0)
(-0.0345368 0.00191429 0)
(-0.0463423 0.00248989 0)
(-0.058803 0.00304073 0)
(-0.0711906 0.00347699 0)
(-0.0826112 0.00369405 0)
(-0.0920756 0.00359337 0)
(-0.0986007 0.00310969 0)
(-0.101321 0.00223717 0)
(-0.099562 0.00103379 0)
(-0.0930546 -0.000369749 0)
(-0.0818716 -0.00180777 0)
(-0.0664798 -0.00310667 0)
(-0.0477353 -0.00409948 0)
(-0.0268565 -0.00464123 0)
(-0.0053258 -0.00460937 0)
(0.0153306 -0.00394106 0)
(0.0336424 -0.00279052 0)
(0.048302 -0.00137778 0)
(0.0583523 0.000119318 0)
(0.0634113 0.00149122 0)
(0.0636907 0.00252977 0)
(0.0599951 0.00310892 0)
(0.0534897 0.00322328 0)
(0.0454066 0.00298592 0)
(0.0368494 0.00254971 0)
(0.0286559 0.00204913 0)
(0.0213468 0.00157488 0)
(0.0151522 0.00117475 0)
(0.0100836 0.000863868 0)
(0.00603172 0.000631614 0)
(0.00290282 0.000436336 0)
(0.000796129 0.000193052 0)
(-8.18775e-05 -8.72733e-05 0)
(0.000565288 -0.00182256 0)
(0.00437234 -0.00432007 0)
(0.00958046 -0.00511854 0)
(0.0146023 -0.0044412 0)
(0.0181592 -0.00299805 0)
(0.0197648 -0.00145718 0)
(0.0194577 -0.000191666 0)
(0.0174492 0.000766656 0)
(0.0138241 0.00162676 0)
(0.0083931 0.00266744 0)
(0.000719141 0.00410598 0)
(-0.00975433 0.0060483 0)
(-0.0235566 0.00849854 0)
(-0.0410502 0.0113896 0)
(-0.0623151 0.0145831 0)
(-0.0870439 0.0178533 0)
(-0.114478 0.0208795 0)
(-0.143423 0.0232694 0)
(-0.172356 0.0246142 0)
(-0.199595 0.0245566 0)
(-0.223485 0.0228496 0)
(-0.242544 0.0193935 0)
(-0.255575 0.0142524 0)
(-0.261719 0.00765873 0)
(-0.260503 2.27518e-06 0)
(-0.251859 -0.00820107 0)
(-0.235981 -0.0163807 0)
(-0.213316 -0.0239828 0)
(-0.184632 -0.0304447 0)
(-0.151015 -0.0352322 0)
(-0.113874 -0.0378827 0)
(-0.0749082 -0.0380525 0)
(-0.0360263 -0.0355962 0)
(0.000836929 -0.0306958 0)
(0.0338359 -0.0238494 0)
(0.0612928 -0.0157829 0)
(0.0818899 -0.0073175 0)
(0.094904 0.00066429 0)
(0.1002 0.00731882 0)
(0.0983892 0.0120631 0)
(0.0909262 0.0146989 0)
(0.0795966 0.015427 0)
(0.0662267 0.0147118 0)
(0.0524148 0.0131067 0)
(0.0393401 0.0111178 0)
(0.0276977 0.00911175 0)
(0.0177769 0.00725048 0)
(0.0096847 0.00543633 0)
(0.00372748 0.00334468 0)
(0.000329519 0.000919261 0)
(0.000785504 -0.00449793 0)
(0.00568747 -0.00969784 0)
(0.0117159 -0.0109184 0)
(0.0169033 -0.00900517 0)
(0.0197585 -0.00542206 0)
(0.0197047 -0.0014669 0)
(0.0166593 0.0021563 0)
(0.0106201 0.00542794 0)
(0.00136123 0.00878747 0)
(-0.0116496 0.0128014 0)
(-0.0291255 0.0178556 0)
(-0.0516943 0.0240272 0)
(-0.0796612 0.0311043 0)
(-0.112796 0.038623 0)
(-0.150223 0.0459027 0)
(-0.190467 0.0521243 0)
(-0.231638 0.0564641 0)
(-0.2717 0.0582359 0)
(-0.308728 0.0569937 0)
(-0.341097 0.0525717 0)
(-0.367572 0.0450693 0)
(-0.387306 0.0348021 0)
(-0.399787 0.0222428 0)
(-0.404756 0.00797169 0)
(-0.402138 -0.00736131 0)
(-0.39191 -0.023074 0)
(-0.374109 -0.0384558 0)
(-0.349003 -0.0527188 0)
(-0.317078 -0.0650277 0)
(-0.279099 -0.074543 0)
(-0.236158 -0.0804912 0)
(-0.189689 -0.0822626 0)
(-0.141451 -0.0795255 0)
(-0.0934497 -0.0723341 0)
(-0.047796 -0.0612351 0)
(-0.0064852 -0.0472338 0)
(0.0287594 -0.0316212 0)
(0.0565781 -0.0158452 0)
(0.0762778 -0.00119631 0)
(0.0875863 0.0111288 0)
(0.0907635 0.0202214 0)
(0.0870622 0.0257168 0)
(0.0781872 0.0278464 0)
(0.0660281 0.027299 0)
(0.0523853 0.0249733 0)
(0.0387205 0.0217247 0)
(0.0260347 0.0181239 0)
(0.014969 0.0142416 0)
(0.00625719 0.00958548 0)
(0.00070537 0.00358811 0)
(0.000917678 -0.00772875 0)
(0.00606717 -0.0155942 0)
(0.011543 -0.0165374 0)
(0.0151576 -0.0124487 0)
(0.0154079 -0.00572839 0)
(0.0117351 0.00170668 0)
(0.00391428 0.00895157 0)
(-0.00840383 0.0161154 0)
(-0.0258849 0.0239614 0)
(-0.0493447 0.0332405 0)
(-0.0794203 0.0442321 0)
(-0.116208 0.0565947 0)
(-0.15904 0.0694516 0)
(-0.20646 0.0815795 0)
(-0.256428 0.0916492 0)
(-0.306659 0.0984751 0)
(-0.354981 0.101209 0)
(-0.399584 0.0994314 0)
(-0.439137 0.0931277 0)
(-0.472764 0.0826004 0)
(-0.499942 0.0683505 0)
(-0.520372 0.0509759 0)
(-0.533862 0.0311054 0)
(-0.540248 0.00937526 0)
(-0.539374 -0.0135532 0)
(-0.531053 -0.0369506 0)
(-0.515155 -0.0599709 0)
(-0.491656 -0.0816494 0)
(-0.46066 -0.100919 0)
(-0.422486 -0.11664 0)
(-0.377754 -0.127677 0)
(-0.327477 -0.133026 0)
(-0.273124 -0.131993 0)
(-0.216632 -0.124372 0)
(-0.160314 -0.110595 0)
(-0.106652 -0.0917715 0)
(-0.0579963 -0.0696005 0)
(-0.0162177 -0.0460854 0)
(0.0174888 -0.0231415 0)
(0.0425314 -0.00251273 0)
(0.0588491 0.0145637 0)
(0.0667001 0.0271635 0)
(0.0671952 0.034911 0)
(0.0618894 0.0381466 0)
(0.0525719 0.0377741 0)
(0.0410343 0.0349285 0)
(0.0288279 0.0305674 0)
(0.0171882 0.0250333 0)
(0.00742087 0.0177423 0)
(0.000862087 0.00736743 0)
(0.000999659 -0.0110192 0)
(0.00560889 -0.0208273 0)
(0.00922336 -0.0203446 0)
(0.00966767 -0.0128946 0)
(0.0056038 -0.00192542 0)
(-0.0034872 0.0101404 0)
(-0.0180706 0.0224029 0)
(-0.0389023 0.0353064 0)
(-0.0669164 0.0497907 0)
(-0.102764 0.0663809 0)
(-0.146342 0.0847031 0)
(-0.196574 0.103525 0)
(-0.251518 0.121116 0)
(-0.308725 0.135682 0)
(-0.365689 0.145736 0)
(-0.420232 0.150328 0)
(-0.47071 0.149094 0)
(-0.516039 0.142158 0)
(-0.555591 0.129975 0)
(-0.589043 0.113168 0)
(-0.616238 0.0924067 0)
(-0.637092 0.0683519 0)
(-0.651542 0.0416398 0)
(-0.659508 0.0128967 0)
(-0.66089 -0.0172253 0)
(-0.655551 -0.0479986 0)
(-0.643279 -0.0785661 0)
(-0.623798 -0.107917 0)
(-0.596815 -0.134873 0)
(-0.562098 -0.158077 0)
(-0.519596 -0.176057 0)
(-0.469602 -0.187342 0)
(-0.412925 -0.190679 0)
(-0.35104 -0.185294 0)
(-0.286152 -0.171166 0)
(-0.221095 -0.149224 0)
(-0.159037 -0.121357 0)
(-0.10298 -0.09017 0)
(-0.0552143 -0.0585154 0)
(-0.01693 -0.0289131 0)
(0.0117455 -0.00314013 0)
(0.031193 0.0176006 0)
(0.0419652 0.0326387 0)
(0.0452658 0.0418195 0)
(0.0426139 0.0456804 0)
(0.0357358 0.0452894 0)
(0.0263942 0.0417556 0)
(0.0162478 0.0355994 0)
(0.0071086 0.0261586 0)
(0.00079634 0.0113841 0)
(0.000995481 -0.013923 0)
(0.00415845 -0.0242908 0)
(0.0045725 -0.0208698 0)
(0.000381059 -0.00871309 0)
(-0.00948872 0.0076773 0)
(-0.0255997 0.0256205 0)
(-0.0486954 0.0445157 0)
(-0.0797563 0.0650362 0)
(-0.119495 0.0878379 0)
(-0.167728 0.112606 0)
(-0.223107 0.137883 0)
(-0.283327 0.161516 0)
(-0.345619 0.181282 0)
(-0.407292 0.195406 0)
(-0.466123 0.202819 0)
(-0.520531 0.203176 0)
(-0.569543 0.196702 0)
(-0.612652 0.183978 0)
(-0.649667 0.165748 0)
(-0.68059 0.142794 0)
(-0.705547 0.115871 0)
(-0.724736 0.0856796 0)
(-0.738384 0.052869 0)
(-0.746681 0.0180454 0)
(-0.749736 -0.018201 0)
(-0.747551 -0.0552551 0)
(-0.739928 -0.0924097 0)
(-0.726431 -0.128786 0)
(-0.706443 -0.163278 0)
(-0.679197 -0.1945 0)
(-0.643896 -0.220783 0)
(-0.599896 -0.240257 0)
(-0.546948 -0.251035 0)
(-0.485498 -0.251515 0)
(-0.41696 -0.240772 0)
(-0.343869 -0.218957 0)
(-0.269795 -0.187582 0)
(-0.198927 -0.149502 0)
(-0.135317 -0.108485 0)
(-0.0819714 -0.0684098 0)
(-0.0401831 -0.0323997 0)
(-0.00957815 -0.00232057 0)
(0.01101 0.0210943 0)
(0.0227726 0.037564 0)
(0.0271376 0.0473036 0)
(0.0257687 0.0510946 0)
(0.020456 0.0499304 0)
(0.013073 0.0443159 0)
(0.00574715 0.0334763 0)
(0.00059077 0.0148941 0)
(0.000839356 -0.0158623 0)
(0.00147896 -0.0247612 0)
(-0.00260708 -0.0166794 0)
(-0.012705 0.00147054 0)
(-0.0295991 0.0244304 0)
(-0.0539643 0.0496041 0)
(-0.0867004 0.0766834 0)
(-0.128565 0.106131 0)
(-0.179432 0.137698 0)
(-0.237869 0.169835 0)
(-0.301348 0.200061 0)
(-0.366834 0.225742 0)
(-0.431415 0.244764 0)
(-0.492726 0.255866 0)
(-0.549112 0.258659 0)
(-0.59958 0.253425 0)
(-0.643654 0.24087 0)
(-0.681237 0.221907 0)
(-0.712512 0.197508 0)
(-0.737866 0.168621 0)
(-0.757828 0.136114 0)
(-0.77299 0.10074 0)
(-0.783926 0.0631311 0)
(-0.791117 0.0238056 0)
(-0.794891 -0.0167938 0)
(-0.795396 -0.0582602 0)
(-0.792542 -0.100157 0)
(-0.785879 -0.141894 0)
(-0.77466 -0.182633 0)
(-0.757805 -0.221188 0)
(-0.733958 -0.255957 0)
(-0.70161 -0.28491 0)
(-0.659346 -0.30569 0)
(-0.606199 -0.315849 0)
(-0.542094 -0.313275 0)
(-0.468293 -0.296746 0)
(-0.387693 -0.266514 0)
(-0.304788 -0.22472 0)
(-0.225111 -0.175378 0)
(-0.154132 -0.123722 0)
(-0.095853 -0.0749468 0)
(-0.0517403 -0.0328492 0)
(-0.0207823 0.000814606 0)
(-0.000771526 0.0259061 0)
(0.0102882 0.0427578 0)
(0.0142995 0.0519913 0)
(0.0131981 0.0544032 0)
(0.0090077 0.0503462 0)
(0.00399849 0.0389232 0)
(0.000362002 0.017491 0)
(0.00046423 -0.0160921 0)
(-0.00257981 -0.0209588 0)
(-0.0122984 -0.00659593 0)
(-0.0292547 0.0186861 0)
(-0.0539791 0.049305 0)
(-0.0872233 0.0829171 0)
(-0.129711 0.119169 0)
(-0.181446 0.157714 0)
(-0.241106 0.196995 0)
(-0.306098 0.234301 0)
(-0.373185 0.266584 0)
(-0.439199 0.291305 0)
(-0.501538 0.306904 0)
(-0.558359 0.312846 0)
(-0.60855 0.309425 0)
(-0.651606 0.297475 0)
(-0.687505 0.278125 0)
(-0.716605 0.252617 0)
(-0.739561 0.222186 0)
(-0.757216 0.187958 0)
(-0.770497 0.150885 0)
(-0.780308 0.11171 0)
(-0.787445 0.0709693 0)
(-0.792548 0.0290262 0)
(-0.796077 -0.0138778 0)
(-0.798298 -0.0575784 0)
(-0.799245 -0.10194 0)
(-0.798616 -0.146725 0)
(-0.795786 -0.191479 0)
(-0.789712 -0.235419 0)
(-0.77889 -0.277296 0)
(-0.76137 -0.315288 0)
(-0.734887 -0.346954 0)
(-0.697145 -0.369331 0)
(-0.6463 -0.379248 0)
(-0.581597 -0.373878 0)
(-0.504051 -0.351503 0)
(-0.416943 -0.312363 0)
(-0.325842 -0.259287 0)
(-0.2379 -0.197703 0)
(-0.160316 -0.134687 0)
(-0.0982752 -0.0770811 0)
(-0.0533444 -0.0294379 0)
(-0.0236024 0.00682055 0)
(-0.00557843 0.0324114 0)
(0.00360149 0.0482661 0)
(0.00644959 0.0552289 0)
(0.00528443 0.0535751 0)
(0.00248558 0.042369 0)
(0.00020908 0.0191541 0)
(-0.000173024 -0.0137782 0)
(-0.00797283 -0.0118099 0)
(-0.0241356 0.0102298 0)
(-0.0484586 0.0435383 0)
(-0.0812595 0.0826787 0)
(-0.123174 0.125433 0)
(-0.174338 0.170871 0)
(-0.233677 0.217391 0)
(-0.298723 0.262143 0)
(-0.36614 0.301671 0)
(-0.432507 0.332917 0)
(-0.494919 0.353869 0)
(-0.551262 0.363725 0)
(-0.600238 0.36271 0)
(-0.64127 0.351771 0)
(-0.674388 0.332285 0)
(-0.700125 0.305826 0)
(-0.719387 0.273983 0)
(-0.733303 0.238211 0)
(-0.743071 0.199724 0)
(-0.749828 0.159445 0)
(-0.754561 0.117999 0)
(-0.758069 0.0757567 0)
(-0.760956 0.0328914 0)
(-0.763671 -0.0105547 0)
(-0.766518 -0.0546232 0)
(-0.769618 -0.0994084 0)
(-0.772895 -0.144965 0)
(-0.77603 -0.191219 0)
(-0.778341 -0.23786 0)
(-0.778652 -0.284194 0)
(-0.775175 -0.32895 0)
(-0.76546 -0.370101 0)
(-0.746484 -0.404765 0)
(-0.714993 -0.42927 0)
(-0.668133 -0.439513 0)
(-0.604331 -0.431691 0)
(-0.524258 -0.403386 0)
(-0.43159 -0.354754 0)
(-0.333153 -0.289441 0)
(-0.237993 -0.21465 0)
(-0.155249 -0.139792 0)
(-0.0912764 -0.0736923 0)
(-0.0474248 -0.0215897 0)
(-0.020446 0.0157619 0)
(-0.00548416 0.0400823 0)
(0.00119704 0.0527557 0)
(0.00266968 0.054371 0)
(0.00160437 0.0441917 0)
(0.000183845 0.0201642 0)
(-0.00107394 -0.00815301 0)
(-0.0144236 0.00343347 0)
(-0.0373811 0.0341764 0)
(-0.0690617 0.0760831 0)
(-0.10952 0.124174 0)
(-0.159011 0.175989 0)
(-0.216786 0.229552 0)
(-0.280686 0.281903 0)
(-0.347437 0.329227 0)
(-0.413424 0.367857 0)
(-0.475421 0.395164 0)
(-0.530987 0.409906 0)
(-0.578574 0.412117 0)
(-0.617489 0.4028 0)
(-0.647788 0.383582 0)
(-0.670158 0.356406 0)
(-0.685749 0.323275 0)
(-0.695955 0.286025 0)
(-0.702212 0.246178 0)
(-0.705821 0.20486 0)
(-0.707861 0.162814 0)
(-0.709154 0.120451 0)
(-0.71029 0.0779385 0)
(-0.711672 0.0352719 0)
(-0.713605 -0.00765254 0)
(-0.71634 -0.0509933 0)
(-0.720015 -0.0949454 0)
(-0.724745 -0.139711 0)
(-0.730543 -0.185463 0)
(-0.737221 -0.232278 0)
(-0.744234 -0.28002 0)
(-0.750473 -0.328146 0)
(-0.754035 -0.375449 0)
(-0.752079 -0.419765 0)
(-0.740872 -0.457738 0)
(-0.716156 -0.48484 0)
(-0.673931 -0.495808 0)
(-0.611653 -0.485605 0)
(-0.529609 -0.450883 0)
(-0.431998 -0.3917 0)
(-0.327138 -0.312847 0)
(-0.22624 -0.223912 0)
(-0.140499 -0.137249 0)
(-0.077138 -0.0638815 0)
(-0.0366079 -0.00935797 0)
(-0.013793 0.026768 0)
(-0.00263386 0.0471216 0)
(0.00129964 0.0532313 0)
(0.0014456 0.0450071 0)
(0.000288163 0.0209412 0)
(-0.00218107 0.00133004 0)
(-0.0214333 0.0250585 0)
(-0.0510325 0.0651043 0)
(-0.0895138 0.115787 0)
(-0.136562 0.172656 0)
(-0.191819 0.232599 0)
(-0.253583 0.29236 0)
(-0.318849 0.347815 0)
(-0.383945 0.394657 0)
(-0.445354 0.429469 0)
(-0.500273 0.450348 0)
(-0.546848 0.456952 0)
(-0.584198 0.450223 0)
(-0.612352 0.431989 0)
(-0.632112 0.40458 0)
(-0.644839 0.370455 0)
(-0.652184 0.331896 0)
(-0.655809 0.290773 0)
(-0.657164 0.248448 0)
(-0.657376 0.205774 0)
(-0.657233 0.163197 0)
(-0.657229 0.120866 0)
(-0.657641 0.078754 0)
(-0.658608 0.036733 0)
(-0.66024 -0.00536709 0)
(-0.662681 -0.0477224 0)
(-0.666034 -0.0905119 0)
(-0.670484 -0.133934 0)
(-0.67625 -0.178224 0)
(-0.683534 -0.223638 0)
(-0.692402 -0.270413 0)
(-0.702587 -0.318646 0)
(-0.713203 -0.368051 0)
(-0.72241 -0.417584 0)
(-0.727119 -0.464991 0)
(-0.722915 -0.506426 0)
(-0.704453 -0.536354 0)
(-0.666478 -0.548045 0)
(-0.605413 -0.53488 0)
(-0.521197 -0.492436 0)
(-0.418776 -0.420878 0)
(-0.308379 -0.326758 0)
(-0.203733 -0.222945 0)
(-0.117989 -0.12546 0)
(-0.0584714 -0.0474294 0)
(-0.0236561 0.00620073 0)
(-0.00619697 0.0377291 0)
(0.000675496 0.0503679 0)
(0.00180854 0.0453411 0)
(0.000485731 0.0218681 0)
(-0.00335898 0.0149036 0)
(-0.0283551 0.0528627 0)
(-0.0639703 0.102387 0)
(-0.108206 0.161565 0)
(-0.160268 0.226402 0)
(-0.21908 0.292837 0)
(-0.282119 0.356355 0)
(-0.345869 0.412034 0)
(-0.406627 0.455541 0)
(-0.461227 0.484057 0)
(-0.507446 0.496601 0)
(-0.544131 0.493847 0)
(-0.571185 0.477713 0)
(-0.589441 0.450874 0)
(-0.600421 0.416288 0)
(-0.606001 0.376742 0)
(-0.608064 0.334534 0)
(-0.608215 0.291303 0)
(-0.607639 0.248039 0)
(-0.607084 0.205207 0)
(-0.606938 0.162917 0)
(-0.607343 0.121085 0)
(-0.608298 0.0795473 0)
(-0.609736 0.0381231 0)
(-0.611614 -0.00335084 0)
(-0.613979 -0.0450027 0)
(-0.616884 -0.086938 0)
(-0.620474 -0.129266 0)
(-0.624996 -0.172144 0)
(-0.630791 -0.215807 0)
(-0.638255 -0.260592 0)
(-0.647737 -0.306919 0)
(-0.65933 -0.355168 0)
(-0.672509 -0.40539 0)
(-0.685629 -0.456819 0)
(-0.695436 -0.507192 0)
(-0.696868 -0.552085 0)
(-0.683444 -0.584683 0)
(-0.64853 -0.59642 0)
(-0.587468 -0.578787 0)
(-0.500085 -0.526231 0)
(-0.392604 -0.439507 0)
(-0.277758 -0.328038 0)
(-0.172106 -0.209304 0)
(-0.0903018 -0.103613 0)
(-0.0383325 -0.0253158 0)
(-0.0113454 0.0228735 0)
(-0.000159337 0.045341 0)
(0.00229514 0.0453374 0)
(0.000720432 0.0231497 0)
(-0.00444376 0.0324145 0)
(-0.0345364 0.0861804 0)
(-0.0751379 0.144968 0)
(-0.123712 0.211911 0)
(-0.178923 0.283375 0)
(-0.239015 0.354227 0)
(-0.30088 0.418908 0)
(-0.360827 0.472113 0)
(-0.415394 0.509871 0)
(-0.461945 0.530224 0)
(-0.498953 0.533268 0)
(-0.526067 0.520785 0)
(-0.544025 0.495694 0)
(-0.554409 0.461435 0)
(-0.559268 0.421377 0)
(-0.56069 0.378339 0)
(-0.560449 0.334333 0)
(-0.559811 0.29054 0)
(-0.559515 0.247469 0)
(-0.559871 0.205183 0)
(-0.560908 0.16352 0)
(-0.562515 0.122249 0)
(-0.564534 0.0811538 0)
(-0.566809 0.0400673 0)
(-0.569238 -0.00112624 0)
(-0.571821 -0.0424908 0)
(-0.574579 -0.0840579 0)
(-0.577571 -0.125845 0)
(-0.58096 -0.167897 0)
(-0.585011 -0.210321 0)
(-0.590122 -0.253345 0)
(-0.596837 -0.297369 0)
(-0.605775 -0.34299 0)
(-0.617409 -0.390917 0)
(-0.631634 -0.441638 0)
(-0.647105 -0.494746 0)
(-0.660499 -0.547955 0)
(-0.666056 -0.59612 0)
(-0.656005 -0.630798 0)
(-0.622251 -0.64108 0)
(-0.559224 -0.616202 0)
(-0.467123 -0.549722 0)
(-0.354236 -0.444089 0)
(-0.236636 -0.313375 0)
(-0.133883 -0.18129 0)
(-0.0609115 -0.0724626 0)
(-0.0200642 -0.000237198 0)
(-0.00227411 0.0369144 0)
(0.00246714 0.0446107 0)
(0.000939659 0.0247465 0)
(-0.00528716 0.0533002 0)
(-0.0394167 0.123953 0)
(-0.0836776 0.191473 0)
(-0.134967 0.265088 0)
(-0.191409 0.341498 0)
(-0.250701 0.414544 0)
(-0.309428 0.477935 0)
(-0.363993 0.526376 0)
(-0.41137 0.556569 0)
(-0.44957 0.567615 0)
(-0.477845 0.560806 0)
(-0.496674 0.539071 0)
(-0.507552 0.506251 0)
(-0.512608 0.466331 0)
(-0.514101 0.422771 0)
(-0.513991 0.378092 0)
(-0.513665 0.333779 0)
(-0.513896 0.290444 0)
(-0.514953 0.248127 0)
(-0.516788 0.206586 0)
(-0.519208 0.165509 0)
(-0.521998 0.124624 0)
(-0.524975 0.0837419 0)
(-0.527999 0.042745 0)
(-0.530984 0.00157283 0)
(-0.533931 -0.0397903 0)
(-0.536859 -0.0813314 0)
(-0.539763 -0.123023 0)
(-0.542697 -0.164833 0)
(-0.545775 -0.206753 0)
(-0.54922 -0.248836 0)
(-0.553429 -0.29128 0)
(-0.559023 -0.334529 0)
(-0.566832 -0.379364 0)
(-0.577712 -0.426844 0)
(-0.592036 -0.477945 0)
(-0.608798 -0.532686 0)
(-0.62455 -0.588729 0)
(-0.632716 -0.639878 0)
(-0.624086 -0.675437 0)
(-0.58905 -0.681541 0)
(-0.521441 -0.645011 0)
(-0.422746 -0.559281 0)
(-0.304586 -0.430432 0)
(-0.187256 -0.279814 0)
(-0.0928316 -0.138971 0)
(-0.0339663 -0.0352181 0)
(-0.0065087 0.0231431 0)
(0.00200919 0.042291 0)
(0.00111596 0.0264081 0)
(-0.00576797 0.0766544 0)
(-0.0425842 0.164845 0)
(-0.089017 0.240355 0)
(-0.141355 0.319326 0)
(-0.197246 0.398872 0)
(-0.254026 0.471991 0)
(-0.308217 0.531992 0)
(-0.356526 0.573928 0)
(-0.396481 0.595416 0)
(-0.426811 0.59676 0)
(-0.447554 0.580508 0)
(-0.459938 0.550677 0)
(-0.466022 0.511827 0)
(-0.468172 0.468166 0)
(-0.468535 0.422902 0)
(-0.46867 0.377991 0)
(-0.469443 0.334273 0)
(-0.471138 0.291818 0)
(-0.473664 0.250317 0)
(-0.476773 0.209371 0)
(-0.480204 0.168645 0)
(-0.48376 0.127913 0)
(-0.487318 0.0870511 0)
(-0.4908 0.0460007 0)
(-0.494171 0.00474229 0)
(-0.497462 -0.0367167 0)
(-0.500701 -0.0783527 0)
(-0.503858 -0.120138 0)
(-0.506922 -0.162021 0)
(-0.509892 -0.203939 0)
(-0.512806 -0.245829 0)
(-0.515804 -0.287689 0)
(-0.519222 -0.329673 0)
(-0.523709 -0.372248 0)
(-0.530281 -0.416357 0)
(-0.540156 -0.463457 0)
(-0.55417 -0.5151 0)
(-0.571641 -0.571743 0)
(-0.588891 -0.630758 0)
(-0.598237 -0.684329 0)
(-0.588714 -0.718676 0)
(-0.549296 -0.716244 0)
(-0.474045 -0.661595 0)
(-0.367188 -0.549814 0)
(-0.245246 -0.393961 0)
(-0.133311 -0.22606 0)
(-0.0540356 -0.0858497 0)
(-0.0133539 0.00161134 0)
(0.000769776 0.0371986 0)
(0.00125319 0.0277757 0)
(-0.00581081 0.101344 0)
(-0.043807 0.207379 0)
(-0.0908931 0.290039 0)
(-0.14271 0.372975 0)
(-0.196531 0.453917 0)
(-0.249518 0.52527 0)
(-0.298339 0.580262 0)
(-0.34013 0.614563 0)
(-0.373042 0.626879 0)
(-0.396521 0.618802 0)
(-0.411315 0.594107 0)
(-0.419224 0.557734 0)
(-0.422591 0.514664 0)
(-0.423719 0.468978 0)
(-0.424383 0.423345 0)
(-0.425622 0.379023 0)
(-0.427799 0.336226 0)
(-0.43083 0.294615 0)
(-0.434433 0.253699 0)
(-0.438313 0.21306 0)
(-0.442254 0.172428 0)
(-0.446139 0.131666 0)
(-0.449927 0.0907207 0)
(-0.453605 0.0495766 0)
(-0.45718 0.00823478 0)
(-0.460713 -0.0332953 0)
(-0.464243 -0.075 0)
(-0.467742 -0.116873 0)
(-0.471184 -0.15888 0)
(-0.474521 -0.200963 0)
(-0.477688 -0.243034 0)
(-0.480639 -0.284988 0)
(-0.483415 -0.326754 0)
(-0.486273 -0.368421 0)
(-0.489861 -0.410469 0)
(-0.495344 -0.454041 0)
(-0.504305 -0.50105 0)
(-0.518055 -0.553687 0)
(-0.536117 -0.612797 0)
(-0.554228 -0.675047 0)
(-0.563129 -0.730001 0)
(-0.549855 -0.759515 0)
(-0.502374 -0.741735 0)
(-0.416364 -0.660126 0)
(-0.300943 -0.514919 0)
(-0.179255 -0.331159 0)
(-0.0804945 -0.154846 0)
(-0.0231565 -0.0304782 0)
(-0.00128432 0.0280024 0)
(0.0013708 0.0284727 0)
(-0.00539261 0.126125 0)
(-0.0430295 0.250045 0)
(-0.089326 0.339034 0)
(-0.139243 0.424613 0)
(-0.189794 0.505428 0)
(-0.238143 0.573572 0)
(-0.28124 0.622469 0)
(-0.316731 0.648605 0)
(-0.343388 0.651884 0)
(-0.361306 0.635189 0)
(-0.371794 0.603405 0)
(-0.376981 0.56214 0)
(-0.379224 0.516467 0)
(-0.38052 0.470042 0)
(-0.382153 0.424829 0)
(-0.384656 0.381387 0)
(-0.388015 0.339434 0)
(-0.391945 0.298396 0)
(-0.396126 0.257748 0)
(-0.400318 0.21715 0)
(-0.404398 0.176435 0)
(-0.408337 0.135551 0)
(-0.412159 0.0944963 0)
(-0.415892 0.0532787 0)
(-0.419563 0.0119011 0)
(-0.423243 -0.0296374 0)
(-0.426983 -0.0713376 0)
(-0.430767 -0.113216 0)
(-0.434572 -0.155268 0)
(-0.438357 -0.19747 0)
(-0.442039 -0.239761 0)
(-0.445503 -0.282034 0)
(-0.448627 -0.324134 0)
(-0.451353 -0.365919 0)
(-0.45385 -0.407412 0)
(-0.456759 -0.449114 0)
(-0.461428 -0.492413 0)
(-0.469822 -0.539811 0)
(-0.483666 -0.594259 0)
(-0.50244 -0.656775 0)
(-0.520771 -0.722396 0)
(-0.527148 -0.776476 0)
(-0.506421 -0.795005 0)
(-0.446638 -0.75185 0)
(-0.347539 -0.632364 0)
(-0.225869 -0.448059 0)
(-0.112292 -0.242512 0)
(-0.0363933 -0.0761189 0)
(-0.00422706 0.0132028 0)
(0.00146019 0.0280896 0)
(-0.00453819 0.149759 0)
(-0.0403447 0.291409 0)
(-0.0845587 0.38602 0)
(-0.131436 0.473096 0)
(-0.177848 0.552571 0)
(-0.221089 0.616514 0)
(-0.258489 0.658756 0)
(-0.288214 0.676732 0)
(-0.309608 0.671577 0)
(-0.323291 0.647395 0)
(-0.330931 0.609984 0)
(-0.33475 0.565333 0)
(-0.336892 0.518309 0)
(-0.338923 0.471947 0)
(-0.34164 0.427469 0)
(-0.345179 0.384843 0)
(-0.349308 0.343464 0)
(-0.353691 0.302681 0)
(-0.358064 0.262039 0)
(-0.362285 0.221313 0)
(-0.366322 0.180435 0)
(-0.37021 0.139414 0)
(-0.374008 0.0982729 0)
(-0.37776 0.0570236 0)
(-0.381492 0.0156592 0)
(-0.385271 -0.0258345 0)
(-0.389156 -0.06747 0)
(-0.393139 -0.109282 0)
(-0.397205 -0.151288 0)
(-0.40133 -0.193498 0)
(-0.40546 -0.235896 0)
(-0.409494 -0.27842 0)
(-0.413276 -0.320945 0)
(-0.416614 -0.363268 0)
(-0.419362 -0.405165 0)
(-0.421618 -0.44659 0)
(-0.424049 -0.488109 0)
(-0.428222 -0.5315 0)
(-0.436544 -0.580066 0)
(-0.451079 -0.637568 0)
(-0.470795 -0.704649 0)
(-0.488273 -0.77311 0)
(-0.488988 -0.821729 0)
(-0.456066 -0.819152 0)
(-0.379909 -0.736768 0)
(-0.267837 -0.568269 0)
(-0.146864 -0.345897 0)
(-0.0533792 -0.137522 0)
(-0.00822385 -0.00883198 0)
(0.00147333 0.0261706 0)
(-0.00331029 0.171104 0)
(-0.0359551 0.330172 0)
(-0.0769841 0.429889 0)
(-0.119935 0.517566 0)
(-0.161635 0.594844 0)
(-0.199602 0.654036 0)
(-0.231584 0.689537 0)
(-0.256244 0.699789 0)
(-0.2734 0.687121 0)
(-0.284036 0.656719 0)
(-0.289976 0.615061 0)
(-0.293329 0.568244 0)
(-0.295895 0.520711 0)
(-0.298788 0.474797 0)
(-0.302398 0.431052 0)
(-0.306616 0.389008 0)
(-0.311127 0.347903 0)
(-0.31564 0.307121 0)
(-0.319985 0.266325 0)
(-0.324115 0.225402 0)
(-0.328062 0.184358 0)
(-0.331892 0.143229 0)
(-0.335679 0.102044 0)
(-0.339465 0.0608037 0)
(-0.343262 0.019489 0)
(-0.347128 -0.021927 0)
(-0.351127 -0.0634645 0)
(-0.355255 -0.10517 0)
(-0.359496 -0.147075 0)
(-0.363846 -0.189209 0)
(-0.368276 -0.231592 0)
(-0.372724 -0.274214 0)
(-0.377075 -0.317018 0)
(-0.38114 -0.359853 0)
(-0.38467 -0.402458 0)
(-0.387441 -0.444519 0)
(-0.389501 -0.485941 0)
(-0.391607 -0.527456 0)
(-0.395673 -0.571468 0)
(-0.404614 -0.622384 0)
(-0.420574 -0.684726 0)
(-0.441149 -0.757479 0)
(-0.455662 -0.82636 0)
(-0.446093 -0.860544 0)
(-0.395494 -0.821216 0)
(-0.300609 -0.682953 0)
(-0.180666 -0.459338 0)
(-0.0735651 -0.215042 0)
(-0.01352 -0.039885 0)
(0.00138872 0.0222354 0)
(-0.0017979 0.18918 0)
(-0.0301322 0.365221 0)
(-0.0670761 0.469757 0)
(-0.105452 0.557426 0)
(-0.142112 0.632008 0)
(-0.17485 0.686308 0)
(-0.201839 0.715375 0)
(-0.222173 0.718648 0)
(-0.236026 0.699557 0)
(-0.244574 0.664188 0)
(-0.249618 0.619464 0)
(-0.253015 0.571369 0)
(-0.25617 0.523808 0)
(-0.259798 0.478434 0)
(-0.264007 0.435255 0)
(-0.268567 0.393527 0)
(-0.273179 0.352455 0)
(-0.277637 0.31152 0)
(-0.281863 0.270506 0)
(-0.285878 0.229389 0)
(-0.289748 0.188213 0)
(-0.293549 0.147022 0)
(-0.297349 0.105833 0)
(-0.301185 0.064636 0)
(-0.305058 0.0233964 0)
(-0.30901 -0.0179225 0)
(-0.313114 -0.0593447 0)
(-0.317369 -0.100926 0)
(-0.321751 -0.142705 0)
(-0.326263 -0.184722 0)
(-0.330892 -0.227016 0)
(-0.335609 -0.269615 0)
(-0.340347 -0.31252 0)
(-0.344976 -0.355667 0)
(-0.349277 -0.398873 0)
(-0.35294 -0.441799 0)
(-0.355681 -0.484033 0)
(-0.357551 -0.525473 0)
(-0.359516 -0.56722 0)
(-0.363994 -0.612733 0)
(-0.374432 -0.667891 0)
(-0.392512 -0.737354 0)
(-0.413035 -0.815774 0)
(-0.420622 -0.878452 0)
(-0.3944 -0.882266 0)
(-0.321292 -0.784612 0)
(-0.210136 -0.575778 0)
(-0.0953561 -0.306641 0)
(-0.0203397 -0.0816296 0)
(0.00124853 0.0158007 0)
(-0.000105221 0.203213 0)
(-0.0231825 0.395633 0)
(-0.0553326 0.504951 0)
(-0.0886866 0.5923 0)
(-0.120165 0.664018 0)
(-0.147852 0.713629 0)
(-0.170323 0.736868 0)
(-0.187022 0.734106 0)
(-0.198345 0.709731 0)
(-0.205511 0.670532 0)
(-0.210157 0.623675 0)
(-0.213814 0.574888 0)
(-0.217508 0.527511 0)
(-0.221644 0.482603 0)
(-0.226164 0.439775 0)
(-0.230812 0.398141 0)
(-0.235355 0.356948 0)
(-0.239672 0.315793 0)
(-0.243757 0.274562 0)
(-0.247669 0.233286 0)
(-0.251484 0.192026 0)
(-0.255274 0.150816 0)
(-0.259099 0.109659 0)
(-0.26299 0.0685306 0)
(-0.266939 0.0273867 0)
(-0.270973 -0.0138189 0)
(-0.27518 -0.0551117 0)
(-0.279562 -0.0965576 0)
(-0.284083 -0.138198 0)
(-0.288746 -0.18008 0)
(-0.293545 -0.222252 0)
(-0.298463 -0.264762 0)
(-0.303468 -0.307647 0)
(-0.308484 -0.350914 0)
(-0.313365 -0.394484 0)
(-0.317851 -0.438117 0)
(-0.321578 -0.481369 0)
(-0.324218 -0.523722 0)
(-0.325909 -0.565195 0)
(-0.328014 -0.607653 0)
(-0.333681 -0.656236 0)
(-0.346719 -0.718476 0)
(-0.367108 -0.797287 0)
(-0.384762 -0.877974 0)
(-0.378888 -0.919909 0)
(-0.32896 -0.868133 0)
(-0.232527 -0.688207 0)
(-0.1166 -0.408331 0)
(-0.0286832 -0.135213 0)
(0.00111504 0.00635568 0)
(0.00165807 0.212644 0)
(-0.0154226 0.420675 0)
(-0.0422358 0.534981 0)
(-0.0702823 0.621981 0)
(-0.0965641 0.690953 0)
(-0.119442 0.736347 0)
(-0.137852 0.754575 0)
(-0.151501 0.746824 0)
(-0.160887 0.71827 0)
(-0.167145 0.67622 0)
(-0.171654 0.627924 0)
(-0.1756 0.578791 0)
(-0.179681 0.531637 0)
(-0.184087 0.487051 0)
(-0.188687 0.444379 0)
(-0.193256 0.402686 0)
(-0.197636 0.361297 0)
(-0.20178 0.319914 0)
(-0.205724 0.278499 0)
(-0.209545 0.237112 0)
(-0.213314 0.195812 0)
(-0.217093 0.154618 0)
(-0.220936 0.113519 0)
(-0.224873 0.0724831 0)
(-0.22889 0.0314556 0)
(-0.232996 -0.00961764 0)
(-0.237301 -0.0507621 0)
(-0.241818 -0.0920561 0)
(-0.246488 -0.133545 0)
(-0.251317 -0.17528 0)
(-0.256295 -0.217314 0)
(-0.261412 -0.259702 0)
(-0.266649 -0.302504 0)
(-0.271964 -0.345768 0)
(-0.277269 -0.389496 0)
(-0.28239 -0.433573 0)
(-0.28702 -0.477667 0)
(-0.290732 -0.521188 0)
(-0.2932 -0.563551 0)
(-0.294807 -0.605173 0)
(-0.297597 -0.649385 0)
(-0.305605 -0.703833 0)
(-0.322278 -0.776996 0)
(-0.343636 -0.865335 0)
(-0.352517 -0.936863 0)
(-0.324416 -0.931124 0)
(-0.24632 -0.790767 0)
(-0.135245 -0.515072 0)
(-0.0381603 -0.200408 0)
(0.000966211 -0.006568 0)
(0.00338608 0.217164 0)
(-0.00716141 0.439764 0)
(-0.0282342 0.559504 0)
(-0.050802 0.64638 0)
(-0.0719486 0.712958 0)
(-0.0902697 0.754809 0)
(-0.105015 0.768973 0)
(-0.116071 0.757311 0)
(-0.123938 0.725606 0)
(-0.129569 0.681515 0)
(-0.134042 0.632273 0)
(-0.138205 0.582969 0)
(-0.142494 0.535986 0)
(-0.146968 0.491568 0)
(-0.15148 0.448903 0)
(-0.155864 0.407063 0)
(-0.160033 0.365459 0)
(-0.163989 0.323875 0)
(-0.167793 0.282321 0)
(-0.17152 0.240869 0)
(-0.175235 0.199565 0)
(-0.17899 0.158417 0)
(-0.182832 0.117401 0)
(-0.186796 0.0764779 0)
(-0.190867 0.0355908 0)
(-0.195031 -0.00532379 0)
(-0.199424 -0.0462945 0)
(-0.204081 -0.0874118 0)
(-0.208915 -0.128728 0)
(-0.21393 -0.170298 0)
(-0.219115 -0.212177 0)
(-0.224458 -0.254425 0)
(-0.229944 -0.297108 0)
(-0.235548 -0.3403 0)
(-0.241216 -0.384055 0)
(-0.24684 -0.428355 0)
(-0.2522 -0.473012 0)
(-0.256927 -0.517545 0)
(-0.260549 -0.561187 0)
(-0.262832 -0.60343 0)
(-0.264657 -0.645703 0)
(-0.269115 -0.693955 0)
(-0.280989 -0.758861 0)
(-0.301458 -0.846487 0)
(-0.31924 -0.937522 0)
(-0.309687 -0.973664 0)
(-0.251265 -0.879342 0)
(-0.149812 -0.621739 0)
(-0.0480416 -0.275456 0)
(0.000662404 -0.0234138 0)
(0.00493737 0.216586 0)
(0.00129604 0.452558 0)
(-0.0137269 0.578263 0)
(-0.0307261 0.665486 0)
(-0.0468314 0.730198 0)
(-0.0608217 0.769313 0)
(-0.0722119 0.780435 0)
(-0.0810013 0.765928 0)
(-0.0876125 0.732005 0)
(-0.0927612 0.686535 0)
(-0.0971979 0.636689 0)
(-0.101467 0.587285 0)
(-0.105801 0.54038 0)
(-0.110184 0.495994 0)
(-0.114493 0.453237 0)
(-0.118626 0.411215 0)
(-0.122553 0.36941 0)
(-0.126308 0.327668 0)
(-0.129961 0.286022 0)
(-0.13358 0.244543 0)
(-0.137221 0.203269 0)
(-0.140928 0.162192 0)
(-0.144746 0.12128 0)
(-0.148716 0.0804943 0)
(-0.152824 0.0397775 0)
(-0.157027 -0.000941667 0)
(-0.161495 -0.041709 0)
(-0.166293 -0.0826147 0)
(-0.171304 -0.123729 0)
(-0.176525 -0.165108 0)
(-0.181945 -0.206808 0)
(-0.18755 -0.248892 0)
(-0.193325 -0.29143 0)
(-0.19925 -0.334507 0)
(-0.205289 -0.378209 0)
(-0.211373 -0.422585 0)
(-0.217352 -0.467564 0)
(-0.222951 -0.512823 0)
(-0.227729 -0.557663 0)
(-0.231206 -0.601173 0)
(-0.233434 -0.64335 0)
(-0.236204 -0.687809 0)
(-0.243961 -0.744613 0)
(-0.261071 -0.826117 0)
(-0.28269 -0.926847 0)
(-0.287417 -0.997679 0)
(-0.248132 -0.951683 0)
(-0.159564 -0.723836 0)
(-0.0574961 -0.357601 0)
(-5.5003e-06 -0.0446062 0)
(0.00615728 0.21114 0)
(0.00958674 0.458615 0)
(0.000961983 0.591167 0)
(-0.0104546 0.679309 0)
(-0.0216181 0.742827 0)
(-0.0314535 0.78009 0)
(-0.0397027 0.789216 0)
(-0.0464269 0.7729 0)
(-0.0519231 0.737605 0)
(-0.0566346 0.691306 0)
(-0.0609859 0.6411 0)
(-0.0652462 0.591605 0)
(-0.0694916 0.544679 0)
(-0.0736693 0.500217 0)
(-0.0776971 0.457309 0)
(-0.0815323 0.415102 0)
(-0.0851899 0.373131 0)
(-0.0887244 0.331276 0)
(-0.0922031 0.289582 0)
(-0.0956879 0.248114 0)
(-0.0992283 0.206897 0)
(-0.102863 0.165917 0)
(-0.106632 0.125135 0)
(-0.110585 0.0845109 0)
(-0.114713 0.043996 0)
(-0.118941 0.0035143 0)
(-0.123466 -0.0370129 0)
(-0.128399 -0.0776624 0)
(-0.133596 -0.118535 0)
(-0.139039 -0.159687 0)
(-0.144717 -0.201175 0)
(-0.150618 -0.243064 0)
(-0.156726 -0.285425 0)
(-0.163021 -0.328349 0)
(-0.169476 -0.371941 0)
(-0.17604 -0.416294 0)
(-0.182609 -0.461424 0)
(-0.188984 -0.507147 0)
(-0.194814 -0.552918 0)
(-0.199602 -0.597772 0)
(-0.202976 -0.64089 0)
(-0.205623 -0.683773 0)
(-0.210786 -0.734236 0)
(-0.223949 -0.807193 0)
(-0.245748 -0.909442 0)
(-0.260339 -1.0062 0)
(-0.238339 -1.00719 0)
(-0.164453 -0.817884 0)
(-0.0657994 -0.443694 0)
(-0.00115475 -0.0703853 0)
(0.00695256 0.201327 0)
(0.0173287 0.457525 0)
(0.0155061 0.598066 0)
(0.00969911 0.687947 0)
(0.00337005 0.750969 0)
(-0.00242875 0.787308 0)
(-0.00765079 0.795482 0)
(-0.0123993 0.778346 0)
(-0.0168223 0.742456 0)
(-0.0210781 0.695803 0)
(-0.025273 0.645419 0)
(-0.0294256 0.595819 0)
(-0.0334832 0.548776 0)
(-0.0373764 0.504154 0)
(-0.0410672 0.461063 0)
(-0.0445666 0.418685 0)
(-0.047925 0.376589 0)
(-0.0512088 0.33467 0)
(-0.0544823 0.29297 0)
(-0.0578003 0.251547 0)
(-0.061208 0.210419 0)
(-0.0647417 0.169565 0)
(-0.0684404 0.128941 0)
(-0.0723552 0.0885035 0)
(-0.0764854 0.0482148 0)
(-0.080731 0.00800248 0)
(-0.0852941 -0.0322369 0)
(-0.0903456 -0.0725737 0)
(-0.0957349 -0.113154 0)
(-0.101407 -0.154031 0)
(-0.107362 -0.195262 0)
(-0.113588 -0.236909 0)
(-0.12007 -0.279048 0)
(-0.126788 -0.321774 0)
(-0.133716 -0.365202 0)
(-0.140813 -0.409457 0)
(-0.148001 -0.454615 0)
(-0.155131 -0.500599 0)
(-0.161937 -0.547018 0)
(-0.167995 -0.593014 0)
(-0.172808 -0.63744 0)
(-0.176364 -0.680304 0)
(-0.180567 -0.726687 0)
(-0.190478 -0.791015 0)
(-0.210367 -0.888982 0)
(-0.230883 -1.00268 0)
(-0.223572 -1.04654 0)
(-0.164923 -0.90154 0)
(-0.0724775 -0.530746 0)
(-0.00273833 -0.100684 0)
(0.00730972 0.187769 0)
(0.0241989 0.449231 0)
(0.0295368 0.598649 0)
(0.029463 0.691438 0)
(0.0278897 0.754723 0)
(0.026057 0.791025 0)
(0.0238336 0.799275 0)
(0.0210665 0.782286 0)
(0.0177548 0.746545 0)
(0.0140183 0.699979 0)
(0.0100568 0.64958 0)
(0.00608859 0.599859 0)
(0.0022858 0.552619 0)
(-0.00126821 0.507775 0)
(-0.00457857 0.464483 0)
(-0.0077054 0.421958 0)
(-0.0107284 0.37978 0)
(-0.0137235 0.337842 0)
(-0.0167526 0.296177 0)
(-0.0198654 0.254836 0)
(-0.0231047 0.213829 0)
(-0.0265076 0.173132 0)
(-0.0301131 0.132694 0)
(-0.0339762 0.0924667 0)
(-0.0381114 0.0524221 0)
(-0.0423778 0.0125107 0)
(-0.0469509 -0.0273802 0)
(-0.05209 -0.0673433 0)
(-0.0576636 -0.107578 0)
(-0.0635657 -0.148134 0)
(-0.0698056 -0.189055 0)
(-0.0763789 -0.230405 0)
(-0.0832707 -0.272264 0)
(-0.0904609 -0.314733 0)
(-0.0979236 -0.357937 0)
(-0.105621 -0.402022 0)
(-0.113488 -0.447108 0)
(-0.121408 -0.493198 0)
(-0.129175 -0.540027 0)
(-0.136452 -0.586879 0)
(-0.14277 -0.632567 0)
(-0.147794 -0.676242 0)
(-0.152364 -0.720565 0)
(-0.160328 -0.777612 0)
(-0.177602 -0.867972 0)
(-0.200958 -0.990439 0)
(-0.205491 -1.07123 0)
(-0.161712 -0.973517 0)
(-0.0773529 -0.616247 0)
(-0.00458544 -0.135107 0)
(0.00725579 0.171213 0)
(0.0299291 0.433878 0)
(0.0426646 0.592619 0)
(0.0485616 0.689716 0)
(0.0517278 0.754146 0)
(0.0538319 0.791252 0)
(0.0546524 0.80054 0)
(0.0539609 0.784627 0)
(0.0518742 0.749764 0)
(0.0487651 0.703734 0)
(0.0451225 0.653501 0)
(0.0413971 0.603661 0)
(0.0378856 0.556157 0)
(0.0346967 0.511032 0)
(0.0317945 0.467524 0)
(0.0290755 0.424876 0)
(0.0264291 0.382662 0)
(0.0237674 0.340755 0)
(0.0210273 0.299175 0)
(0.0181612 0.257963 0)
(0.0151268 0.217128 0)
(0.0118829 0.176646 0)
(0.00838638 0.136467 0)
(0.00458275 0.0965433 0)
(0.00044123 0.0568463 0)
(-0.00385945 0.0173221 0)
(-0.00842063 -0.022228 0)
(-0.0135993 -0.0618466 0)
(-0.019329 -0.101728 0)
(-0.0254505 -0.14193 0)
(-0.0319748 -0.182495 0)
(-0.038907 -0.223492 0)
(-0.0462373 -0.265009 0)
(-0.0539455 -0.307158 0)
(-0.0620025 -0.350075 0)
(-0.0703699 -0.393919 0)
(-0.0789894 -0.438843 0)
(-0.0877636 -0.484911 0)
(-0.0965283 -0.531954 0)
(-0.105018 -0.579388 0)
(-0.112843 -0.626101 0)
(-0.119584 -0.670856 0)
(-0.125423 -0.714554 0)
(-0.132841 -0.766236 0)
(-0.1478 -0.847772 0)
(-0.1719 -0.972317 0)
(-0.185548 -1.08315 0)
(-0.15567 -1.03338 0)
(-0.0805118 -0.69828 0)
(-0.00648402 -0.173004 0)
(0.00684231 0.152508 0)
(0.0343105 0.411836 0)
(0.0544943 0.579711 0)
(0.0666898 0.682626 0)
(0.0746739 0.749253 0)
(0.0807232 0.787969 0)
(0.0846856 0.799179 0)
(0.0862376 0.785226 0)
(0.08556 0.751963 0)
(0.0832352 0.706937 0)
(0.0800165 0.657086 0)
(0.0765861 0.607158 0)
(0.073384 0.559333 0)
(0.0705692 0.513867 0)
(0.0680929 0.470116 0)
(0.0658149 0.427355 0)
(0.063592 0.385138 0)
(0.0613178 0.343305 0)
(0.0589228 0.301854 0)
(0.0563579 0.260817 0)
(0.0535797 0.220202 0)
(0.050544 0.179987 0)
(0.0472044 0.140128 0)
(0.0435069 0.100574 0)
(0.039401 0.0612864 0)
(0.0350068 0.0221957 0)
(0.0303642 -0.0169436 0)
(0.0251762 -0.0561757 0)
(0.0193443 -0.095633 0)
(0.013021 -0.135395 0)
(0.00621499 -0.175519 0)
(-0.00108637 -0.216087 0)
(-0.00888143 -0.257197 0)
(-0.0171497 -0.298961 0)
(-0.0258558 -0.341522 0)
(-0.0349579 -0.385053 0)
(-0.0444027 -0.42973 0)
(-0.0541074 -0.475665 0)
(-0.0639368 -0.522761 0)
(-0.0736797 -0.570538 0)
(-0.0830262 -0.617983 0)
(-0.0915886 -0.663743 0)
(-0.0992334 -0.707627 0)
(-0.10731 -0.755804 0)
(-0.120843 -0.828806 0)
(-0.14453 -0.950494 0)
(-0.164909 -1.08432 0)
(-0.147642 -1.08133 0)
(-0.0822341 -0.775517 0)
(-0.00825586 -0.213621 0)
(0.0061445 0.132544 0)
(0.0371999 0.383717 0)
(0.0646289 0.559742 0)
(0.0834852 0.669908 0)
(0.0964879 0.739977 0)
(0.106541 0.781108 0)
(0.11378 0.795041 0)
(0.117802 0.783885 0)
(0.118784 0.752955 0)
(0.117457 0.709451 0)
(0.114801 0.660259 0)
(0.111729 0.610328 0)
(0.108848 0.562155 0)
(0.106401 0.516286 0)
(0.104355 0.472247 0)
(0.102544 0.429361 0)
(0.100792 0.387156 0)
(0.098965 0.345429 0)
(0.096979 0.304144 0)
(0.0947778 0.263318 0)
(0.0923154 0.222958 0)
(0.0895452 0.183044 0)
(0.0864191 0.14353 0)
(0.0828869 0.10436 0)
(0.0788975 0.0654757 0)
(0.0745014 0.0268056 0)
(0.0697894 -0.0118443 0)
(0.0645411 -0.0505544 0)
(0.0585884 -0.0894591 0)
(0.0520437 -0.12866 0)
(0.0449219 -0.168228 0)
(0.0372054 -0.208254 0)
(0.028901 -0.248842 0)
(0.0200302 -0.29011 0)
(0.0106244 -0.332209 0)
(0.000725365 -0.375328 0)
(-0.00961782 -0.419665 0)
(-0.0203325 -0.465359 0)
(-0.0313048 -0.512363 0)
(-0.0423688 -0.560274 0)
(-0.0532854 -0.608167 0)
(-0.0637344 -0.654688 0)
(-0.0734888 -0.699062 0)
(-0.083129 -0.745199 0)
(-0.0963629 -0.810838 0)
(-0.119253 -0.926478 0)
(-0.144437 -1.0766 0)
(-0.138386 -1.11793 0)
(-0.0829168 -0.847141 0)
(-0.00980315 -0.256242 0)
(0.00525779 0.112199 0)
(0.0385297 0.350396 0)
(0.0726803 0.532687 0)
(0.098506 0.651217 0)
(0.116861 0.726145 0)
(0.131054 0.770556 0)
(0.14173 0.787924 0)
(0.148492 0.780338 0)
(0.151451 0.752481 0)
(0.151401 0.711083 0)
(0.149502 0.662918 0)
(0.146883 0.613145 0)
(0.144344 0.564641 0)
(0.142253 0.518315 0)
(0.140629 0.473927 0)
(0.1393 0.430882 0)
(0.138061 0.388688 0)
(0.136742 0.347091 0)
(0.135236 0.306012 0)
(0.13347 0.265444 0)
(0.131392 0.225388 0)
(0.128953 0.185825 0)
(0.126102 0.146708 0)
(0.122793 0.107977 0)
(0.118976 0.0695579 0)
(0.114645 0.0313696 0)
(0.109894 -0.0067438 0)
(0.104567 -0.0448791 0)
(0.0984765 -0.0831656 0)
(0.091699 -0.121723 0)
(0.0842512 -0.160642 0)
(0.07611 -0.200019 0)
(0.0672741 -0.239965 0)
(0.0577611 -0.280615 0)
(0.0475993 -0.322134 0)
(0.0368285 -0.364723 0)
(0.0255025 -0.408596 0)
(0.0136924 -0.453911 0)
(0.00149013 -0.500662 0)
(-0.0109818 -0.548503 0)
(-0.0235472 -0.596576 0)
(-0.0359578 -0.643553 0)
(-0.0480041 -0.688386 0)
(-0.0598287 -0.733442 0)
(-0.0738775 -0.79324 0)
(-0.0961558 -0.901161 0)
(-0.124714 -1.0616 0)
(-0.128537 -1.14394 0)
(-0.0830041 -0.912732 0)
(-0.011126 -0.300306 0)
(0.00428737 0.0922843 0)
(0.0383211 0.313011 0)
(0.0782968 0.498765 0)
(0.111231 0.626187 0)
(0.135377 0.707464 0)
(0.153959 0.756139 0)
(0.168265 0.777598 0)
(0.178062 0.774263 0)
(0.18337 0.750205 0)
(0.184955 0.711559 0)
(0.184083 0.66489 0)
(0.182073 0.615534 0)
(0.179931 0.566781 0)
(0.178195 0.519969 0)
(0.176976 0.475162 0)
(0.176133 0.431897 0)
(0.175438 0.389689 0)
(0.174686 0.348232 0)
(0.173731 0.307393 0)
(0.17248 0.267134 0)
(0.170864 0.22744 0)
(0.168829 0.188288 0)
(0.166321 0.149632 0)
(0.16329 0.111407 0)
(0.159688 0.0735294 0)
(0.155474 0.0359093 0)
(0.150725 -0.0015835 0)
(0.145332 -0.0390718 0)
(0.139107 -0.0766636 0)
(0.132094 -0.114489 0)
(0.124309 -0.15266 0)
(0.115725 -0.191287 0)
(0.106333 -0.230493 0)
(0.0961461 -0.270422 0)
(0.0851915 -0.311254 0)
(0.073507 -0.353198 0)
(0.0611421 -0.396478 0)
(0.0481559 -0.441271 0)
(0.034619 -0.487595 0)
(0.020625 -0.535142 0)
(0.00630085 -0.58311 0)
(-0.00817577 -0.630212 0)
(-0.0226549 -0.67528 0)
(-0.0370739 -0.71975 0)
(-0.0529052 -0.775203 0)
(-0.075124 -0.874933 0)
(-0.106087 -1.04062 0)
(-0.118581 -1.16014 0)
(-0.0829279 -0.972158 0)
(-0.0123211 -0.345479 0)
(0.00333264 0.0734902 0)
(0.0366952 0.272935 0)
(0.081204 0.458527 0)
(0.121084 0.594529 0)
(0.151489 0.683528 0)
(0.174844 0.737604 0)
(0.193026 0.763809 0)
(0.206167 0.765309 0)
(0.214236 0.745727 0)
(0.217895 0.710521 0)
(0.218419 0.665917 0)
(0.217266 0.617357 0)
(0.215647 0.568528 0)
(0.214299 0.521248 0)
(0.213479 0.475958 0)
(0.213112 0.432392 0)
(0.212977 0.390115 0)
(0.212837 0.348782 0)
(0.212505 0.308205 0)
(0.211849 0.268298 0)
(0.21078 0.229024 0)
(0.209228 0.190348 0)
(0.207135 0.152221 0)
(0.204445 0.114573 0)
(0.201107 0.0773191 0)
(0.197064 0.0403594 0)
(0.192361 0.00358168 0)
(0.186922 -0.0331644 0)
(0.180581 -0.0699683 0)
(0.173342 -0.106964 0)
(0.165216 -0.144282 0)
(0.156178 -0.182045 0)
(0.146214 -0.22039 0)
(0.13533 -0.259476 0)
(0.123551 -0.299495 0)
(0.11091 -0.340667 0)
(0.0974516 -0.383225 0)
(0.0832216 -0.427352 0)
(0.068268 -0.473073 0)
(0.0526454 -0.5201 0)
(0.0364259 -0.567673 0)
(0.0197315 -0.614542 0)
(0.00266553 -0.659516 0)
(-0.0146332 -0.703529 0)
(-0.0330198 -0.755887 0)
(-0.0559347 -0.847807 0)
(-0.0887238 -1.01463 0)
(-0.108852 -1.16724 0)
(-0.0830653 -1.02545 0)
(-0.0135695 -0.391691 0)
(0.0024705 0.0563453 0)
(0.0338726 0.231719 0)
(0.0812549 0.412923 0)
(0.127488 0.556156 0)
(0.164515 0.653861 0)
(0.193152 0.714584 0)
(0.215546 0.746267 0)
(0.23235 0.753107 0)
(0.243613 0.738592 0)
(0.249853 0.707513 0)
(0.252256 0.665634 0)
(0.252335 0.618375 0)
(0.251474 0.569768 0)
(0.250623 0.522123 0)
(0.250229 0.476319 0)
(0.250336 0.432368 0)
(0.250764 0.38994 0)
(0.251263 0.348688 0)
(0.251606 0.308369 0)
(0.251621 0.268848 0)
(0.251183 0.23005 0)
(0.2502 0.191919 0)
(0.248602 0.154397 0)
(0.246323 0.11741 0)
(0.243306 0.0808686 0)
(0.239492 0.0446684 0)
(0.234887 0.00870089 0)
(0.229436 -0.0271908 0)
(0.223003 -0.0630971 0)
(0.215554 -0.0991535 0)
(0.207094 -0.135503 0)
(0.197603 -0.172283 0)
(0.18706 -0.209643 0)
(0.175469 -0.247757 0)
(0.162846 -0.286828 0)
(0.14922 -0.327089 0)
(0.134624 -0.368772 0)
(0.119085 -0.412059 0)
(0.102625 -0.456973 0)
(0.0852559 -0.503238 0)
(0.066999 -0.550119 0)
(0.0479188 -0.596403 0)
(0.0280814 -0.640896 0)
(0.00766482 -0.684337 0)
(-0.0138561 -0.73451 0)
(-0.0383028 -0.819544 0)
(-0.0726588 -0.984318 0)
(-0.0995357 -1.16581 0)
(-0.0837058 -1.07271 0)
(-0.0151178 -0.439134 0)
(0.00174382 0.0411981 0)
(0.0301599 0.190987 0)
(0.0784813 0.363326 0)
(0.129955 0.511329 0)
(0.173678 0.618022 0)
(0.20815 0.686602 0)
(0.235212 0.724616 0)
(0.256036 0.73728 0)
(0.270926 0.728313 0)
(0.280298 0.701996 0)
(0.285171 0.663545 0)
(0.287006 0.618215 0)
(0.28729 0.570272 0)
(0.287172 0.522489 0)
(0.287315 0.476221 0)
(0.287928 0.431828 0)
(0.288923 0.389161 0)
(0.290071 0.347919 0)
(0.291124 0.307831 0)
(0.291866 0.268709 0)
(0.292134 0.230433 0)
(0.291803 0.192917 0)
(0.29078 0.156083 0)
(0.288988 0.119849 0)
(0.286362 0.0841192 0)
(0.282833 0.048785 0)
(0.278384 0.0137342 0)
(0.272972 -0.0211859 0)
(0.266479 -0.0560767 0)
(0.258848 -0.0910763 0)
(0.250075 -0.126336 0)
(0.240145 -0.162007 0)
(0.229034 -0.19825 0)
(0.216737 -0.235255 0)
(0.203267 -0.273237 0)
(0.188639 -0.31243 0)
(0.17287 -0.353067 0)
(0.155962 -0.395317 0)
(0.137902 -0.439192 0)
(0.11866 -0.484411 0)
(0.0982001 -0.530263 0)
(0.0765364 -0.575591 0)
(0.0537094 -0.61924 0)
(0.0299543 -0.661804 0)
(0.0049018 -0.710388 0)
(-0.0218964 -0.789764 0)
(-0.0578172 -0.95016 0)
(-0.090666 -1.15623 0)
(-0.0850232 -1.11399 0)
(-0.017252 -0.488248 0)
(0.00116107 0.0282206 0)
(0.0259176 0.152291 0)
(0.0731348 0.311503 0)
(0.128188 0.460804 0)
(0.178198 0.575772 0)
(0.218942 0.653114 0)
(0.251226 0.698409 0)
(0.2765 0.717423 0)
(0.295454 0.714392 0)
(0.308525 0.693364 0)
(0.316539 0.659028 0)
(0.320805 0.616337 0)
(0.322807 0.569647 0)
(0.323839 0.522109 0)
(0.32477 0.475551 0)
(0.326013 0.430736 0)
(0.32762 0.38777 0)
(0.329433 0.346463 0)
(0.331211 0.306557 0)
(0.332714 0.267825 0)
(0.333739 0.230102 0)
(0.334127 0.193262 0)
(0.333755 0.1572 0)
(0.332526 0.121815 0)
(0.330359 0.0870026 0)
(0.327182 0.0526476 0)
(0.322953 0.018632 0)
(0.317635 -0.0151955 0)
(0.311129 -0.0489468 0)
(0.303356 -0.0827646 0)
(0.294309 -0.116807 0)
(0.283971 -0.151236 0)
(0.272319 -0.186228 0)
(0.259339 -0.221981 0)
(0.245031 -0.258717 0)
(0.229395 -0.296672 0)
(0.212422 -0.336065 0)
(0.194084 -0.377048 0)
(0.174323 -0.41961 0)
(0.153061 -0.463462 0)
(0.130212 -0.507913 0)
(0.105741 -0.551875 0)
(0.079675 -0.594295 0)
(0.052324 -0.635758 0)
(0.0234954 -0.682858 0)
(-0.00635334 -0.758016 0)
(-0.0440362 -0.912503 0)
(-0.0821175 -1.13873 0)
(-0.0870455 -1.14923 0)
(-0.0202576 -0.539686 0)
(0.000708115 0.0174323 0)
(0.0215147 0.116946 0)
(0.0657 0.2595 0)
(0.12219 0.405916 0)
(0.177429 0.527281 0)
(0.224531 0.613643 0)
(0.262585 0.667106 0)
(0.29283 0.693079 0)
(0.316316 0.696328 0)
(0.333648 0.680981 0)
(0.345517 0.651352 0)
(0.353011 0.612027 0)
(0.357499 0.567295 0)
(0.360317 0.520554 0)
(0.362496 0.47405 0)
(0.364654 0.428964 0)
(0.367023 0.38572 0)
(0.369566 0.344307 0)
(0.372096 0.304532 0)
(0.374379 0.266167 0)
(0.376191 0.229009 0)
(0.377341 0.192891 0)
(0.377676 0.157675 0)
(0.377072 0.123235 0)
(0.375431 0.0894475 0)
(0.372671 0.0561884 0)
(0.368729 0.0233309 0)
(0.363571 -0.00927777 0)
(0.357108 -0.0417612 0)
(0.349251 -0.0742671 0)
(0.339983 -0.10696 0)
(0.329289 -0.140012 0)
(0.317139 -0.173609 0)
(0.30351 -0.207957 0)
(0.288384 -0.243277 0)
(0.271736 -0.279797 0)
(0.253526 -0.317718 0)
(0.233682 -0.357164 0)
(0.212101 -0.398097 0)
(0.188651 -0.440213 0)
(0.163198 -0.482848 0)
(0.13567 -0.525006 0)
(0.106099 -0.565794 0)
(0.0748822 -0.605915 0)
(0.0420633 -0.651622 0)
(0.00868688 -0.723732 0)
(-0.0310785 -0.871642 0)
(-0.0736031 -1.11341 0)
(-0.089629 -1.17815 0)
(-0.0243618 -0.594245 0)
(0.000366229 0.00872962 0)
(0.0172828 0.0858845 0)
(0.0568619 0.209454 0)
(0.112342 0.348591 0)
(0.171021 0.473334 0)
(0.223964 0.567995 0)
(0.26812 0.630163 0)
(0.303893 0.663719 0)
(0.332442 0.673596 0)
(0.354602 0.664207 0)
(0.371042 0.639731 0)
(0.382635 0.604429 0)
(0.390538 0.562407 0)
(0.396008 0.517159 0)
(0.400148 0.471237 0)
(0.403742 0.426213 0)
(0.407211 0.382851 0)
(0.410674 0.341378 0)
(0.414053 0.301729 0)
(0.417162 0.263717 0)
(0.419788 0.227129 0)
(0.421727 0.191768 0)
(0.422802 0.15746 0)
(0.422867 0.124049 0)
(0.421805 0.0913903 0)
(0.41952 0.0593417 0)
(0.415929 0.0277641 0)
(0.410998 -0.00349728 0)
(0.404643 -0.0345844 0)
(0.396766 -0.0656469 0)
(0.387343 -0.0968545 0)
(0.376352 -0.128388 0)
(0.363756 -0.160439 0)
(0.349516 -0.193212 0)
(0.333587 -0.226923 0)
(0.315914 -0.261781 0)
(0.296413 -0.297963 0)
(0.274965 -0.335556 0)
(0.251414 -0.374492 0)
(0.225578 -0.414457 0)
(0.197277 -0.454823 0)
(0.166422 -0.494716 0)
(0.133073 -0.53347 0)
(0.0977453 -0.572022 0)
(0.0607279 -0.616492 0)
(0.023569 -0.686377 0)
(-0.0186398 -0.827891 0)
(-0.0646787 -1.0803 0)
(-0.0924352 -1.20019 0)
(-0.029654 -0.65272 0)
(0.000127568 0.00190695 0)
(0.0134892 0.0595793 0)
(0.0474212 0.163349 0)
(0.0994061 0.291229 0)
(0.159067 0.41547 0)
(0.216517 0.516522 0)
(0.26661 0.587205 0)
(0.308347 0.628774 0)
(0.342532 0.645624 0)
(0.370124 0.642397 0)
(0.391849 0.623362 0)
(0.408425 0.592596 0)
(0.420766 0.553993 0)
(0.429944 0.511008 0)
(0.437016 0.466364 0)
(0.442847 0.421932 0)
(0.448015 0.378803 0)
(0.452808 0.337469 0)
(0.457289 0.298042 0)
(0.461369 0.260426 0)
(0.464887 0.224438 0)
(0.467659 0.189871 0)
(0.469507 0.156527 0)
(0.470275 0.124222 0)
(0.469829 0.0927846 0)
(0.468062 0.062053 0)
(0.464879 0.0318711 0)
(0.460231 0.00208043 0)
(0.454042 -0.0274839 0)
(0.44621 -0.0569713 0)
(0.436694 -0.086555 0)
(0.42546 -0.116421 0)
(0.412457 -0.146759 0)
(0.397624 -0.177767 0)
(0.380884 -0.209646 0)
(0.36214 -0.242579 0)
(0.341259 -0.276708 0)
(0.318071 -0.312083 0)
(0.292364 -0.348604 0)
(0.263907 -0.385954 0)
(0.232492 -0.423565 0)
(0.198032 -0.460729 0)
(0.160654 -0.497074 0)
(0.121023 -0.533875 0)
(0.079663 -0.577288 0)
(0.0386635 -0.645651 0)
(-0.00634654 -0.781602 0)
(-0.0547416 -1.03951 0)
(-0.0948963 -1.21439 0)
(-0.0359767 -0.71568 0)
(3.54165e-06 -0.00333419 0)
(0.0103343 0.0380578 0)
(0.0381604 0.122782 0)
(0.0844217 0.236483 0)
(0.142144 0.355996 0)
(0.201888 0.46036 0)
(0.256977 0.538301 0)
(0.304734 0.587775 0)
(0.345066 0.611798 0)
(0.378731 0.61488 0)
(0.406466 0.601448 0)
(0.428899 0.575561 0)
(0.446721 0.540961 0)
(0.460764 0.50099 0)
(0.471933 0.45841 0)
(0.48107 0.415277 0)
(0.488832 0.372937 0)
(0.495648 0.332138 0)
(0.501729 0.29319 0)
(0.507117 0.256132 0)
(0.511742 0.220847 0)
(0.515479 0.187153 0)
(0.518181 0.154846 0)
(0.519704 0.123726 0)
(0.519918 0.0935987 0)
(0.518708 0.064284 0)
(0.515974 0.0356075 0)
(0.511651 0.0074017 0)
(0.505667 -0.0205141 0)
(0.49792 -0.0482924 0)
(0.488344 -0.0761073 0)
(0.476887 -0.104143 0)
(0.463479 -0.132583 0)
(0.448027 -0.16161 0)
(0.430417 -0.191398 0)
(0.410504 -0.2221 0)
(0.388105 -0.253816 0)
(0.362992 -0.286559 0)
(0.334903 -0.320201 0)
(0.30357 -0.354441 0)
(0.268774 -0.388802 0)
(0.230466 -0.422795 0)
(0.188877 -0.456413 0)
(0.144848 -0.491366 0)
(0.0991424 -0.533972 0)
(0.0544093 -0.601561 0)
(0.00629464 -0.733115 0)
(-0.0430266 -0.991408 0)
(-0.0961658 -1.21943 0)
(-0.0427966 -0.783349 0)
(1.69663e-05 -0.00738345 0)
(0.00791548 0.0209994 0)
(0.0296401 0.0888197 0)
(0.0684426 0.186953 0)
(0.12119 0.297819 0)
(0.18028 0.401542 0)
(0.238514 0.484237 0)
(0.291685 0.54059 0)
(0.338392 0.571558 0)
(0.378733 0.580957 0)
(0.413223 0.573189 0)
(0.442372 0.552377 0)
(0.466683 0.522201 0)
(0.486751 0.48589 0)
(0.503267 0.446161 0)
(0.516951 0.405132 0)
(0.528451 0.364311 0)
(0.53827 0.324644 0)
(0.54674 0.286631 0)
(0.554033 0.250459 0)
(0.560198 0.216111 0)
(0.565202 0.183459 0)
(0.568962 0.152322 0)
(0.571376 0.1225 0)
(0.572337 0.0937921 0)
(0.571743 0.0660028 0)
(0.569499 0.0389452 0)
(0.565529 0.0124415 0)
(0.559762 -0.0136957 0)
(0.552099 -0.0396236 0)
(0.542446 -0.0655124 0)
(0.53073 -0.0915378 0)
(0.516854 -0.117869 0)
(0.500692 -0.144665 0)
(0.482087 -0.172069 0)
(0.460845 -0.200195 0)
(0.436731 -0.2291 0)
(0.40947 -0.258759 0)
(0.378758 -0.289034 0)
(0.344309 -0.31966 0)
(0.305924 -0.350299 0)
(0.263629 -0.38074 0)
(0.217795 -0.41141 0)
(0.169455 -0.444529 0)
(0.119606 -0.486653 0)
(0.071381 -0.554241 0)
(0.0200002 -0.682928 0)
(-0.0286908 -0.936884 0)
(-0.0951247 -1.21378 0)
(-0.0491081 -0.85566 0)
(0.00015545 -0.0106603 0)
(0.006027 0.007921 0)
(0.0218215 0.0620153 0)
(0.0520318 0.144881 0)
(0.0970894 0.244106 0)
(0.15226 0.342874 0)
(0.211009 0.42667 0)
(0.268175 0.487691 0)
(0.320949 0.524604 0)
(0.368346 0.539968 0)
(0.410286 0.537785 0)
(0.446987 0.522129 0)
(0.478741 0.496656 0)
(0.505916 0.464515 0)
(0.528982 0.428338 0)
(0.548486 0.390226 0)
(0.564985 0.351745 0)
(0.578982 0.313963 0)
(0.590873 0.277527 0)
(0.600933 0.242758 0)
(0.609325 0.209749 0)
(0.616121 0.178449 0)
(0.621327 0.148722 0)
(0.624908 0.120392 0)
(0.626806 0.093266 0)
(0.626951 0.0671501 0)
(0.625268 0.0418534 0)
(0.621684 0.0171944 0)
(0.616129 -0.00701295 0)
(0.608509 -0.0309288 0)
(0.598712 -0.0547113 0)
(0.586637 -0.0785193 0)
(0.572164 -0.102501 0)
(0.555132 -0.126787 0)
(0.535344 -0.151483 0)
(0.512565 -0.176659 0)
(0.486515 -0.202332 0)
(0.456886 -0.22845 0)
(0.423356 -0.254879 0)
(0.385655 -0.281432 0)
(0.343642 -0.307956 0)
(0.297457 -0.334574 0)
(0.247626 -0.362203 0)
(0.195352 -0.393602 0)
(0.14181 -0.435608 0)
(0.0904496 -0.503938 0)
(0.0358653 -0.631327 0)
(-0.0110125 -0.877478 0)
(-0.0905042 -1.19571 0)
(-0.0534241 -0.931843 0)
(0.000278528 -0.0133714 0)
(0.00370288 -0.00141704 0)
(0.0133927 0.0426569 0)
(0.0344226 0.111907 0)
(0.0699041 0.197744 0)
(0.118267 0.287501 0)
(0.174631 0.368005 0)
(0.233713 0.430312 0)
(0.291574 0.471137 0)
(0.345952 0.491479 0)
(0.395814 0.494502 0)
(0.440797 0.48395 0)
(0.48085 0.463356 0)
(0.51609 0.435774 0)
(0.546769 0.403742 0)
(0.573246 0.369291 0)
(0.595951 0.333976 0)
(0.615325 0.298908 0)
(0.63177 0.264818 0)
(0.645617 0.232129 0)
(0.657114 0.201031 0)
(0.666429 0.171552 0)
(0.673659 0.143617 0)
(0.678851 0.117092 0)
(0.682012 0.0918103 0)
(0.683122 0.0675942 0)
(0.682141 0.044264 0)
(0.679015 0.0216455 0)
(0.673682 -0.000434462 0)
(0.666058 -0.0221356 0)
(0.656024 -0.0435946 0)
(0.64346 -0.0649455 0)
(0.628225 -0.0863086 0)
(0.610135 -0.10778 0)
(0.588965 -0.129426 0)
(0.564452 -0.151275 0)
(0.536298 -0.17331 0)
(0.50419 -0.195469 0)
(0.467834 -0.217654 0)
(0.427019 -0.239793 0)
(0.381708 -0.261965 0)
(0.332171 -0.284667 0)
(0.279065 -0.309308 0)
(0.223684 -0.33917 0)
(0.16723 -0.381345 0)
(0.113221 -0.450898 0)
(0.0556315 -0.577866 0)
(0.0106642 -0.815136 0)
(-0.0808732 -1.1627 0)
(-0.0537512 -1.0087 0)
(-4.28196e-05 -0.014829 0)
(-0.00140809 -0.00612536 0)
(0.00102908 0.031365 0)
(0.0125997 0.0890193 0)
(0.0378879 0.160724 0)
(0.077813 0.238137 0)
(0.129496 0.31086 0)
(0.188313 0.370292 0)
(0.249768 0.412004 0)
(0.310473 0.43552 0)
(0.368275 0.442871 0)
(0.421972 0.437127 0)
(0.470968 0.421468 0)
(0.515028 0.398748 0)
(0.554159 0.37136 0)
(0.588533 0.341231 0)
(0.61844 0.309853 0)
(0.64423 0.278322 0)
(0.66627 0.247399 0)
(0.684902 0.217562 0)
(0.700422 0.18907 0)
(0.713066 0.162021 0)
(0.723011 0.136401 0)
(0.730379 0.112127 0)
(0.735247 0.0890723 0)
(0.737654 0.0670887 0)
(0.737606 0.0460216 0)
(0.735081 0.0257175 0)
(0.730042 0.00602808 0)
(0.722413 -0.0131934 0)
(0.71209 -0.0320605 0)
(0.698948 -0.0506762 0)
(0.682837 -0.0691262 0)
(0.663569 -0.0874693 0)
(0.640921 -0.105734 0)
(0.614635 -0.123918 0)
(0.58444 -0.141988 0)
(0.550074 -0.159897 0)
(0.511325 -0.177618 0)
(0.468093 -0.195229 0)
(0.42047 -0.213063 0)
(0.368833 -0.23198 0)
(0.313892 -0.253838 0)
(0.25688 -0.282354 0)
(0.198797 -0.324793 0)
(0.142957 -0.395565 0)
(0.0825639 -0.522175 0)
(0.0379547 -0.75132 0)
(-0.0637839 -1.11119 0)
(-0.0473634 -1.0793 0)
(-0.00178208 -0.0121848 0)
(-0.0131686 -0.00301648 0)
(-0.0205227 0.0295996 0)
(-0.0187494 0.0765832 0)
(-0.00297865 0.133686 0)
(0.0288121 0.196246 0)
(0.0751021 0.257214 0)
(0.132224 0.309529 0)
(0.195775 0.348536 0)
(0.2617 0.372708 0)
(0.326877 0.382912 0)
(0.389187 0.381299 0)
(0.447333 0.370428 0)
(0.500603 0.35276 0)
(0.548687 0.330437 0)
(0.591546 0.305216 0)
(0.629317 0.278479 0)
(0.662252 0.251266 0)
(0.690659 0.224318 0)
(0.714864 0.198133 0)
(0.735178 0.173007 0)
(0.751876 0.149088 0)
(0.765192 0.126415 0)
(0.77531 0.104954 0)
(0.78237 0.084622 0)
(0.786468 0.0653119 0)
(0.787664 0.0469033 0)
(0.785978 0.0292741 0)
(0.781406 0.0123091 0)
(0.773901 -0.00410761 0)
(0.763384 -0.0200678 0)
(0.749747 -0.035646 0)
(0.732865 -0.0508941 0)
(0.712584 -0.0658361 0)
(0.688723 -0.0804721 0)
(0.661092 -0.0947855 0)
(0.629512 -0.108754 0)
(0.593835 -0.122376 0)
(0.553984 -0.13572 0)
(0.509993 -0.14902 0)
(0.462053 -0.162838 0)
(0.410563 -0.178325 0)
(0.356128 -0.197676 0)
(0.299717 -0.224918 0)
(0.241881 -0.267404 0)
(0.185518 -0.338887 0)
(0.122588 -0.464485 0)
(0.0759735 -0.687078 0)
(-0.0344907 -1.03974 0)
(-0.0308792 -1.13661 0)
(-0.00668132 0.00055072 0)
(-0.0363384 0.0133546 0)
(-0.0570882 0.0395877 0)
(-0.0654684 0.0742686 0)
(-0.057641 0.115575 0)
(-0.0321006 0.16132 0)
(0.010085 0.207582 0)
(0.0656219 0.249248 0)
(0.130442 0.28214 0)
(0.200433 0.304174 0)
(0.271933 0.315315 0)
(0.342092 0.316751 0)
(0.408926 0.31023 0)
(0.471186 0.297619 0)
(0.528184 0.280656 0)
(0.57962 0.260833 0)
(0.625458 0.239358 0)
(0.66583 0.217166 0)
(0.700976 0.194944 0)
(0.731186 0.173173 0)
(0.756765 0.152162 0)
(0.77801 0.132088 0)
(0.795189 0.11303 0)
(0.808535 0.0949944 0)
(0.818241 0.0779439 0)
(0.824462 0.0618111 0)
(0.827311 0.0465146 0)
(0.826867 0.0319686 0)
(0.823174 0.0180922 0)
(0.816246 0.00481111 0)
(0.806059 -0.00793515 0)
(0.79253 -0.0201921 0)
(0.775612 -0.032004 0)
(0.755244 -0.0433884 0)
(0.731355 -0.0543391 0)
(0.703878 -0.0648442 0)
(0.672774 -0.0749097 0)
(0.638046 -0.084591 0)
(0.599751 -0.094044 0)
(0.558016 -0.103617 0)
(0.51303 -0.114006 0)
(0.465058 -0.126514 0)
(0.414374 -0.143485 0)
(0.361411 -0.169082 0)
(0.305977 -0.210672 0)
(0.250273 -0.281515 0)
(0.184656 -0.404741 0)
(0.135488 -0.619163 0)
(0.0115549 -0.956747 0)
(-0.00181849 -1.17909 0)
(-0.0171202 0.0329852 0)
(-0.0747826 0.0491245 0)
(-0.111622 0.0627021 0)
(-0.129641 0.0805066 0)
(-0.127608 0.103499 0)
(-0.105787 0.130897 0)
(-0.0657225 0.160521 0)
(-0.0106486 0.189176 0)
(0.0554264 0.213545 0)
(0.12853 0.23113 0)
(0.205042 0.241245 0)
(0.281691 0.244382 0)
(0.355978 0.241475 0)
(0.426204 0.233678 0)
(0.491319 0.222194 0)
(0.550749 0.208136 0)
(0.60426 0.192458 0)
(0.651851 0.175925 0)
(0.693674 0.159126 0)
(0.729974 0.142491 0)
(0.761042 0.126313 0)
(0.787181 0.110777 0)
(0.80869 0.0959848 0)
(0.825843 0.0819766 0)
(0.838888 0.0687501 0)
(0.848039 0.0562755 0)
(0.853477 0.0445076 0)
(0.85535 0.0333947 0)
(0.853779 0.0228857 0)
(0.848861 0.0129365 0)
(0.840664 0.00351173 0)
(0.829305 -0.00540929 0)
(0.814687 -0.0138375 0)
(0.796873 -0.0218118 0)
(0.775943 -0.0293625 0)
(0.751975 -0.0365052 0)
(0.725054 -0.0432724 0)
(0.695281 -0.0497518 0)
(0.662773 -0.0561332 0)
(0.627641 -0.0627872 0)
(0.589946 -0.0704058 0)
(0.549655 -0.0802429 0)
(0.506505 -0.0945241 0)
(0.460086 -0.117208 0)
(0.408948 -0.155346 0)
(0.353762 -0.221635 0)
(0.283178 -0.337857 0)
(0.228219 -0.539235 0)
(0.0731206 -0.87055 0)
(0.0414345 -1.19754 0)
(-0.0353335 0.0984231 0)
(-0.125156 0.109873 0)
(-0.171034 0.0979397 0)
(-0.192242 0.0923537 0)
(-0.192121 0.0943667 0)
(-0.172004 0.102294 0)
(-0.133543 0.114696 0)
(-0.0796435 0.129313 0)
(-0.0140208 0.143479 0)
(0.0597691 0.154999 0)
(0.138539 0.162721 0)
(0.219055 0.166379 0)
(0.298414 0.166163 0)
(0.374578 0.16257 0)
(0.446207 0.156253 0)
(0.512476 0.1479 0)
(0.572948 0.138149 0)
(0.627468 0.127549 0)
(0.676085 0.116545 0)
(0.718977 0.105476 0)
(0.756402 0.0945893 0)
(0.788656 0.0840516 0)
(0.816052 0.0739666 0)
(0.838895 0.0643896 0)
(0.857474 0.0553413 0)
(0.872055 0.0468185 0)
(0.882876 0.0388031 0)
(0.890152 0.0312697 0)
(0.89407 0.0241894 0)
(0.894799 0.0175356 0)
(0.892496 0.0112819 0)
(0.887273 0.00542111 0)
(0.879387 -5.29801e-05 0)
(0.86891 -0.00515646 0)
(0.855872 -0.00991931 0)
(0.840401 -0.0143818 0)
(0.82262 -0.0185973 0)
(0.802639 -0.0226566 0)
(0.780537 -0.0267253 0)
(0.756325 -0.0311054 0)
(0.729883 -0.0363477 0)
(0.700856 -0.0434499 0)
(0.668422 -0.0541907 0)
(0.631197 -0.071763 0)
(0.585979 -0.101955 0)
(0.530385 -0.155469 0)
(0.449734 -0.251648 0)
(0.373032 -0.423802 0)
(0.152671 -0.740899 0)
(0.118107 -1.13978 0)
(-0.0728612 0.213874 0)
(-0.144635 0.159828 0)
(-0.141773 0.103324 0)
(-0.130619 0.0842375 0)
(-0.112528 0.0722771 0)
(-0.085194 0.063734 0)
(-0.0473318 0.0605521 0)
(0.00102176 0.0620322 0)
(0.0590046 0.0662339 0)
(0.125288 0.0716864 0)
(0.197737 0.0770749 0)
(0.273675 0.0812714 0)
(0.350561 0.0837479 0)
(0.426337 0.0843862 0)
(0.499457 0.0833062 0)
(0.568821 0.080762 0)
(0.633705 0.0770648 0)
(0.693687 0.0725289 0)
(0.74858 0.0674388 0)
(0.798371 0.0620339 0)
(0.843162 0.0565036 0)
(0.883132 0.0509902 0)
(0.918505 0.0455946 0)
(0.949524 0.0403845 0)
(0.976441 0.0354015 0)
(0.999497 0.0306681 0)
(1.01893 0.0261934 0)
(1.03494 0.0219777 0)
(1.04775 0.0180159 0)
(1.05752 0.0143 0)
(1.06444 0.0108224 0)
(1.06865 0.00757135 0)
(1.07031 0.0045392 0)
(1.06959 0.00173261 0)
(1.06666 -0.000853816 0)
(1.06165 -0.00324257 0)
(1.05464 -0.00546992 0)
(1.04571 -0.00759639 0)
(1.03489 -0.00972825 0)
(1.02212 -0.0120521 0)
(1.00717 -0.014903 0)
(0.989497 -0.0188856 0)
(0.967956 -0.0250689 0)
(0.94049 -0.0353366 0)
(0.902552 -0.0530651 0)
(0.848414 -0.0844474 0)
(0.758036 -0.141998 0)
(0.641566 -0.252087 0)
(0.336025 -0.495559 0)
(0.327945 -0.862175 0)
(0.238782 0.159767 0)
(0.35718 0.172606 0)
(0.470703 0.127625 0)
(0.571649 0.0910101 0)
(0.648007 0.0667726 0)
(0.706953 0.0498573 0)
(0.756368 0.0374333 0)
(0.801067 0.0282462 0)
(0.844157 0.0216374 0)
(0.887758 0.0171861 0)
(0.933002 0.0144596 0)
(0.98013 0.0129816 0)
(1.02875 0.0123064 0)
(1.07813 0.0120638 0)
(1.12736 0.0119771 0)
(1.17558 0.0118643 0)
(1.22203 0.0116258 0)
(1.2661 0.011223 0)
(1.30736 0.0106571 0)
(1.34551 0.00995177 0)
(1.38039 0.00914035 0)
(1.41196 0.00825779 0)
(1.44025 0.00733599 0)
(1.46532 0.00640191 0)
(1.48731 0.00547699 0)
(1.50636 0.0045774 0)
(1.52262 0.00371478 0)
(1.53625 0.00289728 0)
(1.54743 0.00213017 0)
(1.5563 0.00141658 0)
(1.56302 0.000758478 0)
(1.56774 0.000156704 0)
(1.57061 -0.000389055 0)
(1.57176 -0.000879881 0)
(1.57133 -0.00131538 0)
(1.56946 -0.00169809 0)
(1.56627 -0.00203581 0)
(1.56185 -0.00234422 0)
(1.55623 -0.00265193 0)
(1.54935 -0.00300874 0)
(1.54098 -0.00350215 0)
(1.53061 -0.00428608 0)
(1.51715 -0.00563127 0)
(1.49871 -0.00798509 0)
(1.47137 -0.0121732 0)
(1.42971 -0.0194109 0)
(1.35671 -0.0331409 0)
(1.24354 -0.0573535 0)
(0.972374 -0.130201 0)
(0.997213 -0.29962 0)
)
;

boundaryField
{
    movingWall
    {
        type            fixedValue;
        value           uniform (2 0 0);
    }
    fixedWalls
    {
        type            fixedValue;
        value           uniform (0 0 0);
    }
    frontAndBack
    {
        type            empty;
    }
}


// ************************************************************************* //
