/*--------------------------------*- C++ -*----------------------------------*\
  =========                 |
  \\      /  F ield         | OpenFOAM: The Open Source CFD Toolbox
   \\    /   O peration     | Website:  https://openfoam.org
    \\  /    A nd           | Version:  7
     \\/     M anipulation  |
\*---------------------------------------------------------------------------*/
FoamFile
{
    version     2.0;
    format      ascii;
    class       volVectorField;
    location    "900";
    object      U;
}
// * * * * * * * * * * * * * * * * * * * * * * * * * * * * * * * * * * * * * //

dimensions      [0 1 -1 0 0 0 0];

internalField   nonuniform List<vector> 
2500
(
(0.000206732 -0.000202099 0)
(0.00186516 -0.000571611 0)
(0.00447424 -0.000698047 0)
(0.00716371 -0.000600117 0)
(0.00922984 -0.00041904 0)
(0.0104511 -0.000264355 0)
(0.0109308 -0.000188035 0)
(0.0108815 -0.000185919 0)
(0.0104507 -0.000219908 0)
(0.00963386 -0.00024546 0)
(0.00828165 -0.000228685 0)
(0.00616168 -0.000150732 0)
(0.00301662 -2.55331e-06 0)
(-0.0013973 0.000221232 0)
(-0.00728479 0.000523766 0)
(-0.0147784 0.000908601 0)
(-0.0239007 0.00137575 0)
(-0.0345215 0.00191361 0)
(-0.0463232 0.00248895 0)
(-0.0587796 0.00303948 0)
(-0.0711623 0.0034754 0)
(-0.0825776 0.0036921 0)
(-0.0920363 0.00359112 0)
(-0.0985556 0.00310721 0)
(-0.10127 0.00223456 0)
(-0.0995055 0.00103123 0)
(-0.0929931 -0.000372019 0)
(-0.0818062 -0.00180959 0)
(-0.0664119 -0.00310789 0)
(-0.0476668 -0.00409993 0)
(-0.0267894 -0.00464075 0)
(-0.00526211 -0.00460779 0)
(0.0153889 -0.00393856 0)
(0.0336935 -0.00278763 0)
(0.0483445 -0.00137474 0)
(0.0583854 0.000122326 0)
(0.0634353 0.00149391 0)
(0.0637064 0.00253189 0)
(0.060004 0.00311032 0)
(0.0534936 0.00322401 0)
(0.045407 0.00298616 0)
(0.036848 0.00254965 0)
(0.0286536 0.00204891 0)
(0.0213443 0.00157462 0)
(0.01515 0.0011745 0)
(0.0100818 0.000863648 0)
(0.00603041 0.000631432 0)
(0.00290201 0.000436184 0)
(0.000795747 0.000192925 0)
(-8.19482e-05 -8.73447e-05 0)
(0.000566008 -0.00182016 0)
(0.00437406 -0.00431832 0)
(0.00958205 -0.00511778 0)
(0.014604 -0.0044411 0)
(0.0181615 -0.00299825 0)
(0.0197678 -0.00145751 0)
(0.0194615 -0.000192002 0)
(0.0174538 0.000766268 0)
(0.0138299 0.0016262 0)
(0.00840051 0.00266655 0)
(0.000728802 0.00410462 0)
(-0.00974164 0.00604632 0)
(-0.02354 0.00849584 0)
(-0.0410287 0.0113861 0)
(-0.062288 0.0145787 0)
(-0.0870103 0.0178479 0)
(-0.114438 0.0208732 0)
(-0.143375 0.0232622 0)
(-0.172301 0.0246063 0)
(-0.199533 0.0245481 0)
(-0.223416 0.0228406 0)
(-0.24247 0.0193842 0)
(-0.255494 0.014243 0)
(-0.261633 0.00764955 0)
(-0.260412 -6.39457e-06 0)
(-0.251764 -0.00820875 0)
(-0.235881 -0.0163871 0)
(-0.213214 -0.0239874 0)
(-0.184528 -0.0304468 0)
(-0.15091 -0.0352314 0)
(-0.113771 -0.0378789 0)
(-0.0748083 -0.0380453 0)
(-0.0359326 -0.0355856 0)
(0.000922748 -0.0306826 0)
(0.0339123 -0.0238347 0)
(0.0613584 -0.0157676 0)
(0.0819435 -0.00730264 0)
(0.0949457 0.000677699 0)
(0.10023 0.00732993 0)
(0.0984091 0.0120715 0)
(0.0909379 0.0147045 0)
(0.0796022 0.0154303 0)
(0.0662282 0.0147133 0)
(0.052414 0.0131071 0)
(0.0393382 0.0111174 0)
(0.0276956 0.00911102 0)
(0.0177751 0.00724964 0)
(0.00968344 0.0054355 0)
(0.00372685 0.00334396 0)
(0.000329408 0.000918873 0)
(0.000785736 -0.00449671 0)
(0.00568852 -0.00969674 0)
(0.0117177 -0.0109182 0)
(0.016906 -0.00900573 0)
(0.0197624 -0.0054232 0)
(0.01971 -0.0014683 0)
(0.0166664 0.00215468 0)
(0.0106292 0.00542595 0)
(0.00137296 0.00878477 0)
(-0.0116343 0.0127976 0)
(-0.0291057 0.0178504 0)
(-0.0516689 0.0240203 0)
(-0.0796292 0.0310957 0)
(-0.112757 0.0386126 0)
(-0.150177 0.0458908 0)
(-0.190414 0.0521113 0)
(-0.231578 0.0564503 0)
(-0.271635 0.0582218 0)
(-0.308659 0.0569797 0)
(-0.341026 0.0525579 0)
(-0.367497 0.0450558 0)
(-0.387229 0.0347888 0)
(-0.399709 0.0222301 0)
(-0.404677 0.00795993 0)
(-0.402058 -0.00737248 0)
(-0.391826 -0.023085 0)
(-0.374022 -0.0384651 0)
(-0.348916 -0.0527245 0)
(-0.316988 -0.06503 0)
(-0.279006 -0.0745427 0)
(-0.236063 -0.0804864 0)
(-0.189596 -0.0822514 0)
(-0.141362 -0.0795088 0)
(-0.0933636 -0.0723133 0)
(-0.0477161 -0.0612112 0)
(-0.00641361 -0.0472078 0)
(0.0288214 -0.0315952 0)
(0.0566302 -0.0158207 0)
(0.0763201 -0.00117437 0)
(0.0876184 0.011147 0)
(0.0907865 0.0202354 0)
(0.0870774 0.0257267 0)
(0.0781962 0.0278526 0)
(0.0660326 0.0273022 0)
(0.0523869 0.0249744 0)
(0.0387205 0.0217245 0)
(0.0260341 0.0181229 0)
(0.0149684 0.0142404 0)
(0.00625679 0.00958425 0)
(0.000705287 0.00358741 0)
(0.000917785 -0.00772817 0)
(0.00606816 -0.0155941 0)
(0.0115453 -0.0165383 0)
(0.0151616 -0.0124507 0)
(0.0154139 -0.00573121 0)
(0.0117433 0.00170327 0)
(0.00392518 0.00894752 0)
(-0.00838952 0.0161103 0)
(-0.0258663 0.0239547 0)
(-0.0493206 0.0332315 0)
(-0.0793898 0.0442206 0)
(-0.116171 0.0565806 0)
(-0.158996 0.0694354 0)
(-0.206409 0.0815618 0)
(-0.256373 0.091631 0)
(-0.306602 0.098457 0)
(-0.354922 0.101192 0)
(-0.399526 0.0994153 0)
(-0.439082 0.0931134 0)
(-0.472712 0.0825872 0)
(-0.499892 0.0683372 0)
(-0.520325 0.050963 0)
(-0.533819 0.0310943 0)
(-0.540207 0.0093639 0)
(-0.53933 -0.0135675 0)
(-0.531006 -0.0369648 0)
(-0.51511 -0.0599806 0)
(-0.491608 -0.0816566 0)
(-0.460603 -0.100927 0)
(-0.422424 -0.116645 0)
(-0.377691 -0.127672 0)
(-0.32741 -0.133013 0)
(-0.273052 -0.131976 0)
(-0.216559 -0.124349 0)
(-0.160245 -0.110565 0)
(-0.106588 -0.0917373 0)
(-0.0579378 -0.0695657 0)
(-0.016166 -0.0460519 0)
(0.0175325 -0.0231107 0)
(0.0425676 -0.00248592 0)
(0.0588776 0.0145858 0)
(0.0667215 0.0271806 0)
(0.0672103 0.0349231 0)
(0.0618992 0.0381543 0)
(0.0525778 0.0377782 0)
(0.0410374 0.03493 0)
(0.0288293 0.0305673 0)
(0.0171888 0.0250323 0)
(0.007421 0.0177411 0)
(0.000862087 0.00736663 0)
(0.000999767 -0.0110192 0)
(0.00561016 -0.0208285 0)
(0.00922655 -0.0203474 0)
(0.00967324 -0.0128988 0)
(0.00561206 -0.00193078 0)
(-0.00347587 0.010134 0)
(-0.0180555 0.0223951 0)
(-0.0388826 0.0352966 0)
(-0.066891 0.0497782 0)
(-0.102732 0.0663653 0)
(-0.146304 0.0846846 0)
(-0.19653 0.103505 0)
(-0.25147 0.121095 0)
(-0.308676 0.135661 0)
(-0.365643 0.145717 0)
(-0.42019 0.150312 0)
(-0.470673 0.14908 0)
(-0.51601 0.142147 0)
(-0.555572 0.129967 0)
(-0.589031 0.11316 0)
(-0.616233 0.092398 0)
(-0.637097 0.0683459 0)
(-0.651552 0.0416332 0)
(-0.659517 0.0128828 0)
(-0.660898 -0.0172423 0)
(-0.655565 -0.0480102 0)
(-0.643292 -0.0785765 0)
(-0.623797 -0.107935 0)
(-0.596805 -0.134891 0)
(-0.562087 -0.158084 0)
(-0.519578 -0.176054 0)
(-0.469569 -0.187338 0)
(-0.412881 -0.190669 0)
(-0.350994 -0.185271 0)
(-0.286103 -0.171133 0)
(-0.221043 -0.149187 0)
(-0.158986 -0.121318 0)
(-0.102934 -0.0901298 0)
(-0.0551739 -0.0584775 0)
(-0.0168957 -0.0288795 0)
(0.0117742 -0.00311171 0)
(0.0312161 0.0176236 0)
(0.041983 0.0326563 0)
(0.0452788 0.0418318 0)
(0.0426229 0.0456883 0)
(0.0357415 0.0452936 0)
(0.0263976 0.0417572 0)
(0.0162495 0.0355994 0)
(0.00710931 0.0261579 0)
(0.000796423 0.0113835 0)
(0.000995644 -0.0139236 0)
(0.00416021 -0.0242938 0)
(0.00457681 -0.020875 0)
(0.000388331 -0.00872019 0)
(-0.00947819 0.00766869 0)
(-0.0255854 0.0256102 0)
(-0.0486767 0.0445032 0)
(-0.0797323 0.0650209 0)
(-0.119466 0.0878193 0)
(-0.167693 0.112584 0)
(-0.223069 0.13786 0)
(-0.283288 0.161493 0)
(-0.345583 0.181261 0)
(-0.407262 0.195389 0)
(-0.466102 0.202807 0)
(-0.520521 0.203168 0)
(-0.569546 0.196699 0)
(-0.61267 0.183979 0)
(-0.649697 0.16575 0)
(-0.68063 0.142795 0)
(-0.705601 0.115874 0)
(-0.724803 0.0856828 0)
(-0.738451 0.0528617 0)
(-0.74675 0.0180306 0)
(-0.749816 -0.0182101 0)
(-0.747634 -0.0552644 0)
(-0.739997 -0.0924335 0)
(-0.726489 -0.128816 0)
(-0.706502 -0.163297 0)
(-0.67925 -0.194511 0)
(-0.643928 -0.220799 0)
(-0.599908 -0.240271 0)
(-0.546952 -0.251032 0)
(-0.485493 -0.251496 0)
(-0.416939 -0.240746 0)
(-0.343835 -0.218926 0)
(-0.269757 -0.187542 0)
(-0.198889 -0.149457 0)
(-0.135281 -0.108441 0)
(-0.0819397 -0.0683707 0)
(-0.0401563 -0.0323661 0)
(-0.00955621 -0.00229293 0)
(0.0110277 0.0211162 0)
(0.0227864 0.0375804 0)
(0.0271479 0.047315 0)
(0.0257759 0.0511017 0)
(0.0204607 0.0499343 0)
(0.0130756 0.0443176 0)
(0.00574826 0.0334768 0)
(0.000590901 0.0148941 0)
(0.000839619 -0.015864 0)
(0.00148135 -0.0247667 0)
(-0.00260167 -0.0166877 0)
(-0.0126962 0.00146014 0)
(-0.0295868 0.0244181 0)
(-0.0539481 0.0495896 0)
(-0.0866796 0.076666 0)
(-0.12854 0.106111 0)
(-0.179403 0.137675 0)
(-0.237839 0.169811 0)
(-0.30132 0.200038 0)
(-0.366812 0.225723 0)
(-0.431402 0.244751 0)
(-0.492726 0.25586 0)
(-0.549128 0.25866 0)
(-0.599613 0.253433 0)
(-0.643706 0.240884 0)
(-0.681307 0.221923 0)
(-0.712597 0.197523 0)
(-0.737967 0.168637 0)
(-0.757946 0.136131 0)
(-0.773114 0.100747 0)
(-0.784054 0.063126 0)
(-0.79126 0.0238038 0)
(-0.795043 -0.0167962 0)
(-0.795536 -0.0582829 0)
(-0.792671 -0.100194 0)
(-0.786014 -0.141922 0)
(-0.774794 -0.182655 0)
(-0.757916 -0.221223 0)
(-0.734045 -0.255998 0)
(-0.701689 -0.284935 0)
(-0.659413 -0.305696 0)
(-0.606239 -0.315851 0)
(-0.542108 -0.313271 0)
(-0.468293 -0.296725 0)
(-0.387683 -0.266478 0)
(-0.304766 -0.224677 0)
(-0.225082 -0.175334 0)
(-0.154103 -0.123679 0)
(-0.0958282 -0.0749083 0)
(-0.0517199 -0.0328171 0)
(-0.0207659 0.000840055 0)
(-0.00075839 0.0259258 0)
(0.0102984 0.0427722 0)
(0.0143069 0.0520012 0)
(0.0132031 0.0544094 0)
(0.00901059 0.0503498 0)
(0.00399971 0.038925 0)
(0.000362132 0.0174916 0)
(0.000464617 -0.0160952 0)
(-0.00257685 -0.0209671 0)
(-0.0122922 -0.00660752 0)
(-0.0292452 0.0186722 0)
(-0.0539662 0.049289 0)
(-0.0872068 0.0828986 0)
(-0.129691 0.119148 0)
(-0.181425 0.15769 0)
(-0.241084 0.196972 0)
(-0.30608 0.23428 0)
(-0.373176 0.266569 0)
(-0.439203 0.291298 0)
(-0.501558 0.306906 0)
(-0.558397 0.312858 0)
(-0.608609 0.309446 0)
(-0.651688 0.297503 0)
(-0.687608 0.278158 0)
(-0.716728 0.252651 0)
(-0.739702 0.22222 0)
(-0.757377 0.187992 0)
(-0.770671 0.150911 0)
(-0.780489 0.111723 0)
(-0.787642 0.07098 0)
(-0.792759 0.0290353 0)
(-0.796282 -0.0138904 0)
(-0.798493 -0.0576105 0)
(-0.79945 -0.101969 0)
(-0.798826 -0.146751 0)
(-0.795974 -0.191524 0)
(-0.789877 -0.235478 0)
(-0.77905 -0.277344 0)
(-0.761522 -0.315321 0)
(-0.735008 -0.34699 0)
(-0.697233 -0.369366 0)
(-0.646369 -0.379264 0)
(-0.581648 -0.37387 0)
(-0.504076 -0.351483 0)
(-0.416944 -0.312336 0)
(-0.325829 -0.259251 0)
(-0.237882 -0.19766 0)
(-0.160296 -0.134645 0)
(-0.0982563 -0.0770449 0)
(-0.0533288 -0.0294087 0)
(-0.0235903 0.00684315 0)
(-0.00556906 0.0324284 0)
(0.00360838 0.0482784 0)
(0.00645428 0.0552373 0)
(0.00528713 0.0535805 0)
(0.00248669 0.0423722 0)
(0.000209176 0.0191554 0)
(-0.000172518 -0.013783 0)
(-0.00796956 -0.0118213 0)
(-0.0241293 0.0102151 0)
(-0.0484495 0.0435214 0)
(-0.0812477 0.0826596 0)
(-0.12316 0.125412 0)
(-0.174323 0.170848 0)
(-0.233664 0.217369 0)
(-0.298715 0.262124 0)
(-0.366142 0.30166 0)
(-0.432524 0.332915 0)
(-0.494954 0.353879 0)
(-0.551319 0.363747 0)
(-0.600319 0.362744 0)
(-0.641374 0.351815 0)
(-0.674517 0.332336 0)
(-0.700277 0.305881 0)
(-0.71956 0.274038 0)
(-0.733497 0.238265 0)
(-0.743283 0.199773 0)
(-0.750051 0.159481 0)
(-0.754799 0.118028 0)
(-0.758324 0.0757812 0)
(-0.761212 0.0328967 0)
(-0.763923 -0.0105723 0)
(-0.766779 -0.0546445 0)
(-0.769888 -0.0994317 0)
(-0.773149 -0.145011 0)
(-0.776265 -0.191285 0)
(-0.778574 -0.237923 0)
(-0.778881 -0.284248 0)
(-0.775377 -0.329012 0)
(-0.765629 -0.370172 0)
(-0.746635 -0.40482 0)
(-0.715126 -0.429303 0)
(-0.668234 -0.439534 0)
(-0.604396 -0.431705 0)
(-0.524296 -0.403383 0)
(-0.43161 -0.35473 0)
(-0.333156 -0.289406 0)
(-0.237982 -0.214612 0)
(-0.155233 -0.139755 0)
(-0.0912616 -0.0736598 0)
(-0.0474132 -0.0215637 0)
(-0.0204374 0.0157815 0)
(-0.00547796 0.0400968 0)
(0.00120114 0.0527661 0)
(0.00267198 0.0543782 0)
(0.00160525 0.0441961 0)
(0.0001839 0.0201659 0)
(-0.00107337 -0.00815964 0)
(-0.0144204 0.00341924 0)
(-0.0373756 0.034159 0)
(-0.0690542 0.0760639 0)
(-0.109512 0.124153 0)
(-0.159002 0.175967 0)
(-0.21678 0.229532 0)
(-0.280687 0.281887 0)
(-0.347448 0.329219 0)
(-0.413451 0.367861 0)
(-0.475468 0.395182 0)
(-0.531056 0.409938 0)
(-0.578669 0.412164 0)
(-0.617609 0.402859 0)
(-0.647934 0.38365 0)
(-0.67033 0.356481 0)
(-0.685944 0.323352 0)
(-0.696172 0.286102 0)
(-0.70245 0.24625 0)
(-0.706076 0.204924 0)
(-0.708131 0.162866 0)
(-0.709441 0.120496 0)
(-0.710586 0.0779669 0)
(-0.711969 0.0352772 0)
(-0.713911 -0.00765894 0)
(-0.716656 -0.0510073 0)
(-0.720323 -0.0949816 0)
(-0.725038 -0.139772 0)
(-0.730834 -0.185529 0)
(-0.737512 -0.232343 0)
(-0.744504 -0.280099 0)
(-0.750713 -0.32824 0)
(-0.75426 -0.375536 0)
(-0.752292 -0.419835 0)
(-0.741054 -0.457803 0)
(-0.716298 -0.484903 0)
(-0.674044 -0.495853 0)
(-0.611743 -0.485622 0)
(-0.52967 -0.450881 0)
(-0.432028 -0.391687 0)
(-0.327145 -0.312824 0)
(-0.226236 -0.22388 0)
(-0.14049 -0.137216 0)
(-0.0771279 -0.0638527 0)
(-0.0365999 -0.00933562 0)
(-0.0137872 0.0267848 0)
(-0.00263017 0.047134 0)
(0.0013016 0.05324 0)
(0.00144631 0.0450126 0)
(0.000288195 0.0209433 0)
(-0.00218055 0.00132173 0)
(-0.0214309 0.0250421 0)
(-0.0510288 0.0650852 0)
(-0.0895095 0.115767 0)
(-0.136559 0.172636 0)
(-0.191818 0.23258 0)
(-0.25359 0.292347 0)
(-0.318866 0.34781 0)
(-0.383977 0.394665 0)
(-0.445407 0.429493 0)
(-0.50035 0.450389 0)
(-0.54695 0.45701 0)
(-0.584327 0.450296 0)
(-0.612508 0.432075 0)
(-0.632294 0.404674 0)
(-0.645046 0.370554 0)
(-0.652416 0.331996 0)
(-0.656063 0.290871 0)
(-0.657438 0.248539 0)
(-0.657668 0.205855 0)
(-0.657543 0.163266 0)
(-0.657553 0.120921 0)
(-0.657972 0.0787878 0)
(-0.658948 0.0367488 0)
(-0.660591 -0.00536482 0)
(-0.66303 -0.0477425 0)
(-0.666374 -0.0905581 0)
(-0.670824 -0.133995 0)
(-0.67659 -0.178291 0)
(-0.683858 -0.223723 0)
(-0.692702 -0.270518 0)
(-0.702874 -0.318753 0)
(-0.71348 -0.36815 0)
(-0.72266 -0.417684 0)
(-0.727332 -0.465095 0)
(-0.723101 -0.506517 0)
(-0.704619 -0.53642 0)
(-0.666613 -0.548093 0)
(-0.605509 -0.534916 0)
(-0.521259 -0.492455 0)
(-0.418815 -0.420875 0)
(-0.308398 -0.326738 0)
(-0.203735 -0.222918 0)
(-0.117983 -0.125433 0)
(-0.0584639 -0.0474051 0)
(-0.0236504 0.00621981 0)
(-0.00619329 0.0377434 0)
(0.000677437 0.050378 0)
(0.00180927 0.0453475 0)
(0.000485777 0.0218706 0)
(-0.00335867 0.0148941 0)
(-0.028354 0.0528452 0)
(-0.0639693 0.102368 0)
(-0.108207 0.161547 0)
(-0.160271 0.226386 0)
(-0.21909 0.292825 0)
(-0.28214 0.356353 0)
(-0.345905 0.412045 0)
(-0.406682 0.455569 0)
(-0.461306 0.484104 0)
(-0.507551 0.496668 0)
(-0.544262 0.493932 0)
(-0.571344 0.477813 0)
(-0.589627 0.450987 0)
(-0.600633 0.416408 0)
(-0.606239 0.376866 0)
(-0.608326 0.334657 0)
(-0.6085 0.291422 0)
(-0.607944 0.24815 0)
(-0.607408 0.205305 0)
(-0.607279 0.163001 0)
(-0.607697 0.121151 0)
(-0.608663 0.0795922 0)
(-0.610112 0.0381488 0)
(-0.611994 -0.00334836 0)
(-0.614357 -0.0450271 0)
(-0.617263 -0.0869832 0)
(-0.620853 -0.129327 0)
(-0.625365 -0.172226 0)
(-0.631142 -0.215912 0)
(-0.638594 -0.260708 0)
(-0.648066 -0.307037 0)
(-0.659637 -0.355292 0)
(-0.672783 -0.405523 0)
(-0.685877 -0.456947 0)
(-0.695667 -0.507301 0)
(-0.69707 -0.552181 0)
(-0.683608 -0.584771 0)
(-0.64866 -0.596491 0)
(-0.587572 -0.578831 0)
(-0.500163 -0.526251 0)
(-0.39265 -0.439511 0)
(-0.277778 -0.32803 0)
(-0.17211 -0.209286 0)
(-0.0902981 -0.10359 0)
(-0.0383274 -0.0252952 0)
(-0.0113416 0.0228896 0)
(-0.00015712 0.0453526 0)
(0.00229608 0.0453448 0)
(0.000720531 0.0231526 0)
(-0.00444381 0.0324048 0)
(-0.0345372 0.0861633 0)
(-0.0751404 0.14495 0)
(-0.123718 0.211895 0)
(-0.178935 0.283365 0)
(-0.239037 0.354226 0)
(-0.300916 0.41892 0)
(-0.360882 0.472143 0)
(-0.415471 0.509922 0)
(-0.462047 0.530296 0)
(-0.499081 0.533361 0)
(-0.526223 0.520897 0)
(-0.544208 0.495821 0)
(-0.554619 0.461574 0)
(-0.559504 0.421523 0)
(-0.560951 0.378488 0)
(-0.560734 0.33448 0)
(-0.560119 0.290681 0)
(-0.559845 0.2476 0)
(-0.56022 0.2053 0)
(-0.561274 0.163619 0)
(-0.562895 0.122327 0)
(-0.564926 0.08121 0)
(-0.56721 0.0400987 0)
(-0.569642 -0.0011226 0)
(-0.572228 -0.0425128 0)
(-0.574988 -0.0841027 0)
(-0.577975 -0.125915 0)
(-0.581352 -0.167993 0)
(-0.585393 -0.210436 0)
(-0.590495 -0.253471 0)
(-0.597192 -0.297509 0)
(-0.606102 -0.343144 0)
(-0.617713 -0.391073 0)
(-0.631919 -0.441784 0)
(-0.647364 -0.494884 0)
(-0.66072 -0.548089 0)
(-0.666245 -0.59624 0)
(-0.656171 -0.630893 0)
(-0.622393 -0.641151 0)
(-0.55933 -0.616256 0)
(-0.467194 -0.54976 0)
(-0.354281 -0.444106 0)
(-0.236659 -0.313372 0)
(-0.13389 -0.181274 0)
(-0.0609099 -0.0724437 0)
(-0.0200608 -0.000220249 0)
(-0.00227163 0.0369274 0)
(0.00246839 0.0446192 0)
(0.000939833 0.02475 0)
(-0.00528767 0.0532914 0)
(-0.0394197 0.123938 0)
(-0.0836843 0.191459 0)
(-0.134979 0.265079 0)
(-0.19143 0.341497 0)
(-0.250735 0.414556 0)
(-0.309478 0.477965 0)
(-0.364065 0.526427 0)
(-0.411465 0.556645 0)
(-0.449691 0.567714 0)
(-0.477993 0.560927 0)
(-0.496847 0.53921 0)
(-0.507753 0.506405 0)
(-0.512834 0.466496 0)
(-0.514354 0.422942 0)
(-0.514269 0.378266 0)
(-0.513968 0.33395 0)
(-0.514222 0.290607 0)
(-0.515301 0.248278 0)
(-0.517155 0.206721 0)
(-0.519593 0.165623 0)
(-0.522397 0.124716 0)
(-0.525385 0.0838079 0)
(-0.528417 0.0427823 0)
(-0.531407 0.00158117 0)
(-0.534358 -0.0398098 0)
(-0.537286 -0.0813798 0)
(-0.540183 -0.123101 0)
(-0.543111 -0.164937 0)
(-0.546182 -0.206877 0)
(-0.549613 -0.24898 0)
(-0.553801 -0.291443 0)
(-0.559375 -0.334704 0)
(-0.567166 -0.379539 0)
(-0.578021 -0.427019 0)
(-0.592309 -0.47812 0)
(-0.609039 -0.532851 0)
(-0.624767 -0.588871 0)
(-0.632909 -0.639997 0)
(-0.624245 -0.675543 0)
(-0.589174 -0.681631 0)
(-0.521541 -0.645078 0)
(-0.422822 -0.559321 0)
(-0.304634 -0.430451 0)
(-0.187278 -0.279816 0)
(-0.0928364 -0.138961 0)
(-0.0339644 -0.0352025 0)
(-0.00650618 0.0231569 0)
(0.00201071 0.0423008 0)
(0.00111621 0.0264123 0)
(-0.00576901 0.076648 0)
(-0.0425896 0.164835 0)
(-0.089028 0.240347 0)
(-0.141374 0.319325 0)
(-0.197276 0.398883 0)
(-0.254071 0.472019 0)
(-0.308282 0.532042 0)
(-0.356612 0.574003 0)
(-0.396591 0.595516 0)
(-0.426946 0.596885 0)
(-0.447715 0.580654 0)
(-0.460125 0.550842 0)
(-0.466234 0.512007 0)
(-0.468411 0.468357 0)
(-0.4688 0.423099 0)
(-0.46896 0.37819 0)
(-0.469759 0.334468 0)
(-0.471476 0.292004 0)
(-0.474024 0.250489 0)
(-0.477151 0.209524 0)
(-0.480599 0.168775 0)
(-0.484169 0.128017 0)
(-0.487736 0.0871265 0)
(-0.491227 0.046045 0)
(-0.494604 0.00475538 0)
(-0.497897 -0.0367356 0)
(-0.501136 -0.0784042 0)
(-0.504289 -0.12022 0)
(-0.507349 -0.162131 0)
(-0.51031 -0.204075 0)
(-0.51321 -0.24599 0)
(-0.516192 -0.28787 0)
(-0.519595 -0.329866 0)
(-0.52406 -0.372448 0)
(-0.530603 -0.416565 0)
(-0.540448 -0.463662 0)
(-0.554436 -0.515289 0)
(-0.571879 -0.571912 0)
(-0.589092 -0.630913 0)
(-0.598405 -0.684468 0)
(-0.58886 -0.718789 0)
(-0.549424 -0.716331 0)
(-0.474146 -0.661663 0)
(-0.367256 -0.549864 0)
(-0.245284 -0.393989 0)
(-0.133327 -0.226065 0)
(-0.0540382 -0.08584 0)
(-0.0133523 0.00162454 0)
(0.000771357 0.0372093 0)
(0.00125353 0.0277809 0)
(-0.00581238 0.101341 0)
(-0.0438148 0.207374 0)
(-0.0909084 0.290038 0)
(-0.142735 0.372985 0)
(-0.196569 0.453943 0)
(-0.249573 0.525316 0)
(-0.298414 0.580332 0)
(-0.340227 0.61466 0)
(-0.373163 0.627003 0)
(-0.396665 0.618951 0)
(-0.411485 0.594279 0)
(-0.419418 0.557925 0)
(-0.422811 0.51487 0)
(-0.423964 0.469195 0)
(-0.424655 0.423568 0)
(-0.425919 0.379247 0)
(-0.42812 0.336445 0)
(-0.431173 0.294823 0)
(-0.434797 0.25389 0)
(-0.438695 0.21323 0)
(-0.442651 0.172573 0)
(-0.446549 0.131782 0)
(-0.450346 0.0908053 0)
(-0.454033 0.0496278 0)
(-0.457613 0.0082517 0)
(-0.461148 -0.0333134 0)
(-0.464678 -0.0750526 0)
(-0.468176 -0.116958 0)
(-0.471612 -0.158997 0)
(-0.47494 -0.20111 0)
(-0.478098 -0.243208 0)
(-0.481037 -0.285183 0)
(-0.483796 -0.326966 0)
(-0.486632 -0.368648 0)
(-0.490196 -0.410703 0)
(-0.495655 -0.454271 0)
(-0.504587 -0.50127 0)
(-0.518301 -0.553894 0)
(-0.536327 -0.612986 0)
(-0.554412 -0.675207 0)
(-0.563292 -0.730132 0)
(-0.549993 -0.759627 0)
(-0.502483 -0.741834 0)
(-0.416449 -0.660206 0)
(-0.301003 -0.514974 0)
(-0.179288 -0.331185 0)
(-0.0805062 -0.154849 0)
(-0.0231574 -0.0304684 0)
(-0.00128306 0.0280134 0)
(0.0013712 0.0284788 0)
(-0.00539464 0.126127 0)
(-0.0430395 0.250048 0)
(-0.0893451 0.339043 0)
(-0.139273 0.424635 0)
(-0.189839 0.505469 0)
(-0.238205 0.573637 0)
(-0.281323 0.622561 0)
(-0.316836 0.648725 0)
(-0.343515 0.652032 0)
(-0.361456 0.635362 0)
(-0.371967 0.603601 0)
(-0.377179 0.562356 0)
(-0.379446 0.516699 0)
(-0.380767 0.470285 0)
(-0.382425 0.425078 0)
(-0.384953 0.381635 0)
(-0.388335 0.339676 0)
(-0.392286 0.298624 0)
(-0.396486 0.257958 0)
(-0.400695 0.217336 0)
(-0.404789 0.176593 0)
(-0.40874 0.135678 0)
(-0.412571 0.0945897 0)
(-0.416312 0.0533363 0)
(-0.419988 0.0119218 0)
(-0.42367 -0.0296539 0)
(-0.427411 -0.0713907 0)
(-0.431193 -0.113305 0)
(-0.434994 -0.155391 0)
(-0.438772 -0.197625 0)
(-0.442445 -0.239945 0)
(-0.445898 -0.282243 0)
(-0.449007 -0.324365 0)
(-0.451715 -0.366166 0)
(-0.454193 -0.407667 0)
(-0.457079 -0.449371 0)
(-0.461717 -0.492667 0)
(-0.470078 -0.540054 0)
(-0.483891 -0.594475 0)
(-0.502637 -0.65696 0)
(-0.520936 -0.722555 0)
(-0.527282 -0.776617 0)
(-0.506538 -0.795126 0)
(-0.446741 -0.75195 0)
(-0.347621 -0.632442 0)
(-0.22592 -0.448112 0)
(-0.112315 -0.242534 0)
(-0.0363978 -0.0761176 0)
(-0.0042262 0.0132125 0)
(0.00146067 0.0280965 0)
(-0.00454054 0.149768 0)
(-0.0403565 0.291421 0)
(-0.0845808 0.38604 0)
(-0.13147 0.473132 0)
(-0.177898 0.552628 0)
(-0.221157 0.616597 0)
(-0.258576 0.658868 0)
(-0.288322 0.676874 0)
(-0.309738 0.671747 0)
(-0.323442 0.64759 0)
(-0.331104 0.610203 0)
(-0.334946 0.565572 0)
(-0.337111 0.518565 0)
(-0.339167 0.472214 0)
(-0.341908 0.427742 0)
(-0.34547 0.385114 0)
(-0.34962 0.343727 0)
(-0.354023 0.302929 0)
(-0.358413 0.262265 0)
(-0.36265 0.221513 0)
(-0.3667 0.180606 0)
(-0.370598 0.139552 0)
(-0.374406 0.0983748 0)
(-0.378166 0.0570874 0)
(-0.381902 0.015684 0)
(-0.385685 -0.0258489 0)
(-0.389571 -0.0675236 0)
(-0.393552 -0.109374 0)
(-0.397614 -0.151417 0)
(-0.401734 -0.193661 0)
(-0.405856 -0.236089 0)
(-0.409879 -0.278642 0)
(-0.413648 -0.32119 0)
(-0.416972 -0.363531 0)
(-0.419703 -0.405441 0)
(-0.421937 -0.446874 0)
(-0.424342 -0.488392 0)
(-0.428488 -0.531772 0)
(-0.43678 -0.580314 0)
(-0.451279 -0.637789 0)
(-0.470957 -0.704841 0)
(-0.488411 -0.77327 0)
(-0.489115 -0.82186 0)
(-0.456179 -0.819267 0)
(-0.38 -0.736873 0)
(-0.267902 -0.568354 0)
(-0.1469 -0.345947 0)
(-0.0533897 -0.137536 0)
(-0.0082237 -0.00882569 0)
(0.00147396 0.026178 0)
(-0.00331276 0.171121 0)
(-0.0359681 0.330195 0)
(-0.0770083 0.429921 0)
(-0.119973 0.517616 0)
(-0.161688 0.594918 0)
(-0.199672 0.654138 0)
(-0.231673 0.689669 0)
(-0.256352 0.699951 0)
(-0.273528 0.687311 0)
(-0.284183 0.656936 0)
(-0.290144 0.615303 0)
(-0.293519 0.568506 0)
(-0.296108 0.520991 0)
(-0.299023 0.475088 0)
(-0.302656 0.431348 0)
(-0.306895 0.389301 0)
(-0.311425 0.348185 0)
(-0.315956 0.307386 0)
(-0.320317 0.266567 0)
(-0.324461 0.225617 0)
(-0.32842 0.184541 0)
(-0.332261 0.143377 0)
(-0.336057 0.102154 0)
(-0.339849 0.0608737 0)
(-0.343651 0.0195181 0)
(-0.347521 -0.0219394 0)
(-0.351521 -0.0635181 0)
(-0.355648 -0.105264 0)
(-0.359887 -0.147208 0)
(-0.364232 -0.189378 0)
(-0.368654 -0.231794 0)
(-0.373094 -0.274447 0)
(-0.377433 -0.317276 0)
(-0.381486 -0.360131 0)
(-0.385 -0.402752 0)
(-0.387752 -0.444824 0)
(-0.389793 -0.486248 0)
(-0.391875 -0.527755 0)
(-0.395911 -0.571751 0)
(-0.404816 -0.622643 0)
(-0.420744 -0.684946 0)
(-0.441295 -0.757656 0)
(-0.455786 -0.826507 0)
(-0.446199 -0.860678 0)
(-0.395585 -0.821342 0)
(-0.300684 -0.683064 0)
(-0.180716 -0.459417 0)
(-0.0735849 -0.215077 0)
(-0.0135219 -0.0398857 0)
(0.00138944 0.0222428 0)
(-0.00180026 0.189205 0)
(-0.0301457 0.365255 0)
(-0.0671013 0.469801 0)
(-0.105491 0.55749 0)
(-0.142166 0.632098 0)
(-0.17492 0.686428 0)
(-0.201927 0.715526 0)
(-0.222278 0.718829 0)
(-0.236148 0.699766 0)
(-0.244715 0.664424 0)
(-0.249778 0.619725 0)
(-0.253196 0.571653 0)
(-0.256372 0.52411 0)
(-0.26002 0.478747 0)
(-0.26425 0.435571 0)
(-0.268829 0.393839 0)
(-0.273458 0.352755 0)
(-0.277932 0.311801 0)
(-0.282172 0.270762 0)
(-0.2862 0.229616 0)
(-0.290081 0.188406 0)
(-0.293892 0.147179 0)
(-0.297701 0.105951 0)
(-0.301544 0.064712 0)
(-0.305421 0.0234297 0)
(-0.309376 -0.0179323 0)
(-0.313482 -0.0593977 0)
(-0.317737 -0.101022 0)
(-0.322117 -0.142841 0)
(-0.326625 -0.184897 0)
(-0.331249 -0.227226 0)
(-0.335959 -0.269857 0)
(-0.340686 -0.31279 0)
(-0.345303 -0.355959 0)
(-0.34959 -0.399183 0)
(-0.353239 -0.442121 0)
(-0.355962 -0.48436 0)
(-0.357811 -0.525798 0)
(-0.35975 -0.567535 0)
(-0.3642 -0.613022 0)
(-0.374608 -0.66814 0)
(-0.392655 -0.73756 0)
(-0.413147 -0.815945 0)
(-0.420718 -0.878599 0)
(-0.394492 -0.882401 0)
(-0.321377 -0.78474 0)
(-0.210198 -0.575884 0)
(-0.0953861 -0.306703 0)
(-0.0203446 -0.0816424 0)
(0.00124938 0.0158074 0)
(-0.000107233 0.203246 0)
(-0.0231958 0.395678 0)
(-0.0553577 0.505008 0)
(-0.0887247 0.592378 0)
(-0.120217 0.664124 0)
(-0.14792 0.713765 0)
(-0.170406 0.737034 0)
(-0.187121 0.734303 0)
(-0.198459 0.709957 0)
(-0.205643 0.670787 0)
(-0.210306 0.623955 0)
(-0.213981 0.575192 0)
(-0.217694 0.527833 0)
(-0.221848 0.482936 0)
(-0.226386 0.440111 0)
(-0.231052 0.398471 0)
(-0.23561 0.357264 0)
(-0.239941 0.316088 0)
(-0.244039 0.274831 0)
(-0.247962 0.233525 0)
(-0.251787 0.19223 0)
(-0.255586 0.150981 0)
(-0.259419 0.109783 0)
(-0.263317 0.0686125 0)
(-0.267271 0.0274244 0)
(-0.271309 -0.013826 0)
(-0.275517 -0.0551635 0)
(-0.279901 -0.0966534 0)
(-0.28442 -0.138337 0)
(-0.289081 -0.180259 0)
(-0.293875 -0.222469 0)
(-0.298787 -0.265012 0)
(-0.303783 -0.307927 0)
(-0.308789 -0.351219 0)
(-0.313658 -0.394807 0)
(-0.318131 -0.438454 0)
(-0.321843 -0.481714 0)
(-0.324465 -0.524068 0)
(-0.326137 -0.565533 0)
(-0.328219 -0.60797 0)
(-0.333855 -0.65652 0)
(-0.346857 -0.718717 0)
(-0.367217 -0.79748 0)
(-0.384857 -0.878127 0)
(-0.378979 -0.920047 0)
(-0.329044 -0.868274 0)
(-0.232595 -0.68834 0)
(-0.116638 -0.408424 0)
(-0.0286921 -0.135244 0)
(0.00111615 0.00636055 0)
(0.00165665 0.212685 0)
(-0.015435 0.420732 0)
(-0.0422597 0.535051 0)
(-0.0703184 0.622072 0)
(-0.0966133 0.691073 0)
(-0.119505 0.736498 0)
(-0.137929 0.754756 0)
(-0.151591 0.747036 0)
(-0.160991 0.718512 0)
(-0.167263 0.67649 0)
(-0.171788 0.628221 0)
(-0.17575 0.579111 0)
(-0.179847 0.531976 0)
(-0.18427 0.487401 0)
(-0.188885 0.444731 0)
(-0.193469 0.40303 0)
(-0.197862 0.361626 0)
(-0.202018 0.320222 0)
(-0.205974 0.27878 0)
(-0.209804 0.237361 0)
(-0.213583 0.196024 0)
(-0.21737 0.154791 0)
(-0.22122 0.113651 0)
(-0.225163 0.0725707 0)
(-0.229185 0.0314976 0)
(-0.233295 -0.00962165 0)
(-0.237602 -0.0508122 0)
(-0.242121 -0.0921517 0)
(-0.246791 -0.133685 0)
(-0.251618 -0.175462 0)
(-0.256593 -0.217535 0)
(-0.261706 -0.259959 0)
(-0.266935 -0.302792 0)
(-0.272242 -0.346082 0)
(-0.277537 -0.389831 0)
(-0.282647 -0.433923 0)
(-0.287263 -0.478027 0)
(-0.290961 -0.52155 0)
(-0.293414 -0.563908 0)
(-0.295001 -0.605516 0)
(-0.297764 -0.649701 0)
(-0.305743 -0.704105 0)
(-0.322389 -0.77721 0)
(-0.343727 -0.8655 0)
(-0.352596 -0.937007 0)
(-0.324492 -0.931274 0)
(-0.246389 -0.79092 0)
(-0.135291 -0.515196 0)
(-0.0381746 -0.200462 0)
(0.000967548 -0.00656653 0)
(0.00338548 0.217211 0)
(-0.0071721 0.439832 0)
(-0.0282557 0.559585 0)
(-0.0508346 0.646484 0)
(-0.071993 0.71309 0)
(-0.090326 0.754972 0)
(-0.105083 0.769168 0)
(-0.116151 0.757536 0)
(-0.124029 0.725861 0)
(-0.129673 0.681798 0)
(-0.134158 0.632584 0)
(-0.138334 0.583305 0)
(-0.142638 0.536341 0)
(-0.147125 0.491932 0)
(-0.15165 0.449268 0)
(-0.156047 0.407421 0)
(-0.160226 0.3658 0)
(-0.164193 0.324194 0)
(-0.168007 0.282612 0)
(-0.171743 0.241126 0)
(-0.175466 0.199786 0)
(-0.179228 0.158597 0)
(-0.183076 0.117538 0)
(-0.187046 0.0765707 0)
(-0.191122 0.0356372 0)
(-0.195289 -0.00532452 0)
(-0.199685 -0.0463423 0)
(-0.204344 -0.0875063 0)
(-0.20918 -0.128868 0)
(-0.214194 -0.170482 0)
(-0.219378 -0.212402 0)
(-0.224717 -0.254686 0)
(-0.230199 -0.297403 0)
(-0.235795 -0.340623 0)
(-0.241456 -0.3844 0)
(-0.247069 -0.428716 0)
(-0.252419 -0.473384 0)
(-0.257135 -0.51792 0)
(-0.260743 -0.56156 0)
(-0.26301 -0.603794 0)
(-0.264816 -0.646043 0)
(-0.26925 -0.694253 0)
(-0.281095 -0.759103 0)
(-0.301535 -0.846673 0)
(-0.319302 -0.937674 0)
(-0.309751 -0.973814 0)
(-0.251332 -0.879505 0)
(-0.149863 -0.621889 0)
(-0.0480621 -0.275539 0)
(0.000663512 -0.023418 0)
(0.00493778 0.216638 0)
(0.00128775 0.452635 0)
(-0.013745 0.578354 0)
(-0.0307542 0.665601 0)
(-0.0468694 0.730342 0)
(-0.0608697 0.769487 0)
(-0.0722696 0.78064 0)
(-0.0810685 0.766164 0)
(-0.087689 0.73227 0)
(-0.0928473 0.686829 0)
(-0.0972941 0.637013 0)
(-0.101574 0.587633 0)
(-0.105919 0.540747 0)
(-0.110313 0.49637 0)
(-0.114632 0.453614 0)
(-0.118775 0.411583 0)
(-0.122711 0.369762 0)
(-0.126475 0.327996 0)
(-0.130136 0.286321 0)
(-0.133762 0.244809 0)
(-0.137411 0.203497 0)
(-0.141124 0.162379 0)
(-0.144947 0.121424 0)
(-0.148922 0.080592 0)
(-0.153035 0.039828 0)
(-0.157242 -0.000938976 0)
(-0.161712 -0.0417542 0)
(-0.166514 -0.0827073 0)
(-0.171526 -0.123868 0)
(-0.176748 -0.165291 0)
(-0.182168 -0.207034 0)
(-0.187771 -0.249157 0)
(-0.193543 -0.29173 0)
(-0.199463 -0.334837 0)
(-0.205497 -0.378562 0)
(-0.211572 -0.422955 0)
(-0.217543 -0.467946 0)
(-0.223132 -0.51321 0)
(-0.2279 -0.558049 0)
(-0.231365 -0.601551 0)
(-0.233579 -0.643709 0)
(-0.236329 -0.688134 0)
(-0.244057 -0.744887 0)
(-0.261138 -0.826327 0)
(-0.282743 -0.927003 0)
(-0.287472 -0.997823 0)
(-0.248193 -0.951848 0)
(-0.159616 -0.724007 0)
(-0.0575219 -0.357713 0)
(-5.25155e-06 -0.044619 0)
(0.00615878 0.211195 0)
(0.00958156 0.458702 0)
(0.000947969 0.591267 0)
(-0.0104769 0.679432 0)
(-0.0216487 0.74298 0)
(-0.031492 0.780273 0)
(-0.0397487 0.789429 0)
(-0.0464801 0.773143 0)
(-0.0519833 0.737878 0)
(-0.0567018 0.69161 0)
(-0.0610605 0.641432 0)
(-0.0653286 0.591962 0)
(-0.0695819 0.545054 0)
(-0.0737676 0.500602 0)
(-0.0778031 0.457694 0)
(-0.0816457 0.415478 0)
(-0.0853105 0.37349 0)
(-0.0888518 0.331612 0)
(-0.0923371 0.289889 0)
(-0.0958281 0.248386 0)
(-0.0993742 0.207132 0)
(-0.103014 0.16611 0)
(-0.106788 0.125284 0)
(-0.110746 0.0846129 0)
(-0.114877 0.0440503 0)
(-0.119109 0.00352048 0)
(-0.123637 -0.037055 0)
(-0.128573 -0.0777526 0)
(-0.133773 -0.118673 0)
(-0.139218 -0.15987 0)
(-0.144897 -0.201402 0)
(-0.150798 -0.24333 0)
(-0.156904 -0.285727 0)
(-0.163197 -0.328682 0)
(-0.169648 -0.3723 0)
(-0.176207 -0.416672 0)
(-0.182769 -0.461814 0)
(-0.189137 -0.507543 0)
(-0.19496 -0.553313 0)
(-0.199739 -0.598161 0)
(-0.203102 -0.641264 0)
(-0.205734 -0.68412 0)
(-0.210876 -0.734536 0)
(-0.224016 -0.807423 0)
(-0.245797 -0.909606 0)
(-0.260384 -1.00634 0)
(-0.23839 -1.00736 0)
(-0.164503 -0.81807 0)
(-0.0658292 -0.443834 0)
(-0.00115602 -0.0704101 0)
(0.00695502 0.201382 0)
(0.0173271 0.457619 0)
(0.015497 0.598174 0)
(0.00968322 0.688078 0)
(0.00334798 0.751128 0)
(-0.00245664 0.787497 0)
(-0.00768403 0.795702 0)
(-0.0124374 0.778595 0)
(-0.016865 0.742735 0)
(-0.0211252 0.696112 0)
(-0.0253247 0.645757 0)
(-0.029482 0.596183 0)
(-0.0335444 0.549158 0)
(-0.0374427 0.504546 0)
(-0.0411384 0.461454 0)
(-0.0446429 0.419067 0)
(-0.0480063 0.376955 0)
(-0.051295 0.335011 0)
(-0.0545734 0.293282 0)
(-0.0578962 0.251825 0)
(-0.0613084 0.210658 0)
(-0.0648465 0.169762 0)
(-0.0685493 0.129093 0)
(-0.072468 0.0886093 0)
(-0.0766018 0.0482728 0)
(-0.0808506 0.00801205 0)
(-0.0854168 -0.0322758 0)
(-0.0904718 -0.0726608 0)
(-0.0958645 -0.113289 0)
(-0.10154 -0.154213 0)
(-0.107497 -0.195487 0)
(-0.113724 -0.237176 0)
(-0.120206 -0.279352 0)
(-0.126924 -0.32211 0)
(-0.13385 -0.365565 0)
(-0.140945 -0.40984 0)
(-0.148129 -0.455011 0)
(-0.155254 -0.501002 0)
(-0.162055 -0.547421 0)
(-0.168106 -0.593411 0)
(-0.172912 -0.637825 0)
(-0.176458 -0.680665 0)
(-0.180647 -0.727006 0)
(-0.190538 -0.791266 0)
(-0.210405 -0.889161 0)
(-0.230913 -1.00282 0)
(-0.223611 -1.0467 0)
(-0.164969 -0.901734 0)
(-0.0725098 -0.530912 0)
(-0.00274165 -0.100724 0)
(0.00731287 0.187822 0)
(0.0242011 0.449329 0)
(0.0295332 0.598764 0)
(0.0294543 0.691574 0)
(0.0278768 0.754887 0)
(0.0260404 0.791219 0)
(0.0238138 0.799499 0)
(0.0210441 0.782539 0)
(0.0177302 0.746827 0)
(0.0139918 0.700292 0)
(0.0100287 0.649921 0)
(0.00605898 0.600225 0)
(0.00225447 0.553004 0)
(-0.0013015 0.50817 0)
(-0.00461413 0.464878 0)
(-0.00774354 0.422344 0)
(-0.0107694 0.38015 0)
(-0.0137675 0.338187 0)
(-0.0167997 0.296493 0)
(-0.0199158 0.255118 0)
(-0.0231584 0.214072 0)
(-0.0265646 0.173332 0)
(-0.0301736 0.13285 0)
(-0.0340401 0.0925758 0)
(-0.0381787 0.0524833 0)
(-0.0424481 0.0125235 0)
(-0.0470242 -0.0274158 0)
(-0.052167 -0.0674271 0)
(-0.0577445 -0.10771 0)
(-0.0636501 -0.148312 0)
(-0.0698933 -0.189278 0)
(-0.0764693 -0.23067 0)
(-0.0833633 -0.272567 0)
(-0.0905549 -0.315069 0)
(-0.0980182 -0.358301 0)
(-0.105715 -0.402406 0)
(-0.113581 -0.447507 0)
(-0.121499 -0.493605 0)
(-0.129263 -0.540434 0)
(-0.136536 -0.587281 0)
(-0.14285 -0.632958 0)
(-0.147869 -0.676612 0)
(-0.152428 -0.720899 0)
(-0.160375 -0.777886 0)
(-0.177626 -0.868168 0)
(-0.200972 -0.990578 0)
(-0.205516 -1.07137 0)
(-0.161751 -0.97371 0)
(-0.0773857 -0.616433 0)
(-0.00459102 -0.135164 0)
(0.00725932 0.171263 0)
(0.0299349 0.433979 0)
(0.0426669 0.592739 0)
(0.0485604 0.689855 0)
(0.0517244 0.754313 0)
(0.053827 0.791449 0)
(0.0546465 0.800765 0)
(0.0539547 0.784881 0)
(0.0518681 0.750047 0)
(0.0487597 0.704046 0)
(0.0451185 0.653843 0)
(0.0413945 0.604028 0)
(0.0378844 0.556542 0)
(0.0346965 0.511428 0)
(0.0317949 0.467921 0)
(0.0290758 0.425264 0)
(0.0264289 0.383033 0)
(0.0237661 0.341103 0)
(0.0210246 0.299493 0)
(0.0181568 0.258247 0)
(0.0151203 0.217374 0)
(0.011874 0.176849 0)
(0.00837481 0.136627 0)
(0.00456819 0.0966559 0)
(0.000423403 0.0569111 0)
(-0.00388018 0.0173389 0)
(-0.00844418 -0.0222595 0)
(-0.0136265 -0.0619264 0)
(-0.0193605 -0.101856 0)
(-0.0254862 -0.142104 0)
(-0.0320146 -0.182714 0)
(-0.0389507 -0.223754 0)
(-0.0462847 -0.265309 0)
(-0.0539961 -0.307492 0)
(-0.0620558 -0.350437 0)
(-0.0704251 -0.394303 0)
(-0.0790459 -0.439242 0)
(-0.0878206 -0.485318 0)
(-0.0965852 -0.532363 0)
(-0.105074 -0.579793 0)
(-0.112898 -0.626495 0)
(-0.119637 -0.671232 0)
(-0.125469 -0.7149 0)
(-0.132876 -0.766529 0)
(-0.147817 -0.847984 0)
(-0.171906 -0.972455 0)
(-0.185562 -1.08328 0)
(-0.1557 -1.03357 0)
(-0.0805427 -0.698481 0)
(-0.0064917 -0.173081 0)
(0.00684588 0.152552 0)
(0.0343196 0.411936 0)
(0.0545026 0.579834 0)
(0.0666964 0.682768 0)
(0.0746801 0.749421 0)
(0.0807301 0.788165 0)
(0.0846938 0.799404 0)
(0.0862476 0.785479 0)
(0.0855725 0.752245 0)
(0.0832509 0.707247 0)
(0.0800363 0.657424 0)
(0.0766103 0.607521 0)
(0.0734128 0.559716 0)
(0.070602 0.51426 0)
(0.0681292 0.470511 0)
(0.0658537 0.427742 0)
(0.0636325 0.385509 0)
(0.0613594 0.343653 0)
(0.0589647 0.302173 0)
(0.0563995 0.261102 0)
(0.0536205 0.22045 0)
(0.0505835 0.180193 0)
(0.0472419 0.14029 0)
(0.0435419 0.10069 0)
(0.039433 0.061355 0)
(0.0350356 0.0222166 0)
(0.0303901 -0.0169707 0)
(0.0251985 -0.0562509 0)
(0.0193622 -0.0957561 0)
(0.0130343 -0.135565 0)
(0.00622334 -0.175734 0)
(-0.00108302 -0.216344 0)
(-0.00888311 -0.257492 0)
(-0.0171563 -0.299291 0)
(-0.0258671 -0.341881 0)
(-0.0349734 -0.385434 0)
(-0.0444221 -0.430127 0)
(-0.05413 -0.476071 0)
(-0.063962 -0.523169 0)
(-0.0737071 -0.570942 0)
(-0.0830552 -0.618377 0)
(-0.0916184 -0.664121 0)
(-0.0992624 -0.707978 0)
(-0.107334 -0.756108 0)
(-0.120856 -0.829032 0)
(-0.14453 -0.950637 0)
(-0.164912 -1.08444 0)
(-0.147661 -1.0815 0)
(-0.0822616 -0.775728 0)
(-0.00826518 -0.213717 0)
(0.00614779 0.132581 0)
(0.0372116 0.383813 0)
(0.0646429 0.559865 0)
(0.0834995 0.67005 0)
(0.0965036 0.740143 0)
(0.106559 0.781302 0)
(0.113801 0.795263 0)
(0.117827 0.784135 0)
(0.118815 0.753233 0)
(0.117493 0.709756 0)
(0.114844 0.660592 0)
(0.111779 0.610686 0)
(0.108906 0.562532 0)
(0.106466 0.516674 0)
(0.104426 0.472638 0)
(0.102621 0.429745 0)
(0.100873 0.387525 0)
(0.0990488 0.345776 0)
(0.0970649 0.304462 0)
(0.0948651 0.263603 0)
(0.0924033 0.223206 0)
(0.0896328 0.183251 0)
(0.0865056 0.143694 0)
(0.0829715 0.104479 0)
(0.0789794 0.0655472 0)
(0.0745803 0.0268298 0)
(0.069865 -0.0118677 0)
(0.0646131 -0.0506254 0)
(0.0586557 -0.0895775 0)
(0.0521059 -0.128825 0)
(0.0449785 -0.168437 0)
(0.0372559 -0.208505 0)
(0.0289451 -0.249132 0)
(0.0200676 -0.290434 0)
(0.0106551 -0.332562 0)
(0.00074959 -0.375704 0)
(-0.00959987 -0.420057 0)
(-0.0203205 -0.46576 0)
(-0.0312982 -0.512768 0)
(-0.0423671 -0.560675 0)
(-0.0532881 -0.608559 0)
(-0.0637409 -0.655064 0)
(-0.0734982 -0.699414 0)
(-0.0831381 -0.745508 0)
(-0.0963644 -0.811075 0)
(-0.119242 -0.926627 0)
(-0.144427 -1.0767 0)
(-0.138395 -1.11809 0)
(-0.0829396 -0.847354 0)
(-0.00981349 -0.256356 0)
(0.00526055 0.112228 0)
(0.038543 0.350485 0)
(0.0726994 0.532807 0)
(0.0985279 0.651357 0)
(0.116886 0.726308 0)
(0.131084 0.770746 0)
(0.141765 0.788142 0)
(0.148533 0.780582 0)
(0.151498 0.752752 0)
(0.151456 0.711381 0)
(0.149566 0.663242 0)
(0.146957 0.613493 0)
(0.144428 0.565009 0)
(0.142348 0.518695 0)
(0.140733 0.474311 0)
(0.139413 0.431259 0)
(0.13818 0.389052 0)
(0.136867 0.347434 0)
(0.135364 0.306327 0)
(0.133602 0.265727 0)
(0.131526 0.225636 0)
(0.129087 0.186032 0)
(0.126237 0.146873 0)
(0.122926 0.108097 0)
(0.119107 0.069632 0)
(0.114774 0.031397 0)
(0.110019 -0.00676352 0)
(0.104688 -0.0449459 0)
(0.098593 -0.0832791 0)
(0.0918098 -0.121882 0)
(0.0843555 -0.160845 0)
(0.0762072 -0.200263 0)
(0.0673635 -0.240248 0)
(0.0578423 -0.280932 0)
(0.0476718 -0.32248 0)
(0.0368922 -0.365091 0)
(0.0255574 -0.408981 0)
(0.0137388 -0.454306 0)
(0.00152834 -0.50106 0)
(-0.0109513 -0.548898 0)
(-0.0235238 -0.596962 0)
(-0.0359408 -0.643925 0)
(-0.0479926 -0.688734 0)
(-0.0598202 -0.733753 0)
(-0.0738655 -0.793487 0)
(-0.0961331 -0.901316 0)
(-0.124691 -1.0617 0)
(-0.128534 -1.14408 0)
(-0.0830205 -0.912943 0)
(-0.0111367 -0.300436 0)
(0.00428947 0.0923065 0)
(0.0383352 0.313089 0)
(0.07832 0.498879 0)
(0.11126 0.626324 0)
(0.135411 0.707623 0)
(0.153999 0.756323 0)
(0.168312 0.777809 0)
(0.178118 0.7745 0)
(0.183434 0.750468 0)
(0.185029 0.711848 0)
(0.184168 0.665203 0)
(0.18217 0.615871 0)
(0.180041 0.567137 0)
(0.178318 0.520337 0)
(0.177112 0.475535 0)
(0.176279 0.432266 0)
(0.175593 0.390045 0)
(0.174849 0.348569 0)
(0.173901 0.307704 0)
(0.172654 0.267414 0)
(0.171042 0.227685 0)
(0.169009 0.188494 0)
(0.166502 0.149797 0)
(0.163471 0.111528 0)
(0.159868 0.0736056 0)
(0.155651 0.0359397 0)
(0.150899 -0.00159941 0)
(0.145501 -0.0391339 0)
(0.139271 -0.0767716 0)
(0.132253 -0.114641 0)
(0.12446 -0.152856 0)
(0.115867 -0.191524 0)
(0.106466 -0.230766 0)
(0.09627 -0.27073 0)
(0.0853049 -0.31159 0)
(0.0736094 -0.353557 0)
(0.0612332 -0.396853 0)
(0.0482359 -0.441656 0)
(0.0346881 -0.487983 0)
(0.0206836 -0.535528 0)
(0.0063496 -0.583488 0)
(-0.0081362 -0.630576 0)
(-0.0226236 -0.675623 0)
(-0.0370492 -0.720059 0)
(-0.0528829 -0.775455 0)
(-0.0750955 -0.875093 0)
(-0.106056 -1.04071 0)
(-0.118567 -1.16026 0)
(-0.0829367 -0.972359 0)
(-0.0123314 -0.345622 0)
(0.00333406 0.0735051 0)
(0.0367088 0.273001 0)
(0.0812299 0.458632 0)
(0.121118 0.59466 0)
(0.151531 0.683681 0)
(0.174894 0.73778 0)
(0.193085 0.764011 0)
(0.206235 0.765537 0)
(0.214315 0.74598 0)
(0.217985 0.710798 0)
(0.218522 0.666218 0)
(0.217384 0.61768 0)
(0.21578 0.56887 0)
(0.214447 0.521603 0)
(0.213642 0.476318 0)
(0.213289 0.432749 0)
(0.213166 0.390461 0)
(0.213036 0.349111 0)
(0.212712 0.308509 0)
(0.212063 0.268573 0)
(0.210999 0.229265 0)
(0.209451 0.190552 0)
(0.207361 0.152385 0)
(0.204671 0.114695 0)
(0.201332 0.0773969 0)
(0.197287 0.0403925 0)
(0.192582 0.00356959 0)
(0.187139 -0.0332217 0)
(0.180792 -0.0700704 0)
(0.173546 -0.107109 0)
(0.165412 -0.144469 0)
(0.156365 -0.182272 0)
(0.14639 -0.220654 0)
(0.135495 -0.259772 0)
(0.123703 -0.299818 0)
(0.11105 -0.341013 0)
(0.0975775 -0.383588 0)
(0.0833338 -0.427724 0)
(0.0683667 -0.473449 0)
(0.052731 -0.520475 0)
(0.0364989 -0.56804 0)
(0.0197925 -0.614896 0)
(0.00271527 -0.659849 0)
(-0.0145937 -0.703832 0)
(-0.032988 -0.756138 0)
(-0.0559018 -0.847971 0)
(-0.0886878 -1.01471 0)
(-0.108828 -1.16734 0)
(-0.0830664 -1.02564 0)
(-0.0135786 -0.391841 0)
(0.00247131 0.056354 0)
(0.033885 0.231771 0)
(0.0812819 0.413016 0)
(0.127527 0.556277 0)
(0.164563 0.654005 0)
(0.19321 0.714752 0)
(0.215615 0.746459 0)
(0.23243 0.753324 0)
(0.243705 0.738833 0)
(0.249958 0.707777 0)
(0.252375 0.66592 0)
(0.25247 0.618682 0)
(0.251626 0.570093 0)
(0.250793 0.522461 0)
(0.250416 0.476664 0)
(0.25054 0.432711 0)
(0.250982 0.390274 0)
(0.251494 0.349006 0)
(0.251848 0.308665 0)
(0.251872 0.269116 0)
(0.251441 0.230286 0)
(0.250464 0.192119 0)
(0.248868 0.154559 0)
(0.246591 0.117531 0)
(0.243575 0.0809472 0)
(0.239759 0.0447038 0)
(0.235151 0.0086925 0)
(0.229697 -0.027243 0)
(0.223258 -0.0631928 0)
(0.215801 -0.0992916 0)
(0.207333 -0.135682 0)
(0.197831 -0.1725 0)
(0.187277 -0.209895 0)
(0.175672 -0.24804 0)
(0.163035 -0.287138 0)
(0.149394 -0.32742 0)
(0.134782 -0.369119 0)
(0.119228 -0.412416 0)
(0.102751 -0.457335 0)
(0.0853668 -0.503599 0)
(0.0670948 -0.550472 0)
(0.0480001 -0.596744 0)
(0.0281488 -0.641217 0)
(0.00771929 -0.684629 0)
(-0.0138126 -0.734755 0)
(-0.0382623 -0.81971 0)
(-0.0726158 -0.984395 0)
(-0.0995026 -1.16589 0)
(-0.0836993 -1.07288 0)
(-0.0151252 -0.439288 0)
(0.00174417 0.0412016 0)
(0.0301704 0.191025 0)
(0.0785078 0.363404 0)
(0.129997 0.511439 0)
(0.173732 0.618155 0)
(0.208215 0.686759 0)
(0.235289 0.724797 0)
(0.256125 0.737484 0)
(0.271029 0.72854 0)
(0.280416 0.702246 0)
(0.285304 0.663816 0)
(0.287156 0.618505 0)
(0.287458 0.570579 0)
(0.28736 0.522809 0)
(0.287522 0.476547 0)
(0.288154 0.432154 0)
(0.289166 0.38948 0)
(0.29033 0.348224 0)
(0.291397 0.308116 0)
(0.29215 0.268968 0)
(0.292426 0.230662 0)
(0.292102 0.193112 0)
(0.291085 0.156242 0)
(0.289296 0.119969 0)
(0.28667 0.0841981 0)
(0.283141 0.0488222 0)
(0.278689 0.0137293 0)
(0.273273 -0.021233 0)
(0.266774 -0.0561656 0)
(0.259135 -0.0912061 0)
(0.250353 -0.126505 0)
(0.240411 -0.162212 0)
(0.229287 -0.198489 0)
(0.216976 -0.235524 0)
(0.20349 -0.273532 0)
(0.188845 -0.312746 0)
(0.173058 -0.353398 0)
(0.156133 -0.395657 0)
(0.138055 -0.439536 0)
(0.118794 -0.484754 0)
(0.0983168 -0.5306 0)
(0.0766362 -0.575916 0)
(0.0537929 -0.619546 0)
(0.0300227 -0.662083 0)
(0.00495685 -0.710624 0)
(-0.0218482 -0.78993 0)
(-0.0577679 -0.950233 0)
(-0.0906242 -1.15629 0)
(-0.085009 -1.11413 0)
(-0.017257 -0.488401 0)
(0.00116112 0.0282201 0)
(0.0259259 0.152316 0)
(0.0731591 0.311564 0)
(0.128229 0.460899 0)
(0.178255 0.575893 0)
(0.219011 0.653258 0)
(0.251308 0.698576 0)
(0.276597 0.717613 0)
(0.295566 0.714605 0)
(0.308653 0.693598 0)
(0.316683 0.659282 0)
(0.320967 0.616608 0)
(0.322989 0.569934 0)
(0.324041 0.522408 0)
(0.324993 0.475857 0)
(0.326257 0.431042 0)
(0.327883 0.388072 0)
(0.329714 0.346753 0)
(0.331508 0.306828 0)
(0.333024 0.268073 0)
(0.334061 0.230322 0)
(0.334457 0.19345 0)
(0.334092 0.157354 0)
(0.332867 0.121932 0)
(0.330702 0.0870808 0)
(0.327525 0.0526861 0)
(0.323294 0.0186303 0)
(0.317972 -0.0152374 0)
(0.31146 -0.0490286 0)
(0.303679 -0.0828853 0)
(0.294621 -0.116965 0)
(0.284272 -0.151429 0)
(0.272605 -0.186453 0)
(0.25961 -0.222234 0)
(0.245284 -0.258995 0)
(0.22963 -0.296969 0)
(0.212637 -0.336377 0)
(0.194279 -0.377369 0)
(0.174498 -0.419936 0)
(0.153216 -0.463787 0)
(0.130347 -0.508232 0)
(0.105857 -0.552182 0)
(0.0797726 -0.594585 0)
(0.0524039 -0.636021 0)
(0.0235595 -0.683082 0)
(-0.00630056 -0.758179 0)
(-0.0439847 -0.912574 0)
(-0.0820696 -1.13877 0)
(-0.0870241 -1.14935 0)
(-0.0202599 -0.539833 0)
(0.000707987 0.017429 0)
(0.0215207 0.116959 0)
(0.0657209 0.259544 0)
(0.122229 0.405993 0)
(0.177486 0.527387 0)
(0.224604 0.613773 0)
(0.262672 0.667259 0)
(0.292932 0.693254 0)
(0.316435 0.696525 0)
(0.333783 0.681198 0)
(0.345669 0.651588 0)
(0.353182 0.61228 0)
(0.357691 0.567562 0)
(0.36053 0.520832 0)
(0.362731 0.474334 0)
(0.36491 0.42925 0)
(0.367301 0.386002 0)
(0.369863 0.344578 0)
(0.372411 0.304787 0)
(0.37471 0.266401 0)
(0.376536 0.229218 0)
(0.377697 0.193071 0)
(0.378039 0.157823 0)
(0.377441 0.123348 0)
(0.375804 0.0895242 0)
(0.373044 0.0562277 0)
(0.369101 0.0233322 0)
(0.363939 -0.00931456 0)
(0.35747 -0.0418357 0)
(0.349604 -0.0743783 0)
(0.340325 -0.107106 0)
(0.329618 -0.140191 0)
(0.317453 -0.173818 0)
(0.303807 -0.208192 0)
(0.288662 -0.243535 0)
(0.271995 -0.280074 0)
(0.253763 -0.318009 0)
(0.233898 -0.357464 0)
(0.212295 -0.398402 0)
(0.188824 -0.440518 0)
(0.163349 -0.483147 0)
(0.1358 -0.525293 0)
(0.106208 -0.566065 0)
(0.0749713 -0.60616 0)
(0.0421339 -0.651831 0)
(0.00874263 -0.723886 0)
(-0.0310273 -0.871712 0)
(-0.0735517 -1.11343 0)
(-0.0896014 -1.17825 0)
(-0.0243612 -0.594381 0)
(0.000365997 0.00872444 0)
(0.0172868 0.0858876 0)
(0.0568786 0.209481 0)
(0.112377 0.348649 0)
(0.171076 0.473422 0)
(0.224037 0.568109 0)
(0.26821 0.6303 0)
(0.303999 0.663878 0)
(0.332564 0.673777 0)
(0.354742 0.664406 0)
(0.371201 0.639949 0)
(0.382812 0.604662 0)
(0.390735 0.562653 0)
(0.396227 0.517415 0)
(0.40039 0.471499 0)
(0.404006 0.426476 0)
(0.407497 0.383111 0)
(0.410982 0.341629 0)
(0.41438 0.301967 0)
(0.417507 0.263936 0)
(0.420149 0.227325 0)
(0.4221 0.191937 0)
(0.423184 0.1576 0)
(0.423257 0.124157 0)
(0.4222 0.0914644 0)
(0.419916 0.059381 0)
(0.416325 0.0277679 0)
(0.411389 -0.00352909 0)
(0.405029 -0.0346514 0)
(0.397143 -0.0657482 0)
(0.387709 -0.0969885 0)
(0.376704 -0.128553 0)
(0.364093 -0.160631 0)
(0.349834 -0.193429 0)
(0.333886 -0.227161 0)
(0.316192 -0.262037 0)
(0.296668 -0.298232 0)
(0.275198 -0.335834 0)
(0.251624 -0.374775 0)
(0.225764 -0.414739 0)
(0.197441 -0.455099 0)
(0.166562 -0.494981 0)
(0.13319 -0.533719 0)
(0.0978412 -0.572247 0)
(0.0608034 -0.616683 0)
(0.0236275 -0.68652 0)
(-0.0185889 -0.827959 0)
(-0.0646258 -1.08031 0)
(-0.0924031 -1.20026 0)
(-0.0296502 -0.65284 0)
(0.000127288 0.00190071 0)
(0.0134916 0.059575 0)
(0.0474335 0.163361 0)
(0.0994357 0.291268 0)
(0.159117 0.415539 0)
(0.216587 0.516618 0)
(0.266698 0.587326 0)
(0.308453 0.628916 0)
(0.342656 0.645787 0)
(0.370266 0.642578 0)
(0.392009 0.62356 0)
(0.408605 0.592809 0)
(0.420966 0.554218 0)
(0.430166 0.511242 0)
(0.43726 0.466603 0)
(0.443115 0.422173 0)
(0.448305 0.37904 0)
(0.453121 0.337699 0)
(0.457622 0.29826 0)
(0.461721 0.260628 0)
(0.465256 0.224619 0)
(0.468042 0.190029 0)
(0.469901 0.156658 0)
(0.470677 0.124323 0)
(0.470238 0.092855 0)
(0.468474 0.0620914 0)
(0.465291 0.0318767 0)
(0.460639 0.0020533 0)
(0.454444 -0.0275434 0)
(0.446604 -0.0570625 0)
(0.437076 -0.0866764 0)
(0.425828 -0.11657 0)
(0.41281 -0.146934 0)
(0.397958 -0.177966 0)
(0.381197 -0.209864 0)
(0.362431 -0.242813 0)
(0.341528 -0.276954 0)
(0.318316 -0.312337 0)
(0.292585 -0.348862 0)
(0.264104 -0.386212 0)
(0.232664 -0.423818 0)
(0.19818 -0.460971 0)
(0.160778 -0.4973 0)
(0.121123 -0.534078 0)
(0.0797412 -0.57746 0)
(0.0387233 -0.64578 0)
(-0.00629705 -0.781667 0)
(-0.0546896 -1.03952 0)
(-0.0948619 -1.21443 0)
(-0.0359697 -0.715781 0)
(3.27506e-06 -0.00334092 0)
(0.0103356 0.0380484 0)
(0.038169 0.122781 0)
(0.084445 0.236504 0)
(0.142187 0.356043 0)
(0.201952 0.460436 0)
(0.257061 0.538403 0)
(0.304837 0.587899 0)
(0.345188 0.611942 0)
(0.378871 0.615043 0)
(0.406625 0.601627 0)
(0.429078 0.575754 0)
(0.44692 0.541165 0)
(0.460985 0.501202 0)
(0.472177 0.458627 0)
(0.481336 0.415495 0)
(0.489121 0.373152 0)
(0.495959 0.332346 0)
(0.502062 0.293388 0)
(0.507469 0.256315 0)
(0.512112 0.221012 0)
(0.515864 0.187297 0)
(0.518579 0.154966 0)
(0.520112 0.123819 0)
(0.520332 0.0936643 0)
(0.519126 0.0643206 0)
(0.516393 0.0356144 0)
(0.512068 0.00737879 0)
(0.506078 -0.0205665 0)
(0.498322 -0.0483736 0)
(0.488735 -0.076216 0)
(0.477264 -0.104277 0)
(0.46384 -0.132741 0)
(0.44837 -0.161788 0)
(0.43074 -0.191595 0)
(0.410805 -0.222312 0)
(0.388382 -0.254039 0)
(0.363245 -0.286789 0)
(0.335131 -0.320435 0)
(0.303773 -0.354674 0)
(0.268951 -0.38903 0)
(0.230618 -0.423012 0)
(0.189003 -0.456614 0)
(0.144949 -0.491546 0)
(0.0992207 -0.534123 0)
(0.0544681 -0.601675 0)
(0.00634065 -0.733175 0)
(-0.0429782 -0.99141 0)
(-0.0961311 -1.21945 0)
(-0.0427874 -0.783428 0)
(1.68229e-05 -0.00739042 0)
(0.00791654 0.0209864 0)
(0.0296461 0.0888096 0)
(0.0684601 0.186957 0)
(0.121225 0.297847 0)
(0.180335 0.401597 0)
(0.238591 0.484319 0)
(0.291782 0.540695 0)
(0.338508 0.571684 0)
(0.378868 0.581101 0)
(0.413378 0.573349 0)
(0.442546 0.55255 0)
(0.466879 0.522384 0)
(0.486967 0.486081 0)
(0.503505 0.446355 0)
(0.517211 0.405328 0)
(0.528734 0.364504 0)
(0.538575 0.32483 0)
(0.547066 0.286809 0)
(0.554379 0.250623 0)
(0.560563 0.216259 0)
(0.565582 0.183588 0)
(0.569356 0.15243 0)
(0.57178 0.122585 0)
(0.572749 0.093852 0)
(0.572159 0.0660367 0)
(0.569917 0.0389526 0)
(0.565946 0.0124221 0)
(0.560174 -0.0137415 0)
(0.552503 -0.0396952 0)
(0.542839 -0.0656088 0)
(0.53111 -0.0916571 0)
(0.517218 -0.118009 0)
(0.501037 -0.144824 0)
(0.482412 -0.172245 0)
(0.461148 -0.200384 0)
(0.437012 -0.229299 0)
(0.409726 -0.258965 0)
(0.378988 -0.289242 0)
(0.344513 -0.319867 0)
(0.306102 -0.350501 0)
(0.26378 -0.380931 0)
(0.21792 -0.411586 0)
(0.169555 -0.444684 0)
(0.119682 -0.486782 0)
(0.0714372 -0.554338 0)
(0.020042 -0.682982 0)
(-0.0286477 -0.936883 0)
(-0.0950907 -1.21378 0)
(-0.0490975 -0.855716 0)
(0.000155585 -0.0106677 0)
(0.00602873 0.00790534 0)
(0.0218268 0.0619983 0)
(0.0520449 0.144872 0)
(0.0971164 0.244116 0)
(0.152305 0.342908 0)
(0.211075 0.426731 0)
(0.268261 0.487776 0)
(0.321056 0.52471 0)
(0.368472 0.540092 0)
(0.410432 0.537924 0)
(0.447153 0.522281 0)
(0.478927 0.496818 0)
(0.506124 0.464684 0)
(0.529212 0.42851 0)
(0.548738 0.390399 0)
(0.565259 0.351915 0)
(0.579277 0.314128 0)
(0.591189 0.277684 0)
(0.601269 0.242903 0)
(0.609679 0.20988 0)
(0.616491 0.178563 0)
(0.621711 0.148818 0)
(0.625303 0.120467 0)
(0.627209 0.0933195 0)
(0.62736 0.0671806 0)
(0.625679 0.0418606 0)
(0.622094 0.0171779 0)
(0.616534 -0.00705278 0)
(0.608908 -0.0309914 0)
(0.5991 -0.0547958 0)
(0.587013 -0.0786243 0)
(0.572524 -0.102625 0)
(0.555474 -0.126927 0)
(0.535667 -0.151637 0)
(0.512865 -0.176825 0)
(0.486793 -0.202507 0)
(0.457139 -0.22863 0)
(0.423584 -0.255062 0)
(0.385855 -0.281613 0)
(0.343816 -0.30813 0)
(0.297604 -0.334738 0)
(0.247746 -0.362353 0)
(0.195446 -0.393733 0)
(0.141881 -0.435716 0)
(0.0905014 -0.504018 0)
(0.0359026 -0.631373 0)
(-0.010977 -0.877475 0)
(-0.0904732 -1.1957 0)
(-0.0534123 -0.931876 0)
(0.00027913 -0.01338 0)
(0.00370602 -0.00143547 0)
(0.0133985 0.0426349 0)
(0.0344333 0.111889 0)
(0.0699243 0.197739 0)
(0.118302 0.287517 0)
(0.174684 0.368045 0)
(0.233785 0.430376 0)
(0.291667 0.471223 0)
(0.346065 0.491584 0)
(0.395947 0.494622 0)
(0.44095 0.484082 0)
(0.481024 0.463497 0)
(0.516286 0.435921 0)
(0.546986 0.403893 0)
(0.573485 0.369442 0)
(0.596212 0.334124 0)
(0.615607 0.299052 0)
(0.632072 0.264955 0)
(0.645939 0.232256 0)
(0.657454 0.201145 0)
(0.666784 0.171651 0)
(0.674028 0.1437 0)
(0.679232 0.117157 0)
(0.682401 0.0918567 0)
(0.683517 0.0676209 0)
(0.682539 0.0442703 0)
(0.679412 0.0216313 0)
(0.674075 -0.000469031 0)
(0.666445 -0.02219 0)
(0.656401 -0.043668 0)
(0.643826 -0.0650367 0)
(0.628576 -0.0864159 0)
(0.610469 -0.107902 0)
(0.589279 -0.12956 0)
(0.564745 -0.151419 0)
(0.536568 -0.173462 0)
(0.504435 -0.195624 0)
(0.468053 -0.21781 0)
(0.427211 -0.239946 0)
(0.381873 -0.262113 0)
(0.332309 -0.284804 0)
(0.279176 -0.309431 0)
(0.22377 -0.339276 0)
(0.167294 -0.381432 0)
(0.113267 -0.450962 0)
(0.0556633 -0.577901 0)
(0.010691 -0.815133 0)
(-0.0808494 -1.16268 0)
(-0.0537398 -1.00871 0)
(-4.16749e-05 -0.0148399 0)
(-0.00140391 -0.006147 0)
(0.00103548 0.0313397 0)
(0.0126086 0.0889958 0)
(0.037902 0.160709 0)
(0.077837 0.238138 0)
(0.129535 0.310882 0)
(0.188368 0.370337 0)
(0.249843 0.41207 0)
(0.310568 0.435605 0)
(0.36839 0.44297 0)
(0.422108 0.437238 0)
(0.471125 0.421588 0)
(0.515207 0.398873 0)
(0.554359 0.371489 0)
(0.588756 0.341361 0)
(0.618684 0.30998 0)
(0.644495 0.278446 0)
(0.666555 0.247516 0)
(0.685207 0.21767 0)
(0.700744 0.189167 0)
(0.713404 0.162105 0)
(0.723362 0.136472 0)
(0.730742 0.112183 0)
(0.735619 0.0891115 0)
(0.738031 0.067111 0)
(0.737986 0.0460265 0)
(0.735461 0.025705 0)
(0.730419 0.00599819 0)
(0.722784 -0.0132402 0)
(0.712453 -0.0321234 0)
(0.699298 -0.0507543 0)
(0.683173 -0.0692178 0)
(0.663889 -0.0875729 0)
(0.641221 -0.105848 0)
(0.614914 -0.12404 0)
(0.584696 -0.142116 0)
(0.550305 -0.160027 0)
(0.51153 -0.177747 0)
(0.468272 -0.195355 0)
(0.420621 -0.213184 0)
(0.368958 -0.232091 0)
(0.313991 -0.253937 0)
(0.256956 -0.282437 0)
(0.198852 -0.32486 0)
(0.142996 -0.395613 0)
(0.0825896 -0.522199 0)
(0.0379742 -0.751315 0)
(-0.0637675 -1.11117 0)
(-0.047355 -1.0793 0)
(-0.00178067 -0.0121984 0)
(-0.0131652 -0.00304081 0)
(-0.0205183 0.0295726 0)
(-0.0187445 0.0765576 0)
(-0.00297183 0.133666 0)
(0.0288244 0.196238 0)
(0.0751243 0.257223 0)
(0.13226 0.309557 0)
(0.195828 0.348583 0)
(0.261772 0.372772 0)
(0.326969 0.382991 0)
(0.389301 0.381389 0)
(0.447468 0.370526 0)
(0.50076 0.352864 0)
(0.548867 0.330544 0)
(0.591747 0.305323 0)
(0.629541 0.278585 0)
(0.662497 0.251368 0)
(0.690924 0.224416 0)
(0.715148 0.198223 0)
(0.735479 0.173087 0)
(0.752193 0.149158 0)
(0.765523 0.126473 0)
(0.775652 0.104999 0)
(0.782721 0.084654 0)
(0.786825 0.0653297 0)
(0.788024 0.0469066 0)
(0.786338 0.0292629 0)
(0.781763 0.0122835 0)
(0.774253 -0.00414708 0)
(0.763727 -0.0201205 0)
(0.750078 -0.0357111 0)
(0.733182 -0.0509703 0)
(0.712884 -0.0659218 0)
(0.689004 -0.0805657 0)
(0.661352 -0.0948851 0)
(0.629748 -0.108857 0)
(0.594047 -0.12248 0)
(0.55417 -0.135823 0)
(0.510152 -0.14912 0)
(0.462186 -0.162932 0)
(0.410672 -0.178411 0)
(0.356212 -0.197751 0)
(0.29978 -0.22498 0)
(0.241927 -0.267454 0)
(0.185549 -0.338921 0)
(0.122607 -0.4645 0)
(0.075986 -0.687069 0)
(-0.0344783 -1.03971 0)
(-0.0308735 -1.13659 0)
(-0.00668042 0.000535756 0)
(-0.0363388 0.0133299 0)
(-0.0570905 0.0395616 0)
(-0.0654725 0.0742437 0)
(-0.0576458 0.115554 0)
(-0.0321034 0.161307 0)
(0.0100885 0.207581 0)
(0.0656358 0.249262 0)
(0.13047 0.28217 0)
(0.200479 0.304219 0)
(0.271998 0.315372 0)
(0.342179 0.316819 0)
(0.409034 0.310306 0)
(0.471317 0.2977 0)
(0.528338 0.28074 0)
(0.579797 0.260918 0)
(0.625656 0.239443 0)
(0.66605 0.217248 0)
(0.701217 0.195022 0)
(0.731446 0.173244 0)
(0.757043 0.152226 0)
(0.778303 0.132144 0)
(0.795496 0.113076 0)
(0.808853 0.09503 0)
(0.818568 0.0779685 0)
(0.824795 0.0618243 0)
(0.827647 0.0465162 0)
(0.827203 0.0319586 0)
(0.823507 0.0180708 0)
(0.816573 0.0047789 0)
(0.806377 -0.00797763 0)
(0.792837 -0.0202442 0)
(0.775904 -0.0320646 0)
(0.755519 -0.0434559 0)
(0.73161 -0.0544121 0)
(0.704111 -0.0649213 0)
(0.672984 -0.0749892 0)
(0.638232 -0.0846705 0)
(0.599912 -0.0941215 0)
(0.558151 -0.103691 0)
(0.513141 -0.114075 0)
(0.465148 -0.126576 0)
(0.414442 -0.143538 0)
(0.36146 -0.169126 0)
(0.306011 -0.210707 0)
(0.250295 -0.281537 0)
(0.184667 -0.404747 0)
(0.135492 -0.619151 0)
(0.0115599 -0.956716 0)
(-0.00181432 -1.17907 0)
(-0.0171211 0.0329722 0)
(-0.0747901 0.0491038 0)
(-0.111635 0.0626801 0)
(-0.12966 0.0804849 0)
(-0.127631 0.10348 0)
(-0.10581 0.130882 0)
(-0.0657418 0.160513 0)
(-0.0106601 0.189179 0)
(0.0554267 0.21356 0)
(0.128546 0.231157 0)
(0.205076 0.241283 0)
(0.281745 0.244429 0)
(0.356055 0.241529 0)
(0.426304 0.233736 0)
(0.491442 0.222255 0)
(0.550895 0.208199 0)
(0.604429 0.19252 0)
(0.652041 0.175985 0)
(0.693885 0.159184 0)
(0.730205 0.142544 0)
(0.76129 0.12636 0)
(0.787446 0.110818 0)
(0.808968 0.0960183 0)
(0.826132 0.0820023 0)
(0.839186 0.0687675 0)
(0.848342 0.0562844 0)
(0.853782 0.0445078 0)
(0.855655 0.0333862 0)
(0.85408 0.0228689 0)
(0.849156 0.012912 0)
(0.840949 0.00347994 0)
(0.829578 -0.00544801 0)
(0.814945 -0.0138819 0)
(0.797113 -0.0218604 0)
(0.776164 -0.0294143 0)
(0.752174 -0.0365599 0)
(0.72523 -0.0433288 0)
(0.695435 -0.0498074 0)
(0.662905 -0.0561859 0)
(0.627749 -0.0628374 0)
(0.590032 -0.0704539 0)
(0.549723 -0.0802858 0)
(0.506556 -0.0945586 0)
(0.460119 -0.117235 0)
(0.408967 -0.155369 0)
(0.353773 -0.221648 0)
(0.283181 -0.337854 0)
(0.228213 -0.539219 0)
(0.0731136 -0.870525 0)
(0.041435 -1.19751 0)
(-0.0353367 0.0984161 0)
(-0.12517 0.10986 0)
(-0.171057 0.097925 0)
(-0.192274 0.0923378 0)
(-0.19216 0.0943504 0)
(-0.172047 0.102279 0)
(-0.133586 0.114685 0)
(-0.0796821 0.129308 0)
(-0.0140507 0.143483 0)
(0.0597517 0.155011 0)
(0.138537 0.16274 0)
(0.219072 0.166405 0)
(0.298453 0.166194 0)
(0.374638 0.162606 0)
(0.44629 0.156292 0)
(0.512582 0.14794 0)
(0.573076 0.138189 0)
(0.627618 0.127588 0)
(0.676256 0.116582 0)
(0.719166 0.10551 0)
(0.756608 0.0946198 0)
(0.788878 0.0840778 0)
(0.816286 0.0739879 0)
(0.839139 0.0644057 0)
(0.857725 0.055352 0)
(0.87231 0.0468237 0)
(0.883133 0.0388026 0)
(0.890407 0.0312632 0)
(0.894321 0.0241778 0)
(0.895043 0.0175196 0)
(0.89273 0.0112614 0)
(0.887494 0.00539585 0)
(0.879595 -8.1777e-05 0)
(0.869102 -0.00518678 0)
(0.856046 -0.00995057 0)
(0.840555 -0.0144151 0)
(0.822755 -0.0186327 0)
(0.802755 -0.0226911 0)
(0.780633 -0.0267561 0)
(0.756402 -0.0311341 0)
(0.729941 -0.0363772 0)
(0.700898 -0.0434773 0)
(0.66845 -0.0542099 0)
(0.631212 -0.0717757 0)
(0.585981 -0.101967 0)
(0.530378 -0.155476 0)
(0.449723 -0.25164 0)
(0.373019 -0.423782 0)
(0.152656 -0.740878 0)
(0.118103 -1.13975 0)
(-0.0728633 0.213874 0)
(-0.144644 0.159823 0)
(-0.141789 0.103318 0)
(-0.130644 0.0842295 0)
(-0.112562 0.0722668 0)
(-0.0852373 0.0637219 0)
(-0.0473816 0.0605399 0)
(0.000969089 0.0620216 0)
(0.0589528 0.0662263 0)
(0.125241 0.0716828 0)
(0.197699 0.077076 0)
(0.27365 0.081277 0)
(0.350551 0.0837577 0)
(0.426344 0.0843994 0)
(0.499482 0.0833222 0)
(0.568866 0.0807797 0)
(0.633769 0.0770833 0)
(0.693769 0.0725476 0)
(0.74868 0.0674571 0)
(0.798488 0.0620509 0)
(0.843294 0.056519 0)
(0.883277 0.0510036 0)
(0.91866 0.0456056 0)
(0.949688 0.0403927 0)
(0.976611 0.0354071 0)
(0.999671 0.0306712 0)
(1.0191 0.0261935 0)
(1.03512 0.0219743 0)
(1.04792 0.0180099 0)
(1.05769 0.0142925 0)
(1.06459 0.0108128 0)
(1.0688 0.00755854 0)
(1.07045 0.00452417 0)
(1.06971 0.00171768 0)
(1.06677 -0.000868256 0)
(1.06174 -0.00325837 0)
(1.05472 -0.00548779 0)
(1.04577 -0.0076136 0)
(1.03494 -0.00974172 0)
(1.02215 -0.0120635 0)
(1.00719 -0.0149164 0)
(0.989503 -0.0188994 0)
(0.967949 -0.0250762 0)
(0.940477 -0.0353372 0)
(0.902532 -0.0530667 0)
(0.848386 -0.0844497 0)
(0.758005 -0.141991 0)
(0.641542 -0.252069 0)
(0.336008 -0.495543 0)
(0.327939 -0.862164 0)
(0.238782 0.159769 0)
(0.357181 0.172608 0)
(0.470704 0.127627 0)
(0.571649 0.0910121 0)
(0.648004 0.0667739 0)
(0.706945 0.0498576 0)
(0.756354 0.0374325 0)
(0.801047 0.0282444 0)
(0.844132 0.0216346 0)
(0.887728 0.0171827 0)
(0.93297 0.014456 0)
(0.980099 0.0129783 0)
(1.02873 0.0123037 0)
(1.0781 0.012062 0)
(1.12734 0.0119762 0)
(1.17557 0.0118642 0)
(1.22203 0.0116263 0)
(1.26612 0.0112241 0)
(1.30738 0.0106585 0)
(1.34554 0.00995324 0)
(1.38044 0.0091418 0)
(1.41202 0.00825914 0)
(1.44031 0.00733698 0)
(1.46539 0.00640236 0)
(1.48738 0.00547705 0)
(1.50643 0.00457718 0)
(1.52269 0.00371397 0)
(1.53633 0.00289559 0)
(1.5475 0.00212799 0)
(1.55636 0.00141444 0)
(1.56308 0.000756062 0)
(1.56779 0.000153396 0)
(1.57065 -0.000392915 0)
(1.57179 -0.000883366 0)
(1.57136 -0.00131839 0)
(1.56948 -0.00170137 0)
(1.56628 -0.00203959 0)
(1.56184 -0.00234768 0)
(1.55621 -0.00265416 0)
(1.54933 -0.00301005 0)
(1.54096 -0.00350382 0)
(1.53057 -0.00428813 0)
(1.51711 -0.00563177 0)
(1.49867 -0.00798315 0)
(1.47134 -0.0121709 0)
(1.42967 -0.0194096 0)
(1.35667 -0.0331381 0)
(1.24352 -0.0573468 0)
(0.972361 -0.130193 0)
(0.997211 -0.299615 0)
)
;

boundaryField
{
    movingWall
    {
        type            fixedValue;
        value           uniform (2 0 0);
    }
    fixedWalls
    {
        type            fixedValue;
        value           uniform (0 0 0);
    }
    frontAndBack
    {
        type            empty;
    }
}


// ************************************************************************* //
