/*--------------------------------*- C++ -*----------------------------------*\
  =========                 |
  \\      /  F ield         | OpenFOAM: The Open Source CFD Toolbox
   \\    /   O peration     | Website:  https://openfoam.org
    \\  /    A nd           | Version:  7
     \\/     M anipulation  |
\*---------------------------------------------------------------------------*/
FoamFile
{
    version     2.0;
    format      ascii;
    class       surfaceScalarField;
    location    "950";
    object      phi;
}
// * * * * * * * * * * * * * * * * * * * * * * * * * * * * * * * * * * * * * //

dimensions      [0 3 -1 0 0 0 0];

internalField   nonuniform List<scalar> 
4900
(
1.69618e-06
-1.708e-06
6.22305e-06
-4.52695e-06
1.17168e-05
-5.49381e-06
1.65032e-05
-4.78643e-06
1.97506e-05
-3.24739e-06
2.13895e-05
-1.63893e-06
2.17678e-05
-3.78285e-07
2.12619e-05
5.05812e-07
2.0015e-05
1.24682e-06
1.7863e-05
2.15201e-06
1.44124e-05
3.45052e-06
9.1763e-06
5.23603e-06
1.66349e-06
7.51276e-06
-8.57817e-06
1.02416e-05
-2.18982e-05
1.33199e-05
-3.84593e-05
1.65611e-05
-5.81658e-05
1.97065e-05
-8.0582e-05
2.24163e-05
-0.000104869
2.42874e-05
-0.000129771
2.49013e-05
-0.000153658
2.38876e-05
-0.000174646
2.09873e-05
-0.000190751
1.61049e-05
-0.000200098
9.34721e-06
-0.000201166
1.06859e-06
-0.000193015
-8.15118e-06
-0.0001754
-1.76153e-05
-0.000148841
-2.65585e-05
-0.000114633
-3.42081e-05
-7.48011e-05
-3.98323e-05
-3.19966e-05
-4.28045e-05
1.06646e-05
-4.26612e-05
4.99255e-05
-3.92609e-05
8.29343e-05
-3.30088e-05
0.000107514
-2.45802e-05
0.000122401
-1.48866e-05
0.000127479
-5.07809e-06
0.00012383
3.64929e-06
0.00011345
1.03794e-05
9.87327e-05
1.47177e-05
8.202e-05
1.67127e-05
6.52502e-05
1.67698e-05
4.97693e-05
1.54809e-05
3.63116e-05
1.34577e-05
2.51048e-05
1.12068e-05
1.60412e-05
9.06353e-06
8.8943e-06
7.14689e-06
3.59482e-06
5.29946e-06
5.05369e-07
3.08943e-06
5.05366e-07
4.4732e-06
-6.18131e-06
1.38477e-05
-1.39016e-05
2.43104e-05
-1.59566e-05
3.28986e-05
-1.33746e-05
3.80005e-05
-8.34937e-06
3.92258e-05
-2.86432e-06
3.68563e-05
1.99106e-06
3.11988e-05
6.16325e-06
2.21448e-05
1.03007e-05
9.06594e-06
1.52307e-05
-9.03514e-06
2.15515e-05
-3.32594e-05
2.94602e-05
-6.45067e-05
3.87599e-05
-0.000103216
4.89512e-05
-0.000149158
5.92619e-05
-0.000201272
6.86748e-05
-0.000257611
7.60447e-05
-0.000315463
8.02684e-05
-0.000371631
8.04552e-05
-0.000422778
7.60488e-05
-0.000465768
6.68771e-05
-0.000497921
5.31406e-05
-0.000517184
3.53678e-05
-0.000522214
1.43771e-05
-0.000512466
-8.67906e-06
-0.000488035
-3.25821e-05
-0.000449558
-5.60927e-05
-0.000398236
-7.78805e-05
-0.000335897
-9.65472e-05
-0.000265015
-0.000110714
-0.000188684
-0.000119136
-0.000110475
-0.00012087
-3.42709e-05
-0.000115465
3.58554e-05
-0.000103135
9.6211e-05
-8.49359e-05
0.00014398
-6.26561e-05
0.000177241
-3.83382e-05
0.000195201
-1.43112e-05
0.000198455
7.1255e-06
0.000189099
2.40734e-05
0.000170282
3.55298e-05
0.000145594
4.14573e-05
0.000118446
4.26294e-05
9.16026e-05
4.0301e-05
6.69318e-05
3.58776e-05
4.5421e-05
3.05742e-05
2.74609e-05
2.5107e-05
1.3336e-05
1.94243e-05
3.7558e-06
1.26696e-05
4.26116e-06
5.9869e-06
-1.21683e-05
1.73363e-05
-2.52511e-05
2.87999e-05
-2.74203e-05
3.68192e-05
-2.1394e-05
3.95323e-05
-1.10626e-05
3.63505e-05
3.17361e-07
2.72107e-05
1.11308e-05
1.19052e-05
2.14686e-05
-1.03313e-05
3.25371e-05
-4.07762e-05
4.56755e-05
-8.07892e-05
6.15644e-05
-0.000131293
7.99642e-05
-0.000192353
9.98198e-05
-0.000262864
0.000119462
-0.000340479
0.000136876
-0.000421838
0.000150035
-0.000503027
0.000157234
-0.000580092
0.000157334
-0.000649487
0.00014985
-0.000708348
0.00013491
-0.000754594
0.000113123
-0.000786871
8.54174e-05
-0.000804412
5.29093e-05
-0.000806866
1.68305e-05
-0.0007941
-2.14447e-05
-0.000766134
-6.05483e-05
-0.000723275
-9.89514e-05
-0.000666254
-0.000134902
-0.00059631
-0.000166491
-0.000515292
-0.000191732
-0.00042572
-0.000208708
-0.000330788
-0.000215801
-0.000234282
-0.000211971
-0.000140338
-0.000197079
-5.31869e-05
-0.000172087
2.32085e-05
-0.000139052
8.58749e-05
-0.000101005
0.00013302
-6.14564e-05
0.000163677
-2.35315e-05
0.000177988
9.76194e-06
0.000177491
3.60267e-05
0.000164988
5.39604e-05
0.000144027
6.35907e-05
0.000118289
6.60387e-05
9.10358e-05
6.31311e-05
6.47409e-05
5.6869e-05
4.10642e-05
4.87837e-05
2.12075e-05
3.9281e-05
6.60717e-06
2.72699e-05
1.08683e-05
6.50832e-06
-1.86767e-05
1.75955e-05
-3.63384e-05
2.69485e-05
-3.67734e-05
3.07525e-05
-2.51982e-05
2.72017e-05
-7.51185e-06
1.56026e-05
1.19164e-05
-4.58048e-06
3.13138e-05
-3.43621e-05
5.12502e-05
-7.52656e-05
7.34405e-05
-0.000128768
9.91775e-05
-0.000195598
0.000128395
-0.000275175
0.000159541
-0.000365372
0.000190017
-0.000462699
0.000216789
-0.000562842
0.000237019
-0.000661352
0.000248545
-0.000754255
0.000250137
-0.000838412
0.00024149
-0.000911609
0.000223047
-0.000972448
0.000195749
-0.00102011
0.000160781
-0.00105409
0.000119397
-0.00107403
7.2858e-05
-0.00107964
2.24335e-05
-0.00107051
-3.05697e-05
-0.00104635
-8.47134e-05
-0.00100698
-0.000138317
-0.000952488
-0.000189396
-0.000883286
-0.000235693
-0.000800307
-0.000274711
-0.000705175
-0.000303841
-0.000600378
-0.000320598
-0.000489337
-0.000323012
-0.000376327
-0.000310089
-0.00026618
-0.000282234
-0.000163748
-0.000241484
-7.33494e-05
-0.000191403
1.74157e-06
-0.000136547
5.99504e-05
-8.17403e-05
0.000100974
-3.12614e-05
0.000125066
1.19339e-05
0.000133519
4.55079e-05
0.000128836
6.82733e-05
0.000114314
8.05606e-05
9.35358e-05
8.39096e-05
6.98628e-05
8.0542e-05
4.61121e-05
7.25343e-05
2.46344e-05
6.07586e-05
7.92774e-06
4.39765e-05
1.87961e-05
6.20485e-06
-2.48816e-05
1.48933e-05
-4.5027e-05
1.9201e-05
-4.10813e-05
1.54674e-05
-2.14647e-05
2.14558e-06
5.80982e-06
-2.16487e-05
3.57106e-05
-5.70928e-05
6.67578e-05
-0.000105913
0.00010007
-0.000169734
0.000137261
-0.000249116
0.00017856
-0.000342874
0.000222153
-0.000447989
0.000264656
-0.000560078
0.000302106
-0.000674198
0.000330909
-0.000785671
0.000348492
-0.00089068
0.000353554
-0.000986497
0.000345953
-0.0010714
0.000326395
-0.00114444
0.000296086
-0.00120514
0.000256445
-0.00125324
0.000208886
-0.0012886
0.000154749
-0.00131106
9.53267e-05
-0.0013205
3.1868e-05
-0.00131662
-3.44487e-05
-0.00129905
-0.000102283
-0.00126731
-0.000170055
-0.00122085
-0.000235858
-0.00115913
-0.00029741
-0.00108186
-0.000351984
-0.000989268
-0.000396433
-0.000882466
-0.000427401
-0.000763752
-0.000441726
-0.00063682
-0.000437021
-0.00050673
-0.000412325
-0.00037951
-0.000368703
-0.000261366
-0.000309547
-0.000157599
-0.000240315
-7.17325e-05
-0.000167606
-5.20926e-06
-9.77846e-05
4.25124e-05
-3.57879e-05
7.2678e-05
1.53423e-05
8.68907e-05
5.40605e-05
8.7678e-05
7.97733e-05
7.82483e-05
9.33392e-05
6.21136e-05
9.66766e-05
4.27345e-05
9.19133e-05
2.34054e-05
8.00877e-05
7.6023e-06
5.97796e-05
2.63984e-05
4.8975e-06
-2.97791e-05
8.87703e-06
-4.90067e-05
5.28276e-06
-3.74871e-05
-8.93493e-06
-7.2471e-06
-3.51206e-05
3.19954e-05
-7.44373e-05
7.50272e-05
-0.000128604
0.000120924
-0.000199368
0.000170834
-0.000287286
0.000225179
-0.000390834
0.000282107
-0.000506363
0.000337682
-0.000628811
0.000387104
-0.000752728
0.000426023
-0.000873206
0.000451387
-0.000986444
0.00046173
-0.00108989
0.000456995
-0.00118204
0.00043811
-0.00126221
0.000406561
-0.0013302
0.000364075
-0.00138613
0.000312384
-0.00143033
0.000253084
-0.00146321
0.000187628
-0.00148521
0.000117325
-0.00149664
4.32995e-05
-0.00149758
-3.35075e-05
-0.0014878
-0.000112065
-0.00146669
-0.000191162
-0.00143322
-0.000269331
-0.00138598
-0.000344655
-0.00132339
-0.000414575
-0.00124401
-0.000475807
-0.00114697
-0.000524442
-0.00103246
-0.000556239
-0.000902333
-0.000567145
-0.000760564
-0.000554094
-0.000613282
-0.000515985
-0.000468271
-0.000454558
-0.000333786
-0.0003748
-0.000216892
-0.0002845
-0.000121899
-0.000192778
-4.97642e-05
-0.000107923
1.14688e-06
-3.55688e-05
3.34363e-05
2.17711e-05
4.96555e-05
6.3554e-05
5.27633e-05
9.02313e-05
4.61738e-05
0.000103266
3.35895e-05
0.000104498
1.88712e-05
9.48059e-05
6.11329e-06
7.25375e-05
3.25116e-05
2.27322e-06
-3.20524e-05
-9.18869e-07
-4.58147e-05
-1.50136e-05
-2.33925e-05
-4.22029e-05
1.99421e-05
-8.367e-05
7.34624e-05
-0.000140849
0.000132206
-0.00021544
0.000195515
-0.000308121
0.000263515
-0.000417352
0.000334411
-0.000539189
0.000403944
-0.000668082
0.000466575
-0.000798099
0.000517121
-0.000923968
0.000551892
-0.00104167
0.000569089
-0.00114856
0.000568614
-0.00124314
0.000551583
-0.00132485
0.00051982
-0.00139377
0.000475477
-0.00145047
0.00042077
-0.00149584
0.000357761
-0.00153101
0.000288255
-0.00155716
0.000213777
-0.00157535
0.000135514
-0.00158637
5.4319e-05
-0.0015907
-2.91745e-05
-0.00158838
-0.000114386
-0.00157888
-0.000200663
-0.00156101
-0.000287207
-0.00153291
-0.000372748
-0.00149218
-0.000455311
-0.00143594
-0.000532042
-0.00136128
-0.00059911
-0.00126578
-0.000651736
-0.00114841
-0.00068451
-0.00101038
-0.000692125
-0.000855862
-0.000670508
-0.000692252
-0.000618168
-0.000529597
-0.000537455
-0.000378917
-0.000435181
-0.000249693
-0.000322002
-0.000147403
-0.000210212
-7.25096e-05
-0.000110462
-2.17102e-05
-2.90283e-05
9.31727e-06
3.25265e-05
2.44311e-05
7.51174e-05
2.7415e-05
0.000100282
2.22261e-05
0.000109686
1.30444e-05
0.000103988
4.21232e-06
8.13696e-05
3.6724e-05
-1.91896e-06
-3.01335e-05
-1.4659e-05
-3.30748e-05
-4.13338e-05
3.28212e-06
-8.3234e-05
6.18422e-05
-0.000141372
0.0001316
-0.000217145
0.000207979
-0.000311335
0.000289705
-0.000422658
0.000374838
-0.000547222
0.000458974
-0.000679219
0.000535941
-0.000812263
0.000599619
-0.000940592
0.000645449
-0.00105976
0.00067106
-0.00116681
0.000676137
-0.00126011
0.000661917
-0.00133913
0.000630604
-0.0014042
0.000584889
-0.00145633
0.000527608
-0.00149702
0.000461454
-0.00152801
0.000388756
-0.00155115
0.000311397
-0.00156816
0.000230781
-0.00158045
0.000147806
-0.00158912
6.29888e-05
-0.00159492
-2.33772e-05
-0.00159812
-0.000111184
-0.00159844
-0.000200338
-0.00159497
-0.000290681
-0.00158604
-0.000381677
-0.00156913
-0.000472224
-0.00154077
-0.0005604
-0.00149673
-0.000643148
-0.00143245
-0.000716018
-0.00134379
-0.000773167
-0.00122816
-0.000807756
-0.00108581
-0.000812858
-0.000921034
-0.000782944
-0.000742698
-0.00071579
-0.00056355
-0.000614328
-0.000397961
-0.000487592
-0.000258324
-0.00034985
-0.000151411
-0.000217375
-7.68693e-05
-0.00010357
-2.92339e-05
-1.51089e-05
-2.0775e-06
4.7961e-05
9.97076e-06
8.82338e-05
1.17282e-05
0.000107929
7.79034e-06
0.000107925
2.60061e-06
8.65592e-05
3.93246e-05
-7.74659e-06
-2.2387e-05
-3.19043e-05
-8.91725e-06
-7.25072e-05
4.38849e-05
-0.000129813
0.000119148
-0.000204643
0.00020643
-0.000297727
0.000301063
-0.000408172
0.000400149
-0.000532466
0.000499133
-0.000664837
0.000591345
-0.000798551
0.000669655
-0.000927297
0.000728365
-0.00104606
0.00076421
-0.00115142
0.000776417
-0.00124148
0.000766207
-0.00131571
0.000736145
-0.00137465
0.000689543
-0.00141974
0.000629974
-0.001453
0.000560872
-0.00147676
0.000485214
-0.00149335
0.000405342
-0.00150489
0.000322941
-0.00151317
0.000239066
-0.00151961
0.000154239
-0.00152526
6.86375e-05
-0.00153086
-1.77691e-05
-0.00153683
-0.00010522
-0.00154319
-0.000193978
-0.00154957
-0.000284295
-0.001555
-0.000376249
-0.00155761
-0.000469614
-0.00155443
-0.000563586
-0.0015412
-0.000656369
-0.00151249
-0.000744737
-0.001462
-0.000823658
-0.00138361
-0.000886141
-0.00127289
-0.000923583
-0.00112891
-0.000926917
-0.000956045
-0.000888659
-0.00076479
-0.000805584
-0.000571033
-0.000681349
-0.000392994
-0.000527888
-0.000246209
-0.00036416
-0.000138417
-0.000211362
-6.77179e-05
-8.58081e-05
-2.59054e-05
6.14837e-06
-4.31723e-06
6.66456e-05
3.86707e-06
9.97446e-05
4.2808e-06
0.000107512
1.71436e-06
8.91256e-05
4.10389e-05
-1.49371e-05
-7.44986e-06
-5.16725e-05
2.7818e-05
-0.0001065
9.87122e-05
-0.000178744
0.000191392
-0.000268756
0.000296442
-0.000375992
0.000408299
-0.000497584
0.000521741
-0.000628134
0.000629683
-0.000760787
0.000723998
-0.000888724
0.000797592
-0.00100628
0.000845923
-0.00110947
0.000867398
-0.00119604
0.000862985
-0.00126534
0.000835507
-0.00131811
0.000788913
-0.00135617
0.000727605
-0.00138206
0.000655867
-0.00139861
0.000577422
-0.00140855
0.000495154
-0.00141426
0.000411052
-0.00141764
0.000326321
-0.0014201
0.000241524
-0.00142265
0.000156792
-0.00142603
7.20152e-05
-0.00143074
-1.30655e-05
-0.00143714
-9.88158e-05
-0.00144552
-0.000185597
-0.00145603
-0.000273791
-0.00146848
-0.000363794
-0.00148214
-0.000455952
-0.00149536
-0.000550372
-0.00150513
-0.000646597
-0.00150673
-0.000743138
-0.00149357
-0.000836816
-0.00145764
-0.000922065
-0.00139069
-0.000990537
-0.00128616
-0.00103145
-0.00114177
-0.00103305
-0.000961971
-0.00098538
-0.000759285
-0.000884035
-0.000553282
-0.000733891
-0.00036643
-0.000551012
-0.000217208
-0.000360584
-0.000113352
-0.000189665
-5.01957e-05
-5.70075e-05
-1.63427e-05
3.27924e-05
-1.29204e-06
8.46939e-05
2.74749e-06
0.000103472
1.64813e-06
9.02249e-05
4.2687e-05
-2.29916e-05
1.55417e-05
-7.24537e-05
7.728e-05
-0.000140719
0.000166978
-0.000226275
0.000276948
-0.000328595
0.000398762
-0.000445553
0.000525257
-0.00057248
0.000648668
-0.00070274
0.000759943
-0.000829178
0.000850436
-0.000945487
0.000913901
-0.00104701
0.000947444
-0.001131
0.000951389
-0.0011966
0.000928584
-0.00124462
0.000883532
-0.00127723
0.000821515
-0.00129741
0.000747788
-0.00130848
0.000666937
-0.00131354
0.000582486
-0.00131518
0.00049679
-0.0013153
0.000411178
-0.00131519
0.00032621
-0.00131562
0.000241951
-0.00131704
0.000158206
-0.0013197
7.46785e-05
-0.0013238
-8.9641e-06
-0.00132958
-9.30332e-05
-0.00133737
-0.000177812
-0.00134756
-0.000263596
-0.00136058
-0.000350778
-0.00137668
-0.000439849
-0.00139569
-0.000531367
-0.00141646
-0.000625829
-0.00143626
-0.000723334
-0.00145017
-0.000822909
-0.00145068
-0.000921551
-0.00142805
-0.00101317
-0.00137166
-0.00108784
-0.00127263
-0.00113208
-0.00112728
-0.00113073
-0.000940467
-0.00107085
-0.000727367
-0.000946991
-0.000511977
-0.000766403
-0.000321271
-0.00055129
-0.000175853
-0.000335082
-8.16245e-05
-0.000151236
-2.96227e-05
-1.92094e-05
-5.39719e-06
6.04684e-05
2.49146e-06
9.55833e-05
2.1809e-06
9.05355e-05
4.48679e-05
-3.11679e-05
4.67096e-05
-9.24353e-05
0.000138547
-0.00017243
0.000246973
-0.00026868
0.000373198
-0.000379527
0.000509609
-0.000501284
0.000647014
-0.000627959
0.000775343
-0.000752376
0.00088436
-0.000867691
0.000965751
-0.000968523
0.00101473
-0.00105149
0.00103041
-0.00111532
0.00101523
-0.00116076
0.000974017
-0.00119013
0.0009129
-0.00120681
0.000838203
-0.00121457
0.000755545
-0.00121688
0.000669246
-0.00121653
0.000582136
-0.00121546
0.000495718
-0.0012148
0.000410523
-0.00121509
0.0003265
-0.00121647
0.000243329
-0.00121889
0.000160629
-0.00122227
7.80507e-05
-0.00122655
-4.68467e-06
-0.00123181
-8.77637e-05
-0.0012383
-0.00017133
-0.00124638
-0.00025551
-0.00125666
-0.000340503
-0.00126986
-0.000426642
-0.00128676
-0.000514472
-0.00130778
-0.000604805
-0.0013325
-0.000698613
-0.00135877
-0.000796648
-0.0013817
-0.00089862
-0.00139299
-0.00100187
-0.00138108
-0.00109975
-0.00133282
-0.00118034
-0.00123689
-0.00122667
-0.00108839
-0.00121934
-0.000893306
-0.00114208
-0.000670575
-0.000989134
-0.000449584
-0.000772281
-0.000261705
-0.000522961
-0.000127802
-0.000285139
-4.91612e-05
-9.78506e-05
-1.12798e-05
2.25869e-05
2.15635e-06
8.21471e-05
2.88033e-06
8.98114e-05
4.77483e-05
-3.8591e-05
8.53005e-05
-0.000109889
0.000209845
-0.000199148
0.000336231
-0.000302824
0.000476874
-0.00041806
0.000624845
-0.000539898
0.000768852
-0.000661596
0.00089704
-0.000776037
0.000998801
-0.000877142
0.00106686
-0.000960748
0.00109834
-0.00102497
0.00109463
-0.00107017
0.00106043
-0.00109866
0.00100251
-0.00111405
0.000928288
-0.00112046
0.000844613
-0.00112175
0.000756832
-0.00112095
0.000668449
-0.00112008
0.000581265
-0.00112019
0.000495827
-0.00112162
0.000411955
-0.00112429
0.000329172
-0.00112794
0.000246972
-0.00113225
0.000164946
-0.00113701
8.28059e-05
-0.00114207
3.78345e-07
-0.00114742
-8.24124e-05
-0.00115316
-0.000165595
-0.00115951
-0.000249155
-0.00116691
-0.000333101
-0.00117603
-0.000417525
-0.0011878
-0.000502701
-0.00120339
-0.000589222
-0.00122388
-0.000678117
-0.00124968
-0.00077085
-0.00127935
-0.000868951
-0.00130823
-0.000972996
-0.00132724
-0.00108073
-0.00132288
-0.0011847
-0.00127924
-0.00127031
-0.00118255
-0.00131603
-0.00102734
-0.00129729
-0.000822025
-0.00119445
-0.000590977
-0.00100333
-0.000369953
-0.000743985
-0.00019373
-0.000461363
-7.99976e-05
-0.000211583
-2.19538e-05
-3.54569e-05
2.4448e-07
5.99487e-05
3.27193e-06
8.6784e-05
5.10202e-05
-4.44935e-05
0.000129794
-0.000123385
0.000288736
-0.000218955
0.000431801
-0.000326526
0.000584445
-0.00044216
0.000740478
-0.000560043
0.000886735
-0.000673227
0.00101022
-0.000775121
0.00110069
-0.000860719
0.00115245
-0.00092728
0.0011649
-0.000974519
0.00114187
-0.00100439
0.0010903
-0.00102049
0.00101861
-0.00102718
0.000934985
-0.00102869
0.000846117
-0.00102834
0.000756488
-0.00102831
0.000668421
-0.00102965
0.000582602
-0.00103258
0.000498759
-0.00103687
0.000416245
-0.00104211
0.000334409
-0.00104789
0.000252755
-0.00105391
0.000170966
-0.00105997
8.88632e-05
-0.00106596
6.37122e-06
-0.00107186
-7.65186e-05
-0.00107768
-0.000159776
-0.00108349
-0.000243338
-0.00108948
-0.000327118
-0.00109596
-0.00041104
-0.00110356
-0.000495101
-0.00111329
-0.000579489
-0.00112662
-0.000664792
-0.00114523
-0.000752239
-0.00117036
-0.000843823
-0.00120139
-0.000941961
-0.00123393
-0.0010482
-0.00125797
-0.00116066
-0.00125771
-0.00127057
-0.00121426
-0.00135948
-0.00111174
-0.00139981
-0.000945311
-0.00136087
-0.000727975
-0.00122066
-0.000491677
-0.000980283
-0.00027904
-0.000674001
-0.000125355
-0.000365267
-3.96829e-05
-0.00012113
-4.39602e-06
2.46618e-05
3.03012e-06
7.93578e-05
5.40503e-05
-4.8305e-05
0.000178099
-0.000131939
0.000372371
-0.000230673
0.000530535
-0.0003387
0.000692473
-0.00045124
0.000853017
-0.000562065
0.000997561
-0.000664471
0.00111263
-0.000752716
0.00118894
-0.00082306
0.0012228
-0.00087426
0.0012161
-0.000907557
0.00117516
-0.000926208
0.00110895
-0.000934613
0.00102701
-0.000937266
0.000937638
-0.000937868
0.000846719
-0.00093885
0.00075747
-0.00094137
0.000670941
-0.00094563
0.000586862
-0.000951298
0.000504427
-0.00095787
0.000422816
-0.000964883
0.000341422
-0.000972012
0.000259884
-0.000979069
0.000178023
-0.000985972
9.5766e-05
-0.000992699
1.3099e-05
-0.000999254
-6.99638e-05
-0.00100564
-0.000153391
-0.00101184
-0.000237134
-0.00101785
-0.000321107
-0.00102371
-0.000405189
-0.00102957
-0.000489234
-0.00103593
-0.000573129
-0.00104377
-0.000656956
-0.00105474
-0.000741268
-0.00107108
-0.000827481
-0.00109488
-0.000918164
-0.00112632
-0.00101675
-0.00116109
-0.00112589
-0.00118785
-0.00124381
-0.00118796
-0.00135937
-0.00113933
-0.00144844
-0.0010248
-0.00147541
-0.000842428
-0.00140304
-0.000612866
-0.00120984
-0.000377855
-0.000909012
-0.000185651
-0.00055747
-6.59168e-05
-0.000240864
-1.23396e-05
-2.89155e-05
2.0394e-06
6.49787e-05
5.60897e-05
-4.96962e-05
0.000227795
-0.000135063
0.000457737
-0.000233878
0.00062935
-0.000339279
0.000797874
-0.000445931
0.000959669
-0.00054759
0.00109922
-0.000638127
0.00120317
-0.000712844
0.00126366
-0.000769335
0.00127929
-0.000807774
0.00125454
-0.000830675
0.00119806
-0.000842146
0.00112042
-0.000846806
0.00103167
-0.000848721
0.000939553
-0.000850708
0.000848706
-0.000854178
0.00076094
-0.000859424
0.000676187
-0.00086609
0.000593527
-0.000873603
0.000511941
-0.000881455
0.000430668
-0.000889307
0.000349275
-0.000896994
0.000267571
-0.000904476
0.000185504
-0.00091178
0.00010307
-0.000918956
2.02756e-05
-0.000926048
-6.28717e-05
-0.00093307
-0.000146369
-0.000939996
-0.000230208
-0.000946754
-0.00031435
-0.00095323
-0.000398713
-0.000959315
-0.000483149
-0.000964999
-0.000567445
-0.000970576
-0.00065138
-0.000976942
-0.000734902
-0.000985912
-0.000818511
-0.00100025
-0.000903831
-0.00102285
-0.00099415
-0.0010546
-0.00109414
-0.00109085
-0.00120756
-0.00111814
-0.00133209
-0.00111418
-0.0014524
-0.00105379
-0.00153579
-0.000920367
-0.00153646
-0.000718423
-0.00141179
-0.000480137
-0.0011473
-0.000258187
-0.00077942
-0.000101473
-0.000397578
-2.37489e-05
-0.00010664
3.0665e-07
4.09231e-05
5.63963e-05
-4.85808e-05
0.000276376
-0.000132727
0.000541883
-0.000228806
0.000725429
-0.000329011
0.000898079
-0.000427735
0.00105839
-0.000519035
0.00119052
-0.00059757
0.0012817
-0.000659768
0.00132585
-0.000704483
0.001324
-0.000733088
0.00128314
-0.000748981
0.00121396
-0.000756606
0.00112805
-0.000760294
0.00103536
-0.000763323
0.000942582
-0.00076752
0.000852903
-0.00077342
0.00076684
-0.000780738
0.000683505
-0.000788877
0.000601666
-0.00079728
0.000520343
-0.000805583
0.000438972
-0.000813628
0.00035732
-0.000821402
0.000275345
-0.00082897
0.000193072
-0.000836423
0.000110524
-0.000843847
2.76989e-05
-0.000851304
-5.54149e-05
-0.000858823
-0.00013885
-0.000866397
-0.000222634
-0.000873967
-0.00030678
-0.000881409
-0.000391271
-0.000888528
-0.00047603
-0.000895083
-0.00056089
-0.000900888
-0.000645574
-0.000906052
-0.000729738
-0.00091138
-0.000813183
-0.000918847
-0.000896364
-0.000931771
-0.000981227
-0.000953883
-0.00107203
-0.000986467
-0.00117497
-0.00102372
-0.00129484
-0.00104881
-0.00142731
-0.00103501
-0.00154959
-0.000954922
-0.00161655
-0.000795921
-0.00157079
-0.000574162
-0.00136906
-0.00033713
-0.00101645
-0.000146086
-0.000588621
-3.89997e-05
-0.000213727
-2.30781e-06
4.2313e-06
5.40885e-05
-4.50783e-05
0.000321454
-0.000125273
0.000622078
-0.000216188
0.000816344
-0.000309195
0.000991086
-0.000398657
0.00114786
-0.000479159
0.00127102
-0.000546255
0.0013488
-0.000597459
0.00137706
-0.000632713
0.00135926
-0.000654262
0.00130469
-0.000665947
0.00122564
-0.000672092
0.00113419
-0.000676393
0.00103966
-0.000681216
0.000947405
-0.000687513
0.0008592
-0.000695207
0.000774535
-0.000703743
0.000692041
-0.000712526
0.000610449
-0.00072115
0.000528967
-0.000729439
0.000447261
-0.000737389
0.00036527
-0.000745086
0.000283042
-0.000752646
0.000200632
-0.000760178
0.000118055
-0.000767767
3.52884e-05
-0.000775477
-4.77043e-05
-0.000783343
-0.000130984
-0.000791375
-0.000214603
-0.000799547
-0.000298608
-0.00080778
-0.000383037
-0.000815918
-0.000467892
-0.000823704
-0.000553104
-0.000830791
-0.000638487
-0.000836837
-0.000723692
-0.000841784
-0.000808236
-0.000846382
-0.000891766
-0.000852858
-0.00097475
-0.000865199
-0.00105968
-0.000887919
-0.00115225
-0.000922156
-0.0012606
-0.000959614
-0.00138985
-0.000978401
-0.00153081
-0.000946894
-0.00164806
-0.000838144
-0.00167954
-0.00064933
-0.00155787
-0.000414511
-0.00125127
-0.000197714
-0.000805418
-5.87522e-05
-0.000352689
-5.87603e-06
-4.86449e-05
4.82125e-05
-3.94618e-05
0.000360916
-0.000113301
0.000695917
-0.000197066
0.00090011
-0.000281425
0.00107544
-0.000360889
0.00122732
-0.000430706
0.00134084
-0.000487345
0.00140544
-0.000529279
0.00141899
-0.000557278
0.00138726
-0.000574097
0.00132151
-0.000583615
0.00123516
-0.000589701
0.00114028
-0.000595261
0.00104522
-0.000601816
0.000953959
-0.000609669
0.000867053
-0.000618416
0.000783282
-0.000627462
0.000701087
-0.000636347
0.000619334
-0.000644852
0.000537472
-0.000652958
0.000455367
-0.000660761
0.000373072
-0.000668389
0.00029067
-0.000675966
0.000208209
-0.000683592
0.000125682
-0.00069134
4.30363e-05
-0.000699263
-3.97811e-05
-0.000707392
-0.000122855
-0.000715744
-0.000206251
-0.000724316
-0.000290035
-0.000733074
-0.00037428
-0.000741927
-0.000459039
-0.000750699
-0.000544332
-0.000759087
-0.000630099
-0.000766651
-0.000716128
-0.000772912
-0.000801975
-0.000777685
-0.000886994
-0.000781757
-0.000970678
-0.000787781
-0.00105366
-0.000800597
-0.00113944
-0.000825354
-0.00123584
-0.000861973
-0.00135323
-0.000897541
-0.00149524
-0.000903311
-0.00164229
-0.000843899
-0.00173895
-0.000698394
-0.00170338
-0.000482107
-0.00146756
-0.000252271
-0.00103525
-8.31521e-05
-0.000521808
-1.03783e-05
-0.000121419
3.78342e-05
-3.21031e-05
0.000393019
-9.75588e-05
0.000761372
-0.000172625
0.000975176
-0.000247369
0.00115019
-0.000316555
0.00129651
-0.00037616
0.00140044
-0.000423504
0.00145278
-0.000457836
0.00145332
-0.000480467
0.00140989
-0.000494311
0.00133536
-0.000502967
0.00124381
-0.000509664
0.00114698
-0.000516523
0.00105208
-0.000524391
0.000961827
-0.000533173
0.000875835
-0.00054236
0.000792469
-0.000551451
0.000710179
-0.000560162
0.000628045
-0.000568432
0.000545742
-0.000576345
0.00046328
-0.000584039
0.000380766
-0.000591649
0.00029828
-0.000599286
0.000215846
-0.000607032
0.000133429
-0.000614949
5.09526e-05
-0.000623078
-3.16516e-05
-0.000631445
-0.000114488
-0.000640063
-0.000197632
-0.00064894
-0.000281159
-0.00065806
-0.000365159
-0.000667383
-0.000449716
-0.000676812
-0.000534903
-0.000686151
-0.00062076
-0.000695053
-0.000707226
-0.000702989
-0.000794039
-0.000709358
-0.000880625
-0.000713907
-0.000966129
-0.000717629
-0.00104994
-0.00072389
-0.00113318
-0.000738592
-0.00122114
-0.000766999
-0.00132482
-0.000805854
-0.00145638
-0.000834755
-0.00161339
-0.000817198
-0.00175651
-0.000718457
-0.00180212
-0.0005333
-0.00165272
-0.000304475
-0.00126408
-0.000111187
-0.000715095
-1.58172e-05
-0.000216789
2.2017e-05
-2.34261e-05
0.000416445
-7.88523e-05
0.000816798
-0.000144064
0.00104039
-0.000208614
0.00121474
-0.000267562
0.00135545
-0.000317607
0.00145049
-0.000356816
0.00149199
-0.000385006
0.00148151
-0.000403742
0.00142862
-0.000415807
0.00134742
-0.000424309
0.00125232
-0.000431781
0.00115445
-0.000439664
0.00105996
-0.000448335
0.000970498
-0.000457509
0.00088501
-0.000466712
0.000801672
-0.000475593
0.000719059
-0.000484021
0.000636474
-0.000492045
0.000553766
-0.000499797
0.000471032
-0.000507423
0.000388392
-0.000515044
0.000305902
-0.000522755
0.000223557
-0.000530626
0.0001413
-0.000538709
5.90354e-05
-0.000547043
-2.3317e-05
-0.000555647
-0.000105885
-0.000564531
-0.000188748
-0.000573697
-0.000271993
-0.000583139
-0.000355717
-0.000592835
-0.00044002
-0.000602733
-0.000525004
-0.000612728
-0.000610766
-0.000622598
-0.000697356
-0.000631941
-0.000784696
-0.00064013
-0.000872435
-0.000646462
-0.000959797
-0.000650724
-0.00104568
-0.000654381
-0.00112952
-0.000661926
-0.00121359
-0.000680386
-0.00130636
-0.000713813
-0.00142296
-0.00075246
-0.00157474
-0.000765448
-0.00174352
-0.00071077
-0.0018568
-0.000564246
-0.00179924
-0.000349289
-0.00147904
-0.000140865
-0.000923519
-2.20906e-05
-0.000335563
-7.35701e-08
-1.38718e-05
0.000430317
-5.79796e-05
0.000860906
-0.000112509
0.00109492
-0.000166577
0.00126881
-0.000215512
0.00140439
-0.000256694
0.00149167
-0.000288808
0.0015241
-0.000312028
0.00150473
-0.000327926
0.00144452
-0.000338939
0.00135843
-0.000347576
0.00126095
-0.000355701
0.00116257
-0.000364222
0.00106848
-0.000373231
0.000979508
-0.0003824
0.000894179
-0.000391359
0.000810631
-0.000399903
0.000727603
-0.000408017
0.000644587
-0.000415806
0.000561555
-0.000423416
0.000478643
-0.000430983
0.000395958
-0.00043861
0.00031353
-0.000446378
0.000231324
-0.000454351
0.000149273
-0.000462583
6.72673e-05
-0.000471114
-1.47855e-05
-0.000479959
-9.704e-05
-0.000489124
-0.000179582
-0.000498606
-0.00026251
-0.000508395
-0.000345928
-0.00051847
-0.000429945
-0.000528802
-0.000514673
-0.000539328
-0.000600239
-0.000549923
-0.00068676
-0.000560326
-0.000774294
-0.000570056
-0.000862705
-0.00057838
-0.000951474
-0.000584527
-0.00103953
-0.000588514
-0.00112553
-0.00059272
-0.00120939
-0.00060323
-0.00129585
-0.000627701
-0.00139849
-0.000666032
-0.00153641
-0.000697396
-0.00171215
-0.000679689
-0.0018745
-0.000574125
-0.0019048
-0.000383004
-0.00167016
-0.000169611
-0.00113691
-2.9409e-05
-0.000475765
-2.94826e-05
-3.86008e-06
0.000434177
-3.57049e-05
0.000892751
-7.89678e-05
0.00113818
-0.000122457
0.0013123
-0.000161694
0.00144363
-0.000194658
0.00152464
-0.000220524
0.00154997
-0.000239641
0.00152385
-0.000253395
0.00145828
-0.000263737
0.00136878
-0.000272536
0.00126975
-0.000281067
0.0011711
-0.000289848
0.00107726
-0.000298827
0.000988487
-0.000307719
0.000903071
-0.00031628
0.000819192
-0.000324424
0.000735747
-0.000332207
0.00065237
-0.000339758
0.000569107
-0.000347217
0.000486102
-0.000354701
0.000403443
-0.000362301
0.00032113
-0.000370089
0.000239112
-0.000378127
0.000157312
-0.000386479
7.56194e-05
-0.00039519
-6.07425e-06
-0.000404276
-8.79538e-05
-0.000413741
-0.000170117
-0.000423573
-0.000252678
-0.000433756
-0.000335746
-0.000444266
-0.000419435
-0.000455075
-0.000503864
-0.000466142
-0.000589172
-0.00047739
-0.000675512
-0.000488659
-0.000763024
-0.000499624
-0.00085174
-0.0005097
-0.000941398
-0.000518035
-0.0010312
-0.000523896
-0.00111967
-0.000527877
-0.00120541
-0.000533896
-0.00128983
-0.000549891
-0.00138249
-0.000582206
-0.0015041
-0.000621325
-0.00167303
-0.000631256
-0.00186457
-0.000564657
-0.0019714
-0.000403735
-0.00183108
-0.000194982
-0.00134567
-3.78348e-05
-0.000632912
-6.73174e-05
6.07179e-06
0.000428105
-1.26969e-05
0.00091152
-4.43315e-05
0.00116981
-7.72459e-05
0.00134521
-0.000107105
0.00147348
-0.000132383
0.00154991
-0.00015263
0.00157022
-0.000168228
0.00153945
-0.000180243
0.00147029
-0.000190056
0.00137859
-0.00019891
0.00127861
-0.000207574
0.00117977
-0.000216296
0.00108599
-0.000224974
0.000997165
-0.000233407
0.000911504
-0.000241472
0.000827257
-0.00024917
0.000743445
-0.000256597
0.000659797
-0.000263884
0.000576393
-0.000271155
0.000493373
-0.000278514
0.000410802
-0.000286041
0.000328658
-0.000293804
0.000246875
-0.000301866
0.000165375
-0.000310303
8.40561e-05
-0.000319169
2.79187e-06
-0.00032849
-7.86325e-05
-0.000338266
-0.000160341
-0.000348478
-0.000242466
-0.000359102
-0.000325122
-0.00037011
-0.000408426
-0.000381472
-0.000492501
-0.000393152
-0.000577491
-0.000405096
-0.000663568
-0.000417198
-0.000750922
-0.000429243
-0.000839695
-0.00044081
-0.000929831
-0.000451183
-0.00102082
-0.000459427
-0.00111142
-0.000465065
-0.00119977
-0.000469862
-0.00128503
-0.000480021
-0.00137233
-0.000504605
-0.00147951
-0.000543832
-0.00163381
-0.000571839
-0.00183657
-0.000539249
-0.00200399
-0.000411373
-0.00195896
-0.000215216
-0.00154182
-4.69446e-05
-0.000801184
-0.000114262
1.53159e-05
0.000412789
1.04047e-05
0.000916431
-9.33528e-06
0.00118955
-3.17552e-05
0.00136763
-5.25034e-05
0.00149423
-7.04827e-05
0.00156789
-8.55204e-05
0.00158525
-9.79367e-05
0.00155187
-0.000108394
0.00148075
-0.000117676
0.00138787
-0.000126423
0.00128735
-0.000134977
0.00118832
-0.000143394
0.0010944
-0.000151577
0.00100535
-0.000159426
0.000919354
-0.00016692
0.000834751
-0.000174124
0.000750649
-0.000181151
0.000666824
-0.000188125
0.000583368
-0.000195156
0.000500405
-0.000202335
0.000417981
-0.000209739
0.000336062
-0.000217433
0.000254569
-0.000225479
0.000173421
-0.000233961
9.25381e-05
-0.000242953
1.17841e-05
-0.000252496
-6.9089e-05
-0.000262589
-0.000150247
-0.000273203
-0.000231852
-0.000284306
-0.000314019
-0.000295869
-0.000396863
-0.000307862
-0.000480509
-0.000320248
-0.000565105
-0.000332981
-0.000650836
-0.000345981
-0.000737922
-0.000359098
-0.000826578
-0.000372032
-0.000916897
-0.000384238
-0.00100862
-0.000394862
-0.0011008
-0.000403001
-0.00119163
-0.000408894
-0.00127914
-0.000416383
-0.00136484
-0.000434284
-0.00146161
-0.000469339
-0.00159875
-0.000507138
-0.00179877
-0.000502084
-0.00200905
-0.00040719
-0.00205385
-0.000229448
-0.00171956
-5.61992e-05
-0.000974433
-0.000170461
2.34512e-05
0.000389338
3.28636e-05
0.000907018
2.54261e-05
0.00119699
1.33455e-05
0.00137971
1.5036e-06
0.00150607
-9.38332e-06
0.00157878
-1.94075e-05
0.00159528
-2.87693e-05
0.00156123
-3.76925e-05
0.00148967
-4.63545e-05
0.00139653
-5.48279e-05
0.00129583
-6.30769e-05
0.00119657
-7.10125e-05
0.00110234
-7.85671e-05
0.0010129
-8.57373e-05
0.000926524
-9.25906e-05
0.000841605
-9.92385e-05
0.000757297
-0.000105804
0.00067339
-0.000112401
0.000589965
-0.000119126
0.000507131
-0.000126065
0.000424921
-0.000133293
0.00034329
-0.000140875
0.000262151
-0.000148871
0.000181418
-0.000157365
0.000101032
-0.000166454
2.08734e-05
-0.000176204
-5.93387e-05
-0.000186609
-0.000139841
-0.000197632
-0.000220829
-0.000209238
-0.000302413
-0.000221402
-0.000384699
-0.000234094
-0.000467816
-0.000247279
-0.00055192
-0.00026091
-0.000637204
-0.00027492
-0.000723911
-0.000289192
-0.000812307
-0.000303502
-0.000902587
-0.00031744
-0.000994678
-0.000330317
-0.00108792
-0.000341194
-0.00118075
-0.000349501
-0.00127084
-0.000357018
-0.00135732
-0.00037067
-0.00144796
-0.000400212
-0.00156921
-0.000441629
-0.00175735
-0.000457347
-0.00199333
-0.000393281
-0.00211792
-0.0002376
-0.00187525
-6.49178e-05
-0.00114711
-0.000235379
3.01988e-05
0.000359139
5.3886e-05
0.000883331
5.93672e-05
0.00119151
5.76335e-05
0.00138144
5.44851e-05
0.00150922
5.05694e-05
0.0015827
4.55458e-05
0.0016003
3.93013e-05
0.00156747
3.203e-05
0.00149694
2.41356e-05
0.00140443
1.60895e-05
0.00130387
8.28596e-06
0.00120438
9.48683e-07
0.00110968
-5.88144e-06
0.00101973
-1.22923e-05
0.000932935
-1.84304e-05
0.000847743
-2.44473e-05
0.000763314
-3.0473e-05
0.000679415
-3.66138e-05
0.000596106
-4.29594e-05
0.000513477
-4.95913e-05
0.000431553
-5.6587e-05
0.000350286
-6.40197e-05
0.000269584
-7.19537e-05
0.000189353
-8.04596e-05
0.000109538
-8.96265e-05
3.00408e-05
-9.95501e-05
-4.94146e-05
-0.000110236
-0.000129155
-0.00012165
-0.000209415
-0.000133761
-0.000290301
-0.000146555
-0.000371905
-0.000160005
-0.000454366
-0.000174073
-0.000537851
-0.000188713
-0.000622565
-0.00020386
-0.000708764
-0.000219415
-0.000796752
-0.000235197
-0.000886804
-0.000250888
-0.000978987
-0.000265948
-0.00107286
-0.000279565
-0.00116714
-0.000290893
-0.00125951
-0.000300328
-0.00134789
-0.000312444
-0.00143584
-0.000337194
-0.00154446
-0.000378366
-0.00171618
-0.000408697
-0.001963
-0.000372063
-0.00215455
-0.000240174
-0.00200713
-7.25226e-05
-0.00131477
-0.000307902
3.53473e-05
0.000323792
7.27886e-05
0.00084589
9.17573e-05
0.00117254
0.000100593
0.00137261
0.00010608
0.00150373
0.000109151
0.00157963
0.000109259
0.00160019
0.000106335
0.0015704
0.000100936
0.00150234
9.40036e-05
0.00141136
8.65284e-05
0.00131135
7.92641e-05
0.00121164
7.2588e-05
0.00111635
6.6538e-05
0.00102578
6.0951e-05
0.000938522
5.56054e-05
0.000853089
5.0307e-05
0.000768612
4.49124e-05
0.00068481
3.93168e-05
0.000601701
3.34334e-05
0.00051936
2.71801e-05
0.000437806
2.04744e-05
0.000356992
1.32335e-05
0.000276826
5.37958e-06
0.000197207
-3.15611e-06
0.000118074
-1.2427e-05
3.93122e-05
-2.24924e-05
-3.93487e-05
-3.33951e-05
-0.000118252
-4.5149e-05
-0.000197661
-5.77463e-05
-0.000277703
-7.11775e-05
-0.000358474
-8.54228e-05
-0.000440121
-0.000100446
-0.000522828
-0.000116197
-0.000606813
-0.000132611
-0.00069235
-0.000149592
-0.000779772
-0.000166984
-0.000869412
-0.00018453
-0.000961441
-0.000201805
-0.00105559
-0.00021815
-0.00115079
-0.000232731
-0.00124493
-0.000245223
-0.0013354
-0.00025815
-0.00142292
-0.00027994
-0.00152267
-0.000319078
-0.00167704
-0.000358996
-0.00192308
-0.000345891
-0.00216765
-0.000238048
-0.00211498
-7.86876e-05
-0.00147413
-0.000386589
3.87588e-05
0.000285033
8.89699e-05
0.000795679
0.000121879
0.00113963
0.000141713
0.00135278
0.000155902
0.00148954
0.000166062
0.00156947
0.000171573
0.00159468
0.000172323
0.00156965
0.000169139
0.00150553
0.000163429
0.00141707
0.000156679
0.0013181
0.000150021
0.0012183
0.000144029
0.00112234
0.000138781
0.00103103
0.000134066
0.000943238
0.00012959
0.000857564
0.000125107
0.000773095
0.000120448
0.000689469
0.0001155
0.00060665
0.000110171
0.000524689
0.000104377
0.000443601
9.80274e-05
0.000363342
9.10295e-05
0.000283824
8.33009e-05
0.000204936
7.47983e-05
0.000126577
6.54967e-05
4.86143e-05
5.5347e-05
-2.91986e-05
4.42526e-05
-0.000107158
3.21609e-05
-0.000185569
1.90548e-05
-0.000264597
4.94073e-06
-0.000344359
-1.01612e-05
-0.000425019
-2.62178e-05
-0.000506771
-4.31793e-05
-0.000589851
-6.09781e-05
-0.000674551
-7.95219e-05
-0.000761228
-9.86729e-05
-0.000850261
-0.000118217
-0.000941896
-0.000137815
-0.00103599
-0.00015694
-0.00113167
-0.000174881
-0.00122698
-0.000191051
-0.00131923
-0.000206539
-0.00140743
-0.000227564
-0.00150165
-0.000264473
-0.00164013
-0.000310289
-0.00187726
-0.000316843
-0.0021611
-0.00023229
-0.00219953
-8.33722e-05
-0.00162304
-0.000469961
4.03991e-05
0.000244634
0.000101892
0.000734186
0.000148951
0.00109257
0.000180391
0.00132134
0.000203525
0.00146641
0.000220961
0.00155203
0.000232235
0.00158341
0.00023714
0.00156474
0.000236635
0.00150603
0.0002325
0.0014212
0.000226677
0.00132392
0.000220697
0.00122428
0.000215393
0.00112765
0.000210946
0.00103548
0.000207133
0.000947051
0.000203601
0.000861096
0.000200042
0.000776654
0.000196244
0.000693268
0.00019207
0.000610825
0.00018742
0.000529338
0.000182205
0.000448817
0.000176328
0.000369219
0.000169696
0.000290457
0.000162221
0.000212411
0.000153854
0.000134944
0.00014457
5.78984e-05
0.00013433
-1.89576e-05
0.000123028
-9.58554e-05
0.000110576
-0.000173117
9.69316e-05
-0.000250952
8.20908e-05
-0.000329518
6.60659e-05
-0.000408993
4.88862e-05
-0.000489592
3.06013e-05
-0.000571566
1.12825e-05
-0.000655232
-8.97433e-06
-0.000740971
-3.00443e-05
-0.000829191
-5.17484e-05
-0.000920192
-7.38152e-05
-0.00101392
-9.58361e-05
-0.00110965
-0.000117245
-0.00120558
-0.000137441
-0.00129903
-0.000156684
-0.00138818
-0.000179037
-0.00147929
-0.000214583
-0.00160458
-0.0002639
-0.00182795
-0.000286624
-0.00213838
-0.000224026
-0.00226213
-8.67836e-05
-0.00176029
-0.000556745
4.03443e-05
0.00020429
0.000111105
0.000663425
0.000172118
0.00103156
0.000215871
0.00127758
0.000248413
0.00143387
0.00027341
0.00152703
0.000290878
0.00156594
0.000300525
0.0015551
0.000303298
0.00150326
0.000301211
0.00142329
0.000296602
0.00132853
0.000291414
0.00122947
0.000286806
0.00113226
0.000283138
0.00103915
0.000280233
0.000949956
0.000277704
0.000863626
0.000275174
0.000779184
0.000272369
0.000696073
0.000269112
0.000614081
0.000265284
0.000533167
0.000260783
0.000453318
0.00025551
0.000374491
0.000249369
0.000296597
0.000242272
0.000219509
0.000234151
0.000143066
0.000224957
6.70929e-05
0.000214633
-8.63332e-06
0.000203097
-8.4319e-05
0.000190258
-0.000160278
0.000176051
-0.000236744
0.000160453
-0.000313919
0.000143463
-0.000392004
0.000125103
-0.000471231
0.000105414
-0.000551878
8.44667e-05
-0.000634284
6.23523e-05
-0.000718857
3.91917e-05
-0.00080603
1.51437e-05
-0.000896144
-9.57389e-06
-0.000989207
-3.46597e-05
-0.00108456
-5.96904e-05
-0.00118054
-8.41582e-05
-0.00127456
-0.00010794
-0.0013644
-0.000133385
-0.00145385
-0.000169006
-0.00156896
-0.000220539
-0.00177641
-0.000256523
-0.00210239
-0.00021433
-0.00230432
-8.93072e-05
-0.00188531
-0.000646052
3.87785e-05
0.000165511
0.000116291
0.000585912
0.000190484
0.000957368
0.000247203
0.00122086
0.000289853
0.00139122
0.000322836
0.00149405
0.00034698
0.0015418
0.000362038
0.00154004
0.000368821
0.00149648
0.000369413
0.0014227
0.000366443
0.0013315
0.00036226
0.00123365
0.000358399
0.00113612
0.00035549
0.00104206
0.00035348
0.000951965
0.000351987
0.000865119
0.000350575
0.000780597
0.000348895
0.000697753
0.00034671
0.000616266
0.00034386
0.000536016
0.000340226
0.000456953
0.000335698
0.000379019
0.000330176
0.00030212
0.000323563
0.000226122
0.000315774
0.000150855
0.000306739
7.61276e-05
0.000296386
1.72058e-06
0.00028464
-7.25734e-05
0.000271416
-0.000147053
0.000256631
-0.00022196
0.000240248
-0.000297536
0.000222252
-0.000374008
0.000202655
-0.000451633
0.000181494
-0.000530716
0.000158832
-0.000611622
0.000134757
-0.000694781
0.000109375
-0.000780647
8.28106e-05
-0.00086958
5.52254e-05
-0.000961621
2.6841e-05
-0.00105618
-2.02241e-06
-0.00115168
-3.09956e-05
-0.00124559
-5.98545e-05
-0.00133554
-8.97623e-05
-0.00142394
-0.000127101
-0.00153162
-0.000180439
-0.00172307
-0.000227417
-0.00205541
-0.000204137
-0.0023276
-9.14318e-05
-0.00199801
-0.000737484
3.59813e-05
0.00012953
0.000117314
0.00050458
0.000203184
0.000871499
0.000273245
0.0011508
0.000326883
0.00133758
0.000368473
0.00145246
0.000399837
0.00151043
0.000421025
0.00151885
0.000432672
0.00148483
0.000436753
0.00141862
0.000436043
0.00133221
0.000433237
0.00123646
0.000430281
0.00113907
0.000428155
0.00104418
0.000427023
0.000953097
0.000426574
0.000865568
0.000426341
0.000780829
0.000425902
0.000698193
0.000424939
0.000617229
0.000423235
0.00053772
0.000420632
0.000459556
0.000417004
0.000382648
0.000412235
0.000306889
0.000406221
0.000232136
0.000398862
0.000158214
0.000390071
8.49191e-05
0.000379758
1.2033e-05
0.000367853
-6.06675e-05
0.000354263
-0.000133463
0.000338905
-0.000206602
0.000321725
-0.000280355
0.000302698
-0.000354981
0.000281825
-0.00043076
0.000259135
-0.000508027
0.000234686
-0.000587172
0.000208553
-0.000668648
0.000180824
-0.000752918
0.00015159
-0.000840346
0.000120951
-0.000930982
8.90365e-05
-0.00102426
5.6043e-05
-0.00111869
2.22499e-05
-0.0012118
-1.2099e-05
-0.00130119
-4.74983e-05
-0.00138854
-8.81745e-05
-0.00149095
-0.000143535
-0.00166771
-0.000199841
-0.00199911
-0.000194204
-0.00233324
-9.36833e-05
-0.00209854
-0.000831167
3.22977e-05
9.72323e-05
0.00011427
0.000422608
0.000209491
0.000776277
0.000292717
0.00106758
0.000358258
0.00127204
0.000409297
0.00140142
0.000448526
0.0014712
0.000476591
0.00149078
0.000494043
0.00146738
0.000502606
0.00141006
0.000505017
0.0013298
0.000504198
0.00123728
0.000502492
0.00114078
0.000501286
0.00104539
0.000501053
0.00095333
0.000501644
0.000864977
0.000502621
0.000779853
0.000503503
0.00069731
0.000503893
0.000616839
0.000503495
0.000538119
0.000502095
0.000460956
0.00049953
0.000385213
0.000495667
0.000310753
0.000490383
0.00023742
0.000483568
0.00016503
0.000475117
9.33699e-05
0.000464932
2.22185e-05
0.00045293
-4.86652e-05
0.000439016
-0.000119549
0.000423106
-0.000190692
0.000405138
-0.000262387
0.000385074
-0.000334918
0.000362909
-0.000408595
0.000338661
-0.000483779
0.000312376
-0.000560887
0.000284112
-0.000640384
0.000253928
-0.000722734
0.000221869
-0.000808287
0.000187967
-0.00089708
0.00015226
-0.000988554
0.000114836
-0.00108126
7.58778e-05
-0.00117284
3.56106e-05
-0.00126093
-6.08195e-06
-0.00134685
-5.15687e-05
-0.00144546
-0.000109579
-0.0016097
-0.000174039
-0.00193465
-0.000185079
-0.0023222
-9.65765e-05
-0.00218704
-0.000927744
2.80935e-05
6.91388e-05
0.00010753
0.000343172
0.000208962
0.000674845
0.000304332
0.000972206
0.000382452
0.00119392
0.000443961
0.00133991
0.00049186
0.0014233
0.000527584
0.00145506
0.000551823
0.00144314
0.000566015
0.00139586
0.000572666
0.00132315
0.000574751
0.00123519
0.000574917
0.00114061
0.000574975
0.00104533
0.000575782
0.000952523
0.000577448
0.000863311
0.000579647
0.000777654
0.000581895
0.000695061
0.000583728
0.000615006
0.000584768
0.00053708
0.000584728
0.000460997
0.000583393
0.000386548
0.000580593
0.000313552
0.000576185
0.000241828
0.000570041
0.000171174
0.000562043
0.000101368
0.000552083
3.21793e-05
0.000540067
-3.6649e-05
0.000525895
-0.000105377
0.000509483
-0.00017428
0.000490761
-0.000243665
0.000469687
-0.000313843
0.000446243
-0.000385151
0.000420437
-0.000457973
0.000392295
-0.000532745
0.000361848
-0.000609937
0.000329113
-0.000689999
0.000294076
-0.00077325
0.00025669
-0.000859694
0.000216896
-0.000948759
0.000174677
-0.00103904
0.00013014
-0.0011283
8.35368e-05
-0.00121432
3.49714e-05
-0.00129828
-1.66607e-05
-0.00139383
-7.81582e-05
-0.00154821
-0.000149956
-0.00186285
-0.000177056
-0.0022951
-0.000100566
-0.00226353
-0.00102831
2.37082e-05
4.54306e-05
9.77466e-05
0.000269133
0.000201579
0.000571012
0.000307003
0.000866782
0.000397768
0.00110316
0.000470763
0.00126692
0.000528315
0.00136575
0.000572557
0.00141082
0.000604584
0.00141111
0.000625646
0.0013748
0.000637889
0.0013109
0.00064413
0.00122895
0.000647162
0.00113758
0.00064915
0.00104334
0.00065137
0.000950303
0.000654276
0.000860405
0.000657754
0.000774176
0.000661397
0.000691418
0.000664722
0.000611681
0.000667285
0.000534516
0.000668726
0.000459556
0.000668763
0.000386511
0.000667177
0.000315138
0.000663792
0.000245213
0.000658457
0.000176509
0.000651039
0.000108786
0.000641417
4.18008e-05
0.000629489
-2.47207e-05
0.000615151
-9.1039e-05
0.000598316
-0.000157446
0.000578912
-0.000224261
0.000556887
-0.000291818
0.000532213
-0.000360477
0.00050488
-0.00043064
0.000474886
-0.000502751
0.000442219
-0.00057727
0.00040684
-0.000654619
0.000368661
-0.000735071
0.000327545
-0.000818578
0.000283332
-0.000904546
0.000235907
-0.00099162
0.000185317
-0.00107771
0.000131871
-0.00116088
7.5982e-05
-0.00124239
1.72555e-05
-0.0013351
-4.87679e-05
-0.00148218
-0.000127264
-0.00178436
-0.00017011
-0.00225225
-0.000105981
-0.00232766
-0.00113429
1.94225e-05
2.6008e-05
8.58208e-05
0.000202735
0.000187874
0.000468959
0.000300092
0.000754564
0.000402543
0.0010007
0.00048769
0.00118177
0.000555974
0.00129747
0.00060972
0.00135707
0.000650561
0.00137027
0.000679766
0.0013456
0.000699118
0.00129155
0.000711086
0.00121698
0.000718391
0.00113028
0.000723407
0.00103833
0.000727782
0.000945928
0.000732361
0.000855826
0.000737329
0.000769208
0.000742456
0.000686292
0.000747317
0.00060682
0.000751453
0.000530381
0.000754447
0.000456562
0.000755955
0.000385002
0.000755703
0.00031539
0.000753471
0.000247445
0.000749078
0.000180902
0.00074237
0.000115494
0.000733215
5.09556e-05
0.000721498
-1.30029e-05
0.00070711
-7.66514e-05
0.000689964
-0.0001403
0.000669981
-0.000204278
0.0006471
-0.000268936
0.000621275
-0.000334653
0.00059247
-0.000401835
0.00056064
-0.000470921
0.000525717
-0.000542347
0.000487585
-0.000616488
0.00044607
-0.000693556
0.000400935
-0.000773443
0.00035192
-0.000855531
0.000298826
-0.000938526
0.00024167
-0.00102056
0.000180853
-0.00110006
0.00011713
-0.00117867
5.07808e-05
-0.00126875
-2.08444e-05
-0.00141056
-0.000105415
-0.00169978
-0.000163873
-0.00219379
-0.000112959
-0.00237857
-0.00124725
1.54538e-05
1.05542e-05
7.28068e-05
0.000145382
0.000168963
0.000372803
0.000283649
0.000639878
0.00039546
0.000888893
0.000492594
0.00108464
0.000572522
0.00121754
0.000636866
0.00129273
0.000687614
0.00131952
0.000726249
0.00130696
0.000754299
0.0012635
0.000773799
0.00119748
0.000787176
0.0011169
0.000796802
0.0010287
0.000804567
0.000938163
0.000811673
0.00084872
0.000818657
0.000762224
0.000825552
0.000679397
0.000832089
0.000600283
0.000837867
0.000524603
0.000842467
0.000451963
0.000845507
0.000381962
0.000846668
0.00031423
0.000845685
0.000248428
0.000842345
0.000184242
0.000836469
0.00012137
0.000827909
5.95156e-05
0.000816531
-1.62495e-06
0.000802229
-6.23497e-05
0.000784905
-0.000122976
0.000764468
-0.000183841
0.000740843
-0.000245311
0.000713957
-0.000307767
0.000683733
-0.000371611
0.00065007
-0.000437257
0.000612823
-0.0005051
0.000571789
-0.000575453
0.00052669
-0.000648457
0.000477188
-0.000723941
0.000422928
-0.000801271
0.000363651
-0.00087925
0.000299388
-0.000956293
0.000230684
-0.00103136
0.000158661
-0.00110665
8.43389e-05
-0.00119443
6.31147e-06
-0.00133253
-8.36842e-05
-0.00160979
-0.000157593
-0.00211988
-0.000121377
-0.00241479
-0.00136863
1.19827e-05
-1.42848e-06
5.97847e-05
9.75799e-05
0.000146461
0.000286127
0.000258563
0.000527776
0.000375884
0.000771571
0.000483507
0.000977014
0.000575375
0.00112567
0.000651345
0.00121676
0.000713186
0.00125768
0.000762565
0.00125758
0.000800913
0.00122516
0.000829858
0.00116854
0.000851392
0.00109536
0.000867658
0.00101244
0.000880585
0.000925236
0.000891618
0.000837686
0.000901623
0.00075222
0.000910944
0.000670076
0.000919551
0.000591676
0.000927192
0.000516961
0.000933519
0.000445636
0.000938168
0.000377313
0.000940805
0.000311592
0.000941143
0.00024809
0.000938939
0.000186446
0.000933992
0.000126317
0.000926135
6.73726e-05
0.000915218
9.29175e-06
0.000901127
-4.8259e-05
0.000883748
-0.000105596
0.000862973
-0.000163066
0.000838698
-0.000221036
0.000810811
-0.000279881
0.00077918
-0.00033998
0.000743629
-0.000401706
0.000703926
-0.000465397
0.000659763
-0.000531291
0.000610758
-0.000599452
0.000556469
-0.000669652
0.000496464
-0.000741266
0.000430463
-0.000813249
0.000358566
-0.000884396
0.000281532
-0.000954323
0.000200893
-0.00102601
0.000118384
-0.00111192
3.35963e-05
-0.00124774
-6.11614e-05
-0.00151503
-0.000150047
-0.002031
-0.000130739
-0.0024341
-0.00149937
9.19943e-06
-1.06279e-05
4.77183e-05
5.9061e-05
0.000122236
0.00021161
0.000226492
0.00042352
0.000344099
0.000653964
0.000459033
0.000862081
0.000561977
0.00102273
0.000650167
0.00112857
0.000724268
0.00118358
0.000785764
0.00119609
0.00083601
0.00117491
0.000876317
0.00112823
0.000908212
0.00106347
0.000933445
0.000987204
0.00095377
0.000904911
0.000970693
0.000820763
0.000985303
0.000737609
0.000998239
0.00065714
0.00100975
0.000580167
0.0010198
0.00050691
0.0010282
0.000437238
0.00103467
0.000370844
0.00103891
0.000307344
0.00104067
0.000246337
0.00103968
0.000187433
0.00103574
0.000130256
0.00102867
7.44465e-05
0.0010183
1.96595e-05
0.0010045
-3.44608e-05
0.000987138
-8.8234e-05
0.000966078
-0.000142006
0.000941176
-0.000196134
0.000912265
-0.00025097
0.000879143
-0.000306858
0.00084155
-0.000364113
0.000799154
-0.000423
0.000751541
-0.000483678
0.000698221
-0.000546132
0.000638664
-0.000610095
0.000572393
-0.000674995
0.000499158
-0.000740014
0.000419203
-0.00080444
0.000333568
-0.000868688
0.000244233
-0.000936673
0.000153575
-0.00102127
6.20974e-05
-0.00115626
-3.6688e-05
-0.00141625
-0.000139413
-0.00192827
-0.000140019
-0.00243349
-0.00163938
7.22035e-06
-1.78483e-05
3.72318e-05
2.90495e-05
9.79258e-05
0.000150915
0.000189458
0.000331988
0.00030126
0.000542162
0.000418658
0.000744682
0.000530227
0.000911158
0.000630292
0.0010285
0.000717511
0.00109636
0.000792486
0.00112111
0.000856236
0.00111116
0.000909775
0.00107469
0.000954201
0.00101904
0.00099081
0.000950595
0.00102103
0.000874695
0.00104623
0.000795564
0.00106757
0.000716269
0.00108588
0.000638824
0.00110168
0.000564373
0.00111517
0.000493418
0.00112637
0.000426038
0.00113516
0.000362053
0.00114136
0.000301147
0.00114475
0.000242946
0.00114512
0.000187056
0.00114229
0.00013309
0.00113607
8.06708e-05
0.00112629
2.94399e-05
0.00111279
-2.09692e-05
0.00109543
-7.0873e-05
0.00107404
-0.000120608
0.00104841
-0.000170506
0.00101832
-0.000220882
0.00098349
-0.000272028
0.00094357
-0.000324193
0.000898127
-0.000377558
0.000846646
-0.000432198
0.000788548
-0.000488034
0.000723245
-0.000544791
0.000650262
-0.000602013
0.000569448
-0.0006592
0.000481262
-0.000716255
0.000387084
-0.00077451
0.000289334
-0.000838923
0.000190938
-0.000922868
9.31595e-05
-0.00105849
-8.9589e-06
-0.00131413
-0.000123256
-0.00181398
-0.000147573
-0.00240917
-0.00178696
5.86944e-06
-2.37177e-05
2.80754e-05
6.84359e-06
7.40439e-05
0.000104947
0.000148913
0.000257119
0.000248829
0.000442246
0.000362736
0.000630775
0.000478876
0.000795018
0.000589118
0.000918261
0.000689561
0.000995918
0.000779111
0.00103156
0.000857907
0.00103236
0.000926466
0.00100613
0.000985458
0.00096005
0.00103573
0.000900321
0.00107832
0.000832112
0.00111433
0.000759553
0.00114483
0.000685764
0.00117073
0.000612922
0.0011927
0.000542402
0.00121118
0.000474942
0.00122639
0.000410825
0.00123842
0.000350028
0.00124723
0.00029234
0.00125272
0.00023745
0.00125477
0.000185002
0.00125324
0.000134623
0.00124797
8.59435e-05
0.0012388
3.8609e-05
0.00122557
-7.73823e-06
0.0012081
-5.34085e-05
0.0011862
-9.8706e-05
0.00115962
-0.000143923
0.00112807
-0.000189328
0.00109119
-0.000235147
0.00104854
-0.000281552
0.000999625
-0.000328639
0.000943838
-0.000376411
0.00088055
-0.000424746
0.000809173
-0.000473415
0.000729309
-0.000522149
0.000640978
-0.000570869
0.000544906
-0.000620184
0.000442803
-0.000672407
0.000337441
-0.000733561
0.000232118
-0.000817546
0.000128701
-0.00095507
2.34475e-05
-0.00120887
-9.87736e-05
-0.00169176
-0.00015124
-0.00235671
-0.0019382
4.14157e-06
-2.78593e-05
1.80199e-05
-7.03472e-06
4.8459e-05
7.45078e-05
0.000104113
0.000201465
0.000187299
0.00035906
0.00029188
0.000526194
0.000407602
0.000679296
0.000524983
0.00080088
0.00063763
0.000883271
0.000742179
0.000927014
0.000837236
0.000937306
0.000922407
0.00092096
0.000997777
0.00088468
0.00106373
0.000834367
0.0011209
0.000774945
0.00117008
0.000710371
0.00121216
0.000643687
0.00124798
0.000577102
0.00127828
0.000512102
0.00130364
0.000449584
0.00132446
0.000389997
0.00134103
0.000333465
0.00135347
0.000279901
0.00136183
0.000229083
0.00136611
0.000180721
0.00136625
0.000134489
0.00136214
9.00535e-05
0.00135366
4.70875e-05
0.00134065
5.26892e-06
0.00132295
-3.57054e-05
0.00130032
-7.60764e-05
0.00127249
-0.000116091
0.00123912
-0.000155957
0.00119979
-0.000195827
0.00115404
-0.000235794
0.00110128
-0.000275882
0.00104091
-0.00031604
0.000972318
-0.000356155
0.000895004
-0.0003961
0.000808732
-0.000435877
0.000713757
-0.000475893
0.000611066
-0.000517493
0.000502589
-0.00056393
0.000391209
-0.000622181
0.000280256
-0.000706593
0.000171822
-0.000846636
6.28487e-05
-0.0010999
-6.32248e-05
-0.00156568
-0.000148306
-0.00227162
-0.0020865
-6.39394e-07
-2.72199e-05
1.47171e-06
-9.14582e-06
1.47566e-05
6.1223e-05
5.02156e-05
0.000166006
0.000114403
0.000294873
0.000205713
0.000434884
0.00031654
0.000568469
0.000437406
0.000680014
0.000560138
0.000760538
0.000679077
0.000808075
0.000790863
0.00082552
0.000893727
0.000818097
0.000986871
0.000791535
0.0010701
0.00075114
0.00114361
0.000701435
0.00120788
0.0006461
0.00126356
0.000588004
0.00131138
0.000529282
0.00135205
0.000471433
0.00138621
0.000415429
0.00141438
0.000361825
0.00143698
0.000310866
0.0014543
0.000262576
0.00146655
0.000216836
0.00147383
0.000173438
0.00147619
0.000132126
0.00147362
9.26268e-05
0.00146604
5.46646e-05
0.00145334
1.79769e-05
0.00143534
-1.77106e-05
0.00141184
-5.25753e-05
0.00138255
-8.68037e-05
0.00134713
-0.000120534
0.00130516
-0.000153852
0.00125615
-0.000186787
0.00119958
-0.000219314
0.00113492
-0.000251376
0.00106168
-0.00028292
0.000979568
-0.000313988
0.000888582
-0.000344892
0.000789212
-0.000376523
0.000682605
-0.000410886
0.00057068
-0.000452005
0.000456075
-0.000507576
0.000341644
-0.000592163
0.000228958
-0.00073395
0.000114855
-0.000985799
-1.34951e-05
-0.00143733
-0.000134092
-0.00215103
-0.0022206
-1.34055e-05
-1.38144e-05
-3.09248e-05
8.37352e-06
-3.76864e-05
6.79845e-05
-2.18743e-05
0.000150193
2.40796e-05
0.000248919
0.000101626
0.000357338
0.000205437
0.000464658
0.000326891
0.00055856
0.000457133
0.000630296
0.000588815
0.000676393
0.000716678
0.000697657
0.000837346
0.000697429
0.00094886
0.000680021
0.00105025
0.000649755
0.00114118
0.000610498
0.00122179
0.000565493
0.00129247
0.000517325
0.00135379
0.000467964
0.00140638
0.000418837
0.00145089
0.000370918
0.0014879
0.000324814
0.00151792
0.000280847
0.00154136
0.000239135
0.00155855
0.00019965
0.00156971
0.000162273
0.00157501
0.000126829
0.00157452
9.31175e-05
0.00156825
6.09322e-05
0.00155615
3.00786e-05
0.00153808
3.59892e-07
0.00151389
-2.83841e-05
0.00148334
-5.62508e-05
0.00144613
-8.33275e-05
0.00140193
-0.000109653
0.00135037
-0.000135226
0.00129108
-0.000160022
0.00122373
-0.000184026
0.00114809
-0.000207289
0.00106414
-0.000230037
0.000972109
-0.000252857
0.000872601
-0.000277015
0.00076668
-0.000304965
0.000655891
-0.000341216
0.00054219
-0.000393876
0.000427495
-0.000477468
0.000312219
-0.000618674
0.000192063
-0.000865643
5.64054e-05
-0.00130168
-9.83122e-05
-0.00199631
-0.00231891
-4.09737e-05
2.71593e-05
-9.01786e-05
5.75784e-05
-0.000121099
9.89048e-05
-0.00012315
0.000152244
-9.13461e-05
0.000217115
-2.47143e-05
0.000290706
7.3146e-05
0.000366798
0.000194476
0.00043723
0.000330283
0.000494489
0.000472534
0.000534142
0.000614667
0.000555524
0.000751909
0.000560187
0.000881103
0.000550827
0.00100038
0.000530479
0.00110879
0.000502088
0.00120602
0.000468261
0.00129219
0.000431159
0.00136767
0.000392483
0.00143299
0.00035351
0.00148877
0.000315147
0.00153558
0.000277998
0.001574
0.000242426
0.00160453
0.000208608
0.00162759
0.000176594
0.00164352
0.000146343
0.00165259
0.000117758
0.00165499
9.07151e-05
0.00165084
6.50769e-05
0.00164021
4.07139e-05
0.00162305
1.75164e-05
0.00159928
-4.6161e-06
0.0015688
-2.57681e-05
0.00153148
-4.60034e-05
0.00148717
-6.53429e-05
0.00143574
-8.37941e-05
0.00137708
-0.000101367
0.00131117
-0.000118115
0.00123807
-0.000134188
0.00115797
-0.000149934
0.00107119
-0.000166081
0.000978213
-0.000184038
0.000879629
-0.00020638
0.00077609
-0.000237677
0.000668244
-0.00028603
0.000556485
-0.000365709
0.000439852
-0.000502042
0.000312773
-0.000738565
0.000159754
-0.00114866
-2.67756e-05
-0.00180978
-0.00234568
-9.00948e-05
0.000117254
-0.000183149
0.000150632
-0.000240209
0.000155965
-0.000257433
0.000169468
-0.000234923
0.000194605
-0.00017415
0.000229932
-7.93823e-05
0.00027203
4.25753e-05
0.000315272
0.000183122
0.000353942
0.000333757
0.000383507
0.000487499
0.000401782
0.00063869
0.000408996
0.000783277
0.00040624
0.000918606
0.000395149
0.0010431
0.000377596
0.00115597
0.000355389
0.001257
0.000330125
0.00134636
0.000303126
0.00142444
0.000275429
0.00149178
0.000247809
0.00154897
0.000220809
0.00159661
0.000194787
0.00163527
0.00016995
0.00166547
0.000146396
0.00168766
0.000124147
0.00170225
0.000103172
0.00170955
8.34107e-05
0.00170984
6.47862e-05
0.00170334
4.72201e-05
0.00169021
3.06437e-05
0.0016706
1.49916e-05
0.00164456
2.73096e-07
0.00161209
-1.35332e-05
0.0015733
-2.65564e-05
0.00152835
-3.88435e-05
0.0014774
-5.04154e-05
0.00142065
-6.13585e-05
0.00135832
-7.18605e-05
0.00129066
-8.2272e-05
0.00121784
-9.3269e-05
0.00113994
-0.00010613
0.00105671
-0.000123152
0.000967414
-0.000148385
0.00087051
-0.000189127
0.000763329
-0.000258528
0.000641536
-0.000380249
0.000497444
-0.000594473
0.000312249
-0.000963463
8.50938e-05
-0.00158263
-0.00226059
-0.00016035
0.000277604
-0.000293284
0.000283567
-0.000362604
0.000225285
-0.000384707
0.000191571
-0.000365658
0.000175556
-0.000308119
0.000172393
-0.000216318
0.000180229
-9.65805e-05
0.000195535
4.42534e-05
0.000213108
0.000198561
0.000229199
0.000358693
0.00024165
0.000518752
0.000248937
0.000674259
0.000250733
0.000821974
0.000247434
0.000959766
0.000239803
0.0010864
0.000228759
0.00120129
0.000215233
0.00130434
0.00020007
0.00139579
0.000183982
0.00147606
0.000167536
0.00154571
0.000151159
0.00160534
0.000135154
0.00165557
0.000119722
0.00169699
0.000104981
0.00173014
9.09927e-05
0.00175554
7.77766e-05
0.00177362
6.53239e-05
0.0017848
5.36072e-05
0.00178943
4.25919e-05
0.00178783
3.22452e-05
0.00178029
2.25357e-05
0.00176714
1.34206e-05
0.00174871
4.89661e-06
0.00172514
-2.99239e-06
0.0016966
-1.03008e-05
0.00166331
-1.71231e-05
0.00162551
-2.35587e-05
0.00158341
-2.97611e-05
0.00153712
-3.59848e-05
0.00148656
-4.27075e-05
0.00143129
-5.0855e-05
0.00137023
-6.20938e-05
0.00130118
-7.93356e-05
0.00121992
-0.000107866
0.00111885
-0.000157458
0.000984971
-0.000246372
0.00079934
-0.000408842
0.000541201
-0.000705324
0.000229451
-0.00127088
-0.00203114
-0.000223956
0.00050156
-0.000284667
0.000344278
-0.000270936
0.000211554
-0.000242467
0.000163102
-0.000199469
0.000132558
-0.000135951
0.000108875
-5.01504e-05
9.44283e-05
5.7393e-05
8.79916e-05
0.000183459
8.70419e-05
0.000323439
8.92195e-05
0.000472438
9.26513e-05
0.000625442
9.59328e-05
0.000778088
9.80868e-05
0.00092689
9.86317e-05
0.00106925
9.7443e-05
0.00120337
9.46406e-05
0.00132812
9.04842e-05
0.0014429
8.52892e-05
0.00154751
7.93698e-05
0.00164204
7.30073e-05
0.00172676
6.64351e-05
0.00180208
5.98361e-05
0.00186846
5.33453e-05
0.00192638
4.70556e-05
0.00197635
4.10276e-05
0.00201883
3.52991e-05
0.00205426
2.98888e-05
0.00208307
2.48003e-05
0.00210563
2.00301e-05
0.0021223
1.55737e-05
0.00213341
1.14249e-05
0.00213926
7.57224e-06
0.00214016
3.99782e-06
0.00213647
6.96817e-07
0.00212849
-2.32353e-06
0.00211644
-5.07451e-06
0.0021005
-7.6107e-06
0.00208076
-1.00233e-05
0.00205722
-1.24472e-05
0.00202963
-1.51197e-05
0.00199728
-1.84985e-05
0.00195858
-2.33954e-05
0.00191042
-3.11808e-05
0.00184678
-4.42249e-05
0.00175615
-6.68289e-05
0.00161643
-0.000106647
0.001389
-0.000181418
0.00101742
-0.000333737
0.000489597
-0.000743057
-0.00154154
0.00050156
0.000845838
0.00105739
0.00122049
0.00135305
0.00146193
0.00155636
0.00164435
0.00173139
0.00182061
0.00191326
0.00200919
0.00210728
0.00220591
0.00230335
0.00239799
0.00248848
0.00257377
0.00265314
0.00272614
0.00279258
0.00285242
0.00290576
0.00295282
0.00299384
0.00302914
0.00305903
0.00308383
0.00310386
0.00311944
0.00313086
0.00313843
0.00314243
0.00314313
0.00314081
0.00313573
0.00312812
0.0031181
0.00310565
0.00309053
0.00307203
0.00304864
0.00301746
0.00297323
0.0029064
0.00279975
0.00261834
0.0022846
0.00154154
)
;

boundaryField
{
    movingWall
    {
        type            calculated;
        value           uniform 0;
    }
    fixedWalls
    {
        type            calculated;
        value           uniform 0;
    }
    frontAndBack
    {
        type            empty;
        value           nonuniform 0();
    }
}


// ************************************************************************* //
