/*--------------------------------*- C++ -*----------------------------------*\
  =========                 |
  \\      /  F ield         | OpenFOAM: The Open Source CFD Toolbox
   \\    /   O peration     | Website:  https://openfoam.org
    \\  /    A nd           | Version:  7
     \\/     M anipulation  |
\*---------------------------------------------------------------------------*/
FoamFile
{
    version     2.0;
    format      ascii;
    class       surfaceScalarField;
    location    "1250";
    object      phi;
}
// * * * * * * * * * * * * * * * * * * * * * * * * * * * * * * * * * * * * * //

dimensions      [0 3 -1 0 0 0 0];

internalField   nonuniform List<scalar> 
4900
(
1.70254e-06
-1.70125e-06
6.22414e-06
-4.52157e-06
1.17166e-05
-5.49265e-06
1.65026e-05
-4.78623e-06
1.97499e-05
-3.2475e-06
2.13889e-05
-1.63908e-06
2.17672e-05
-3.78452e-07
2.12615e-05
5.05617e-07
2.00149e-05
1.24651e-06
1.78634e-05
2.15144e-06
1.44137e-05
3.4496e-06
9.17902e-06
5.23466e-06
1.66808e-06
7.51087e-06
-8.57109e-06
1.02391e-05
-2.18879e-05
1.33168e-05
-3.84452e-05
1.65572e-05
-5.8147e-05
1.97018e-05
-8.05579e-05
2.24107e-05
-0.000104839
2.42812e-05
-0.000129734
2.48945e-05
-0.000153614
2.388e-05
-0.000174593
2.0979e-05
-0.000190689
1.60963e-05
-0.000200028
9.33869e-06
-0.000201088
1.06052e-06
-0.00019293
-8.15857e-06
-0.000175308
-1.76217e-05
-0.000148745
-2.65631e-05
-0.000114535
-3.42102e-05
-7.47032e-05
-3.98314e-05
-3.19025e-05
-4.28007e-05
1.07519e-05
-4.26544e-05
5.00033e-05
-3.92514e-05
8.30006e-05
-3.29973e-05
0.000107568
-2.45675e-05
0.000122442
-1.48736e-05
0.000127508
-5.06593e-06
0.000123848
3.65971e-06
0.00011346
1.03876e-05
9.87368e-05
1.47235e-05
8.20204e-05
1.67164e-05
6.52485e-05
1.67719e-05
4.97667e-05
1.54818e-05
3.63089e-05
1.34578e-05
2.51024e-05
1.12065e-05
1.60394e-05
9.06304e-06
8.89303e-06
7.14636e-06
3.59409e-06
5.29894e-06
5.05122e-07
3.08897e-06
5.05122e-07
4.47805e-06
-6.17914e-06
1.38523e-05
-1.38961e-05
2.43134e-05
-1.59542e-05
3.29006e-05
-1.33739e-05
3.80022e-05
-8.34958e-06
3.92279e-05
-2.86506e-06
3.68592e-05
1.98995e-06
3.1203e-05
6.16166e-06
2.21509e-05
1.02984e-05
9.075e-06
1.52272e-05
-9.02201e-06
2.15464e-05
-3.32409e-05
2.94534e-05
-6.44813e-05
3.87511e-05
-0.000103183
4.89404e-05
-0.000149116
5.92495e-05
-0.000201219
6.86608e-05
-0.000257547
7.60291e-05
-0.000315388
8.02517e-05
-0.000371545
8.04386e-05
-0.000422683
7.60325e-05
-0.000465663
6.68601e-05
-0.000497807
5.31224e-05
-0.000517061
3.53504e-05
-0.000522085
1.43623e-05
-0.000512332
-8.69236e-06
-0.000487895
-3.25957e-05
-0.000449411
-5.61054e-05
-0.000398086
-7.78886e-05
-0.000335747
-9.65491e-05
-0.000264867
-0.000110711
-0.000188539
-0.000119129
-0.000110337
-0.000120857
-3.41421e-05
-0.000115446
3.59711e-05
-0.00010311
9.6312e-05
-8.49084e-05
0.000144066
-6.26274e-05
0.000177309
-3.83098e-05
0.000195254
-1.42846e-05
0.000198493
7.14868e-06
0.000189124
2.40921e-05
0.000170297
3.55438e-05
0.000145602
4.14669e-05
0.000118448
4.26352e-05
9.16022e-05
4.03039e-05
6.69301e-05
3.58786e-05
4.54191e-05
3.0574e-05
2.74593e-05
2.51062e-05
1.3335e-05
1.94232e-05
3.75541e-06
1.26685e-05
4.26053e-06
5.98771e-06
-1.21669e-05
1.73385e-05
-2.52469e-05
2.88024e-05
-2.74184e-05
3.68222e-05
-2.1394e-05
3.95363e-05
-1.1064e-05
3.63562e-05
3.14766e-07
2.72187e-05
1.11271e-05
1.19166e-05
2.14636e-05
-1.03153e-05
3.253e-05
-4.07539e-05
4.56656e-05
-8.07589e-05
6.15513e-05
-0.000131253
7.99478e-05
-0.000192303
9.98001e-05
-0.000262802
0.00011944
-0.000340405
0.000136853
-0.000421755
0.000150011
-0.000502935
0.000157209
-0.000579992
0.000157309
-0.000649383
0.000149829
-0.000708242
0.000134892
-0.000754484
0.000113102
-0.000786756
8.53939e-05
-0.000804297
5.28914e-05
-0.000806753
1.68181e-05
-0.000793984
-2.14607e-05
-0.00076601
-6.05698e-05
-0.000723146
-9.89694e-05
-0.000666125
-0.00013491
-0.000596181
-0.000166493
-0.000515159
-0.000191732
-0.000425585
-0.000208704
-0.000330656
-0.000215786
-0.000234157
-0.000211946
-0.000140221
-0.000197046
-5.30796e-05
-0.00017205
2.3304e-05
-0.000139011
8.59574e-05
-0.000100963
0.000133089
-6.14162e-05
0.000163732
-2.34946e-05
0.00017803
9.79388e-06
0.000177522
3.60527e-05
0.000165008
5.39801e-05
0.000144039
6.36044e-05
0.000118296
6.60473e-05
9.10385e-05
6.31357e-05
6.47417e-05
5.68709e-05
4.10641e-05
4.87838e-05
2.12072e-05
3.92801e-05
6.60699e-06
2.72687e-05
1.08675e-05
6.50863e-06
-1.86754e-05
1.75974e-05
-3.63358e-05
2.69519e-05
-3.67732e-05
3.0758e-05
-2.52003e-05
2.72097e-05
-7.51609e-06
1.5614e-05
1.19102e-05
-4.56474e-06
3.13056e-05
-3.43405e-05
5.12391e-05
-7.52363e-05
7.34256e-05
-0.000128729
9.9158e-05
-0.000195548
0.000128371
-0.000275114
0.000159514
-0.0003653
0.000189986
-0.000462619
0.000216758
-0.000562757
0.000236991
-0.000661265
0.000248518
-0.000754166
0.00025011
-0.000838325
0.000241468
-0.000911531
0.000223035
-0.000972375
0.000195736
-0.00102003
0.000160758
-0.00105402
0.000119379
-0.00107398
7.28531e-05
-0.00107958
2.24241e-05
-0.00107045
-3.05964e-05
-0.00104628
-8.47424e-05
-0.00100691
-0.000138332
-0.000952419
-0.000189404
-0.000883208
-0.000235705
-0.000800216
-0.000274724
-0.000705077
-0.000303842
-0.000600279
-0.000320584
-0.000489239
-0.000322986
-0.000376229
-0.000310056
-0.000266084
-0.000282194
-0.000163659
-0.000241436
-7.32703e-05
-0.000191352
1.81027e-06
-0.000136497
6.0009e-05
-8.16934e-05
0.000101022
-3.12193e-05
0.000125105
1.197e-05
0.000133548
4.55372e-05
0.000128857
6.82955e-05
0.000114328
8.05762e-05
9.3544e-05
8.39195e-05
6.98673e-05
8.05475e-05
4.61144e-05
7.25367e-05
2.46354e-05
6.07592e-05
7.92801e-06
4.39761e-05
1.87955e-05
6.20534e-06
-2.48808e-05
1.4896e-05
-4.50265e-05
1.92065e-05
-4.10839e-05
1.54764e-05
-2.14704e-05
2.15876e-06
5.80127e-06
-2.16304e-05
3.56991e-05
-5.70678e-05
6.67428e-05
-0.00010588
0.000100051
-0.00016969
0.000137236
-0.000249062
0.00017853
-0.00034281
0.000222119
-0.000447918
0.000264621
-0.000560003
0.000302071
-0.000674123
0.000330878
-0.000785601
0.000348469
-0.000890617
0.000353534
-0.000986443
0.000345936
-0.00107137
0.000326392
-0.00114442
0.000296091
-0.00120512
0.000256436
-0.00125323
0.000208871
-0.00128861
0.000154754
-0.00131109
9.53345e-05
-0.00132051
3.18462e-05
-0.00131663
-3.4485e-05
-0.00129907
-0.000102303
-0.00126733
-0.000170064
-0.00122086
-0.000235879
-0.00115912
-0.000297444
-0.00108183
-0.000352011
-0.000989233
-0.000396441
-0.000882423
-0.000427394
-0.000763695
-0.000441714
-0.00063675
-0.000437001
-0.000506655
-0.000412289
-0.000379438
-0.000368653
-0.000261299
-0.000309491
-0.000157537
-0.000240259
-7.16777e-05
-0.000167552
-5.16246e-06
-9.77345e-05
4.25516e-05
-3.5744e-05
7.27096e-05
1.53792e-05
8.69151e-05
5.409e-05
8.76958e-05
7.97955e-05
7.82606e-05
9.33548e-05
6.21214e-05
9.66866e-05
4.27391e-05
9.19191e-05
2.34077e-05
8.00906e-05
7.60302e-06
5.97807e-05
2.63985e-05
4.89859e-06
-2.97794e-05
8.88131e-06
-4.90093e-05
5.29116e-06
-3.74939e-05
-8.92172e-06
-7.25775e-06
-3.51017e-05
3.19811e-05
-7.44116e-05
7.50087e-05
-0.00012857
0.000120901
-0.000199324
0.000170805
-0.000287234
0.000225145
-0.000390774
0.00028207
-0.000506299
0.000337644
-0.000628748
0.000387069
-0.000752671
0.000425994
-0.000873162
0.000451369
-0.000986415
0.000461722
-0.00108987
0.000456991
-0.00118205
0.000438116
-0.00126224
0.000406584
-0.00133025
0.000364093
-0.0013862
0.000312385
-0.00143042
0.000253099
-0.00146333
0.000187659
-0.00148532
0.000117324
-0.00149674
4.32662e-05
-0.0014977
-3.35273e-05
-0.00148793
-0.000112069
-0.00146681
-0.000191184
-0.00143331
-0.000269381
-0.00138605
-0.000344707
-0.00132345
-0.000414607
-0.00124406
-0.000475826
-0.00114699
-0.000524463
-0.00103245
-0.000556257
-0.000902309
-0.000567143
-0.00076053
-0.000554068
-0.000613239
-0.000515944
-0.00046822
-0.00045451
-0.000333733
-0.000374747
-0.000216843
-0.000284442
-0.000121856
-0.000192721
-4.97282e-05
-0.000107872
1.177e-06
-3.5526e-05
3.34607e-05
2.18063e-05
4.96745e-05
6.35817e-05
5.27773e-05
9.02519e-05
4.61834e-05
0.000103281
3.35955e-05
0.000104507
1.88743e-05
9.48118e-05
6.11429e-06
7.25408e-05
3.25128e-05
2.27505e-06
-3.20545e-05
-9.1272e-07
-4.58217e-05
-1.50022e-05
-2.34046e-05
-4.21856e-05
1.99254e-05
-8.36459e-05
7.34412e-05
-0.000140817
0.00013218
-0.0002154
0.000195483
-0.000308073
0.000263478
-0.0004173
0.000334372
-0.000539136
0.000403906
-0.000668034
0.000466543
-0.000798062
0.000517097
-0.00092395
0.000551881
-0.00104168
0.000569095
-0.00114858
0.000568631
-0.0012432
0.000551607
-0.00132494
0.00051986
-0.00139389
0.000475526
-0.0014506
0.000420803
-0.001496
0.00035779
-0.00153121
0.000288304
-0.00155736
0.00021381
-0.00157554
0.000135502
-0.00158658
5.43056e-05
-0.00159094
-2.91672e-05
-0.00158861
-0.000114397
-0.00157908
-0.000200715
-0.00156119
-0.000287273
-0.00153309
-0.000372799
-0.00149235
-0.000455353
-0.00143608
-0.000532095
-0.00136137
-0.00059917
-0.00126585
-0.000651781
-0.00114847
-0.000684527
-0.00101041
-0.000692123
-0.000855859
-0.000670496
-0.000692226
-0.000618143
-0.000529562
-0.000537411
-0.00037888
-0.000435124
-0.000249656
-0.000321945
-0.00014737
-0.000210158
-7.2482e-05
-0.000110414
-2.16877e-05
-2.89881e-05
9.33525e-06
3.25588e-05
2.44448e-05
7.51424e-05
2.74248e-05
0.000100301
2.22324e-05
0.000109699
1.30477e-05
0.000103996
4.21336e-06
8.13751e-05
3.67262e-05
-1.91628e-06
-3.01382e-05
-1.46511e-05
-3.30871e-05
-4.13198e-05
3.26388e-06
-8.32135e-05
6.1819e-05
-0.000141344
0.000131572
-0.00021711
0.000207946
-0.000311295
0.000289668
-0.000422616
0.000374799
-0.000547181
0.000458937
-0.000679188
0.000535912
-0.000812248
0.000599603
-0.000940599
0.000645449
-0.0010598
0.000671078
-0.00116687
0.000676174
-0.00126021
0.000661966
-0.00133927
0.000630664
-0.00140437
0.000584964
-0.00145653
0.000527681
-0.00149724
0.000461514
-0.00152827
0.000388823
-0.00155143
0.000311465
-0.00156843
0.00023081
-0.00158074
0.000147811
-0.00158944
6.3009e-05
-0.00159524
-2.33686e-05
-0.00159842
-0.000111222
-0.00159873
-0.000200404
-0.00159526
-0.000290739
-0.00158633
-0.000381731
-0.00156938
-0.000472297
-0.00154098
-0.000560495
-0.00149692
-0.000643236
-0.00143262
-0.000716082
-0.00134393
-0.000773216
-0.00122825
-0.0008078
-0.00108586
-0.000812888
-0.000921056
-0.000782945
-0.000742701
-0.000715766
-0.000563535
-0.00061429
-0.000397934
-0.000487546
-0.000258295
-0.000349798
-0.000151386
-0.000217323
-7.68489e-05
-0.000103525
-2.92179e-05
-1.50723e-05
-2.06517e-06
4.79897e-05
9.97962e-06
8.82558e-05
1.17339e-05
0.000107945
7.79327e-06
0.000107937
2.60151e-06
8.65669e-05
3.93277e-05
-7.7432e-06
-2.23951e-05
-3.18951e-05
-8.9354e-06
-7.24918e-05
4.38604e-05
-0.000129792
0.000119119
-0.000204616
0.000206397
-0.000297696
0.000301026
-0.00040814
0.000400111
-0.000532439
0.000499098
-0.000664821
0.000591319
-0.000798555
0.000669646
-0.000927326
0.000728374
-0.00104612
0.000764241
-0.00115151
0.000776471
-0.00124162
0.00076628
-0.00131588
0.000736231
-0.00137486
0.000689642
-0.00141998
0.000630082
-0.00145327
0.000560972
-0.00147706
0.000485308
-0.00149368
0.000405439
-0.00150523
0.000323017
-0.00151353
0.000239108
-0.00151999
0.000154276
-0.00152566
6.86706e-05
-0.00153125
-1.77782e-05
-0.0015372
-0.000105268
-0.00154357
-0.000194032
-0.00154996
-0.00028435
-0.00155537
-0.000376328
-0.00155794
-0.000469725
-0.00155473
-0.000563704
-0.00154149
-0.000656472
-0.00151274
-0.000744831
-0.0014622
-0.000823757
-0.00138377
-0.000886234
-0.00127301
-0.000923648
-0.00112901
-0.000926951
-0.000956099
-0.000888673
-0.000764807
-0.000805582
-0.000571027
-0.000681325
-0.000392978
-0.000527847
-0.000246189
-0.000364112
-0.000138399
-0.000211316
-6.77033e-05
-8.57678e-05
-2.58945e-05
6.18091e-06
-4.30957e-06
6.66709e-05
3.87185e-06
9.97638e-05
4.28317e-06
0.000107526
1.71504e-06
8.9135e-05
4.10428e-05
-1.49334e-05
-7.46179e-06
-5.16631e-05
2.77941e-05
-0.000106485
9.86824e-05
-0.000178725
0.000191359
-0.000268734
0.000296405
-0.000375971
0.000408263
-0.000497569
0.000521709
-0.000628132
0.000629661
-0.000760805
0.000723993
-0.00088877
0.00079761
-0.00100636
0.000845966
-0.00110959
0.000867467
-0.0011962
0.000863079
-0.00126554
0.00083562
-0.00131834
0.000789039
-0.00135644
0.000727742
-0.00138237
0.000656008
-0.00139895
0.000577555
-0.00140893
0.00049528
-0.00141466
0.00041117
-0.00141805
0.000326411
-0.00142054
0.000241591
-0.00142311
0.000156851
-0.00142648
7.20435e-05
-0.00143118
-1.30806e-05
-0.0014376
-9.88515e-05
-0.00144599
-0.000185643
-0.00145647
-0.000273863
-0.0014689
-0.000363903
-0.00148254
-0.000456081
-0.00149575
-0.000550498
-0.00150549
-0.000646724
-0.00150705
-0.00074328
-0.00149384
-0.000836962
-0.00145788
-0.00092219
-0.0013909
-0.000990635
-0.00128632
-0.00103153
-0.00114187
-0.00103312
-0.000962036
-0.000985418
-0.000759321
-0.000884041
-0.000553293
-0.000733875
-0.000366422
-0.000550982
-0.000217194
-0.000360544
-0.000113338
-0.000189624
-5.01857e-05
-5.69717e-05
-1.63358e-05
3.2821e-05
-1.2879e-06
8.4716e-05
2.74945e-06
0.000103488
1.64866e-06
9.02358e-05
4.26914e-05
-2.29881e-05
1.55263e-05
-7.24457e-05
7.72515e-05
-0.000140708
0.000166944
-0.000226261
0.000276912
-0.000328583
0.000398727
-0.000445547
0.000525226
-0.000572487
0.000648649
-0.000702768
0.000759942
-0.000829234
0.000850459
-0.000945578
0.000913953
-0.00104714
0.000947526
-0.00113117
0.000951499
-0.00119681
0.00092872
-0.00124488
0.000883686
-0.00127752
0.000821681
-0.00129774
0.000747962
-0.00130884
0.000667111
-0.00131394
0.000582651
-0.0013156
0.000496946
-0.00131575
0.000411317
-0.00131566
0.000326323
-0.00131611
0.000242043
-0.00131754
0.000158274
-0.0013202
7.47068e-05
-0.00132431
-8.9684e-06
-0.00133011
-9.30583e-05
-0.00133788
-0.000177866
-0.00134806
-0.00026369
-0.00136106
-0.000350902
-0.00137715
-0.000439985
-0.00139614
-0.000531513
-0.00141687
-0.000625996
-0.00143663
-0.000723516
-0.00145051
-0.000823083
-0.001451
-0.000921705
-0.00142832
-0.00101331
-0.00137188
-0.00108798
-0.0012728
-0.00113219
-0.00112741
-0.00113081
-0.000940554
-0.0010709
-0.000727413
-0.000947016
-0.000511992
-0.000766403
-0.00032127
-0.000551267
-0.000175845
-0.000335048
-8.16154e-05
-0.000151201
-2.96159e-05
-1.91785e-05
-5.39304e-06
6.04931e-05
2.49344e-06
9.5602e-05
2.18146e-06
9.05478e-05
4.48729e-05
-3.11653e-05
4.66915e-05
-9.24301e-05
0.000138516
-0.000172424
0.000246938
-0.000268676
0.000373164
-0.000379529
0.00050958
-0.000501299
0.000646996
-0.000627994
0.000775343
-0.000752438
0.000884385
-0.000867787
0.000965808
-0.000968657
0.00101482
-0.00105166
0.00103053
-0.00111554
0.00101538
-0.00116102
0.000974194
-0.00119042
0.000913094
-0.00120715
0.000838408
-0.00121494
0.000755755
-0.00121729
0.000669453
-0.00121697
0.000582333
-0.00121592
0.000495902
-0.00121529
0.000410686
-0.00121561
0.000326638
-0.00121701
0.00024344
-0.00121944
0.000160705
-0.00122282
7.80897e-05
-0.00122711
-4.67685e-06
-0.00123238
-8.77894e-05
-0.00123885
-0.000171397
-0.00124693
-0.000255614
-0.0012572
-0.000340633
-0.00127039
-0.000426793
-0.00128725
-0.000514651
-0.00130824
-0.000605008
-0.00133293
-0.000698821
-0.00135917
-0.000796848
-0.00138205
-0.000898819
-0.00139329
-0.00100207
-0.00138134
-0.00109993
-0.00133305
-0.00118048
-0.00123707
-0.00122679
-0.00108852
-0.00121944
-0.000893394
-0.00114215
-0.000670629
-0.000989168
-0.000449608
-0.000772287
-0.000261708
-0.000522948
-0.000127796
-0.000285113
-4.91544e-05
-9.78204e-05
-1.12751e-05
2.26138e-05
2.15885e-06
8.21681e-05
2.88113e-06
8.98255e-05
4.7754e-05
-3.85901e-05
8.52816e-05
-0.000109888
0.000209814
-0.000199149
0.000336199
-0.000302832
0.000476847
-0.000418079
0.000624827
-0.000539936
0.000768853
-0.000661659
0.000897066
-0.000776132
0.000998859
-0.000877274
0.00106695
-0.00096092
0.00109847
-0.00102518
0.00109479
-0.00107043
0.00106062
-0.00109896
0.00100272
-0.00111438
0.000928522
-0.00112083
0.000844856
-0.00112215
0.000757078
-0.00112139
0.000668691
-0.00112055
0.000581495
-0.00112069
0.00049604
-0.00112215
0.000412145
-0.00112485
0.000329333
-0.0011285
0.0002471
-0.00113284
0.000165036
-0.0011376
8.2858e-05
-0.00114267
3.92226e-07
-0.00114802
-8.24417e-05
-0.00115375
-0.000165667
-0.0011601
-0.000249263
-0.00116749
-0.000333242
-0.00117659
-0.0004177
-0.00118833
-0.000502908
-0.00120389
-0.000589448
-0.00122436
-0.000678351
-0.00125012
-0.000771091
-0.00127974
-0.000869199
-0.00130857
-0.000973233
-0.00132756
-0.00108095
-0.00132315
-0.00118489
-0.00127946
-0.00127048
-0.00118273
-0.00131617
-0.00102748
-0.00129739
-0.000822122
-0.00119453
-0.000591031
-0.00100338
-0.000369975
-0.000744004
-0.000193732
-0.000461356
-7.9993e-05
-0.00021156
-2.19488e-05
-3.54303e-05
2.47636e-07
5.99716e-05
3.27308e-06
8.68001e-05
5.10271e-05
-4.44949e-05
0.000129776
-0.000123389
0.000288708
-0.000218965
0.000431775
-0.000326547
0.000584428
-0.000442197
0.000740477
-0.000560103
0.000886759
-0.000673317
0.00101028
-0.000775245
0.00110079
-0.000860881
0.00115259
-0.000927483
0.00116507
-0.000974761
0.00114207
-0.00100467
0.00109053
-0.00102081
0.00101886
-0.00102754
0.000935257
-0.00102908
0.000846398
-0.00102878
0.00075677
-0.00102878
0.000668697
-0.00103015
0.000582864
-0.00103311
0.000499001
-0.00103743
0.00041646
-0.00104269
0.000334592
-0.00104849
0.000252901
-0.00105452
0.000171071
-0.00106059
8.89261e-05
-0.00106659
6.38887e-06
-0.00107248
-7.65476e-05
-0.0010783
-0.000159849
-0.00108411
-0.000243452
-0.00109008
-0.000327273
-0.00109654
-0.000411235
-0.00110412
-0.000495327
-0.00111384
-0.000579738
-0.00112713
-0.00066506
-0.00114569
-0.000752523
-0.00117078
-0.00084411
-0.00120178
-0.000942234
-0.00123427
-0.00104846
-0.00125826
-0.0011609
-0.00125796
-0.00127078
-0.00121448
-0.00135966
-0.00111191
-0.00139996
-0.000945442
-0.001361
-0.000728063
-0.00122076
-0.000491729
-0.000980339
-0.000279061
-0.000674023
-0.000125358
-0.000365263
-3.96794e-05
-0.000121109
-4.39263e-06
2.46849e-05
3.03157e-06
7.9376e-05
5.40587e-05
-4.8309e-05
0.000178085
-0.00013195
0.000372349
-0.000230693
0.000530518
-0.000338735
0.00069247
-0.000451295
0.000853037
-0.000562146
0.000997611
-0.000664584
0.00111272
-0.000752864
0.00118907
-0.000823246
0.00122297
-0.000874485
0.00121631
-0.00090782
0.00117541
-0.00092651
0.00110922
-0.000934953
0.0010273
-0.000937643
0.000937948
-0.000938282
0.000847037
-0.0009393
0.000757788
-0.000941854
0.000671251
-0.000946146
0.000587156
-0.000951843
0.000504698
-0.000958439
0.000423057
-0.000965474
0.000341627
-0.00097262
0.000260047
-0.000979691
0.000178141
-0.000986603
9.58379e-05
-0.000993335
1.31217e-05
-0.000999893
-6.99902e-05
-0.00100628
-0.000153465
-0.00101247
-0.000237256
-0.00101847
-0.000321275
-0.00102431
-0.000405398
-0.00103016
-0.000489477
-0.00103649
-0.000573404
-0.0010443
-0.000657258
-0.00105523
-0.000741587
-0.00107154
-0.000827803
-0.00109529
-0.000918482
-0.00112668
-0.00101706
-0.0011614
-0.00112618
-0.00118813
-0.00124406
-0.0011882
-0.00135959
-0.00113953
-0.00144863
-0.00102496
-0.00147557
-0.000842555
-0.00140316
-0.000612953
-0.00120994
-0.0003779
-0.000909076
-0.000185666
-0.000557497
-6.59168e-05
-0.000240858
-1.23367e-05
-2.88952e-05
2.04102e-06
6.49983e-05
5.60997e-05
-4.97029e-05
0.000227788
-0.000135079
0.000457725
-0.000233907
0.000629346
-0.000339326
0.000797889
-0.000446001
0.000959712
-0.000547689
0.0010993
-0.000638258
0.00120329
-0.000713011
0.00126382
-0.000769538
0.0012795
-0.000808013
0.00125478
-0.000830951
0.00119834
-0.000842459
0.00112073
-0.000847156
0.001032
-0.000849108
0.0009399
-0.000851131
0.000849059
-0.000854636
0.000761293
-0.000859915
0.00067653
-0.000866611
0.000593851
-0.000874152
0.000512238
-0.000882027
0.000430932
-0.000889899
0.000349499
-0.000897602
0.000267751
-0.000905097
0.000185636
-0.000912409
0.000103151
-0.000919592
2.03042e-05
-0.000926687
-6.28954e-05
-0.000933706
-0.000146445
-0.000940626
-0.000230335
-0.000947375
-0.000314526
-0.00095384
-0.000398933
-0.000959907
-0.00048341
-0.000965569
-0.000567743
-0.000971119
-0.000651707
-0.000977457
-0.000735249
-0.00098639
-0.00081887
-0.00100068
-0.000904195
-0.00102324
-0.000994505
-0.00105495
-0.00109447
-0.00109115
-0.00120785
-0.00111838
-0.00133235
-0.00111439
-0.00145262
-0.00105398
-0.00153597
-0.000920523
-0.00153662
-0.000718537
-0.00141193
-0.000480207
-0.00114741
-0.000258219
-0.000779485
-0.000101481
-0.000397597
-2.37476e-05
-0.000106628
3.08263e-07
4.09425e-05
5.64079e-05
-4.85899e-05
0.000276378
-0.000132749
0.000541884
-0.000228844
0.000725441
-0.000329069
0.000898114
-0.000427818
0.00105846
-0.000519147
0.00119063
-0.000597714
0.00128185
-0.000659945
0.00132605
-0.000704695
0.00132425
-0.000733335
0.00128342
-0.000749262
0.00121427
-0.000756923
0.00112839
-0.000760646
0.00103573
-0.000763711
0.000942964
-0.000767943
0.000853292
-0.000773877
0.000767227
-0.000781226
0.000683879
-0.000789393
0.000602019
-0.000797821
0.000520666
-0.000806146
0.000439257
-0.000814209
0.000357562
-0.000821998
0.00027554
-0.000829578
0.000193215
-0.00083704
0.000110613
-0.00084447
2.77336e-05
-0.000851929
-5.54361e-05
-0.000859447
-0.000138927
-0.000867017
-0.000222766
-0.00087458
-0.000306963
-0.000882011
-0.000391502
-0.000889114
-0.000476306
-0.00089565
-0.000561206
-0.000901435
-0.000645922
-0.000906572
-0.000730112
-0.000911865
-0.000813576
-0.000919295
-0.000896766
-0.000932178
-0.000981622
-0.000954241
-0.0010724
-0.000986772
-0.00117532
-0.00102398
-0.00129514
-0.00104904
-0.00142756
-0.00103521
-0.00154981
-0.000955085
-0.00161674
-0.000796052
-0.00157096
-0.000574258
-0.0013692
-0.000337186
-0.00101656
-0.000146107
-0.000588676
-3.90019e-05
-0.000213733
-2.30657e-06
4.24717e-06
5.41014e-05
-4.50894e-05
0.000321467
-0.000125299
0.000622093
-0.000216232
0.000816374
-0.000309261
0.000991143
-0.000398749
0.00114795
-0.000479279
0.00127116
-0.000546407
0.00134898
-0.000597642
0.00137729
-0.000632928
0.00135953
-0.000654509
0.001305
-0.000666226
0.00122599
-0.000672405
0.00113457
-0.00067674
0.00104006
-0.000681597
0.000947821
-0.000687927
0.000859622
-0.000695653
0.000774953
-0.000704218
0.000692444
-0.000713026
0.000610827
-0.000721673
0.000529313
-0.000729982
0.000447566
-0.000737949
0.00036553
-0.00074566
0.000283251
-0.000753231
0.000200787
-0.000760772
0.000118154
-0.000768367
3.53289e-05
-0.00077608
-4.77228e-05
-0.000783946
-0.000131061
-0.000791975
-0.000214737
-0.00080014
-0.000298797
-0.000808364
-0.000383279
-0.000816489
-0.000468181
-0.000824259
-0.000553436
-0.000831327
-0.000638855
-0.000837349
-0.00072409
-0.000842268
-0.000808657
-0.000846835
-0.000892199
-0.000853273
-0.000975185
-0.000865566
-0.00106011
-0.000888238
-0.00115265
-0.00092243
-0.00126095
-0.000959844
-0.00139015
-0.000978591
-0.00153106
-0.00094706
-0.00164827
-0.000838293
-0.00167973
-0.000649452
-0.00155804
-0.000414591
-0.00125142
-0.00019775
-0.000805517
-5.87595e-05
-0.000352724
-5.87551e-06
-4.86368e-05
4.82259e-05
-3.94742e-05
0.000360942
-0.00011333
0.000695949
-0.000197115
0.000900158
-0.000281496
0.00107552
-0.000360985
0.00122744
-0.000430831
0.001341
-0.000487498
0.00140565
-0.000529461
0.00141925
-0.000557489
0.00138756
-0.000574338
0.00132185
-0.000583886
0.00123554
-0.000590003
0.00114069
-0.000595596
0.00104565
-0.000602182
0.000954407
-0.000610066
0.000867506
-0.000618842
0.000783729
-0.000627914
0.000701516
-0.000636822
0.000619736
-0.000645348
0.000537838
-0.000653472
0.000455691
-0.00066129
0.000373348
-0.000668932
0.000290893
-0.00067652
0.000208375
-0.000684155
0.000125788
-0.000691908
4.30828e-05
-0.000699835
-3.97962e-05
-0.000707965
-0.000122931
-0.000716315
-0.000206387
-0.000724882
-0.00029023
-0.000733631
-0.000374529
-0.000742474
-0.000459339
-0.000751232
-0.000544678
-0.000759602
-0.000630485
-0.000767146
-0.000716546
-0.000773384
-0.000802418
-0.000778129
-0.000887454
-0.000782167
-0.000971146
-0.000788153
-0.00105412
-0.000800926
-0.00113988
-0.000825632
-0.00123624
-0.0008622
-0.00135358
-0.000897732
-0.00149553
-0.000903483
-0.00164252
-0.000844056
-0.00173915
-0.000698526
-0.00170357
-0.000482202
-0.00146774
-0.000252323
-0.0010354
-8.31663e-05
-0.00052188
-1.03786e-05
-0.000121424
3.78472e-05
-3.21161e-05
0.000393058
-9.75899e-05
0.000761423
-0.000172676
0.000975244
-0.000247442
0.00115029
-0.000316653
0.00129665
-0.000376284
0.00140063
-0.000423654
0.00145302
-0.000458012
0.00145361
-0.00048067
0.00141022
-0.00049454
0.00133572
-0.000503224
0.00124422
-0.000509949
0.00114741
-0.000516838
0.00105254
-0.000524736
0.000962305
-0.000533546
0.000876316
-0.000542758
0.000792941
-0.000551872
0.000710631
-0.000560604
0.000628468
-0.000568893
0.000546127
-0.000576823
0.00046362
-0.000584531
0.000381056
-0.000592153
0.000298515
-0.0005998
0.000216022
-0.000607556
0.000133544
-0.000615478
5.10051e-05
-0.000623611
-3.16628e-05
-0.000631979
-0.000114563
-0.000640597
-0.000197769
-0.000649469
-0.000281358
-0.000658584
-0.000365415
-0.000667897
-0.000450025
-0.000677314
-0.000535261
-0.000686638
-0.00062116
-0.000695523
-0.000707662
-0.000703438
-0.000794502
-0.000709784
-0.000881108
-0.000714306
-0.000966624
-0.000717996
-0.00105043
-0.000724218
-0.00113366
-0.000738871
-0.00122159
-0.000767233
-0.00132522
-0.000806049
-0.00145671
-0.00083492
-0.00161365
-0.000817341
-0.00175673
-0.000718585
-0.00180233
-0.000533406
-0.00165292
-0.000304542
-0.00126426
-0.000111212
-0.00071521
-1.58189e-05
-0.000216817
2.20283e-05
-2.34388e-05
0.000416496
-7.88835e-05
0.000816867
-0.000144115
0.00104048
-0.000208687
0.00121486
-0.000267657
0.00135562
-0.000317725
0.0014507
-0.000356958
0.00149225
-0.000385172
0.00148182
-0.000403931
0.00142898
-0.000416019
0.00134781
-0.000424546
0.00125275
-0.000432044
0.00115491
-0.000439954
0.00106045
-0.000448651
0.000971001
-0.000457849
0.000885514
-0.000467075
0.000802166
-0.000475976
0.000719532
-0.000484423
0.000636915
-0.000492464
0.000554168
-0.000500231
0.000471388
-0.00050787
0.000388695
-0.000515503
0.000306149
-0.000523223
0.000223743
-0.000531103
0.000141423
-0.000539191
5.90941e-05
-0.00054753
-2.33239e-05
-0.000556136
-0.000105957
-0.00056502
-0.000188885
-0.000574184
-0.000272193
-0.000583621
-0.000355978
-0.000593309
-0.000440337
-0.000603198
-0.000525372
-0.00061318
-0.000611178
-0.000623035
-0.000697806
-0.00063236
-0.000785178
-0.00064053
-0.000872939
-0.00064684
-0.000960314
-0.000651074
-0.0010462
-0.000654699
-0.00113003
-0.000662205
-0.00121408
-0.000680621
-0.0013068
-0.000714
-0.00142333
-0.000752606
-0.00157505
-0.000765575
-0.00174376
-0.000710894
-0.00185701
-0.00056436
-0.00179945
-0.00034937
-0.00147925
-0.000140901
-0.00092368
-2.20944e-05
-0.000335624
-6.60978e-08
-1.38834e-05
0.00043038
-5.80093e-05
0.000860993
-0.000112558
0.00109502
-0.000166645
0.00126895
-0.000215601
0.00140457
-0.000256804
0.00149191
-0.000288938
0.00152438
-0.000312178
0.00150506
-0.000328096
0.00144489
-0.000339131
0.00135885
-0.000347789
0.00126141
-0.000355937
0.00116306
-0.000364481
0.00106899
-0.000373513
0.000980033
-0.000382703
0.000894704
-0.000391681
0.000811145
-0.000400243
0.000728094
-0.000408372
0.000645044
-0.000416176
0.000561972
-0.0004238
0.000479011
-0.000431378
0.000396273
-0.000439016
0.000313787
-0.000446793
0.00023152
-0.000454774
0.000149404
-0.000463012
6.7332e-05
-0.000471548
-1.47878e-05
-0.000480395
-9.71098e-05
-0.000489562
-0.000179719
-0.000499043
-0.000262711
-0.000508829
-0.000346192
-0.000518899
-0.000430267
-0.000529223
-0.000515049
-0.000539739
-0.000600662
-0.000550322
-0.000687224
-0.00056071
-0.00077479
-0.000570423
-0.000863225
-0.000578727
-0.00095201
-0.000584853
-0.00104007
-0.000588815
-0.00112607
-0.00059299
-0.00120991
-0.000603458
-0.00129634
-0.000627881
-0.00139891
-0.000666173
-0.00153675
-0.00069752
-0.00171242
-0.000679809
-0.00187472
-0.000574238
-0.00190502
-0.000383093
-0.00167039
-0.000169656
-0.00113712
-2.94156e-05
-0.000475865
-2.94817e-05
-3.86963e-06
0.000434249
-3.57316e-05
0.000892855
-7.90122e-05
0.0011383
-0.000122519
0.00131246
-0.000161775
0.00144383
-0.000194757
0.00152489
-0.000220639
0.00155027
-0.000239773
0.00152419
-0.000253545
0.00145866
-0.000263904
0.00136921
-0.000272721
0.00127022
-0.000281271
0.00117161
-0.000290072
0.00107779
-0.000299069
0.000989031
-0.000307979
0.000903614
-0.000316556
0.000819722
-0.000324714
0.000736252
-0.000332511
0.000652841
-0.000340075
0.000569536
-0.000347545
0.000486482
-0.00035504
0.000403768
-0.00036265
0.000321397
-0.000370446
0.000239315
-0.000378491
0.00015745
-0.000386849
7.56899e-05
-0.000395565
-6.07189e-06
-0.000404654
-8.802e-05
-0.000414121
-0.000170252
-0.000423954
-0.000252878
-0.000434136
-0.00033601
-0.000444643
-0.000419759
-0.000455447
-0.000504244
-0.000466507
-0.000589602
-0.000477745
-0.000675985
-0.000489002
-0.000763533
-0.000499953
-0.000852274
-0.000510013
-0.00094195
-0.000518331
-0.00103176
-0.000524172
-0.00112023
-0.000528127
-0.00120595
-0.000534113
-0.00129035
-0.000550069
-0.00138296
-0.000582347
-0.00150448
-0.000621439
-0.00167332
-0.000631358
-0.0018648
-0.000564757
-0.00197163
-0.000403824
-0.00183133
-0.000195035
-0.00134591
-3.78455e-05
-0.000633054
-6.73273e-05
6.06509e-06
0.000428184
-1.27193e-05
0.000911639
-4.43698e-05
0.00116995
-7.72998e-05
0.00134539
-0.000107174
0.0014737
-0.000132467
0.00155018
-0.000152728
0.00157053
-0.00016834
0.00153981
-0.000180368
0.00147069
-0.000190195
0.00137903
-0.000199063
0.00127909
-0.000207743
0.00118029
-0.00021648
0.00108653
-0.000225172
0.000997723
-0.00023362
0.000912062
-0.000241697
0.0008278
-0.000249408
0.000743963
-0.000256846
0.000660279
-0.000264143
0.000576833
-0.000271425
0.000493764
-0.000278792
0.000411136
-0.000286328
0.000328932
-0.000294098
0.000247086
-0.000302167
0.000165519
-0.000310609
8.41321e-05
-0.00031948
2.79907e-06
-0.000328805
-7.86946e-05
-0.000338584
-0.000160472
-0.000348798
-0.000242665
-0.000359423
-0.000325386
-0.00037043
-0.000408752
-0.000381789
-0.000492885
-0.000393465
-0.000577926
-0.000405402
-0.000664048
-0.000417495
-0.00075144
-0.000429528
-0.00084024
-0.000441083
-0.000930395
-0.000451443
-0.0010214
-0.000459671
-0.001112
-0.000465289
-0.00120034
-0.000470062
-0.00128558
-0.000480189
-0.00137283
-0.000504732
-0.00147993
-0.000543921
-0.00163413
-0.000571913
-0.00183681
-0.000539331
-0.00200421
-0.000411458
-0.0019592
-0.000215275
-0.00154209
-4.69602e-05
-0.000801369
-0.000114287
1.53126e-05
0.000412871
1.0388e-05
0.000916564
-9.36587e-06
0.00118971
-3.17989e-05
0.00136782
-5.25595e-05
0.00149446
-7.05506e-05
0.00156817
-8.55991e-05
0.00158558
-9.80255e-05
0.00155223
-0.000108493
0.00148116
-0.000117784
0.00138832
-0.000126542
0.00128785
-0.000135107
0.00118885
-0.000143534
0.00109496
-0.000151729
0.00100592
-0.000159588
0.000919921
-0.000167092
0.000835304
-0.000174305
0.000751176
-0.000181341
0.000667316
-0.000188324
0.000583816
-0.000195363
0.000500803
-0.00020255
0.000418323
-0.000209961
0.000336343
-0.000217661
0.000254786
-0.000225713
0.000173571
-0.0002342
9.26193e-05
-0.000243197
1.17962e-05
-0.000252744
-6.91466e-05
-0.000262842
-0.000150374
-0.000273458
-0.000232048
-0.000284564
-0.00031428
-0.000296128
-0.000397187
-0.000308121
-0.000480893
-0.000320505
-0.000565542
-0.000333233
-0.00065132
-0.000346228
-0.000738445
-0.000359337
-0.000827131
-0.000372262
-0.00091747
-0.000384457
-0.0010092
-0.000395069
-0.00110139
-0.000403195
-0.00119221
-0.00040907
-0.0012797
-0.000416531
-0.00136537
-0.000434394
-0.00146207
-0.000469414
-0.00159912
-0.000507199
-0.00179902
-0.000502154
-0.00200925
-0.000407268
-0.00205409
-0.000229509
-0.00171985
-5.62198e-05
-0.000974659
-0.000170507
2.34515e-05
0.00038942
3.28536e-05
0.000907162
2.54042e-05
0.00119716
1.33134e-05
0.00137991
1.46222e-06
0.00150632
-9.43322e-06
0.00157907
-1.9465e-05
0.00159561
-2.88336e-05
0.0015616
-3.77629e-05
0.00149009
-4.6431e-05
0.00139699
-5.49105e-05
0.00129633
-6.31658e-05
0.00119711
-7.11081e-05
0.0011029
-7.86694e-05
0.00101348
-8.58465e-05
0.000927098
-9.27066e-05
0.000842164
-9.93612e-05
0.00075783
-0.000105933
0.000673888
-0.000112536
0.000590419
-0.000119268
0.000507535
-0.000126213
0.000425269
-0.000133447
0.000343577
-0.000141034
0.000262373
-0.000149036
0.000181573
-0.000157534
0.000101118
-0.000166628
2.08902e-05
-0.000176383
-5.93915e-05
-0.000186793
-0.000139964
-0.00019782
-0.00022102
-0.00020943
-0.00030267
-0.000221596
-0.000385021
-0.00023429
-0.000468198
-0.000247476
-0.000552357
-0.000261106
-0.00063769
-0.000275114
-0.000724437
-0.000289381
-0.000812864
-0.000303685
-0.000903166
-0.000317617
-0.00099527
-0.000330486
-0.00108852
-0.000341353
-0.00118134
-0.000349648
-0.00127141
-0.000357147
-0.00135787
-0.000370772
-0.00144844
-0.000400287
-0.0015696
-0.000441685
-0.00175763
-0.000457405
-0.00199353
-0.000393349
-0.00211814
-0.00023766
-0.00187554
-6.49426e-05
-0.00114738
-0.00023545
3.02025e-05
0.000359217
5.38834e-05
0.000883481
5.93552e-05
0.00119169
5.76139e-05
0.00138165
5.44593e-05
0.00150947
5.05383e-05
0.00158299
4.55104e-05
0.00160064
3.92624e-05
0.00156785
3.19885e-05
0.00149736
2.40921e-05
0.00140489
1.60443e-05
0.00130438
8.23883e-06
0.00120491
8.99363e-07
0.00111024
-5.93345e-06
0.00102031
-1.23475e-05
0.000933513
-1.84892e-05
0.000848306
-2.451e-05
0.000763851
-3.05398e-05
0.000679918
-3.66848e-05
0.000596564
-4.30349e-05
0.000513885
-4.96713e-05
0.000431905
-5.66715e-05
0.000350577
-6.41088e-05
0.000269811
-7.20474e-05
0.000189512
-8.0558e-05
0.000109629
-8.97297e-05
3.00623e-05
-9.96584e-05
-4.94624e-05
-0.000110349
-0.000129272
-0.000121768
-0.000209601
-0.000133885
-0.000290554
-0.000146683
-0.000372223
-0.000160136
-0.000454745
-0.000174207
-0.000538286
-0.000188849
-0.000623048
-0.000203997
-0.000709289
-0.000219551
-0.00079731
-0.000235331
-0.000887386
-0.000251019
-0.000979582
-0.000266075
-0.00107346
-0.000279687
-0.00116773
-0.000291008
-0.00126009
-0.000300433
-0.00134844
-0.000312532
-0.00143635
-0.000337255
-0.00154488
-0.000378402
-0.00171648
-0.00040873
-0.00196321
-0.000372113
-0.00215476
-0.000240229
-0.00200742
-7.25505e-05
-0.00131506
-0.000308
3.5354e-05
0.000323863
7.27936e-05
0.000846041
9.17558e-05
0.00117272
0.000100586
0.00137282
0.000106071
0.00150399
0.000109139
0.00157992
0.000109246
0.00160053
0.000106322
0.00157077
0.000100924
0.00150276
9.39934e-05
0.00141182
8.65206e-05
0.00131185
7.92589e-05
0.00121218
7.2585e-05
0.00111692
6.65365e-05
0.00102636
6.09501e-05
0.000939099
5.56043e-05
0.000853652
5.03048e-05
0.000769151
4.49086e-05
0.000685314
3.9311e-05
0.000602162
3.34251e-05
0.000519771
2.71689e-05
0.000438162
2.04598e-05
0.000357287
1.32151e-05
0.000277056
5.35685e-06
0.000197371
-3.18344e-06
0.000118169
-1.24592e-05
3.93384e-05
-2.25299e-05
-3.93914e-05
-3.34382e-05
-0.000118364
-4.51979e-05
-0.000197841
-5.7801e-05
-0.00027795
-7.12379e-05
-0.000358786
-8.54886e-05
-0.000440494
-0.000100517
-0.000523257
-0.000116273
-0.000607292
-0.00013269
-0.000692871
-0.000149673
-0.000780327
-0.000167067
-0.000869992
-0.000184613
-0.000962035
-0.000201888
-0.00105619
-0.000218232
-0.00115139
-0.000232811
-0.00124551
-0.000245298
-0.00133596
-0.000258211
-0.00142343
-0.000279975
-0.00152311
-0.000319086
-0.00167737
-0.000359002
-0.00192329
-0.000345921
-0.00216784
-0.000238094
-0.00211525
-7.87163e-05
-0.00147443
-0.000386717
3.8768e-05
0.000285095
8.89822e-05
0.000795827
0.000121888
0.00113982
0.00014172
0.00135299
0.000155909
0.0014898
0.00016607
0.00156976
0.000171583
0.00159502
0.000172336
0.00157002
0.000169156
0.00150594
0.000163452
0.00141752
0.000156709
0.00131859
0.000150057
0.00121883
0.000144071
0.0011229
0.00013883
0.0010316
0.000134119
0.00094381
0.000129646
0.000858125
0.000125165
0.000773631
0.000120507
0.000689972
0.000115559
0.000607111
0.00011023
0.0005251
0.000104435
0.000443957
9.80825e-05
0.000363639
9.10815e-05
0.000284057
8.33491e-05
0.000205103
7.4842e-05
0.000126677
6.55355e-05
4.86453e-05
5.53805e-05
-2.92361e-05
4.42804e-05
-0.000107263
3.21823e-05
-0.000185743
1.90695e-05
-0.000264837
4.94835e-06
-0.000344664
-1.01608e-05
-0.000425384
-2.62245e-05
-0.000507194
-4.31929e-05
-0.000590323
-6.09982e-05
-0.000675066
-7.95479e-05
-0.000761778
-9.8704e-05
-0.000850836
-0.000118253
-0.000942486
-0.000137854
-0.00103659
-0.000156981
-0.00113226
-0.000174924
-0.00122756
-0.000191094
-0.00131979
-0.000206576
-0.00140795
-0.000227585
-0.0015021
-0.000264475
-0.00164048
-0.000310287
-0.00187748
-0.00031686
-0.00216127
-0.000232327
-0.00219978
-8.33998e-05
-0.00162336
-0.000470116
4.04099e-05
0.000244685
0.000101911
0.000734326
0.000148971
0.00109276
0.000180411
0.00132155
0.000203548
0.00146666
0.000220988
0.00155232
0.000232267
0.00158374
0.000237178
0.00156511
0.000236681
0.00150644
0.000232555
0.00142165
0.000226742
0.0013244
0.000220773
0.0012248
0.00021548
0.00112819
0.000211043
0.00103604
0.000207238
0.000947615
0.000203713
0.00086165
0.00020016
0.000777185
0.000196365
0.000693767
0.000192193
0.000611283
0.000187546
0.000529748
0.00018233
0.000449173
0.000176453
0.000369516
0.000169818
0.000290692
0.00016234
0.000212581
0.000153969
0.000135048
0.000144681
5.79341e-05
0.000134435
-1.89898e-05
0.000123127
-9.59553e-05
0.000110668
-0.000173284
9.7016e-05
-0.000251185
8.21668e-05
-0.000329815
6.6133e-05
-0.000409351
4.8944e-05
-0.000490004
3.06496e-05
-0.000572029
1.13214e-05
-0.000655737
-8.9447e-06
-0.000741511
-3.00234e-05
-0.000829757
-5.17357e-05
-0.000920774
-7.381e-05
-0.00101451
-9.58377e-05
-0.00111023
-0.000117253
-0.00120615
-0.000137454
-0.00129959
-0.000156699
-0.0013887
-0.00017905
-0.00147975
-0.000214585
-0.00160494
-0.000263893
-0.00182817
-0.000286629
-0.00213853
-0.000224053
-0.00226236
-8.68091e-05
-0.0017606
-0.000556926
4.03558e-05
0.00020433
0.00011113
0.000663552
0.000172148
0.00103174
0.000215904
0.00127779
0.000248452
0.00143411
0.000273456
0.00152732
0.000290932
0.00156626
0.000300588
0.00155545
0.000303371
0.00150365
0.000301297
0.00142372
0.000296701
0.001329
0.000291529
0.00122997
0.000286936
0.00113279
0.000283282
0.00103969
0.00028039
0.000950507
0.000277871
0.000864169
0.000275349
0.000779707
0.000272551
0.000696565
0.0002693
0.000614534
0.000265475
0.000533573
0.000260975
0.000453672
0.000255703
0.000374789
0.000249562
0.000296834
0.000242462
0.000219681
0.000234338
0.000143173
0.000225139
6.71331e-05
0.000214809
-8.66011e-06
0.000203267
-8.44125e-05
0.000190421
-0.000160438
0.000176205
-0.000236969
0.000160597
-0.000314207
0.000143597
-0.00039235
0.000125225
-0.000471632
0.000105524
-0.000552329
8.45642e-05
-0.000634777
6.24373e-05
-0.000719384
3.92642e-05
-0.000806584
1.52043e-05
-0.000896714
-9.5248e-06
-0.000989784
-3.46213e-05
-0.00108514
-5.96619e-05
-0.00118111
-8.41389e-05
-0.00127511
-0.000107928
-0.00136492
-0.000133374
-0.00145431
-0.000168986
-0.00156933
-0.000220507
-0.00177665
-0.000256505
-0.00210253
-0.000214343
-0.00230452
-8.93293e-05
-0.00188562
-0.000646255
3.87899e-05
0.00016554
0.000116319
0.000586023
0.000190523
0.000957536
0.000247249
0.00122107
0.000289906
0.00139145
0.000322899
0.00149432
0.000347054
0.00154211
0.000362125
0.00154038
0.000368921
0.00149686
0.000369527
0.00142312
0.000366575
0.00133195
0.00036241
0.00123413
0.000358568
0.00113663
0.000355677
0.00104258
0.000353684
0.0009525
0.000352206
0.000865647
0.000350805
0.000781107
0.000349135
0.000698235
0.000346958
0.000616712
0.000344114
0.000536417
0.000340483
0.000457304
0.000335958
0.000379314
0.000330436
0.000302356
0.000323822
0.000226296
0.00031603
0.000150965
0.000306991
7.61721e-05
0.000296632
1.69932e-06
0.00028488
-7.26601e-05
0.000271647
-0.000147205
0.000256853
-0.000222175
0.000240458
-0.000297812
0.000222451
-0.000374343
0.00020284
-0.000452022
0.000181664
-0.000531153
0.000158987
-0.0006121
0.000134896
-0.000695294
0.000109498
-0.000781185
8.29182e-05
-0.000870134
5.53177e-05
-0.000962183
2.69186e-05
-0.00105674
-1.95845e-06
-0.00115223
-3.0944e-05
-0.00124612
-5.9813e-05
-0.00133605
-8.97246e-05
-0.0014244
-0.000127055
-0.001532
-0.000180384
-0.00172332
-0.000227378
-0.00205554
-0.000204134
-0.00232776
-9.14476e-05
-0.0019983
-0.000737702
3.59917e-05
0.000129548
0.000117344
0.00050467
0.000203229
0.000871651
0.000273302
0.00115099
0.00032695
0.00133781
0.000368552
0.00145272
0.000399929
0.00151073
0.000421132
0.00151918
0.000432795
0.0014852
0.000436893
0.00141902
0.000436203
0.00133264
0.000433418
0.00123692
0.000430485
0.00113956
0.000428381
0.00104469
0.00042727
0.000953612
0.000426839
0.000866078
0.000426622
0.000781324
0.000426196
0.000698662
0.000425244
0.000617664
0.000423548
0.000538113
0.000420952
0.0004599
0.000417327
0.000382939
0.00041256
0.000307123
0.000406546
0.00023231
0.000399185
0.000158326
0.00039039
8.49674e-05
0.000380072
1.20172e-05
0.000368159
-6.07471e-05
0.00035456
-0.000133606
0.000339192
-0.000206806
0.000321999
-0.00028062
0.000302958
-0.000355302
0.00028207
-0.000431133
0.000259364
-0.000508446
0.000234896
-0.000587633
0.000208744
-0.000669142
0.000180996
-0.000753437
0.000151743
-0.000840881
0.000121085
-0.000931525
8.91517e-05
-0.0010248
5.61405e-05
-0.00111922
2.23307e-05
-0.00121231
-1.20332e-05
-0.00130168
-4.74442e-05
-0.00138898
-8.81244e-05
-0.00149132
-0.000143482
-0.00166796
-0.000199797
-0.00199923
-0.000194189
-0.00233337
-9.36918e-05
-0.0020988
-0.000831394
3.23067e-05
9.72413e-05
0.0001143
0.000422677
0.000209542
0.000776409
0.000292782
0.00106775
0.000358336
0.00127225
0.00040939
0.00140167
0.000448635
0.00147148
0.000476717
0.0014911
0.000494187
0.00146773
0.00050277
0.00141044
0.000505203
0.00133021
0.000504408
0.00123771
0.000502727
0.00114124
0.000501546
0.00104587
0.000501337
0.00095382
0.000501951
0.000865465
0.000502947
0.000780328
0.000503847
0.000697762
0.00050425
0.00061726
0.000503863
0.0005385
0.000502471
0.000461292
0.000499913
0.000385498
0.000496053
0.000310983
0.00049077
0.000237592
0.000483954
0.000165142
0.0004755
9.34214e-05
0.000465309
2.22081e-05
0.0004533
-4.87375e-05
0.000439377
-0.000119682
0.000423456
-0.000190885
0.000405473
-0.000262637
0.000385395
-0.000335223
0.000363212
-0.00040895
0.000338945
-0.000484179
0.000312639
-0.000561327
0.000284353
-0.000640856
0.000254146
-0.00072323
0.000222064
-0.000808799
0.00018814
-0.0008976
0.00015241
-0.000989073
0.000114965
-0.00108178
7.59859e-05
-0.00117333
3.56984e-05
-0.0012614
-6.01315e-06
-0.00134727
-5.15139e-05
-0.00144582
-0.000109526
-0.00160995
-0.000173989
-0.00193476
-0.000185054
-0.0023223
-9.6579e-05
-0.00218728
-0.000927973
2.81007e-05
6.91406e-05
0.000107558
0.00034322
0.000209014
0.000674953
0.000304404
0.000972364
0.00038254
0.00119412
0.000444066
0.00134014
0.000491982
0.00142357
0.000527726
0.00145536
0.000551985
0.00144347
0.000566199
0.00139622
0.000572874
0.00132354
0.000574984
0.0012356
0.000575178
0.00114105
0.000575263
0.00104578
0.000576098
0.000952985
0.00057779
0.000863773
0.000580012
0.000778106
0.000582281
0.000695493
0.000584131
0.00061541
0.000585185
0.000537447
0.000585156
0.000461321
0.000583829
0.000386824
0.000581035
0.000313777
0.000576629
0.000241998
0.000570486
0.000171286
0.000562485
0.000101422
0.00055252
3.21739e-05
0.000540496
-3.67138e-05
0.000526314
-0.000105501
0.00050989
-0.000174461
0.000491153
-0.000243901
0.000470062
-0.000314131
0.000446598
-0.000385487
0.000420771
-0.000458352
0.000392606
-0.000533161
0.000362134
-0.000610384
0.000329373
-0.000690469
0.00029431
-0.000773736
0.000256899
-0.000860188
0.000217079
-0.000949254
0.000174835
-0.00103953
0.000130274
-0.00112877
8.36475e-05
-0.00121477
3.50608e-05
-0.00129869
-1.65868e-05
-0.00139417
-7.80855e-05
-0.00154845
-0.000149887
-0.00186296
-0.000177015
-0.00229518
-0.000100561
-0.00226373
-0.00102853
2.37136e-05
4.5427e-05
9.77715e-05
0.000269162
0.00020163
0.000571094
0.000307078
0.000866916
0.000397863
0.00110333
0.000470878
0.00126713
0.000528449
0.00136599
0.000572712
0.00141109
0.000604762
0.00141142
0.000625846
0.00137514
0.000638114
0.00131127
0.000644383
0.00122934
0.000647443
0.00113799
0.000649461
0.00104377
0.000651711
0.000950736
0.000654646
0.000860838
0.00065815
0.000774602
0.000661817
0.000691826
0.000665163
0.000612064
0.000667743
0.000534866
0.000669198
0.000459867
0.000669246
0.000386777
0.000667668
0.000315356
0.000664287
0.000245379
0.000658953
0.00017662
0.000651533
0.000108842
0.000641907
4.18e-05
0.000629971
-2.4778e-05
0.000615623
-9.11519e-05
0.000598775
-0.000157613
0.000579355
-0.000224481
0.000557311
-0.000292087
0.000532616
-0.000360792
0.000505259
-0.000430995
0.00047524
-0.000503142
0.000442546
-0.00057769
0.000407138
-0.000655061
0.00036893
-0.000735528
0.000327785
-0.000819044
0.000283544
-0.000905012
0.000236091
-0.000992079
0.000185474
-0.00107816
0.000132001
-0.0011613
7.60893e-05
-0.00124277
1.73455e-05
-0.00133543
-4.8683e-05
-0.00148242
-0.000127182
-0.00178446
-0.000170056
-0.0022523
-0.000105967
-0.00232782
-0.0011345
1.94263e-05
2.60007e-05
8.58413e-05
0.000202747
0.000187921
0.000469015
0.000300166
0.000754671
0.000402641
0.00100085
0.000487811
0.00118196
0.000556116
0.00129769
0.000609885
0.00135732
0.000650749
0.00137055
0.000679979
0.00134591
0.000699357
0.00129189
0.000711353
0.00121734
0.000718688
0.00113065
0.000723734
0.00103872
0.000728141
0.000946329
0.000732751
0.000856228
0.000737749
0.000769604
0.000742903
0.000686673
0.000747788
0.000607179
0.000751944
0.00053071
0.000754955
0.000456856
0.000756476
0.000385255
0.000756234
0.000315598
0.000754008
0.000247605
0.000749618
0.000181011
0.000742909
0.00011555
0.00073375
5.09588e-05
0.000722025
-1.30529e-05
0.000707627
-7.67539e-05
0.000690468
-0.000140454
0.000670468
-0.00020448
0.000647566
-0.000269186
0.000621719
-0.000334944
0.000592888
-0.000402165
0.000561031
-0.000471284
0.000526078
-0.000542737
0.000487916
-0.000616899
0.000446369
-0.000693982
0.000401203
-0.000773877
0.000352157
-0.000855966
0.000299032
-0.000938954
0.000241846
-0.00102097
0.000180999
-0.00110045
0.000117248
-0.00117902
5.08739e-05
-0.00126906
-2.07667e-05
-0.00141078
-0.00010534
-0.00169989
-0.000163816
-0.00219383
-0.000112938
-0.0023787
-0.00124744
1.54561e-05
1.05446e-05
7.28225e-05
0.00014538
0.000169003
0.000372835
0.000283718
0.000639955
0.000395558
0.000889016
0.000492717
0.0010848
0.000572669
0.00121774
0.000637036
0.00129296
0.00068781
0.00131978
0.00072647
0.00130725
0.000754547
0.00126381
0.000774076
0.00119781
0.000787483
0.00111725
0.000797141
0.00102906
0.000804938
0.000938531
0.000812077
0.000849089
0.000819092
0.000762589
0.000826016
0.000679749
0.00083258
0.000600615
0.000838381
0.000524909
0.000843001
0.000452237
0.000846057
0.000382199
0.000847229
0.000314426
0.000846255
0.000248579
0.000842919
0.000184346
0.000837043
0.000121426
0.00082848
5.95222e-05
0.000817095
-1.6679e-06
0.000802783
-6.24414e-05
0.000785444
-0.000123115
0.00076499
-0.000184026
0.000741343
-0.000245539
0.000714434
-0.000308035
0.000684183
-0.000371914
0.00065049
-0.000437591
0.000613212
-0.00050546
0.000572146
-0.000575833
0.000527014
-0.00064885
0.000477479
-0.000724342
0.000423185
-0.000801672
0.000363875
-0.000879644
0.000299578
-0.000956672
0.000230841
-0.00103171
0.000158786
-0.00110697
8.44348e-05
-0.0011947
6.38613e-06
-0.00133273
-8.36128e-05
-0.00160989
-0.000157534
-0.00211991
-0.000121353
-0.00241488
-0.00136879
1.19839e-05
-1.43933e-06
5.97958e-05
9.75685e-05
0.000146494
0.000286137
0.000258625
0.000527824
0.000375976
0.000771664
0.000483628
0.000977149
0.000575522
0.00112584
0.000651518
0.00121696
0.000713384
0.00125791
0.00076279
0.00125784
0.000801166
0.00122544
0.00083014
0.00116884
0.000851704
0.00109568
0.000868002
0.00101277
0.000880962
0.000925571
0.000892028
0.000838023
0.000902065
0.000752552
0.000911416
0.000670397
0.000920052
0.00059198
0.000927719
0.000517242
0.000934068
0.000445888
0.000938735
0.000377532
0.000941386
0.000311774
0.000941734
0.000248232
0.000939535
0.000186545
0.00093459
0.000126371
0.000926731
6.73816e-05
0.000915808
9.25529e-06
0.000901707
-4.83404e-05
0.000884313
-0.000105721
0.00086352
-0.000163233
0.000839223
-0.000221243
0.000811312
-0.000280124
0.000779653
-0.000340255
0.000744072
-0.00040201
0.000704336
-0.000465724
0.000660141
-0.000531637
0.000611101
-0.000599811
0.000556776
-0.000670017
0.000496736
-0.000741631
0.000430699
-0.000813607
0.000358766
-0.00088474
0.000281697
-0.000954643
0.000201024
-0.0010263
0.000118486
-0.00111217
3.36788e-05
-0.00124793
-6.10817e-05
-0.00151513
-0.000149979
-0.00203101
-0.000130709
-0.00243415
-0.0014995
9.2e-06
-1.06393e-05
4.77258e-05
5.90428e-05
0.000122261
0.000211602
0.000226543
0.000423542
0.000344182
0.000654026
0.000459146
0.000862184
0.000562119
0.00102287
0.000650337
0.00112874
0.000724464
0.00118379
0.000785988
0.00119632
0.000836262
0.00117516
0.000876599
0.0011285
0.000908525
0.00106376
0.000933789
0.000987501
0.000954146
0.000905214
0.000971102
0.000821067
0.000985745
0.000737909
0.000998712
0.00065743
0.00101025
0.000580441
0.00102033
0.000507164
0.00102875
0.000437467
0.00103524
0.000371043
0.0010395
0.00030751
0.00104127
0.000246467
0.00104029
0.000187524
0.00103635
0.000130308
0.00102928
7.44569e-05
0.0010189
1.96287e-05
0.00100509
-3.45323e-05
0.000987718
-8.8345e-05
0.00096664
-0.000142155
0.000941716
-0.000196319
0.000912781
-0.000251189
0.000879631
-0.000307105
0.000842007
-0.000364386
0.000799578
-0.000423295
0.000751931
-0.00048399
0.000698575
-0.000546455
0.000638982
-0.000610424
0.000572674
-0.000675323
0.000499402
-0.000740335
0.000419408
-0.000804747
0.000333737
-0.000868972
0.000244366
-0.000936926
0.000153678
-0.00102148
6.21793e-05
-0.00115643
-3.66131e-05
-0.00141634
-0.000139345
-0.00192828
-0.000139983
-0.00243351
-0.00163948
7.22079e-06
-1.78601e-05
3.72371e-05
2.90266e-05
9.79442e-05
0.000150895
0.000189499
0.000331987
0.00030133
0.000542195
0.00041876
0.000744754
0.00053036
0.00091127
0.000630454
0.00102865
0.000717701
0.00109654
0.000792703
0.00112132
0.000856483
0.00111138
0.000910051
0.00107493
0.000954508
0.0010193
0.000991148
0.000950861
0.0010214
0.000874966
0.00104663
0.000795835
0.001068
0.000716537
0.00108635
0.000639083
0.00110217
0.000564617
0.00111569
0.000493645
0.00112692
0.000426242
0.00113573
0.000362231
0.00114194
0.000301296
0.00114535
0.000243062
0.00114573
0.000187139
0.0011429
0.000133137
0.00113668
8.06815e-05
0.00112689
2.94139e-05
0.00111339
-2.10316e-05
0.00109602
-7.09707e-05
0.0010746
-0.00012074
0.00104895
-0.000170669
0.00101884
-0.000221076
0.000983983
-0.000272248
0.000944033
-0.000324436
0.000898557
-0.00037782
0.000847042
-0.000432475
0.000788907
-0.000488321
0.000723566
-0.000545083
0.000650545
-0.000602302
0.000569692
-0.000659482
0.000481467
-0.000716522
0.000387251
-0.000774755
0.000289464
-0.00083914
0.000191035
-0.000923049
9.32306e-05
-0.00105862
-8.90144e-06
-0.0013142
-0.000123203
-0.00181398
-0.00014754
-0.00240917
-0.00178702
5.87053e-06
-2.37306e-05
2.80805e-05
6.81659e-06
7.40583e-05
0.000104917
0.000148945
0.000257101
0.000248885
0.000442254
0.000362822
0.000630818
0.000478993
0.000795099
0.000589265
0.000918378
0.000689738
0.000996066
0.000779316
0.00103174
0.000858142
0.00103256
0.000926731
0.00100634
0.000985754
0.000960276
0.00103606
0.000900556
0.00107867
0.000832351
0.00111472
0.000759793
0.00114525
0.000686
0.00117119
0.00061315
0.00119319
0.000542617
0.00121169
0.000475141
0.00122693
0.000411005
0.00123897
0.000350184
0.0012478
0.000292471
0.00125331
0.000237553
0.00125537
0.000185075
0.00125384
0.000134665
0.00124857
8.59534e-05
0.0012394
3.85867e-05
0.00122616
-7.79251e-06
0.00120868
-5.34938e-05
0.00118677
-9.88211e-05
0.00116016
-0.000144067
0.00112858
-0.000189498
0.00109168
-0.00023534
0.001049
-0.000281764
0.00100005
-0.000328869
0.000944231
-0.000376653
0.000880907
-0.000424996
0.000809491
-0.000473667
0.000729588
-0.000522399
0.000641216
-0.00057111
0.000545105
-0.00062041
0.000442963
-0.000672614
0.000337564
-0.000733741
0.000232208
-0.000817694
0.000128765
-0.000955181
2.34977e-05
-0.00120894
-9.87252e-05
-0.00169175
-0.000151212
-0.00235669
-0.00193824
4.14402e-06
-2.78746e-05
1.80267e-05
-7.06597e-06
4.8472e-05
7.44721e-05
0.000104137
0.000201435
0.000187342
0.000359049
0.000291948
0.000526212
0.000407699
0.000679348
0.00052511
0.000800967
0.000637787
0.000883389
0.000742365
0.000927158
0.000837452
0.000937472
0.000922653
0.000921143
0.000998054
0.000884875
0.00106404
0.00083457
0.00112124
0.000775152
0.00117045
0.000710579
0.00121256
0.000643891
0.00124841
0.000577299
0.00127874
0.000512288
0.00130413
0.000449757
0.00132498
0.000390152
0.00134156
0.000333601
0.00135402
0.000280013
0.0013624
0.000229172
0.00136669
0.000180784
0.00136683
0.000134525
0.00136272
9.00618e-05
0.00135424
4.7068e-05
0.00134123
5.22185e-06
0.00132351
-3.57793e-05
0.00130087
-7.61761e-05
0.00127302
-0.000116215
0.00123962
-0.000156103
0.00120027
-0.000195993
0.00115449
-0.000235977
0.0011017
-0.000276079
0.00104129
-0.000316247
0.000972664
-0.000356367
0.000895311
-0.000396314
0.000808999
-0.000436088
0.000713983
-0.000476094
0.000611252
-0.00051768
0.000502736
-0.000564098
0.000391322
-0.000622327
0.000280339
-0.000706711
0.000171881
-0.000846723
6.28962e-05
-0.00109995
-6.31751e-05
-0.00156568
-0.000148274
-0.00227159
-0.00208651
-6.35666e-07
-2.72389e-05
1.47983e-06
-9.18139e-06
1.47687e-05
6.11834e-05
5.02339e-05
0.00016597
0.000114433
0.00029485
0.000205762
0.000434883
0.000316613
0.000568497
0.000437507
0.000680073
0.000560268
0.000760627
0.000679237
0.000808189
0.000791054
0.000825656
0.000893948
0.000818248
0.000987125
0.000791699
0.00107038
0.000751311
0.00114393
0.00070161
0.00120823
0.000646276
0.00126394
0.000588177
0.00131179
0.000529449
0.00135249
0.000471591
0.00138667
0.000415575
0.00141487
0.000361956
0.00143749
0.00031098
0.00145483
0.000262671
0.00146709
0.00021691
0.00147439
0.00017349
0.00147676
0.000132155
0.00147419
9.26329e-05
0.00146661
5.46473e-05
0.00145389
1.79364e-05
0.00143589
-1.77737e-05
0.00141237
-5.26601e-05
0.00138306
-8.69088e-05
0.00134762
-0.000120658
0.00130562
-0.000153992
0.00125658
-0.00018694
0.00119998
-0.000219478
0.00113528
-0.000251548
0.00106201
-0.000283095
0.000979855
-0.000314163
0.00088883
-0.000345062
0.000789419
-0.000376684
0.000682773
-0.000411033
0.000570811
-0.000452137
0.000456174
-0.000507689
0.000341716
-0.000592253
0.000229007
-0.000734015
0.000114889
-0.000985834
-1.34639e-05
-0.00143733
-0.000134065
-0.00215099
-0.00222057
-1.3402e-05
-1.38369e-05
-3.09184e-05
8.3351e-06
-3.76787e-05
6.79437e-05
-2.18647e-05
0.000150156
2.4095e-05
0.00024889
0.000101654
0.000357324
0.000205483
0.000464668
0.00032696
0.000558596
0.00045723
0.000630357
0.000588942
0.000676478
0.000716836
0.000697762
0.000837536
0.000697548
0.000949082
0.000680152
0.0010505
0.000649893
0.00114147
0.000610641
0.00122211
0.000565637
0.00129282
0.000517467
0.00135417
0.0004681
0.00140679
0.000418966
0.00145133
0.000371037
0.00148837
0.00032492
0.00151841
0.000280939
0.00154187
0.000239212
0.00155907
0.00019971
0.00157024
0.000162315
0.00157554
0.000126852
0.00157506
9.31212e-05
0.00156879
6.09166e-05
0.00155668
3.00443e-05
0.0015386
3.0731e-07
0.00151439
-2.84542e-05
0.00148382
-5.63372e-05
0.00144659
-8.34282e-05
0.00140236
-0.000109766
0.00135077
-0.000135349
0.00129145
-0.000160154
0.00122406
-0.000184162
0.00114839
-0.000207426
0.0010644
-0.000230172
0.00097233
-0.000252989
0.000872783
-0.000277138
0.000766825
-0.000305075
0.000656003
-0.000341314
0.000542273
-0.000393959
0.000427552
-0.000477533
0.000312255
-0.000618718
0.000192083
-0.000865661
5.64134e-05
-0.00130166
-9.8303e-05
-0.00199627
-0.00231888
-4.09731e-05
2.71363e-05
-9.01799e-05
5.7542e-05
-0.000121103
9.8867e-05
-0.000123156
0.000152209
-9.13509e-05
0.000217085
-2.47125e-05
0.000290686
7.31609e-05
0.000366794
0.000194511
0.000437246
0.000330342
0.000494526
0.000472621
0.000534199
0.000614785
0.000555598
0.000752059
0.000560274
0.000881287
0.000550925
0.0010006
0.000530583
0.00110904
0.000502197
0.00120631
0.000468371
0.0012925
0.000431268
0.00136801
0.000392589
0.00143337
0.000353609
0.00148917
0.000315239
0.00153601
0.00027808
0.00157445
0.000242497
0.001605
0.000208667
0.00162807
0.000176639
0.00164401
0.000146374
0.00165309
0.000117775
0.00165549
9.07163e-05
0.00165134
6.50632e-05
0.0016407
4.06862e-05
0.00162353
1.7475e-05
0.00159975
-4.67101e-06
0.00156925
-2.58355e-05
0.0015319
-4.60808e-05
0.00148756
-6.54282e-05
0.0014361
-8.38867e-05
0.00137741
-0.000101466
0.00131147
-0.000118216
0.00123833
-0.000134287
0.00115819
-0.000150032
0.00107138
-0.000166177
0.000978367
-0.000184127
0.000879748
-0.000206457
0.000776178
-0.000237745
0.000668309
-0.00028609
0.000556529
-0.000365753
0.000439876
-0.000502065
0.000312785
-0.000738571
0.000159761
-0.00114863
-2.67715e-05
-0.00180974
-0.00234565
-9.01007e-05
0.000117237
-0.000183164
0.000150605
-0.000240233
0.000155936
-0.000257463
0.000169439
-0.000234956
0.000194578
-0.00017418
0.00022991
-7.94036e-05
0.000272018
4.25694e-05
0.000315273
0.000183137
0.000353958
0.000333799
0.000383537
0.00048757
0.000401826
0.000638793
0.000409051
0.000783414
0.000406304
0.000918778
0.00039522
0.0010433
0.00037767
0.00115621
0.000355465
0.00125728
0.000330201
0.00134667
0.000303199
0.00142478
0.000275499
0.00149214
0.000247873
0.00154936
0.000220867
0.00159702
0.000194836
0.0016357
0.00016999
0.00166591
0.000146427
0.00168811
0.000124168
0.00170271
0.000103183
0.00171001
8.34101e-05
0.0017103
6.47752e-05
0.00170379
4.71999e-05
0.00169065
3.06144e-05
0.00167102
1.49525e-05
0.00164496
2.25245e-07
0.00161247
-1.35866e-05
0.00157365
-2.66132e-05
0.00152867
-3.8905e-05
0.00147769
-5.0483e-05
0.0014209
-6.14274e-05
0.00135854
-7.19244e-05
0.00129084
-8.23333e-05
0.00121799
-9.33328e-05
0.00114006
-0.000106191
0.0010568
-0.000123198
0.000967477
-0.000148423
0.000870553
-0.000189166
0.000763357
-0.000258557
0.000641546
-0.000380255
0.000497442
-0.000594467
0.000312252
-0.000963445
8.51011e-05
-0.00158259
-0.00226055
-0.000160362
0.000277599
-0.000293312
0.000283555
-0.000362646
0.00022527
-0.00038476
0.000191554
-0.000365718
0.000175536
-0.000308182
0.000172374
-0.000216377
0.000180213
-9.66299e-05
0.000195525
4.42206e-05
0.000213107
0.000198551
0.000229207
0.000358711
0.000241667
0.000518799
0.000248962
0.000674339
0.000250764
0.000822087
0.000247471
0.000959914
0.000239844
0.00108658
0.000228802
0.0012015
0.000215277
0.00130459
0.000200113
0.00139606
0.000184023
0.00147636
0.000167574
0.00154604
0.000151193
0.00160569
0.000135183
0.00165593
0.000119745
0.00169736
0.000104999
0.00173052
9.10053e-05
0.00175592
7.77829e-05
0.00177401
6.5323e-05
0.00178519
5.35999e-05
0.0017898
4.25803e-05
0.00178819
3.22291e-05
0.00178063
2.25129e-05
0.00176746
1.33912e-05
0.00174901
4.86494e-06
0.00172542
-3.02305e-06
0.00169685
-1.03337e-05
0.00166353
-1.71624e-05
0.0016257
-2.36e-05
0.00158357
-2.97953e-05
0.00153725
-3.60146e-05
0.00148667
-4.27433e-05
0.00143137
-5.08923e-05
0.00137029
-6.2117e-05
0.00130121
-7.93489e-05
0.00121993
-0.000107886
0.00111885
-0.000157477
0.000984963
-0.000246367
0.000799318
-0.000408822
0.000541181
-0.000705307
0.000229446
-0.00127085
-0.0020311
-0.000223964
0.000501563
-0.000284686
0.000344277
-0.000270967
0.000211552
-0.000242512
0.000163099
-0.000199528
0.000132552
-0.000136022
0.000108867
-5.02282e-05
9.44195e-05
5.73138e-05
8.79831e-05
0.000183386
8.7035e-05
0.000323378
8.92153e-05
0.000472394
9.26505e-05
0.00062542
9.59358e-05
0.000778091
9.80936e-05
0.00092692
9.86418e-05
0.00106931
9.74557e-05
0.00120346
9.4655e-05
0.00132823
9.04997e-05
0.00144304
8.53051e-05
0.00154768
7.93855e-05
0.00164223
7.3022e-05
0.00172697
6.64485e-05
0.00180231
5.98478e-05
0.0018687
5.33546e-05
0.00192664
4.70625e-05
0.00197661
4.10327e-05
0.00201909
3.53018e-05
0.00205453
2.98879e-05
0.00208333
2.47964e-05
0.00210588
2.00252e-05
0.00212255
1.55677e-05
0.00213364
1.14156e-05
0.00213947
7.55921e-06
0.00214036
3.98417e-06
0.00213665
6.85012e-07
0.00212865
-2.33577e-06
0.00211658
-5.09072e-06
0.00210061
-7.62818e-06
0.00208085
-1.00357e-05
0.00205729
-1.24558e-05
0.00202968
-1.51323e-05
0.0019973
-1.85139e-05
0.00195858
-2.34024e-05
0.00191041
-3.11797e-05
0.00184676
-4.42287e-05
0.00175612
-6.68363e-05
0.00161639
-0.000106641
0.00138897
-0.000181399
0.00101738
-0.000333721
0.000489573
-0.000743048
-0.00154153
0.000501563
0.00084584
0.00105739
0.00122049
0.00135304
0.00146191
0.00155633
0.00164431
0.00173135
0.00182056
0.00191321
0.00200915
0.00210724
0.00220588
0.00230334
0.00239799
0.00248849
0.0025738
0.00265318
0.00272621
0.00279266
0.0028525
0.00290586
0.00295292
0.00299395
0.00302925
0.00305914
0.00308394
0.00310396
0.00311953
0.00313095
0.00313851
0.00314249
0.00314318
0.00314084
0.00313575
0.00312812
0.00311809
0.00310563
0.0030905
0.00307198
0.00304858
0.0030174
0.00297317
0.00290634
0.0027997
0.0026183
0.00228458
0.00154153
)
;

boundaryField
{
    movingWall
    {
        type            calculated;
        value           uniform 0;
    }
    fixedWalls
    {
        type            calculated;
        value           uniform 0;
    }
    frontAndBack
    {
        type            empty;
        value           nonuniform 0();
    }
}


// ************************************************************************* //
