/*--------------------------------*- C++ -*----------------------------------*\
  =========                 |
  \\      /  F ield         | OpenFOAM: The Open Source CFD Toolbox
   \\    /   O peration     | Website:  https://openfoam.org
    \\  /    A nd           | Version:  7
     \\/     M anipulation  |
\*---------------------------------------------------------------------------*/
FoamFile
{
    version     2.0;
    format      ascii;
    class       volVectorField;
    location    "350";
    object      U;
}
// * * * * * * * * * * * * * * * * * * * * * * * * * * * * * * * * * * * * * //

dimensions      [0 1 -1 0 0 0 0];

internalField   nonuniform List<vector> 
2500
(
(0.000110126 -0.000111261 0)
(0.000488412 -0.000151073 0)
(0.000833198 -0.000126293 0)
(0.000998336 -7.90872e-05 0)
(0.000907902 -3.11784e-05 0)
(0.00055713 1.15817e-05 0)
(-3.64686e-05 4.82729e-05 0)
(-0.000853108 8.02713e-05 0)
(-0.0018775 0.00010974 0)
(-0.0031002 0.000138657 0)
(-0.00451604 0.000168367 0)
(-0.00612122 0.000199463 0)
(-0.00791001 0.000231821 0)
(-0.00987176 0.000264689 0)
(-0.0119883 0.000296779 0)
(-0.0142318 0.00032635 0)
(-0.016564 0.000351293 0)
(-0.0189346 0.000369224 0)
(-0.0212826 0.000377606 0)
(-0.023536 0.000373911 0)
(-0.0256146 0.000355823 0)
(-0.0274329 0.000321486 0)
(-0.0289032 0.000269774 0)
(-0.0299412 0.000200561 0)
(-0.0304712 0.000114987 0)
(-0.0304318 1.56031e-05 0)
(-0.0297816 -9.36889e-05 0)
(-0.0285042 -0.000207575 0)
(-0.0266121 -0.000319693 0)
(-0.024149 -0.000423053 0)
(-0.0211901 -0.000510598 0)
(-0.0178392 -0.000575882 0)
(-0.0142248 -0.000613763 0)
(-0.010492 -0.000621026 0)
(-0.00679419 -0.000596818 0)
(-0.0032829 -0.000542801 0)
(-9.73667e-05 -0.000462963 0)
(0.00264462 -0.000363371 0)
(0.00485377 -0.000251537 0)
(0.00647365 -0.000135199 0)
(0.00748233 -2.14457e-05 0)
(0.00789117 8.37388e-05 0)
(0.00774117 0.000175812 0)
(0.00709876 0.000251466 0)
(0.00605288 0.000307709 0)
(0.00471531 0.000340369 0)
(0.00322657 0.000342277 0)
(0.00177423 0.000300626 0)
(0.000625041 0.000191947 0)
(2.97704e-05 2.97482e-05 0)
(0.000155386 -0.000495612 0)
(0.000689478 -0.000691668 0)
(0.000981309 -0.000438844 0)
(0.000780571 1.0349e-05 0)
(-4.8273e-05 0.000515049 0)
(-0.00152663 0.00100975 0)
(-0.00363167 0.00147245 0)
(-0.00633024 0.00190336 0)
(-0.00959228 0.00231101 0)
(-0.0133939 0.00270409 0)
(-0.0177144 0.00308709 0)
(-0.0225303 0.00345866 0)
(-0.0278086 0.00381143 0)
(-0.0335003 0.00413269 0)
(-0.0395354 0.00440544 0)
(-0.0458191 0.00460957 0)
(-0.0522302 0.00472323 0)
(-0.0586213 0.00472429 0)
(-0.0648209 0.00459199 0)
(-0.0706384 0.00430868 0)
(-0.0758699 0.00386173 0)
(-0.0803075 0.00324536 0)
(-0.0837485 0.00246235 0)
(-0.0860075 0.00152543 0)
(-0.0869273 0.000458115 0)
(-0.0863911 -0.000705259 0)
(-0.0843326 -0.00192059 0)
(-0.080744 -0.0031355 0)
(-0.0756814 -0.00429236 0)
(-0.069267 -0.00533169 0)
(-0.0616873 -0.0061964 0)
(-0.0531872 -0.00683623 0)
(-0.0440594 -0.00721216 0)
(-0.0346311 -0.00730021 0)
(-0.0252463 -0.00709418 0)
(-0.016247 -0.00660673 0)
(-0.00795336 -0.00586874 0)
(-0.000645007 -0.00492694 0)
(0.00545489 -0.00383994 0)
(0.0101913 -0.00267274 0)
(0.0134842 -0.00149073 0)
(0.0153294 -0.00035541 0)
(0.015796 0.000678414 0)
(0.0150205 0.00156279 0)
(0.0132022 0.00225214 0)
(0.0106011 0.00269587 0)
(0.00754194 0.00282849 0)
(0.00443395 0.00256273 0)
(0.00181829 0.00181023 0)
(0.000193553 0.000627044 0)
(0.000130164 -0.000842485 0)
(0.000379012 -0.000974552 0)
(6.76929e-05 -0.000209556 0)
(-0.0010517 0.000958839 0)
(-0.00310578 0.00225486 0)
(-0.00611536 0.00354295 0)
(-0.0100569 0.00477182 0)
(-0.0148938 0.00593508 0)
(-0.0205893 0.00704371 0)
(-0.0271079 0.00810867 0)
(-0.0344106 0.00913148 0)
(-0.0424467 0.0101004 0)
(-0.0511454 0.0109901 0)
(-0.0604079 0.0117635 0)
(-0.0701021 0.0123743 0)
(-0.0800596 0.0127709 0)
(-0.0900754 0.0128996 0)
(-0.099911 0.0127091 0)
(-0.109301 0.0121549 0)
(-0.117959 0.0112028 0)
(-0.125594 0.00983398 0)
(-0.131918 0.00804796 0)
(-0.136663 0.00586579 0)
(-0.139593 0.00333181 0)
(-0.14052 0.000514194 0)
(-0.139315 -0.00249618 0)
(-0.135921 -0.00558902 0)
(-0.130357 -0.00863946 0)
(-0.12272 -0.0115143 0)
(-0.113194 -0.0140795 0)
(-0.102038 -0.0162082 0)
(-0.0895817 -0.0177899 0)
(-0.076215 -0.0187391 0)
(-0.0623707 -0.0190022 0)
(-0.0485058 -0.0185637 0)
(-0.0350794 -0.0174483 0)
(-0.0225295 -0.0157209 0)
(-0.0112495 -0.0134819 0)
(-0.00156741 -0.0108602 0)
(0.00627218 -0.00800338 0)
(0.0121202 -0.00506633 0)
(0.0159304 -0.00220064 0)
(0.0177603 0.000451835 0)
(0.0177672 0.0027611 0)
(0.0162043 0.00460354 0)
(0.0134155 0.00585065 0)
(0.00983287 0.00635474 0)
(0.00599089 0.00594075 0)
(0.00259113 0.00443249 0)
(0.000303806 0.00178737 0)
(6.78743e-05 -0.0009548 0)
(-0.000257341 -0.000622386 0)
(-0.00156418 0.00100092 0)
(-0.00402767 0.00320186 0)
(-0.00770826 0.00558504 0)
(-0.0126011 0.00795414 0)
(-0.0186732 0.0102326 0)
(-0.0258839 0.0124071 0)
(-0.0341912 0.014487 0)
(-0.0435481 0.0164785 0)
(-0.0538949 0.0183708 0)
(-0.065149 0.0201306 0)
(-0.0771951 0.0217025 0)
(-0.0898788 0.0230129 0)
(-0.103002 0.0239752 0)
(-0.116323 0.024497 0)
(-0.129558 0.024487 0)
(-0.142392 0.0238626 0)
(-0.154484 0.0225571 0)
(-0.165481 0.0205266 0)
(-0.175035 0.0177561 0)
(-0.182816 0.0142639 0)
(-0.188525 0.010105 0)
(-0.191911 0.00537173 0)
(-0.192783 0.000193346 0)
(-0.191018 -0.00526714 0)
(-0.186575 -0.0108192 0)
(-0.179492 -0.0162536 0)
(-0.169896 -0.0213509 0)
(-0.157999 -0.0258928 0)
(-0.144096 -0.0296737 0)
(-0.128561 -0.0325143 0)
(-0.111834 -0.0342734 0)
(-0.0944051 -0.03486 0)
(-0.0768015 -0.0342415 0)
(-0.0595605 -0.0324497 0)
(-0.0432064 -0.0295806 0)
(-0.0282241 -0.0257905 0)
(-0.0150338 -0.021286 0)
(-0.00396792 -0.0163097 0)
(0.0047471 -0.0111243 0)
(0.0110035 -0.00599676 0)
(0.0148197 -0.00118368 0)
(0.0163398 0.00307251 0)
(0.0158291 0.00654136 0)
(0.0136697 0.00899064 0)
(0.0103522 0.0101699 0)
(0.00648667 0.00979811 0)
(0.00288311 0.00757664 0)
(0.000344843 0.00326214 0)
(-1.41891e-05 -0.000677204 0)
(-0.0011108 0.00067801 0)
(-0.00370172 0.00356589 0)
(-0.00783493 0.00711092 0)
(-0.0134582 0.0108385 0)
(-0.0205174 0.0145191 0)
(-0.028959 0.0180666 0)
(-0.0387333 0.0214657 0)
(-0.0497907 0.0247215 0)
(-0.0620713 0.0278271 0)
(-0.075492 0.0307483 0)
(-0.0899344 0.0334179 0)
(-0.105236 0.0357388 0)
(-0.121186 0.0375909 0)
(-0.137522 0.0388406 0)
(-0.153936 0.0393512 0)
(-0.170081 0.0389945 0)
(-0.185579 0.0376617 0)
(-0.200039 0.0352726 0)
(-0.213072 0.0317849 0)
(-0.2243 0.0272004 0)
(-0.233377 0.0215693 0)
(-0.239998 0.0149922 0)
(-0.243914 0.00761907 0)
(-0.244936 -0.000352823 0)
(-0.242949 -0.00868433 0)
(-0.237912 -0.0171033 0)
(-0.229868 -0.0253153 0)
(-0.218941 -0.0330142 0)
(-0.205342 -0.0398952 0)
(-0.189371 -0.0456704 0)
(-0.171409 -0.0500847 0)
(-0.151915 -0.0529326 0)
(-0.131411 -0.054074 0)
(-0.110471 -0.0534476 0)
(-0.0896946 -0.0510798 0)
(-0.0696812 -0.0470881 0)
(-0.0510035 -0.041678 0)
(-0.0341753 -0.0351319 0)
(-0.0196238 -0.027792 0)
(-0.00766393 -0.0200389 0)
(0.00151985 -0.0122693 0)
(0.00788593 -0.0048768 0)
(0.011541 0.00176059 0)
(0.0127361 0.00728179 0)
(0.0118619 0.0113292 0)
(0.00943815 0.0135304 0)
(0.00612292 0.0134787 0)
(0.00279375 0.0107249 0)
(0.000341427 0.00478747 0)
(-0.000110659 8.388e-05 0)
(-0.00211758 0.00313715 0)
(-0.00620296 0.0077514 0)
(-0.0122455 0.0129631 0)
(-0.0200441 0.0182749 0)
(-0.0294766 0.0234638 0)
(-0.0404586 0.0284572 0)
(-0.0529257 0.0332474 0)
(-0.0668175 0.0378337 0)
(-0.0820581 0.0421885 0)
(-0.0985383 0.0462426 0)
(-0.116103 0.0498837 0)
(-0.134542 0.0529633 0)
(-0.153592 0.0553082 0)
(-0.172935 0.0567352 0)
(-0.192209 0.0570657 0)
(-0.211019 0.0561409 0)
(-0.228953 0.0538348 0)
(-0.245593 0.0500656 0)
(-0.260532 0.0448043 0)
(-0.273389 0.0380801 0)
(-0.283818 0.0299835 0)
(-0.29152 0.020665 0)
(-0.296246 0.0103338 0)
(-0.297807 -0.000747776 0)
(-0.29608 -0.0122693 0)
(-0.291006 -0.0238827 0)
(-0.282603 -0.035213 0)
(-0.270966 -0.0458698 0)
(-0.256277 -0.0554612 0)
(-0.238809 -0.0636115 0)
(-0.218925 -0.0699806 0)
(-0.197079 -0.0742851 0)
(-0.17381 -0.0763194 0)
(-0.149723 -0.0759748 0)
(-0.125475 -0.073255 0)
(-0.101743 -0.0682834 0)
(-0.0791941 -0.0613032 0)
(-0.0584467 -0.0526669 0)
(-0.0400372 -0.0428169 0)
(-0.0243862 -0.0322597 0)
(-0.0117724 -0.0215359 0)
(-0.00231507 -0.0111932 0)
(0.00403544 -0.00176653 0)
(0.00749854 0.00622756 0)
(0.00845402 0.0122866 0)
(0.00743371 0.0158967 0)
(0.00512449 0.0165085 0)
(0.0024382 0.0135091 0)
(0.000311397 0.00618913 0)
(-0.000218371 0.00139415 0)
(-0.00323423 0.00690371 0)
(-0.00896037 0.0137453 0)
(-0.0170743 0.0209527 0)
(-0.0272001 0.0280737 0)
(-0.0391342 0.03494 0)
(-0.0527536 0.0415213 0)
(-0.0679746 0.0478294 0)
(-0.0847224 0.0538579 0)
(-0.102902 0.059551 0)
(-0.122377 0.064795 0)
(-0.142954 0.069423 0)
(-0.164383 0.0732284 0)
(-0.186353 0.0759833 0)
(-0.208504 0.077457 0)
(-0.230437 0.0774358 0)
(-0.251732 0.0757398 0)
(-0.27196 0.0722372 0)
(-0.290697 0.0668553 0)
(-0.307542 0.0595875 0)
(-0.322119 0.050496 0)
(-0.334092 0.0397124 0)
(-0.343165 0.027435 0)
(-0.349087 0.0139247 0)
(-0.351653 -0.000499725 0)
(-0.350716 -0.0154676 0)
(-0.346181 -0.0305643 0)
(-0.338016 -0.0453416 0)
(-0.326266 -0.0593279 0)
(-0.311059 -0.072043 0)
(-0.292614 -0.0830164 0)
(-0.271254 -0.0918106 0)
(-0.247408 -0.0980462 0)
(-0.221609 -0.10143 0)
(-0.194486 -0.101782 0)
(-0.166748 -0.0990577 0)
(-0.139151 -0.0933647 0)
(-0.112466 -0.0849671 0)
(-0.0874346 -0.0742777 0)
(-0.0647235 -0.0618379 0)
(-0.0448826 -0.0482867 0)
(-0.028309 -0.034323 0)
(-0.015221 -0.0206689 0)
(-0.00564403 -0.00803991 0)
(0.000591808 0.00287062 0)
(0.00384349 0.0113905 0)
(0.00464269 0.0168462 0)
(0.00369239 0.0185323 0)
(0.00191574 0.0156717 0)
(0.000268528 0.00735865 0)
(-0.00033454 0.00330138 0)
(-0.00442439 0.0120789 0)
(-0.0118801 0.0216685 0)
(-0.0221552 0.031197 0)
(-0.0346822 0.0403345 0)
(-0.049168 0.0490213 0)
(-0.0654468 0.0573012 0)
(-0.0834118 0.0652189 0)
(-0.10297 0.0727628 0)
(-0.124007 0.0798435 0)
(-0.146357 0.0862946 0)
(-0.169795 0.0918886 0)
(-0.194032 0.0963591 0)
(-0.218725 0.0994251 0)
(-0.243486 0.100815 0)
(-0.267898 0.100291 0)
(-0.291531 0.0976604 0)
(-0.31396 0.0927978 0)
(-0.334771 0.0856469 0)
(-0.353575 0.0762271 0)
(-0.37001 0.0646335 0)
(-0.383749 0.0510341 0)
(-0.394494 0.0356661 0)
(-0.401986 0.0188314 0)
(-0.405995 0.000892118 0)
(-0.406338 -0.0177331 0)
(-0.40287 -0.0365752 0)
(-0.395502 -0.0551206 0)
(-0.384209 -0.0728217 0)
(-0.369044 -0.0891095 0)
(-0.350156 -0.103413 0)
(-0.3278 -0.115184 0)
(-0.302354 -0.123929 0)
(-0.274322 -0.129239 0)
(-0.244335 -0.130832 0)
(-0.213138 -0.128585 0)
(-0.181565 -0.122557 0)
(-0.150496 -0.113008 0)
(-0.120814 -0.100394 0)
(-0.093341 -0.0853497 0)
(-0.0687889 -0.0686523 0)
(-0.0477053 -0.0511746 0)
(-0.0304379 -0.0338365 0)
(-0.0171127 -0.0175611 0)
(-0.00762788 -0.00324754 0)
(-0.00166234 0.00823649 0)
(0.00130491 0.0160391 0)
(0.0019857 0.0192865 0)
(0.00130305 0.0170411 0)
(0.000223038 0.00823517 0)
(-0.000456049 0.00583603 0)
(-0.00565187 0.018719 0)
(-0.0148705 0.0315786 0)
(-0.0273273 0.0437404 0)
(-0.0422545 0.0550804 0)
(-0.0592668 0.0657052 0)
(-0.078153 0.0757656 0)
(-0.098781 0.085353 0)
(-0.121039 0.0944522 0)
(-0.144789 0.102936 0)
(-0.169839 0.110579 0)
(-0.195937 0.117093 0)
(-0.222766 0.122152 0)
(-0.249961 0.125429 0)
(-0.277119 0.126621 0)
(-0.303823 0.125473 0)
(-0.329648 0.121794 0)
(-0.354181 0.115469 0)
(-0.377028 0.106463 0)
(-0.397814 0.0948202 0)
(-0.416194 0.0806639 0)
(-0.431846 0.0641906 0)
(-0.444471 0.0456661 0)
(-0.453796 0.0254211 0)
(-0.459569 0.00384861 0)
(-0.461569 -0.0185977 0)
(-0.459607 -0.0414061 0)
(-0.45353 -0.0640096 0)
(-0.443237 -0.0857928 0)
(-0.428698 -0.106103 0)
(-0.409967 -0.124267 0)
(-0.387207 -0.139619 0)
(-0.36071 -0.15153 0)
(-0.330917 -0.159452 0)
(-0.298423 -0.162966 0)
(-0.263982 -0.161825 0)
(-0.228483 -0.155999 0)
(-0.192913 -0.145706 0)
(-0.158304 -0.131417 0)
(-0.125663 -0.113842 0)
(-0.0958993 -0.0938985 0)
(-0.0697544 -0.0726483 0)
(-0.0477487 -0.0512363 0)
(-0.0301456 -0.0308275 0)
(-0.0169395 -0.0125623 0)
(-0.00786455 0.00246408 0)
(-0.00241858 0.0131949 0)
(0.00011263 0.0185763 0)
(0.000651785 0.0175106 0)
(0.000181519 0.00879214 0)
(-0.000579014 0.00900972 0)
(-0.0068777 0.0268347 0)
(-0.0178371 0.043471 0)
(-0.0324289 0.0585566 0)
(-0.049684 0.072261 0)
(-0.0691254 0.084916 0)
(-0.0904963 0.0968122 0)
(-0.113638 0.108101 0)
(-0.138418 0.118766 0)
(-0.164676 0.128638 0)
(-0.192197 0.137436 0)
(-0.220706 0.144806 0)
(-0.249867 0.150372 0)
(-0.279304 0.153766 0)
(-0.308613 0.154665 0)
(-0.337384 0.152805 0)
(-0.365206 0.148005 0)
(-0.391684 0.140163 0)
(-0.416443 0.129264 0)
(-0.439127 0.115378 0)
(-0.459402 0.0986472 0)
(-0.476955 0.079291 0)
(-0.491491 0.0575946 0)
(-0.502732 0.0339083 0)
(-0.510416 0.00864535 0)
(-0.514296 -0.0177176 0)
(-0.51415 -0.0446395 0)
(-0.509773 -0.0715159 0)
(-0.500993 -0.0976787 0)
(-0.487688 -0.122404 0)
(-0.469805 -0.144927 0)
(-0.447386 -0.164461 0)
(-0.4206 -0.180236 0)
(-0.389774 -0.19154 0)
(-0.355419 -0.197776 0)
(-0.318244 -0.19853 0)
(-0.279152 -0.193625 0)
(-0.239211 -0.18318 0)
(-0.199598 -0.167632 0)
(-0.161522 -0.147737 0)
(-0.126128 -0.124539 0)
(-0.0944064 -0.0992998 0)
(-0.0671061 -0.0734193 0)
(-0.0446816 -0.0483464 0)
(-0.0272666 -0.025509 0)
(-0.0146795 -0.00627287 0)
(-0.00645313 0.00806455 0)
(-0.00187313 0.016248 0)
(-1.1697e-05 0.0170129 0)
(0.000147188 0.0090238 0)
(-0.000698738 0.0128131 0)
(-0.0080597 0.0363893 0)
(-0.020682 0.0572794 0)
(-0.0372969 0.0755512 0)
(-0.0567399 0.0917563 0)
(-0.0784458 0.106509 0)
(-0.102113 0.120271 0)
(-0.127555 0.133267 0)
(-0.154617 0.145481 0)
(-0.183119 0.156705 0)
(-0.212825 0.166598 0)
(-0.243442 0.174749 0)
(-0.274625 0.180735 0)
(-0.305993 0.184159 0)
(-0.337148 0.184683 0)
(-0.36769 0.182046 0)
(-0.397225 0.176074 0)
(-0.425376 0.166684 0)
(-0.451785 0.153881 0)
(-0.476113 0.137752 0)
(-0.498044 0.118462 0)
(-0.517281 0.0962462 0)
(-0.533544 0.0714064 0)
(-0.54657 0.044307 0)
(-0.556104 0.0153739 0)
(-0.561903 -0.0149045 0)
(-0.563731 -0.0459739 0)
(-0.561351 -0.0772127 0)
(-0.554535 -0.107923 0)
(-0.543073 -0.137336 0)
(-0.526796 -0.164612 0)
(-0.505605 -0.188863 0)
(-0.479506 -0.209177 0)
(-0.448661 -0.224663 0)
(-0.413428 -0.234521 0)
(-0.374402 -0.23811 0)
(-0.332432 -0.235045 0)
(-0.288611 -0.225265 0)
(-0.24423 -0.209103 0)
(-0.200699 -0.187301 0)
(-0.159429 -0.160997 0)
(-0.121711 -0.131649 0)
(-0.0885967 -0.100937 0)
(-0.0608031 -0.0706438 0)
(-0.0386667 -0.0425444 0)
(-0.0221366 -0.018335 0)
(-0.0108067 0.000396889 0)
(-0.00397008 0.012157 0)
(-0.000684842 0.0154939 0)
(0.000120414 0.00893181 0)
(-0.000809906 0.017214 0)
(-0.00915357 0.0472976 0)
(-0.0233057 0.0728773 0)
(-0.0417699 0.094566 0)
(-0.0631983 0.113382 0)
(-0.0869424 0.130275 0)
(-0.112656 0.145909 0)
(-0.140125 0.160593 0)
(-0.169173 0.174318 0)
(-0.199598 0.186833 0)
(-0.231149 0.197744 0)
(-0.263518 0.206588 0)
(-0.296353 0.212902 0)
(-0.329276 0.216268 0)
(-0.361894 0.216338 0)
(-0.393817 0.212857 0)
(-0.424666 0.205664 0)
(-0.454077 0.194693 0)
(-0.481709 0.179968 0)
(-0.507245 0.1616 0)
(-0.530391 0.139774 0)
(-0.55088 0.114746 0)
(-0.56847 0.0868334 0)
(-0.582934 0.0564157 0)
(-0.594054 0.0239257 0)
(-0.601616 -0.010147 0)
(-0.605402 -0.0452523 0)
(-0.60517 -0.0807756 0)
(-0.600657 -0.116021 0)
(-0.591584 -0.150206 0)
(-0.57767 -0.182457 0)
(-0.558663 -0.211811 0)
(-0.534381 -0.237236 0)
(-0.50477 -0.257668 0)
(-0.469967 -0.272079 0)
(-0.430367 -0.279563 0)
(-0.386672 -0.279446 0)
(-0.339911 -0.271402 0)
(-0.291423 -0.255555 0)
(-0.242779 -0.232541 0)
(-0.195665 -0.20352 0)
(-0.151719 -0.170119 0)
(-0.112369 -0.134309 0)
(-0.0786875 -0.0982561 0)
(-0.0513008 -0.0641565 0)
(-0.0303581 -0.0341173 0)
(-0.0155586 -0.0100887 0)
(-0.00622142 0.00613906 0)
(-0.00138506 0.0128884 0)
(9.91727e-05 0.00851353 0)
(-0.000906922 0.0221565 0)
(-0.0101148 0.0594264 0)
(-0.0256109 0.0900807 0)
(-0.0456929 0.115383 0)
(-0.0688473 0.136893 0)
(-0.0943483 0.155948 0)
(-0.121806 0.173438 0)
(-0.150977 0.189768 0)
(-0.181661 0.204939 0)
(-0.213638 0.218664 0)
(-0.24664 0.230498 0)
(-0.280349 0.239932 0)
(-0.314408 0.246469 0)
(-0.348438 0.249674 0)
(-0.382051 0.249197 0)
(-0.414865 0.244788 0)
(-0.446508 0.236302 0)
(-0.47663 0.223692 0)
(-0.504907 0.20701 0)
(-0.531048 0.186391 0)
(-0.554797 0.162052 0)
(-0.575935 0.134275 0)
(-0.594273 0.103404 0)
(-0.60965 0.069832 0)
(-0.621913 0.0339971 0)
(-0.630902 -0.00361982 0)
(-0.636447 -0.0424895 0)
(-0.638336 -0.0820305 0)
(-0.6363 -0.121584 0)
(-0.630017 -0.160398 0)
(-0.619116 -0.197608 0)
(-0.603203 -0.232226 0)
(-0.581896 -0.263142 0)
(-0.554896 -0.289145 0)
(-0.522059 -0.308986 0)
(-0.483495 -0.321462 0)
(-0.439649 -0.32555 0)
(-0.391369 -0.320554 0)
(-0.33993 -0.306265 0)
(-0.286987 -0.283079 0)
(-0.234458 -0.252066 0)
(-0.184348 -0.214944 0)
(-0.13853 -0.17396 0)
(-0.0985311 -0.131697 0)
(-0.0653803 -0.0908573 0)
(-0.0395246 -0.0540606 0)
(-0.0208384 -0.0237222 0)
(-0.00870287 -0.00201235 0)
(-0.00214436 0.00910073 0)
(7.975e-05 0.00775282 0)
(-0.000984314 0.0275611 0)
(-0.010901 0.0725964 0)
(-0.0275064 0.108652 0)
(-0.0489232 0.137729 0)
(-0.0734947 0.161995 0)
(-0.100424 0.183212 0)
(-0.129277 0.202518 0)
(-0.159779 0.22043 0)
(-0.191706 0.23696 0)
(-0.224818 0.251792 0)
(-0.258832 0.264432 0)
(-0.293419 0.274331 0)
(-0.328216 0.280965 0)
(-0.362842 0.283883 0)
(-0.396909 0.282735 0)
(-0.430036 0.277281 0)
(-0.461858 0.267394 0)
(-0.492037 0.253055 0)
(-0.520275 0.234348 0)
(-0.546314 0.211449 0)
(-0.569949 0.184616 0)
(-0.591024 0.154173 0)
(-0.609427 0.120496 0)
(-0.625078 0.0839988 0)
(-0.637911 0.045122 0)
(-0.64785 0.00433054 0)
(-0.654791 -0.0378835 0)
(-0.658585 -0.0809933 0)
(-0.658991 -0.124413 0)
(-0.655681 -0.167465 0)
(-0.648232 -0.209347 0)
(-0.636134 -0.249109 0)
(-0.618829 -0.28562 0)
(-0.595767 -0.317582 0)
(-0.566493 -0.343555 0)
(-0.530759 -0.362045 0)
(-0.488651 -0.371639 0)
(-0.440701 -0.371181 0)
(-0.387973 -0.359989 0)
(-0.332069 -0.338054 0)
(-0.275049 -0.306188 0)
(-0.21925 -0.266064 0)
(-0.167026 -0.220131 0)
(-0.120457 -0.1714 0)
(-0.0811005 -0.123151 0)
(-0.0498296 -0.0786423 0)
(-0.0267962 -0.0408882 0)
(-0.0115071 -0.0125594 0)
(-0.00300289 0.00399269 0)
(5.73532e-05 0.00661404 0)
(-0.00103716 0.0333262 0)
(-0.0114742 0.0865866 0)
(-0.0289118 0.128307 0)
(-0.0513363 0.161287 0)
(-0.0769746 0.188346 0)
(-0.104965 0.211705 0)
(-0.134828 0.232771 0)
(-0.166255 0.252176 0)
(-0.198996 0.269957 0)
(-0.232792 0.285768 0)
(-0.267342 0.299074 0)
(-0.302307 0.309289 0)
(-0.337315 0.315864 0)
(-0.371978 0.318337 0)
(-0.405906 0.316359 0)
(-0.438716 0.309704 0)
(-0.470051 0.29827 0)
(-0.499592 0.282075 0)
(-0.527068 0.261251 0)
(-0.55227 0.23603 0)
(-0.575054 0.206725 0)
(-0.59534 0.173715 0)
(-0.613105 0.137418 0)
(-0.628363 0.0982745 0)
(-0.641147 0.0567285 0)
(-0.651473 0.013223 0)
(-0.659332 -0.0317991 0)
(-0.664651 -0.077883 0)
(-0.667253 -0.124544 0)
(-0.666841 -0.171217 0)
(-0.662985 -0.217218 0)
(-0.655115 -0.261695 0)
(-0.642542 -0.303579 0)
(-0.624498 -0.341555 0)
(-0.600224 -0.37407 0)
(-0.569084 -0.399382 0)
(-0.530722 -0.415685 0)
(-0.485227 -0.421307 0)
(-0.433286 -0.414968 0)
(-0.376269 -0.396067 0)
(-0.316219 -0.364938 0)
(-0.255706 -0.323007 0)
(-0.197542 -0.272777 0)
(-0.144426 -0.217632 0)
(-0.0985712 -0.161481 0)
(-0.061431 -0.108349 0)
(-0.0335728 -0.0620169 0)
(-0.0147267 -0.0258194 0)
(-0.00400225 -0.00262046 0)
(2.6821e-05 0.00503984 0)
(-0.0010615 0.0393314 0)
(-0.0118037 0.10114 0)
(-0.0297613 0.14872 0)
(-0.0528311 0.185699 0)
(-0.0791538 0.215572 0)
(-0.107809 0.241037 0)
(-0.138269 0.263785 0)
(-0.17019 0.284575 0)
(-0.203294 0.303474 0)
(-0.237299 0.320113 0)
(-0.271888 0.333921 0)
(-0.306709 0.344276 0)
(-0.34138 0.350607 0)
(-0.375504 0.352444 0)
(-0.408686 0.349442 0)
(-0.440546 0.341397 0)
(-0.470738 0.328241 0)
(-0.498966 0.310043 0)
(-0.525 0.286999 0)
(-0.548687 0.25941 0)
(-0.569953 0.227664 0)
(-0.588803 0.192204 0)
(-0.605302 0.153499 0)
(-0.619562 0.112021 0)
(-0.631713 0.0682178 0)
(-0.64187 0.0225083 0)
(-0.650118 -0.0247203 0)
(-0.656473 -0.0730963 0)
(-0.660846 -0.122252 0)
(-0.663005 -0.171764 0)
(-0.662564 -0.221109 0)
(-0.658955 -0.269593 0)
(-0.651424 -0.316285 0)
(-0.639058 -0.359955 0)
(-0.620845 -0.399031 0)
(-0.595781 -0.431616 0)
(-0.563037 -0.45557 0)
(-0.522164 -0.468697 0)
(-0.473314 -0.469031 0)
(-0.417425 -0.455203 0)
(-0.356309 -0.426828 0)
(-0.292585 -0.384807 0)
(-0.229431 -0.331461 0)
(-0.170163 -0.270402 0)
(-0.117757 -0.206156 0)
(-0.0744083 -0.143628 0)
(-0.041272 -0.0875591 0)
(-0.0184397 -0.0421543 0)
(-0.00517972 -0.0109668 0)
(-1.66362e-05 0.00295224 0)
(-0.00105467 0.0454418 0)
(-0.0118672 0.115973 0)
(-0.0300073 0.169538 0)
(-0.0533344 0.210581 0)
(-0.0799365 0.24327 0)
(-0.10884 0.270791 0)
(-0.13947 0.295128 0)
(-0.171441 0.317177 0)
(-0.204445 0.337041 0)
(-0.238178 0.354337 0)
(-0.272305 0.368458 0)
(-0.306461 0.378753 0)
(-0.340253 0.384631 0)
(-0.373277 0.385615 0)
(-0.405137 0.381374 0)
(-0.435459 0.371731 0)
(-0.463917 0.356667 0)
(-0.490249 0.336319 0)
(-0.514273 0.310958 0)
(-0.535899 0.280973 0)
(-0.555128 0.246836 0)
(-0.572046 0.209062 0)
(-0.586804 0.16818 0)
(-0.599602 0.124691 0)
(-0.610655 0.0790502 0)
(-0.620167 0.031651 0)
(-0.628306 -0.0171759 0)
(-0.63518 -0.0671442 0)
(-0.640795 -0.118007 0)
(-0.645008 -0.169496 0)
(-0.647518 -0.221271 0)
(-0.647818 -0.272844 0)
(-0.645176 -0.323491 0)
(-0.638625 -0.372159 0)
(-0.626992 -0.417382 0)
(-0.608984 -0.457236 0)
(-0.58333 -0.48936 0)
(-0.549009 -0.511101 0)
(-0.505525 -0.51979 0)
(-0.453188 -0.513165 0)
(-0.393335 -0.489874 0)
(-0.328391 -0.449977 0)
(-0.261701 -0.395279 0)
(-0.197123 -0.329365 0)
(-0.138436 -0.257267 0)
(-0.08873 -0.184829 0)
(-0.04994 -0.117948 0)
(-0.0226986 -0.0619494 0)
(-0.00656417 -0.0213062 0)
(-7.70326e-05 0.000255794 0)
(-0.00101553 0.0515126 0)
(-0.0116528 0.130783 0)
(-0.0296225 0.190385 0)
(-0.0528041 0.235526 0)
(-0.0792687 0.271024 0)
(-0.107997 0.300541 0)
(-0.138364 0.326361 0)
(-0.16994 0.349527 0)
(-0.202386 0.370187 0)
(-0.235374 0.387948 0)
(-0.268554 0.402178 0)
(-0.301547 0.412197 0)
(-0.333954 0.417397 0)
(-0.365368 0.417304 0)
(-0.395397 0.411603 0)
(-0.423685 0.400159 0)
(-0.449934 0.383017 0)
(-0.473925 0.360391 0)
(-0.495532 0.332648 0)
(-0.514732 0.300271 0)
(-0.531599 0.263823 0)
(-0.546291 0.223898 0)
(-0.559033 0.181078 0)
(-0.570093 0.135899 0)
(-0.579756 0.0888197 0)
(-0.588289 0.0402092 0)
(-0.595927 -0.00965421 0)
(-0.602856 -0.0605652 0)
(-0.609168 -0.112389 0)
(-0.614821 -0.165007 0)
(-0.619622 -0.218268 0)
(-0.623177 -0.271908 0)
(-0.62485 -0.325458 0)
(-0.623721 -0.378127 0)
(-0.618582 -0.428671 0)
(-0.607965 -0.475291 0)
(-0.590262 -0.515573 0)
(-0.563922 -0.546548 0)
(-0.527759 -0.564919 0)
(-0.481312 -0.567481 0)
(-0.425206 -0.55173 0)
(-0.361379 -0.516555 0)
(-0.293072 -0.46284 0)
(-0.224494 -0.393759 0)
(-0.160188 -0.31461 0)
(-0.104236 -0.232136 0)
(-0.0595524 -0.153551 0)
(-0.0275244 -0.0855855 0)
(-0.00817427 -0.0339164 0)
(-0.000157667 -0.00315781 0)
(-0.000944651 0.057396 0)
(-0.0111596 0.145259 0)
(-0.028602 0.210876 0)
(-0.0512309 0.260124 0)
(-0.0771391 0.298411 0)
(-0.105271 0.329859 0)
(-0.134947 0.357047 0)
(-0.165697 0.381177 0)
(-0.197145 0.402452 0)
(-0.228941 0.42048 0)
(-0.260721 0.434605 0)
(-0.292099 0.444128 0)
(-0.322674 0.448428 0)
(-0.352045 0.447038 0)
(-0.379834 0.439675 0)
(-0.405713 0.426257 0)
(-0.429422 0.406902 0)
(-0.450794 0.38192 0)
(-0.469764 0.351777 0)
(-0.486373 0.317059 0)
(-0.500759 0.27842 0)
(-0.513142 0.23653 0)
(-0.523802 0.192021 0)
(-0.533053 0.145457 0)
(-0.541222 0.0972977 0)
(-0.548616 0.0478905 0)
(-0.55551 -0.00253302 0)
(-0.562143 -0.053839 0)
(-0.56868 -0.105986 0)
(-0.575165 -0.158987 0)
(-0.581524 -0.21286 0)
(-0.587505 -0.267562 0)
(-0.59262 -0.322896 0)
(-0.596092 -0.378382 0)
(-0.596794 -0.433101 0)
(-0.593242 -0.485529 0)
(-0.583634 -0.533392 0)
(-0.566015 -0.573614 0)
(-0.538557 -0.602437 0)
(-0.499969 -0.615785 0)
(-0.449979 -0.609906 0)
(-0.389749 -0.582237 0)
(-0.322081 -0.532302 0)
(-0.251247 -0.46238 0)
(-0.182398 -0.377625 0)
(-0.120632 -0.285502 0)
(-0.0700086 -0.194625 0)
(-0.0329029 -0.113407 0)
(-0.0100178 -0.0490754 0)
(-0.000261442 -0.00740414 0)
(-0.000844221 0.0629466 0)
(-0.0103981 0.159093 0)
(-0.026963 0.230627 0)
(-0.0486386 0.283963 0)
(-0.0735795 0.325014 0)
(-0.100704 0.358324 0)
(-0.129282 0.386764 0)
(-0.158794 0.411703 0)
(-0.188834 0.433409 0)
(-0.21903 0.451501 0)
(-0.249009 0.465313 0)
(-0.278382 0.474127 0)
(-0.306756 0.477323 0)
(-0.333747 0.474448 0)
(-0.359003 0.46526 0)
(-0.382232 0.449743 0)
(-0.403224 0.428102 0)
(-0.421868 0.400745 0)
(-0.438158 0.368247 0)
(-0.452195 0.331295 0)
(-0.464171 0.290628 0)
(-0.474351 0.246983 0)
(-0.483047 0.201037 0)
(-0.490597 0.15337 0)
(-0.497343 0.10444 0)
(-0.503606 0.0545727 0)
(-0.50967 0.00396064 0)
(-0.515807 -0.0473221 0)
(-0.522221 -0.0993034 0)
(-0.529028 -0.152098 0)
(-0.53626 -0.205863 0)
(-0.543806 -0.260745 0)
(-0.551362 -0.316804 0)
(-0.558348 -0.373885 0)
(-0.56383 -0.431456 0)
(-0.566446 -0.488391 0)
(-0.564387 -0.54275 0)
(-0.55547 -0.591594 0)
(-0.537367 -0.630961 0)
(-0.508004 -0.656091 0)
(-0.466119 -0.662027 0)
(-0.411857 -0.644575 0)
(-0.347234 -0.601497 0)
(-0.276221 -0.533609 0)
(-0.204303 -0.445371 0)
(-0.137503 -0.344601 0)
(-0.0811326 -0.241261 0)
(-0.038784 -0.14569 0)
(-0.0120914 -0.0670445 0)
(-0.000390906 -0.0126005 0)
(-0.000717981 0.0680279 0)
(-0.00938941 0.171989 0)
(-0.0247445 0.249269 0)
(-0.0450829 0.306646 0)
(-0.0686632 0.350431 0)
(-0.09439 0.385537 0)
(-0.121486 0.415117 0)
(-0.149386 0.44071 0)
(-0.177648 0.462667 0)
(-0.205885 0.480633 0)
(-0.23372 0.493936 0)
(-0.260772 0.501855 0)
(-0.286665 0.503775 0)
(-0.31104 0.499272 0)
(-0.333586 0.488155 0)
(-0.354055 0.47048 0)
(-0.372293 0.446548 0)
(-0.388246 0.416873 0)
(-0.401965 0.382132 0)
(-0.4136 0.343107 0)
(-0.423382 0.300617 0)
(-0.431603 0.255451 0)
(-0.438589 0.208317 0)
(-0.444677 0.159803 0)
(-0.450202 0.11036 0)
(-0.455473 0.0602904 0)
(-0.460765 0.00975388 0)
(-0.466346 -0.0412191 0)
(-0.472439 -0.0927055 0)
(-0.479208 -0.144887 0)
(-0.486761 -0.198019 0)
(-0.495117 -0.252393 0)
(-0.504146 -0.308284 0)
(-0.513497 -0.365839 0)
(-0.522489 -0.424924 0)
(-0.530005 -0.484891 0)
(-0.534397 -0.544288 0)
(-0.533468 -0.600564 0)
(-0.524599 -0.649854 0)
(-0.505083 -0.68702 0)
(-0.472694 -0.706091 0)
(-0.426418 -0.70122 0)
(-0.367177 -0.668094 0)
(-0.298237 -0.605505 0)
(-0.225046 -0.516537 0)
(-0.154336 -0.408796 0)
(-0.09268 -0.293351 0)
(-0.0450835 -0.182609 0)
(-0.0143806 -0.0880507 0)
(-0.000548013 -0.0188606 0)
(-0.000570939 0.0725183 0)
(-0.00816438 0.183676 0)
(-0.0220053 0.266451 0)
(-0.0406493 0.327794 0)
(-0.0625012 0.374281 0)
(-0.0864692 0.411126 0)
(-0.111734 0.441742 0)
(-0.137683 0.467847 0)
(-0.163847 0.489889 0)
(-0.189823 0.507553 0)
(-0.215238 0.52018 0)
(-0.239729 0.527053 0)
(-0.262945 0.527576 0)
(-0.284567 0.521359 0)
(-0.30433 0.508273 0)
(-0.322042 0.488457 0)
(-0.337603 0.462307 0)
(-0.351014 0.43044 0)
(-0.362377 0.393632 0)
(-0.371878 0.352749 0)
(-0.379773 0.308674 0)
(-0.386362 0.262234 0)
(-0.391964 0.214157 0)
(-0.396901 0.165028 0)
(-0.401481 0.115281 0)
(-0.405982 0.0651961 0)
(-0.410653 0.014906 0)
(-0.415737 -0.0355882 0)
(-0.421454 -0.0863938 0)
(-0.427987 -0.137729 0)
(-0.435493 -0.189904 0)
(-0.444084 -0.243306 0)
(-0.453785 -0.298363 0)
(-0.464458 -0.355474 0)
(-0.475701 -0.414869 0)
(-0.486708 -0.476395 0)
(-0.496129 -0.539191 0)
(-0.501953 -0.601294 0)
(-0.501513 -0.659257 0)
(-0.491704 -0.707935 0)
(-0.469482 -0.74068 0)
(-0.43266 -0.750151 0)
(-0.380846 -0.729816 0)
(-0.316221 -0.675948 0)
(-0.243755 -0.589509 0)
(-0.170558 -0.477146 0)
(-0.104352 -0.350561 0)
(-0.0516858 -0.224214 0)
(-0.0168599 -0.11227 0)
(-0.000733931 -0.0262893 0)
(-0.000409052 0.0763151 0)
(-0.00676202 0.193913 0)
(-0.0188216 0.281859 0)
(-0.0354492 0.347063 0)
(-0.0552381 0.396216 0)
(-0.0771199 0.434752 0)
(-0.100241 0.466316 0)
(-0.123949 0.492807 0)
(-0.147744 0.514789 0)
(-0.171216 0.532005 0)
(-0.194001 0.543822 0)
(-0.215761 0.549544 0)
(-0.236184 0.548601 0)
(-0.254999 0.540651 0)
(-0.271993 0.52563 0)
(-0.287032 0.503762 0)
(-0.300071 0.475539 0)
(-0.311161 0.441673 0)
(-0.320442 0.403027 0)
(-0.328124 0.36054 0)
(-0.334471 0.31514 0)
(-0.339777 0.267682 0)
(-0.34434 0.218895 0)
(-0.348452 0.169356 0)
(-0.352381 0.119475 0)
(-0.356366 0.0695083 0)
(-0.360615 0.0195651 0)
(-0.365336 -0.0303719 0)
(-0.37073 -0.0804234 0)
(-0.376974 -0.13082 0)
(-0.384244 -0.18189 0)
(-0.392715 -0.234065 0)
(-0.40252 -0.287867 0)
(-0.413702 -0.343871 0)
(-0.426113 -0.40261 0)
(-0.439281 -0.464383 0)
(-0.452228 -0.528948 0)
(-0.463286 -0.595069 0)
(-0.469977 -0.659986 0)
(-0.469072 -0.718947 0)
(-0.456957 -0.76507 0)
(-0.430391 -0.789861 0)
(-0.387583 -0.784635 0)
(-0.329314 -0.742799 0)
(-0.259629 -0.662471 0)
(-0.185584 -0.548438 0)
(-0.115815 -0.412323 0)
(-0.0584505 -0.270407 0)
(-0.0194938 -0.139815 0)
(-0.000948847 -0.0349778 0)
(-0.000238835 0.0793392 0)
(-0.00522753 0.202502 0)
(-0.0152841 0.295216 0)
(-0.0296164 0.364143 0)
(-0.0470468 0.415923 0)
(-0.0665537 0.456115 0)
(-0.0872621 0.488559 0)
(-0.108483 0.515335 0)
(-0.12969 0.537139 0)
(-0.15047 0.553792 0)
(-0.170475 0.564707 0)
(-0.189401 0.569221 0)
(-0.20698 0.566803 0)
(-0.222997 0.557164 0)
(-0.237295 0.540309 0)
(-0.249797 0.516546 0)
(-0.260511 0.486456 0)
(-0.269528 0.450837 0)
(-0.277013 0.410625 0)
(-0.28319 0.366812 0)
(-0.288316 0.320361 0)
(-0.292666 0.272137 0)
(-0.296506 0.222863 0)
(-0.300088 0.173094 0)
(-0.303636 0.123217 0)
(-0.307346 0.0734622 0)
(-0.31138 0.023919 0)
(-0.315905 -0.0254409 0)
(-0.321092 -0.07474 0)
(-0.3271 -0.124202 0)
(-0.334101 -0.174148 0)
(-0.342295 -0.225013 0)
(-0.351884 -0.277354 0)
(-0.363037 -0.33185 0)
(-0.375817 -0.389246 0)
(-0.390053 -0.450219 0)
(-0.405156 -0.515103 0)
(-0.419893 -0.583437 0)
(-0.43216 -0.653342 0)
(-0.438879 -0.720819 0)
(-0.436174 -0.779246 0)
(-0.419985 -0.819471 0)
(-0.387181 -0.830942 0)
(-0.336954 -0.804077 0)
(-0.272011 -0.733528 0)
(-0.19887 -0.621253 0)
(-0.12673 -0.477857 0)
(-0.0652223 -0.320944 0)
(-0.0222384 -0.170721 0)
(-0.00119183 -0.0449993 0)
(-6.69687e-05 0.0815373 0)
(-0.00361021 0.209288 0)
(-0.0114939 0.306297 0)
(-0.0233021 0.378769 0)
(-0.0381229 0.43313 0)
(-0.0550082 0.474957 0)
(-0.0730767 0.508235 0)
(-0.0916097 0.535223 0)
(-0.11006 0.556762 0)
(-0.128013 0.572773 0)
(-0.145141 0.582736 0)
(-0.16118 0.586035 0)
(-0.175914 0.582187 0)
(-0.189182 0.570962 0)
(-0.20089 0.552434 0)
(-0.211013 0.52699 0)
(-0.219605 0.495289 0)
(-0.226789 0.4582 0)
(-0.232744 0.416718 0)
(-0.237692 0.371873 0)
(-0.241877 0.324645 0)
(-0.24554 0.275899 0)
(-0.248914 0.226341 0)
(-0.252204 0.176504 0)
(-0.25559 0.126746 0)
(-0.259223 0.0772721 0)
(-0.263226 0.0281561 0)
(-0.267719 -0.020637 0)
(-0.272842 -0.069224 0)
(-0.27873 -0.117812 0)
(-0.285534 -0.166695 0)
(-0.293453 -0.216281 0)
(-0.302719 -0.26712 0)
(-0.313577 -0.319927 0)
(-0.326235 -0.375573 0)
(-0.340766 -0.435006 0)
(-0.356936 -0.499046 0)
(-0.373963 -0.567973 0)
(-0.390235 -0.640875 0)
(-0.403049 -0.714782 0)
(-0.408583 -0.783811 0)
(-0.402284 -0.838741 0)
(-0.379876 -0.867649 0)
(-0.338913 -0.858098 0)
(-0.280444 -0.80084 0)
(-0.209959 -0.694056 0)
(-0.136779 -0.546203 0)
(-0.071843 -0.375431 0)
(-0.0250451 -0.204948 0)
(-0.00146078 -0.0564053 0)
(0.000100083 0.0828833 0)
(-0.00196126 0.214168 0)
(-0.00755915 0.314927 0)
(-0.01667 0.390726 0)
(-0.0286792 0.447611 0)
(-0.0427402 0.491061 0)
(-0.0579844 0.525153 0)
(-0.0736734 0.552308 0)
(-0.089242 0.573528 0)
(-0.104276 0.588857 0)
(-0.118474 0.597857 0)
(-0.131611 0.599979 0)
(-0.143526 0.594795 0)
(-0.154119 0.582136 0)
(-0.163351 0.562144 0)
(-0.171248 0.535274 0)
(-0.177902 0.50225 0)
(-0.183456 0.463999 0)
(-0.188097 0.421556 0)
(-0.192036 0.375973 0)
(-0.195488 0.328235 0)
(-0.198665 0.279197 0)
(-0.201754 0.229545 0)
(-0.204919 0.179782 0)
(-0.208297 0.130243 0)
(-0.211997 0.0811082 0)
(-0.216107 0.032438 0)
(-0.220707 -0.0158062 0)
(-0.225907 -0.0637307 0)
(-0.231815 -0.111521 0)
(-0.238556 -0.159435 0)
(-0.246308 -0.207837 0)
(-0.255304 -0.257239 0)
(-0.265819 -0.308339 0)
(-0.278148 -0.362055 0)
(-0.292532 -0.419505 0)
(-0.30902 -0.48187 0)
(-0.327249 -0.550071 0)
(-0.346127 -0.624149 0)
(-0.363483 -0.70232 0)
(-0.375823 -0.779834 0)
(-0.378457 -0.848015 0)
(-0.366272 -0.894226 0)
(-0.335289 -0.903572 0)
(-0.284702 -0.862738 0)
(-0.218522 -0.765283 0)
(-0.145693 -0.616275 0)
(-0.0781664 -0.433351 0)
(-0.0278643 -0.242377 0)
(-0.00175259 -0.0692248 0)
(0.00025635 0.0833785 0)
(-0.000331775 0.217094 0)
(-0.00359134 0.320994 0)
(-0.00989201 0.399854 0)
(-0.0189402 0.459187 0)
(-0.0300201 0.504256 0)
(-0.0422973 0.539162 0)
(-0.0550253 0.566472 0)
(-0.0676258 0.587352 0)
(-0.0796873 0.60199 0)
(-0.0909315 0.610054 0)
(-0.101177 0.611073 0)
(-0.110318 0.604685 0)
(-0.11831 0.590782 0)
(-0.125169 0.569567 0)
(-0.130968 0.541552 0)
(-0.135827 0.507514 0)
(-0.139905 0.468418 0)
(-0.143384 0.425322 0)
(-0.146458 0.379289 0)
(-0.149314 0.331297 0)
(-0.152123 0.282183 0)
(-0.155034 0.23261 0)
(-0.158169 0.183055 0)
(-0.161624 0.133826 0)
(-0.165478 0.0850867 0)
(-0.169785 0.0368848 0)
(-0.174594 -0.010819 0)
(-0.179989 -0.0581194 0)
(-0.186056 -0.105178 0)
(-0.192887 -0.152216 0)
(-0.200637 -0.199548 0)
(-0.209516 -0.247625 0)
(-0.219798 -0.297098 0)
(-0.231811 -0.348872 0)
(-0.245892 -0.404138 0)
(-0.262292 -0.464316 0)
(-0.280985 -0.530826 0)
(-0.30137 -0.604559 0)
(-0.321868 -0.684952 0)
(-0.339521 -0.768655 0)
(-0.349836 -0.848093 0)
(-0.347238 -0.910665 0)
(-0.326457 -0.939655 0)
(-0.284779 -0.917812 0)
(-0.22437 -0.833433 0)
(-0.153276 -0.68692 0)
(-0.0840717 -0.494088 0)
(-0.0306513 -0.282824 0)
(-0.00206346 -0.0834645 0)
(0.000396664 0.0830505 0)
(0.00122879 0.218071 0)
(0.000298082 0.324446 0)
(-0.00314361 0.40605 0)
(-0.00913786 0.467729 0)
(-0.0171268 0.514414 0)
(-0.0263344 0.550154 0)
(-0.0360204 0.57763 0)
(-0.0455985 0.598179 0)
(-0.0546602 0.612147 0)
(-0.06295 0.619331 0)
(-0.0703276 0.61935 0)
(-0.0767384 0.611916 0)
(-0.0821942 0.596983 0)
(-0.0867614 0.574805 0)
(-0.0905511 0.545941 0)
(-0.0937084 0.511203 0)
(-0.0964003 0.471577 0)
(-0.0988017 0.428132 0)
(-0.101083 0.381924 0)
(-0.103401 0.333919 0)
(-0.105888 0.284933 0)
(-0.108655 0.235601 0)
(-0.111787 0.186379 0)
(-0.115347 0.137552 0)
(-0.119385 0.0892696 0)
(-0.123933 0.0415714 0)
(-0.129014 -0.00558078 0)
(-0.134691 -0.0522712 0)
(-0.141034 -0.0986386 0)
(-0.148108 -0.144869 0)
(-0.156037 -0.191225 0)
(-0.165002 -0.238096 0)
(-0.175252 -0.286065 0)
(-0.187109 -0.335982 0)
(-0.20095 -0.389041 0)
(-0.217141 -0.446784 0)
(-0.235902 -0.510978 0)
(-0.257039 -0.583212 0)
(-0.279552 -0.664061 0)
(-0.301132 -0.751694 0)
(-0.317759 -0.840079 0)
(-0.323786 -0.917398 0)
(-0.312996 -0.965939 0)
(-0.280865 -0.96496 0)
(-0.227457 -0.897133 0)
(-0.159412 -0.75698 0)
(-0.0894755 -0.556965 0)
(-0.0333712 -0.326052 0)
(-0.00238939 -0.0991123 0)
(0.000516834 0.0819515 0)
(0.00267543 0.217158 0)
(0.00400034 0.325297 0)
(0.00339913 0.409276 0)
(0.000493388 0.473165 0)
(-0.00434344 0.52145 0)
(-0.0104182 0.558054 0)
(-0.017013 0.58573 0)
(-0.0235405 0.605981 0)
(-0.0295957 0.619326 0)
(-0.034943 0.625704 0)
(-0.0394792 0.624845 0)
(-0.0431978 0.616539 0)
(-0.0461615 0.600799 0)
(-0.0484826 0.577925 0)
(-0.0503072 0.548507 0)
(-0.0518006 0.513378 0)
(-0.0531341 0.473529 0)
(-0.0544721 0.430026 0)
(-0.0559626 0.383908 0)
(-0.0577306 0.336119 0)
(-0.0598753 0.287451 0)
(-0.0624713 0.238518 0)
(-0.0655713 0.189752 0)
(-0.0692121 0.141424 0)
(-0.07342 0.0936712 0)
(-0.0782118 0.0465302 0)
(-0.0835899 -3.37862e-05 0)
(-0.0896039 -0.0460983 0)
(-0.0963132 -0.0917777 0)
(-0.10376 -0.137229 0)
(-0.112041 -0.18267 0)
(-0.121305 -0.228428 0)
(-0.131764 -0.275012 0)
(-0.143711 -0.323198 0)
(-0.157514 -0.37413 0)
(-0.17359 -0.429384 0)
(-0.192306 -0.490932 0)
(-0.213776 -0.560882 0)
(-0.237501 -0.64078 0)
(-0.261844 -0.730298 0)
(-0.283449 -0.82522 0)
(-0.296953 -0.915181 0)
(-0.295602 -0.982408 0)
(-0.273294 -1.0034 0)
(-0.227859 -0.955185 0)
(-0.164073 -0.825331 0)
(-0.0943395 -0.621282 0)
(-0.036004 -0.371795 0)
(-0.00272684 -0.116143 0)
(0.00061394 0.0801549 0)
(0.00396866 0.21447 0)
(0.00741428 0.323627 0)
(0.00956375 0.409552 0)
(0.00971732 0.47547 0)
(0.00804421 0.525326 0)
(0.00512765 0.562825 0)
(0.00164478 0.590749 0)
(-0.00182496 0.610753 0)
(-0.00488024 0.623537 0)
(-0.00730227 0.6292 0)
(-0.00901995 0.627591 0)
(-0.0100695 0.618589 0)
(-0.0105598 0.602265 0)
(-0.0106446 0.578956 0)
(-0.0105015 0.549272 0)
(-0.010314 0.51405 0)
(-0.0102563 0.474273 0)
(-0.0104829 0.430988 0)
(-0.0111209 0.385211 0)
(-0.0122676 0.337859 0)
(-0.0139916 0.289697 0)
(-0.0163374 0.241317 0)
(-0.019331 0.193135 0)
(-0.0229866 0.145411 0)
(-0.0273135 0.0982757 0)
(-0.0323172 0.0517654 0)
(-0.0379888 0.00585081 0)
(-0.0443651 -0.0395396 0)
(-0.0514995 -0.0844964 0)
(-0.0594221 -0.129154 0)
(-0.0682049 -0.173694 0)
(-0.0779651 -0.21839 0)
(-0.088877 -0.263679 0)
(-0.101188 -0.310256 0)
(-0.115232 -0.359188 0)
(-0.131421 -0.412018 0)
(-0.15019 -0.470811 0)
(-0.171852 -0.538013 0)
(-0.196304 -0.615943 0)
(-0.222531 -0.705626 0)
(-0.247928 -0.804765 0)
(-0.267708 -0.904978 0)
(-0.275005 -0.989365 0)
(-0.262483 -1.03266 0)
(-0.225744 -1.00658 0)
(-0.1673 -0.890925 0)
(-0.0986728 -0.686342 0)
(-0.0385495 -0.419782 0)
(-0.00307347 -0.134527 0)
(0.000685982 0.0777524 0)
(0.00507463 0.210165 0)
(0.0104478 0.319584 0)
(0.0151867 0.406973 0)
(0.0183017 0.474683 0)
(0.0197493 0.526041 0)
(0.0199785 0.564456 0)
(0.0196033 0.592682 0)
(0.0191835 0.612501 0)
(0.0191136 0.624795 0)
(0.0195996 0.629834 0)
(0.0206863 0.627604 0)
(0.0223005 0.618076 0)
(0.0242926 0.601378 0)
(0.0264705 0.577879 0)
(0.0286275 0.548199 0)
(0.0305629 0.513163 0)
(0.0320978 0.473736 0)
(0.0330853 0.430932 0)
(0.033415 0.385737 0)
(0.0330122 0.339034 0)
(0.0318332 0.291564 0)
(0.029858 0.243897 0)
(0.0270823 0.196439 0)
(0.0235092 0.14944 0)
(0.0191426 0.103032 0)
(0.0139844 0.0572543 0)
(0.00804874 0.0120838 0)
(0.00131175 -0.0325464 0)
(-0.00627772 -0.0767091 0)
(-0.0147485 -0.12052 0)
(-0.0241517 -0.164128 0)
(-0.0345772 -0.207765 0)
(-0.0461616 -0.251804 0)
(-0.0591052 -0.296865 0)
(-0.0736896 -0.343924 0)
(-0.0902874 -0.394456 0)
(-0.109339 -0.450529 0)
(-0.131262 -0.514779 0)
(-0.156232 -0.590078 0)
(-0.183752 -0.678588 0)
(-0.211972 -0.779864 0)
(-0.23688 -0.887836 0)
(-0.251896 -0.987351 0)
(-0.248872 -1.05254 0)
(-0.221325 -1.05051 0)
(-0.169189 -0.952795 0)
(-0.102529 -0.751481 0)
(-0.0410297 -0.469754 0)
(-0.0034289 -0.15424 0)
(0.000731841 0.0748504 0)
(0.00596496 0.20445 0)
(0.0130179 0.313379 0)
(0.0201141 0.401704 0)
(0.0260212 0.470906 0)
(0.0304862 0.523648 0)
(0.0338065 0.562972 0)
(0.03651 0.591542 0)
(0.0391205 0.611237 0)
(0.0420196 0.623112 0)
(0.0454015 0.627616 0)
(0.0492904 0.62488 0)
(0.0535821 0.614978 0)
(0.058091 0.598096 0)
(0.0625908 0.57463 0)
(0.0668465 0.545198 0)
(0.0706394 0.510605 0)
(0.0737832 0.471783 0)
(0.0761339 0.429708 0)
(0.0775916 0.385323 0)
(0.0780979 0.33948 0)
(0.0776276 0.29289 0)
(0.076179 0.246105 0)
(0.073764 0.199521 0)
(0.070399 0.153387 0)
(0.0660972 0.107837 0)
(0.0608658 0.0629169 0)
(0.054717 0.018612 0)
(0.0476362 -0.025137 0)
(0.0395781 -0.0683916 0)
(0.0305122 -0.111251 0)
(0.0204018 -0.153843 0)
(0.00917843 -0.196366 0)
(-0.00326146 -0.239147 0)
(-0.0170738 -0.282736 0)
(-0.0324826 -0.328026 0)
(-0.0497995 -0.376397 0)
(-0.0694275 -0.429867 0)
(-0.091813 -0.491143 0)
(-0.117298 -0.563451 0)
(-0.145783 -0.64983 0)
(-0.176103 -0.751492 0)
(-0.205116 -0.864801 0)
(-0.226869 -0.977061 0)
(-0.232872 -1.06303 0)
(-0.214823 -1.08631 0)
(-0.169859 -1.01005 0)
(-0.105996 -0.816069 0)
(-0.0434915 -0.521494 0)
(-0.00379565 -0.175273 0)
(0.000751137 0.0715674 0)
(0.0066163 0.197569 0)
(0.0150504 0.305287 0)
(0.0242022 0.393982 0)
(0.032658 0.46431 0)
(0.0399734 0.518252 0)
(0.0462837 0.558431 0)
(0.0520098 0.587364 0)
(0.0576203 0.606982 0)
(0.0634728 0.6185 0)
(0.0697475 0.622547 0)
(0.0764507 0.619407 0)
(0.0834529 0.609261 0)
(0.0905375 0.592361 0)
(0.0974465 0.569122 0)
(0.103918 0.540156 0)
(0.109712 0.506239 0)
(0.114632 0.468259 0)
(0.11853 0.427145 0)
(0.121311 0.383795 0)
(0.122924 0.33902 0)
(0.123355 0.293504 0)
(0.122615 0.247781 0)
(0.120728 0.202238 0)
(0.117717 0.157126 0)
(0.113603 0.112584 0)
(0.108397 0.0686666 0)
(0.102108 0.0253713 0)
(0.094728 -0.0173506 0)
(0.0862166 -0.0595504 0)
(0.076538 -0.101316 0)
(0.065665 -0.142764 0)
(0.0535448 -0.184069 0)
(0.040101 -0.225525 0)
(0.0252223 -0.267631 0)
(0.00874382 -0.311202 0)
(-0.00957772 -0.357525 0)
(-0.0300845 -0.408541 0)
(-0.0531972 -0.466935 0)
(-0.0793329 -0.53612 0)
(-0.108663 -0.619753 0)
(-0.140592 -0.720421 0)
(-0.172858 -0.836844 0)
(-0.200384 -0.959274 0)
(-0.214815 -1.06431 0)
(-0.206414 -1.11346 0)
(-0.169422 -1.06186 0)
(-0.109185 -0.879508 0)
(-0.0460071 -0.574832 0)
(-0.00418019 -0.19765 0)
(0.000743921 0.0680313 0)
(0.00700881 0.189802 0)
(0.016478 0.29564 0)
(0.027315 0.384116 0)
(0.0380012 0.455136 0)
(0.047932 0.510016 0)
(0.057081 0.550931 0)
(0.0657444 0.5802 0)
(0.0743137 0.599763 0)
(0.0831068 0.610969 0)
(0.0922825 0.614619 0)
(0.101829 0.611156 0)
(0.111594 0.600874 0)
(0.121334 0.58409 0)
(0.130763 0.561244 0)
(0.13959 0.532934 0)
(0.147554 0.499899 0)
(0.154442 0.462978 0)
(0.160097 0.423046 0)
(0.16442 0.380948 0)
(0.16736 0.337454 0)
(0.168908 0.293215 0)
(0.16908 0.248748 0)
(0.167904 0.204433 0)
(0.165412 0.160523 0)
(0.161626 0.117166 0)
(0.156561 0.0744272 0)
(0.150221 0.0323157 0)
(0.142605 -0.00920471 0)
(0.133675 -0.0501797 0)
(0.123392 -0.0906869 0)
(0.111733 -0.130834 0)
(0.0986604 -0.170784 0)
(0.0841203 -0.210808 0)
(0.0680378 -0.251364 0)
(0.0502988 -0.293212 0)
(0.0307285 -0.337566 0)
(0.00906617 -0.386262 0)
(-0.0150463 -0.441915 0)
(-0.0420357 -0.508002 0)
(-0.0722351 -0.588559 0)
(-0.105488 -0.68722 0)
(-0.140337 -0.804819 0)
(-0.17274 -0.934792 0)
(-0.194918 -1.05668 0)
(-0.196196 -1.13154 0)
(-0.167941 -1.10741 0)
(-0.11221 -0.941204 0)
(-0.0486755 -0.629656 0)
(-0.00459438 -0.221437 0)
(0.000710177 0.0643781 0)
(0.00712323 0.181463 0)
(0.0172352 0.284829 0)
(0.0293197 0.372486 0)
(0.0418417 0.443696 0)
(0.0540829 0.499164 0)
(0.065866 0.540611 0)
(0.0773492 0.570123 0)
(0.088825 0.589607 0)
(0.10055 0.600515 0)
(0.112649 0.603806 0)
(0.125085 0.600076 0)
(0.137684 0.589739 0)
(0.150179 0.57318 0)
(0.162255 0.550861 0)
(0.173595 0.523366 0)
(0.183914 0.491395 0)
(0.192977 0.455731 0)
(0.200612 0.417186 0)
(0.206709 0.376554 0)
(0.211211 0.334554 0)
(0.214104 0.291805 0)
(0.215404 0.248804 0)
(0.215141 0.205924 0)
(0.213345 0.16342 0)
(0.210044 0.121448 0)
(0.205251 0.0800882 0)
(0.198968 0.0393605 0)
(0.191199 -0.000757474 0)
(0.181909 -0.04031 0)
(0.171056 -0.0793629 0)
(0.158622 -0.118022 0)
(0.144581 -0.156446 0)
(0.128898 -0.194895 0)
(0.111531 -0.233804 0)
(0.0924139 -0.27389 0)
(0.0714354 -0.316295 0)
(0.0484089 -0.362769 0)
(0.0230525 -0.415845 0)
(-0.00501126 -0.478944 0)
(-0.0361876 -0.556299 0)
(-0.0706303 -0.652268 0)
(-0.107574 -0.769439 0)
(-0.144057 -0.904404 0)
(-0.173261 -1.04051 0)
(-0.184144 -1.1402 0)
(-0.165396 -1.14585 0)
(-0.115163 -1.00052 0)
(-0.0516225 -0.685903 0)
(-0.00505764 -0.246759 0)
(0.000649034 0.0607524 0)
(0.0069359 0.172899 0)
(0.0172504 0.273303 0)
(0.0300771 0.359545 0)
(0.0439651 0.430378 0)
(0.0581413 0.485982 0)
(0.0722993 0.527654 0)
(0.0864524 0.557228 0)
(0.10077 0.576547 0)
(0.115424 0.587127 0)
(0.130482 0.590064 0)
(0.145875 0.5861 0)
(0.1614 0.575762 0)
(0.176765 0.559508 0)
(0.191628 0.537823 0)
(0.205648 0.511277 0)
(0.218512 0.480526 0)
(0.229962 0.446295 0)
(0.239804 0.409333 0)
(0.247912 0.370372 0)
(0.254215 0.330082 0)
(0.258688 0.289044 0)
(0.261341 0.247734 0)
(0.262199 0.206513 0)
(0.261291 0.165639 0)
(0.258644 0.125278 0)
(0.254271 0.0855199 0)
(0.248174 0.0463987 0)
(0.240356 0.00790548 0)
(0.230789 -0.0300034 0)
(0.219435 -0.0673846 0)
(0.206276 -0.104345 0)
(0.191296 -0.141046 0)
(0.17448 -0.177749 0)
(0.155814 -0.214876 0)
(0.135274 -0.25312 0)
(0.112809 -0.29357 0)
(0.0883042 -0.33789 0)
(0.0615521 -0.388507 0)
(0.0322319 -0.448772 0)
(-6.12007e-05 -0.522939 0)
(-0.0356676 -0.615797 0)
(-0.0743737 -0.731275 0)
(-0.114259 -0.868852 0)
(-0.149754 -1.01625 0)
(-0.17008 -1.1391 0)
(-0.161633 -1.17626 0)
(-0.118084 -1.05672 0)
(-0.0550021 -0.743541 0)
(-0.00560081 -0.273819 0)
(0.00055747 0.0573122 0)
(0.00641041 0.164495 0)
(0.016431 0.26157 0)
(0.0294249 0.345818 0)
(0.0441368 0.415641 0)
(0.0598073 0.470819 0)
(0.0760305 0.512284 0)
(0.0926726 0.541633 0)
(0.109759 0.560616 0)
(0.127344 0.570782 0)
(0.145416 0.573333 0)
(0.163852 0.569138 0)
(0.182414 0.558831 0)
(0.200779 0.542939 0)
(0.218581 0.521972 0)
(0.23545 0.496484 0)
(0.251049 0.46709 0)
(0.265092 0.434452 0)
(0.277364 0.399255 0)
(0.287712 0.362166 0)
(0.296049 0.323801 0)
(0.302336 0.284702 0)
(0.306566 0.245317 0)
(0.308759 0.205996 0)
(0.308938 0.166996 0)
(0.307126 0.128488 0)
(0.303338 0.0905752 0)
(0.297576 0.0533026 0)
(0.289839 0.0166731 0)
(0.280113 -0.0193531 0)
(0.268364 -0.0548303 0)
(0.254575 -0.0898678 0)
(0.238744 -0.124636 0)
(0.220873 -0.159401 0)
(0.200973 -0.194592 0)
(0.179058 -0.230886 0)
(0.155127 -0.269335 0)
(0.129131 -0.31153 0)
(0.100935 -0.359791 0)
(0.0702755 -0.417345 0)
(0.036761 -0.488402 0)
(-4.26412e-05 -0.577928 0)
(-0.040313 -0.690755 0)
(-0.0830563 -0.82881 0)
(-0.124123 -0.984359 0)
(-0.153639 -1.12795 0)
(-0.156318 -1.19758 0)
(-0.120914 -1.10886 0)
(-0.0589956 -0.802522 0)
(-0.00627264 -0.302918 0)
(0.000428011 0.0542383 0)
(0.00548375 0.156691 0)
(0.0146406 0.250206 0)
(0.0271516 0.331901 0)
(0.0420789 0.400011 0)
(0.0587495 0.454076 0)
(0.0766897 0.494766 0)
(0.0956184 0.523474 0)
(0.115394 0.541849 0)
(0.135924 0.551444 0)
(0.157084 0.553532 0)
(0.178673 0.54908 0)
(0.200403 0.538817 0)
(0.221913 0.523328 0)
(0.24281 0.503146 0)
(0.262698 0.47881 0)
(0.281212 0.450892 0)
(0.298044 0.419994 0)
(0.312949 0.386732 0)
(0.325753 0.351709 0)
(0.336344 0.315483 0)
(0.344663 0.278552 0)
(0.350689 0.241334 0)
(0.354428 0.204164 0)
(0.355896 0.167294 0)
(0.355112 0.130898 0)
(0.352089 0.0950881 0)
(0.346833 0.0599198 0)
(0.339342 0.0254047 0)
(0.329613 -0.00849061 0)
(0.317625 -0.0418254 0)
(0.303363 -0.0747119 0)
(0.28684 -0.107332 0)
(0.268077 -0.139967 0)
(0.247108 -0.173057 0)
(0.223977 -0.207276 0)
(0.198725 -0.243653 0)
(0.171354 -0.283716 0)
(0.141787 -0.329676 0)
(0.109816 -0.384619 0)
(0.0750672 -0.452626 0)
(0.0370377 -0.538703 0)
(-0.00470453 -0.648183 0)
(-0.0499087 -0.784863 0)
(-0.095877 -0.945358 0)
(-0.134238 -1.1065 0)
(-0.14888 -1.20859 0)
(-0.123441 -1.15571 0)
(-0.0638042 -0.862712 0)
(-0.00715054 -0.33449 0)
(0.000244553 0.0517544 0)
(0.00404331 0.150008 0)
(0.0116628 0.239873 0)
(0.0229568 0.31846 0)
(0.0374369 0.384068 0)
(0.0545822 0.436194 0)
(0.0738764 0.475385 0)
(0.0948872 0.502894 0)
(0.117282 0.520276 0)
(0.140786 0.529061 0)
(0.165129 0.530557 0)
(0.190005 0.525796 0)
(0.215052 0.515574 0)
(0.239866 0.50052 0)
(0.264019 0.481183 0)
(0.287088 0.458084 0)
(0.308687 0.431752 0)
(0.328482 0.40273 0)
(0.346203 0.371565 0)
(0.361652 0.338793 0)
(0.374693 0.304916 0)
(0.385245 0.270381 0)
(0.39327 0.235575 0)
(0.398759 0.200812 0)
(0.401718 0.166333 0)
(0.402163 0.132314 0)
(0.400106 0.0988711 0)
(0.395556 0.066067 0)
(0.388517 0.0339196 0)
(0.378996 0.00240118 0)
(0.366987 -0.0285582 0)
(0.352491 -0.0590738 0)
(0.335531 -0.0893423 0)
(0.316149 -0.119664 0)
(0.2944 -0.150492 0)
(0.270352 -0.182509 0)
(0.244071 -0.216724 0)
(0.215593 -0.254612 0)
(0.18488 -0.298279 0)
(0.151759 -0.350652 0)
(0.115868 -0.415634 0)
(0.0766466 -0.498135 0)
(0.0334627 -0.603743 0)
(-0.0139646 -0.737478 0)
(-0.0642671 -0.899757 0)
(-0.111038 -1.07453 0)
(-0.138445 -1.20785 0)
(-0.125215 -1.19556 0)
(-0.0696279 -0.923762 0)
(-0.00835677 -0.369124 0)
(-2.52786e-05 0.050164 0)
(0.00188898 0.145095 0)
(0.00714628 0.231339 0)
(0.0163953 0.306229 0)
(0.0297341 0.36842 0)
(0.0468365 0.417622 0)
(0.0671472 0.454423 0)
(0.0900657 0.480023 0)
(0.115039 0.495907 0)
(0.141575 0.503559 0)
(0.169224 0.504283 0)
(0.197541 0.499134 0)
(0.226075 0.488939 0)
(0.254359 0.474352 0)
(0.281928 0.455921 0)
(0.308335 0.434145 0)
(0.333169 0.409508 0)
(0.356076 0.382493 0)
(0.376767 0.353581 0)
(0.395021 0.323241 0)
(0.410679 0.291913 0)
(0.42364 0.259998 0)
(0.433849 0.227843 0)
(0.441282 0.195737 0)
(0.445937 0.163908 0)
(0.447825 0.132527 0)
(0.446962 0.101709 0)
(0.443361 0.0715207 0)
(0.437038 0.0419819 0)
(0.42801 0.0130675 0)
(0.416296 -0.015302 0)
(0.401912 -0.0432514 0)
(0.384897 -0.0709911 0)
(0.365312 -0.0988397 0)
(0.343229 -0.127267 0)
(0.318728 -0.156961 0)
(0.291887 -0.188915 0)
(0.26275 -0.224551 0)
(0.231288 -0.265872 0)
(0.197332 -0.315635 0)
(0.160513 -0.37753 0)
(0.120211 -0.456276 0)
(0.0756129 -0.5575 0)
(0.0260349 -0.686982 0)
(-0.0282104 -0.848035 0)
(-0.082903 -1.0319 0)
(-0.123762 -1.19374 0)
(-0.125427 -1.22612 0)
(-0.0766134 -0.984913 0)
(-0.0100827 -0.407572 0)
(-0.000443976 0.0499167 0)
(-0.00132706 0.142806 0)
(0.000527391 0.225522 0)
(0.00680573 0.295999 0)
(0.0183203 0.35367 0)
(0.0349321 0.398765 0)
(0.056008 0.432108 0)
(0.0807389 0.454945 0)
(0.108313 0.468714 0)
(0.137987 0.474834 0)
(0.169095 0.474559 0)
(0.201032 0.468923 0)
(0.233232 0.458741 0)
(0.265159 0.444659 0)
(0.296302 0.427206 0)
(0.326187 0.406849 0)
(0.354387 0.384021 0)
(0.380532 0.359146 0)
(0.404318 0.332639 0)
(0.425505 0.304903 0)
(0.443921 0.276318 0)
(0.459447 0.247233 0)
(0.472012 0.217954 0)
(0.481584 0.188742 0)
(0.488154 0.159805 0)
(0.491733 0.131302 0)
(0.49234 0.103345 0)
(0.490002 0.0759964 0)
(0.484748 0.0492759 0)
(0.476613 0.0231556 0)
(0.465639 -0.00244924 0)
(0.451865 -0.027679 0)
(0.435344 -0.0527553 0)
(0.416152 -0.0780113 0)
(0.394369 -0.103928 0)
(0.370076 -0.131193 0)
(0.343338 -0.160778 0)
(0.314182 -0.194049 0)
(0.282551 -0.232898 0)
(0.248242 -0.279907 0)
(0.21084 -0.338526 0)
(0.169647 -0.413213 0)
(0.123686 -0.50947 0)
(0.0718962 -0.633505 0)
(0.0138324 -0.790584 0)
(-0.0483331 -0.978554 0)
(-0.10311 -1.16449 0)
(-0.122736 -1.24435 0)
(-0.0847332 -1.04475 0)
(-0.0126263 -0.45076 0)
(-0.00112999 0.0517249 0)
(-0.0061942 0.144314 0)
(-0.00906823 0.223515 0)
(-0.00676012 0.288588 0)
(0.00233699 0.340345 0)
(0.0181745 0.379915 0)
(0.0399362 0.408559 0)
(0.0665293 0.427651 0)
(0.0968344 0.438599 0)
(0.129822 0.442731 0)
(0.164586 0.441206 0)
(0.200343 0.434976 0)
(0.2364 0.424801 0)
(0.272139 0.411279 0)
(0.307005 0.394895 0)
(0.340499 0.376068 0)
(0.37218 0.355175 0)
(0.40167 0.332578 0)
(0.428657 0.308625 0)
(0.452896 0.283656 0)
(0.474203 0.257991 0)
(0.492452 0.231925 0)
(0.507564 0.205722 0)
(0.519503 0.179608 0)
(0.528259 0.153769 0)
(0.533849 0.128347 0)
(0.536302 0.103441 0)
(0.53566 0.079109 0)
(0.531972 0.0553633 0)
(0.525292 0.0321707 0)
(0.515683 0.00944388 0)
(0.503214 -0.0129721 0)
(0.487943 -0.0353053 0)
(0.469949 -0.0578959 0)
(0.449311 -0.0812259 0)
(0.42609 -0.10597 0)
(0.400317 -0.133067 0)
(0.371968 -0.163811 0)
(0.340919 -0.199976 0)
(0.306889 -0.243956 0)
(0.26937 -0.29894 0)
(0.227551 -0.36908 0)
(0.180278 -0.459624 0)
(0.126151 -0.576914 0)
(0.0640454 -0.727604 0)
(-0.00536162 -0.914514 0)
(-0.0742344 -1.1183 0)
(-0.115051 -1.24634 0)
(-0.0935452 -1.10093 0)
(-0.0164602 -0.499945 0)
(-0.00230207 0.0567607 0)
(-0.0136715 0.151264 0)
(-0.0229268 0.226608 0)
(-0.0255606 0.28476 0)
(-0.019236 0.328796 0)
(-0.0041521 0.36115 0)
(0.0185059 0.38369 0)
(0.0472409 0.397973 0)
(0.0805695 0.405358 0)
(0.11715 0.407034 0)
(0.15583 0.404007 0)
(0.195636 0.397093 0)
(0.235752 0.386938 0)
(0.275481 0.374053 0)
(0.314222 0.358852 0)
(0.351459 0.341684 0)
(0.386744 0.322862 0)
(0.419701 0.302682 0)
(0.450022 0.281427 0)
(0.477464 0.259371 0)
(0.501845 0.236775 0)
(0.52304 0.213882 0)
(0.540974 0.19091 0)
(0.555613 0.16805 0)
(0.566955 0.145457 0)
(0.575027 0.123254 0)
(0.579873 0.101523 0)
(0.581552 0.0803112 0)
(0.580131 0.0596231 0)
(0.575686 0.0394191 0)
(0.568296 0.0196085 0)
(0.558043 3.56243e-05 0)
(0.544996 -0.0195316 0)
(0.529216 -0.0394269 0)
(0.510758 -0.0601186 0)
(0.489647 -0.0822521 0)
(0.465853 -0.106712 0)
(0.439269 -0.134706 0)
(0.409669 -0.167867 0)
(0.376649 -0.208387 0)
(0.339559 -0.259177 0)
(0.297423 -0.324042 0)
(0.248878 -0.407887 0)
(0.192202 -0.516947 0)
(0.125623 -0.658742 0)
(0.0486497 -0.839828 0)
(-0.0342973 -1.05339 0)
(-0.0993195 -1.2272 0)
(-0.101817 -1.14941 0)
(-0.0223363 -0.556667 0)
(-0.00435786 0.0669733 0)
(-0.0252357 0.165927 0)
(-0.0427497 0.236205 0)
(-0.0509854 0.285052 0)
(-0.0472542 0.319003 0)
(-0.0323656 0.342174 0)
(-0.00814958 0.35711 0)
(0.0233624 0.365513 0)
(0.0602545 0.368628 0)
(0.100875 0.367428 0)
(0.143833 0.362694 0)
(0.18799 0.355042 0)
(0.23242 0.344953 0)
(0.276361 0.33281 0)
(0.319184 0.318922 0)
(0.360362 0.303552 0)
(0.399455 0.286939 0)
(0.436099 0.269305 0)
(0.47 0.250868 0)
(0.500931 0.231837 0)
(0.528723 0.212415 0)
(0.553263 0.192792 0)
(0.574486 0.173142 0)
(0.592369 0.153616 0)
(0.606923 0.134339 0)
(0.618185 0.115409 0)
(0.626215 0.0968924 0)
(0.631084 0.0788221 0)
(0.632874 0.0611951 0)
(0.631671 0.043968 0)
(0.627559 0.0270501 0)
(0.620616 0.0102937 0)
(0.610917 -0.00652326 0)
(0.598482 -0.0237127 0)
(0.583326 -0.0417135 0)
(0.565416 -0.061122 0)
(0.544642 -0.0827471 0)
(0.52079 -0.107682 0)
(0.493501 -0.137397 0)
(0.462212 -0.173858 0)
(0.426085 -0.219671 0)
(0.383929 -0.278264 0)
(0.334126 -0.35413 0)
(0.274608 -0.453207 0)
(0.203014 -0.583398 0)
(0.117631 -0.754142 0)
(0.0203611 -0.968364 0)
(-0.0711673 -1.18086 0)
(-0.10687 -1.1832 0)
(-0.0312073 -0.62114 0)
(-0.00798173 0.0855265 0)
(-0.0429407 0.191242 0)
(-0.0702752 0.253498 0)
(-0.0837195 0.289367 0)
(-0.0812481 0.310237 0)
(-0.0650052 0.322064 0)
(-0.0377892 0.327926 0)
(-0.00228879 0.329506 0)
(0.0391396 0.327788 0)
(0.084555 0.323418 0)
(0.13239 0.316871 0)
(0.181385 0.308495 0)
(0.230547 0.298561 0)
(0.279085 0.287284 0)
(0.326363 0.274845 0)
(0.371865 0.261406 0)
(0.415171 0.247116 0)
(0.455942 0.232125 0)
(0.49391 0.216581 0)
(0.528869 0.200631 0)
(0.560674 0.184423 0)
(0.589227 0.168096 0)
(0.614478 0.151778 0)
(0.636416 0.135585 0)
(0.655059 0.11961 0)
(0.670454 0.103928 0)
(0.682663 0.0885894 0)
(0.691764 0.0736154 0)
(0.697837 0.0589984 0)
(0.700965 0.0446956 0)
(0.701222 0.030623 0)
(0.69867 0.016647 0)
(0.693351 0.00257181 0)
(0.685273 -0.0118814 0)
(0.674379 -0.0271002 0)
(0.660566 -0.0436129 0)
(0.643635 -0.0621289 0)
(0.623256 -0.0836013 0)
(0.598925 -0.109307 0)
(0.569899 -0.140952 0)
(0.535126 -0.180802 0)
(0.493154 -0.23187 0)
(0.442059 -0.298177 0)
(0.379385 -0.385219 0)
(0.302196 -0.500858 0)
(0.2076 -0.656358 0)
(0.0949833 -0.862851 0)
(-0.0239699 -1.10097 0)
(-0.103061 -1.19179 0)
(-0.0434065 -0.690342 0)
(-0.014141 0.117362 0)
(-0.0689557 0.230347 0)
(-0.105636 0.278401 0)
(-0.120979 0.295933 0)
(-0.115857 0.300263 0)
(-0.0947141 0.298687 0)
(-0.0615517 0.294319 0)
(-0.0197327 0.288481 0)
(0.0280328 0.281684 0)
(0.0796197 0.274107 0)
(0.133403 0.265818 0)
(0.188102 0.256847 0)
(0.242733 0.247218 0)
(0.296531 0.236958 0)
(0.348894 0.226105 0)
(0.399343 0.214706 0)
(0.447497 0.202822 0)
(0.493052 0.190525 0)
(0.535774 0.177898 0)
(0.575484 0.16503 0)
(0.612056 0.152015 0)
(0.645409 0.138946 0)
(0.675503 0.125913 0)
(0.702328 0.112996 0)
(0.725906 0.100264 0)
(0.746277 0.087771 0)
(0.763499 0.0755516 0)
(0.777638 0.0636213 0)
(0.788763 0.051971 0)
(0.79694 0.0405635 0)
(0.802224 0.029328 0)
(0.80465 0.0181519 0)
(0.804228 0.00687154 0)
(0.800932 -0.00474486 0)
(0.79466 -0.0170187 0)
(0.78524 -0.0303893 0)
(0.772389 -0.045445 0)
(0.755674 -0.0629715 0)
(0.734453 -0.0840196 0)
(0.707815 -0.109994 0)
(0.67449 -0.142775 0)
(0.632752 -0.184895 0)
(0.580325 -0.239823 0)
(0.514303 -0.312491 0)
(0.431124 -0.410381 0)
(0.32679 -0.545607 0)
(0.198007 -0.735682 0)
(0.0519301 -0.983576 0)
(-0.0796957 -1.16326 0)
(-0.0574812 -0.764193 0)
(-0.023791 0.170753 0)
(-0.103186 0.284729 0)
(-0.141717 0.306323 0)
(-0.148207 0.298538 0)
(-0.130861 0.283271 0)
(-0.0972411 0.26717 0)
(-0.052341 0.252415 0)
(0.000117788 0.239468 0)
(0.0573483 0.22807 0)
(0.117352 0.217776 0)
(0.178673 0.208188 0)
(0.240205 0.199001 0)
(0.301115 0.189991 0)
(0.360762 0.181 0)
(0.418648 0.171924 0)
(0.474379 0.162705 0)
(0.527642 0.15332 0)
(0.578189 0.14377 0)
(0.625825 0.134081 0)
(0.670404 0.124291 0)
(0.71182 0.114449 0)
(0.750003 0.10461 0)
(0.784916 0.0948302 0)
(0.816551 0.0851611 0)
(0.844922 0.0756494 0)
(0.87006 0.0663319 0)
(0.892012 0.0572335 0)
(0.910831 0.0483642 0)
(0.926572 0.0397163 0)
(0.939286 0.0312608 0)
(0.949012 0.022943 0)
(0.955769 0.0146759 0)
(0.959544 0.00633203 0)
(0.960283 -0.00226745 0)
(0.957866 -0.0113681 0)
(0.952075 -0.0213034 0)
(0.942573 -0.0325201 0)
(0.928852 -0.0456133 0)
(0.910181 -0.0613766 0)
(0.885521 -0.0808719 0)
(0.853434 -0.105531 0)
(0.811956 -0.13732 0)
(0.758463 -0.179022 0)
(0.689526 -0.234791 0)
(0.60079 -0.31136 0)
(0.486965 -0.420719 0)
(0.342223 -0.584377 0)
(0.16883 -0.82621 0)
(-0.0219644 -1.08245 0)
(-0.0701773 -0.8525 0)
(-0.0380824 0.260324 0)
(-0.133763 0.346883 0)
(-0.14508 0.319209 0)
(-0.115098 0.280821 0)
(-0.0657807 0.246761 0)
(-0.00614014 0.218111 0)
(0.0596317 0.195304 0)
(0.128551 0.177537 0)
(0.198648 0.163483 0)
(0.268721 0.152023 0)
(0.337988 0.142351 0)
(0.405877 0.133891 0)
(0.471957 0.126224 0)
(0.535894 0.119051 0)
(0.59742 0.112167 0)
(0.656316 0.105439 0)
(0.712396 0.0987823 0)
(0.765509 0.0921516 0)
(0.815531 0.0855288 0)
(0.862366 0.0789158 0)
(0.905942 0.0723286 0)
(0.946215 0.0657916 0)
(0.983162 0.0593336 0)
(1.01678 0.0529844 0)
(1.0471 0.046771 0)
(1.07414 0.0407156 0)
(1.09796 0.034833 0)
(1.11862 0.0291286 0)
(1.13616 0.0235956 0)
(1.15064 0.0182131 0)
(1.16212 0.0129424 0)
(1.1706 0.00772298 0)
(1.17608 0.0024662 0)
(1.17851 -0.00295155 0)
(1.17775 -0.00869348 0)
(1.1736 -0.0149792 0)
(1.16569 -0.0221029 0)
(1.15351 -0.0304551 0)
(1.1363 -0.040553 0)
(1.113 -0.0530871 0)
(1.08211 -0.068993 0)
(1.04156 -0.089579 0)
(0.98854 -0.116767 0)
(0.919175 -0.153598 0)
(0.828178 -0.205383 0)
(0.70839 -0.282496 0)
(0.550394 -0.406752 0)
(0.348096 -0.617561 0)
(0.0878357 -0.919399 0)
(-0.0645775 -0.923746 0)
(-0.0421282 0.376232 0)
(-0.0820704 0.380151 0)
(0.0143238 0.279127 0)
(0.129706 0.219093 0)
(0.235459 0.177045 0)
(0.332347 0.143853 0)
(0.42267 0.11911 0)
(0.506898 0.101429 0)
(0.585541 0.0885909 0)
(0.659373 0.0789163 0)
(0.729046 0.0713691 0)
(0.79499 0.0652721 0)
(0.857484 0.0601493 0)
(0.916708 0.0556693 0)
(0.972773 0.0516088 0)
(1.02573 0.0478196 0)
(1.0756 0.0442054 0)
(1.12237 0.0407069 0)
(1.16603 0.0372905 0)
(1.20657 0.0339412 0)
(1.24399 0.0306563 0)
(1.27829 0.0274412 0)
(1.30948 0.0243056 0)
(1.3376 0.0212609 0)
(1.36271 0.0183182 0)
(1.38485 0.015486 0)
(1.4041 0.0127694 0)
(1.42054 0.010168 0)
(1.43424 0.00767534 0)
(1.44528 0.00527712 0)
(1.45372 0.00294966 0)
(1.4596 0.000657947 0)
(1.46293 -0.00164662 0)
(1.46367 -0.00402826 0)
(1.46171 -0.00657292 0)
(1.45686 -0.00939314 0)
(1.44881 -0.0126371 0)
(1.43709 -0.0164984 0)
(1.42104 -0.0212293 0)
(1.39969 -0.0271627 0)
(1.3717 -0.0347494 0)
(1.33522 -0.0446273 0)
(1.28765 -0.0577663 0)
(1.22525 -0.0757922 0)
(1.14246 -0.101763 0)
(1.03057 -0.142183 0)
(0.874966 -0.212713 0)
(0.65327 -0.352173 0)
(0.319172 -0.620923 0)
(0.0717389 -0.799247 0)
(0.396976 0.21112 0)
(0.568608 0.208677 0)
(0.780307 0.130629 0)
(0.966607 0.0799662 0)
(1.09822 0.0529474 0)
(1.19436 0.0366123 0)
(1.2708 0.0259117 0)
(1.33402 0.0189549 0)
(1.38748 0.0144325 0)
(1.43383 0.0114089 0)
(1.47496 0.00931525 0)
(1.51206 0.00781319 0)
(1.54588 0.00668886 0)
(1.57693 0.00580406 0)
(1.60554 0.00507125 0)
(1.63191 0.00443592 0)
(1.65619 0.00386448 0)
(1.67847 0.00333681 0)
(1.69882 0.00284155 0)
(1.71727 0.00237298 0)
(1.73387 0.00192892 0)
(1.74868 0.00150923 0)
(1.76173 0.00111474 0)
(1.77309 0.000746561 0)
(1.78282 0.000405531 0)
(1.79098 9.18463e-05 0)
(1.79765 -0.00019521 0)
(1.8029 -0.000457466 0)
(1.8068 -0.00069805 0)
(1.8094 -0.000921585 0)
(1.81076 -0.00113451 0)
(1.8109 -0.00134522 0)
(1.80984 -0.00156393 0)
(1.80754 -0.00180365 0)
(1.80394 -0.00208092 0)
(1.79891 -0.00241669 0)
(1.79225 -0.00283761 0)
(1.78366 -0.00337725 0)
(1.77272 -0.00407802 0)
(1.75885 -0.00499459 0)
(1.74125 -0.00620028 0)
(1.71884 -0.00780025 0)
(1.69008 -0.00996102 0)
(1.65274 -0.0129787 0)
(1.60325 -0.0174486 0)
(1.53533 -0.0246805 0)
(1.43568 -0.0379698 0)
(1.27353 -0.0671954 0)
(0.981866 -0.163807 0)
(0.771516 -0.304402 0)
)
;

boundaryField
{
    movingWall
    {
        type            fixedValue;
        value           uniform (2 0 0);
    }
    fixedWalls
    {
        type            fixedValue;
        value           uniform (0 0 0);
    }
    frontAndBack
    {
        type            empty;
    }
}


// ************************************************************************* //
