/*--------------------------------*- C++ -*----------------------------------*\
  =========                 |
  \\      /  F ield         | OpenFOAM: The Open Source CFD Toolbox
   \\    /   O peration     | Website:  https://openfoam.org
    \\  /    A nd           | Version:  7
     \\/     M anipulation  |
\*---------------------------------------------------------------------------*/
FoamFile
{
    version     2.0;
    format      ascii;
    class       surfaceScalarField;
    location    "1850";
    object      phi;
}
// * * * * * * * * * * * * * * * * * * * * * * * * * * * * * * * * * * * * * //

dimensions      [0 3 -1 0 0 0 0];

internalField   nonuniform List<scalar> 
4900
(
1.70019e-06
-1.70333e-06
6.2241e-06
-4.52393e-06
1.17166e-05
-5.49254e-06
1.65026e-05
-4.78593e-06
1.97499e-05
-3.24739e-06
2.1389e-05
-1.63909e-06
2.17675e-05
-3.78517e-07
2.1262e-05
5.05494e-07
2.00157e-05
1.24628e-06
1.78647e-05
2.15101e-06
1.44157e-05
3.44891e-06
9.18202e-06
5.23366e-06
1.6725e-06
7.5095e-06
-8.56482e-06
1.02373e-05
-2.18793e-05
1.33144e-05
-3.84337e-05
1.65543e-05
-5.8132e-05
1.96984e-05
-8.05388e-05
2.24067e-05
-0.000104815
2.42764e-05
-0.000129705
2.48892e-05
-0.000153579
2.38744e-05
-0.000174552
2.09729e-05
-0.000190642
1.60897e-05
-0.000199974
9.33217e-06
-0.000201028
1.05443e-06
-0.000192864
-8.16417e-06
-0.000175237
-1.76265e-05
-0.000148671
-2.65664e-05
-0.000114459
-3.42114e-05
-7.46284e-05
-3.98307e-05
-3.18303e-05
-4.2798e-05
1.0819e-05
-4.26492e-05
5.0063e-05
-3.92439e-05
8.30513e-05
-3.29883e-05
0.000107609
-2.45576e-05
0.000122472
-1.48635e-05
0.000127529
-5.05648e-06
0.000123861
3.66776e-06
0.000113467
1.03938e-05
9.87394e-05
1.4728e-05
8.20202e-05
1.67192e-05
6.52469e-05
1.67733e-05
4.97646e-05
1.54823e-05
3.63068e-05
1.34578e-05
2.51006e-05
1.12062e-05
1.6038e-05
9.06261e-06
8.89206e-06
7.1459e-06
3.59354e-06
5.2985e-06
5.0493e-07
3.0886e-06
5.04928e-07
4.47511e-06
-6.17845e-06
1.3849e-05
-1.38979e-05
2.4311e-05
-1.59546e-05
3.28993e-05
-1.33743e-05
3.8002e-05
-8.35015e-06
3.92287e-05
-2.86581e-06
3.68611e-05
1.98902e-06
3.12062e-05
6.16043e-06
2.21558e-05
1.02966e-05
9.08218e-06
1.52245e-05
-9.01167e-06
2.15427e-05
-3.32264e-05
2.94483e-05
-6.44617e-05
3.87447e-05
-0.000103157
4.89325e-05
-0.000149083
5.924e-05
-0.000201178
6.86502e-05
-0.000257498
7.60177e-05
-0.000315331
8.02394e-05
-0.00037148
8.04257e-05
-0.00042261
7.60197e-05
-0.000465583
6.68472e-05
-0.00049772
5.31094e-05
-0.000516968
3.5338e-05
-0.000521986
1.43507e-05
-0.000512228
-8.70375e-06
-0.000487786
-3.26065e-05
-0.000449299
-5.61133e-05
-0.000397972
-7.78928e-05
-0.000335633
-9.65508e-05
-0.000264753
-0.00011071
-0.000188427
-0.000119124
-0.000110231
-0.000120846
-3.40442e-05
-0.00011543
3.60592e-05
-0.000103092
9.6389e-05
-8.48873e-05
0.00014413
-6.26049e-05
0.000177361
-3.82875e-05
0.000195293
-1.4264e-05
0.000198521
7.16646e-06
0.000189142
2.41063e-05
0.000170307
3.55542e-05
0.000145607
4.14738e-05
0.00011845
4.26392e-05
9.16016e-05
4.03058e-05
6.69287e-05
3.58791e-05
4.54176e-05
3.05737e-05
2.74581e-05
2.51054e-05
1.33342e-05
1.94223e-05
3.7551e-06
1.26677e-05
4.26002e-06
5.98737e-06
-1.21658e-05
1.73374e-05
-2.52479e-05
2.8802e-05
-2.74192e-05
3.6823e-05
-2.13953e-05
3.95387e-05
-1.10659e-05
3.63605e-05
3.12408e-07
2.72252e-05
1.11242e-05
1.19259e-05
2.14597e-05
-1.03022e-05
3.25246e-05
-4.07359e-05
4.56582e-05
-8.07347e-05
6.15415e-05
-0.000131222
7.99355e-05
-0.000192263
9.97855e-05
-0.000262754
0.000119423
-0.000340349
0.000136835
-0.000421691
0.000149992
-0.000502864
0.000157191
-0.000579916
0.000157292
-0.000649303
0.000149813
-0.000708159
0.000134875
-0.000754398
0.000113086
-0.00078667
8.53811e-05
-0.000804211
5.28803e-05
-0.000806664
1.68034e-05
-0.00079389
-2.14779e-05
-0.000765914
-6.05823e-05
-0.000723052
-9.89755e-05
-0.000666029
-0.000134916
-0.000596079
-0.000166501
-0.000515054
-0.000191735
-0.000425482
-0.000208696
-0.000330557
-0.00021577
-0.000234061
-0.000211926
-0.00014013
-0.000197022
-5.29965e-05
-0.000172021
2.3377e-05
-0.000138979
8.602e-05
-0.000100931
0.000133141
-6.13851e-05
0.000163774
-2.34663e-05
0.000178062
9.81821e-06
0.000177544
3.60722e-05
0.000165023
5.39946e-05
0.000144048
6.36143e-05
0.0001183
6.60533e-05
9.10404e-05
6.31388e-05
6.47421e-05
5.68719e-05
4.10639e-05
4.87836e-05
2.12069e-05
3.92793e-05
6.60683e-06
2.72677e-05
1.08669e-05
6.50879e-06
-1.86746e-05
1.75976e-05
-3.63367e-05
2.69534e-05
-3.6775e-05
3.07614e-05
-2.52034e-05
2.72156e-05
-7.52015e-06
1.56228e-05
1.19052e-05
-4.55225e-06
3.12992e-05
-3.43232e-05
5.12306e-05
-7.5213e-05
7.34143e-05
-0.000128698
9.91435e-05
-0.00019551
0.000128353
-0.000275067
0.000159493
-0.000365246
0.000189964
-0.000462558
0.000216736
-0.000562691
0.000236968
-0.000661196
0.000248497
-0.000754099
0.000250093
-0.000838262
0.000241455
-0.000911469
0.000223021
-0.000972314
0.00019572
-0.00101998
0.000160749
-0.00105397
0.000119375
-0.00107393
7.28408e-05
-0.00107953
2.24015e-05
-0.0010704
-3.06126e-05
-0.00104623
-8.4747e-05
-0.00100687
-0.00013834
-0.000952359
-0.000189423
-0.000883138
-0.000235722
-0.000800147
-0.000274726
-0.000705009
-0.000303834
-0.000600205
-0.000320574
-0.000489159
-0.000322973
-0.00037615
-0.000310031
-0.000266011
-0.00028216
-0.000163592
-0.000241397
-7.32102e-05
-0.000191313
1.86265e-06
-0.000136458
6.00534e-05
-8.16572e-05
0.000101059
-3.11871e-05
0.000125133
1.19973e-05
0.000133569
4.5559e-05
0.000128872
6.83117e-05
0.000114338
8.05874e-05
9.35499e-05
8.39264e-05
6.98706e-05
8.05511e-05
4.6116e-05
7.25382e-05
2.4636e-05
6.07593e-05
7.92817e-06
4.39756e-05
1.8795e-05
6.20584e-06
-2.48805e-05
1.48976e-05
-4.50285e-05
1.92103e-05
-4.10877e-05
1.5483e-05
-2.14761e-05
2.16878e-06
5.79401e-06
-2.16161e-05
3.56901e-05
-5.70484e-05
6.67314e-05
-0.000105854
0.000100036
-0.000169657
0.000137218
-0.000249021
0.000178507
-0.000342762
0.000222094
-0.000447864
0.000264595
-0.000559947
0.000302046
-0.000674067
0.000330856
-0.000785548
0.000348449
-0.00089057
0.000353519
-0.000986407
0.000345931
-0.00107134
0.000326387
-0.0011444
0.00029608
-0.00120511
0.000256432
-0.00125324
0.000208881
-0.00128862
0.000154754
-0.00131109
9.53115e-05
-0.00132052
3.18281e-05
-0.00131665
-3.44832e-05
-0.00129909
-0.000102307
-0.00126734
-0.000170094
-0.00122085
-0.000235914
-0.00115911
-0.000297459
-0.00108182
-0.000352011
-0.00098921
-0.000396448
-0.000882379
-0.000427404
-0.000763643
-0.000441709
-0.000636699
-0.000436976
-0.000506602
-0.000412256
-0.000379383
-0.000368617
-0.000261245
-0.00030945
-0.000157488
-0.000240215
-7.1636e-05
-0.000167509
-5.12706e-06
-9.76961e-05
4.25811e-05
-3.5711e-05
7.27334e-05
1.54066e-05
8.69334e-05
5.41117e-05
8.77092e-05
7.98116e-05
7.82697e-05
9.33658e-05
6.21273e-05
9.66935e-05
4.27425e-05
9.1923e-05
2.34093e-05
8.00924e-05
7.60354e-06
5.97814e-05
2.63986e-05
4.89954e-06
-2.978e-05
8.88443e-06
-4.90134e-05
5.29743e-06
-3.75007e-05
-8.91167e-06
-7.267e-06
-3.50873e-05
3.19696e-05
-7.43919e-05
7.49946e-05
-0.000128544
0.000120883
-0.000199292
0.000170784
-0.000287194
0.00022512
-0.000390729
0.000282042
-0.000506252
0.000337617
-0.000628701
0.000387044
-0.00075263
0.000425975
-0.000873128
0.000451355
-0.000986394
0.000461714
-0.00108987
0.000456994
-0.00118206
0.000438127
-0.00126227
0.000406589
-0.00133028
0.000364098
-0.00138626
0.000312408
-0.0014305
0.000253119
-0.00146339
0.000187647
-0.00148539
0.000117308
-0.00149684
4.32775e-05
-0.0014978
-3.35194e-05
-0.00148801
-0.0001121
-0.00146687
-0.000191232
-0.00143338
-0.000269406
-0.00138612
-0.000344716
-0.0013235
-0.000414631
-0.00124408
-0.000475865
-0.001147
-0.000524488
-0.00103245
-0.000556256
-0.0009023
-0.00056713
-0.000760503
-0.000554053
-0.0006132
-0.00051592
-0.000468178
-0.000454472
-0.000333693
-0.0003747
-0.000216807
-0.000284396
-0.000121824
-0.000192679
-4.97005e-05
-0.000107834
1.20012e-06
-3.54941e-05
3.34795e-05
2.18323e-05
4.96891e-05
6.3602e-05
5.27881e-05
9.02668e-05
4.61908e-05
0.000103291
3.36001e-05
0.000104514
1.88767e-05
9.48158e-05
6.11505e-06
7.2543e-05
3.25136e-05
2.27661e-06
-3.20566e-05
-9.07965e-07
-4.58288e-05
-1.49934e-05
-2.34153e-05
-4.21723e-05
1.99119e-05
-8.36276e-05
7.34249e-05
-0.000140793
0.00013216
-0.00021537
0.00019546
-0.000308038
0.000263452
-0.000417261
0.000334343
-0.000539097
0.000403879
-0.000668001
0.00046652
-0.000798038
0.000517082
-0.000923939
0.000551875
-0.00104168
0.000569097
-0.00114861
0.000568643
-0.00124325
0.000551633
-0.00132501
0.000519888
-0.00139397
0.000475548
-0.00145071
0.000420837
-0.00149613
0.000357834
-0.00153133
0.000288319
-0.00155749
0.000213805
-0.00157571
0.000135522
-0.00158676
5.43319e-05
-0.00159109
-2.91875e-05
-0.00158875
-0.000114448
-0.00157923
-0.000200745
-0.00156136
-0.000287284
-0.00153324
-0.000372833
-0.00149245
-0.000455416
-0.00143617
-0.000532149
-0.00136146
-0.000599197
-0.00126592
-0.000651798
-0.0011485
-0.000684548
-0.00101042
-0.000692136
-0.000855851
-0.000670486
-0.00069221
-0.000618113
-0.000529538
-0.000537373
-0.00037885
-0.000435084
-0.000249627
-0.000321902
-0.000147344
-0.000210117
-7.24606e-05
-0.000110378
-2.16701e-05
-2.89583e-05
9.3494e-06
3.25825e-05
2.44556e-05
7.51606e-05
2.74325e-05
0.000100314
2.22373e-05
0.000109709
1.30503e-05
0.000104003
4.21417e-06
8.13791e-05
3.67278e-05
-1.9141e-06
-3.01425e-05
-1.46449e-05
-3.3098e-05
-4.1309e-05
3.24888e-06
-8.31981e-05
6.18009e-05
-0.000141324
0.000131551
-0.000217085
0.000207922
-0.000311266
0.00028964
-0.000422585
0.000374771
-0.000547153
0.000458912
-0.000679167
0.000535892
-0.00081224
0.000599592
-0.000940609
0.000645451
-0.00105983
0.000671092
-0.00116693
0.0006762
-0.00126029
0.000662005
-0.00133937
0.000630714
-0.0014045
0.000585012
-0.00145668
0.00052773
-0.00149742
0.000461575
-0.00152845
0.000388873
-0.00155162
0.000311485
-0.00156866
0.000230838
-0.00158099
0.000147855
-0.00158967
6.30134e-05
-0.00159545
-2.34075e-05
-0.00159865
-0.00011125
-0.00159898
-0.000200412
-0.00159549
-0.000290774
-0.00158652
-0.000381805
-0.00156956
-0.000472373
-0.00154117
-0.000560545
-0.00149708
-0.000643281
-0.00143274
-0.000716142
-0.00134401
-0.000773275
-0.00122831
-0.000807834
-0.0010859
-0.000812896
-0.000921078
-0.00078294
-0.000742699
-0.000715752
-0.000563519
-0.000614263
-0.000397913
-0.000487508
-0.000258273
-0.000349757
-0.000151367
-0.000217285
-7.68326e-05
-0.000103492
-2.92049e-05
-1.50453e-05
-2.05519e-06
4.80109e-05
9.98681e-06
8.82719e-05
1.17385e-05
0.000107957
7.79565e-06
0.000107946
2.60223e-06
8.65725e-05
3.933e-05
-7.74053e-06
-2.2402e-05
-3.18881e-05
-8.95046e-06
-7.24803e-05
4.38411e-05
-0.000129776
0.000119097
-0.000204597
0.000206372
-0.000297674
0.000300999
-0.000408118
0.000400084
-0.000532421
0.000499074
-0.000664812
0.000591303
-0.00079856
0.00066964
-0.000927351
0.000728384
-0.00104617
0.000764267
-0.00115159
0.000776512
-0.00124172
0.000766335
-0.00131602
0.000736299
-0.00137502
0.000689717
-0.00142016
0.000630155
-0.00145348
0.00056105
-0.00147729
0.000485387
-0.00149392
0.000405497
-0.0015055
0.000323063
-0.00151382
0.000239166
-0.00152028
0.000154312
-0.00152593
6.86593e-05
-0.00153154
-1.77953e-05
-0.00153752
-0.00010527
-0.00154387
-0.000194057
-0.00155023
-0.000284421
-0.00155562
-0.000376411
-0.0015582
-0.00046979
-0.00155498
-0.000563768
-0.0015417
-0.000656559
-0.00151292
-0.000744928
-0.00146236
-0.000823834
-0.00138391
-0.000886286
-0.00127311
-0.00092369
-0.00112907
-0.000926986
-0.000956131
-0.000888689
-0.000764819
-0.000805575
-0.000571025
-0.000681302
-0.000392966
-0.000527816
-0.000246173
-0.000364077
-0.000138384
-0.000211281
-6.76912e-05
-8.57378e-05
-2.58854e-05
6.2051e-06
-4.30319e-06
6.66897e-05
3.87585e-06
9.97781e-05
4.28517e-06
0.000107536
1.71561e-06
8.91421e-05
4.10456e-05
-1.49306e-05
-7.47142e-06
-5.16561e-05
2.77751e-05
-0.000106475
9.86595e-05
-0.000178712
0.000191334
-0.000268719
0.000296379
-0.000375957
0.000408237
-0.00049756
0.000521687
-0.000628133
0.000629647
-0.000760822
0.000723992
-0.000888807
0.000797626
-0.00100642
0.000846001
-0.00110968
0.000867521
-0.00119632
0.000863149
-0.00126569
0.000835705
-0.00131852
0.000789136
-0.00135665
0.000727843
-0.0013826
0.000656109
-0.00139921
0.000577658
-0.0014092
0.000495376
-0.00141495
0.000411248
-0.00141838
0.000326485
-0.00142087
0.000241656
-0.00142343
0.000156878
-0.00142682
7.20483e-05
-0.00143155
-1.30721e-05
-0.00143795
-9.88617e-05
-0.00144631
-0.000185696
-0.00145679
-0.00027394
-0.00146923
-0.000363974
-0.00148287
-0.000456156
-0.00149603
-0.000550601
-0.00150575
-0.000646846
-0.00150729
-0.000743389
-0.00149407
-0.000837053
-0.00145807
-0.000922278
-0.00139104
-0.000990723
-0.00128643
-0.0010316
-0.00114195
-0.00103316
-0.000962091
-0.000985439
-0.000759347
-0.000884046
-0.000553297
-0.000733865
-0.000366415
-0.000550959
-0.000217183
-0.000360514
-0.000113327
-0.000189593
-5.01773e-05
-5.6945e-05
-1.633e-05
3.28424e-05
-1.28439e-06
8.47326e-05
2.75112e-06
0.000103501
1.64911e-06
9.02441e-05
4.26947e-05
-2.29855e-05
1.55141e-05
-7.24399e-05
7.72295e-05
-0.0001407
0.000166919
-0.000226253
0.000276887
-0.000328576
0.000398703
-0.000445545
0.000525206
-0.000572496
0.000648637
-0.000702792
0.000759944
-0.00082928
0.00085048
-0.000945649
0.000913995
-0.00104724
0.00094759
-0.0011313
0.000951584
-0.00119697
0.000928821
-0.00124507
0.000883802
-0.00127774
0.000821807
-0.00129799
0.000748091
-0.00130912
0.000667239
-0.00131424
0.000582778
-0.00131592
0.000497061
-0.00131609
0.000411418
-0.00131602
0.000326415
-0.00131648
0.000242111
-0.00131791
0.000158313
-0.0013206
7.47338e-05
-0.00132471
-8.95853e-06
-0.00133049
-9.30863e-05
-0.00133826
-0.000177924
-0.00134844
-0.000263756
-0.00136144
-0.000350979
-0.0013775
-0.00044009
-0.00139646
-0.000531644
-0.00141718
-0.000626127
-0.00143693
-0.000723637
-0.00145078
-0.000823207
-0.00145122
-0.000921837
-0.00142851
-0.00101343
-0.00137204
-0.00108807
-0.00127294
-0.00113227
-0.00112751
-0.00113087
-0.000940614
-0.00107094
-0.000727445
-0.000947034
-0.000512004
-0.0007664
-0.000321268
-0.00055125
-0.000175837
-0.000335024
-8.16077e-05
-0.000151175
-2.96103e-05
-1.91551e-05
-5.3896e-06
6.05119e-05
2.49509e-06
9.56161e-05
2.1819e-06
9.05572e-05
4.48766e-05
-3.11636e-05
4.66777e-05
-9.24268e-05
0.000138493
-0.000172421
0.000246913
-0.000268675
0.000373141
-0.000379533
0.000509561
-0.000501313
0.000646986
-0.000628023
0.000775347
-0.000752487
0.000884408
-0.000867862
0.000965854
-0.00096876
0.00101489
-0.0010518
0.00103063
-0.00111571
0.00101549
-0.00116121
0.000974327
-0.00119065
0.00091324
-0.00120741
0.000838563
-0.00121523
0.000755912
-0.0012176
0.000669608
-0.0012173
0.000582483
-0.00121628
0.000496039
-0.00121567
0.000410809
-0.001216
0.000326743
-0.00121741
0.000243519
-0.00121986
0.000160762
-0.00122325
7.81255e-05
-0.00122753
-4.67364e-06
-0.0012328
-8.78195e-05
-0.00123928
-0.000171448
-0.00124735
-0.000255683
-0.0012576
-0.000340731
-0.00127077
-0.000426921
-0.00128762
-0.000514791
-0.0013086
-0.000605149
-0.00133326
-0.000698971
-0.00135946
-0.000797013
-0.00138231
-0.000898982
-0.00139353
-0.00100221
-0.00138155
-0.00110005
-0.00133322
-0.0011806
-0.0012372
-0.00122688
-0.00108862
-0.00121952
-0.000893463
-0.00114219
-0.000670668
-0.000989195
-0.000449624
-0.000772295
-0.000261709
-0.000522939
-0.000127791
-0.000285093
-4.91491e-05
-9.77973e-05
-1.12713e-05
2.26341e-05
2.16078e-06
8.2184e-05
2.88171e-06
8.98363e-05
4.77583e-05
-3.85897e-05
8.52674e-05
-0.000109888
0.000209791
-0.000199151
0.000336176
-0.000302839
0.000476828
-0.000418096
0.000624818
-0.000539967
0.000768857
-0.000661709
0.000897089
-0.000776206
0.000998906
-0.000877376
0.00106702
-0.000961051
0.00109857
-0.00102534
0.00109492
-0.00107062
0.00106077
-0.00109918
0.00100289
-0.00111464
0.000928697
-0.00112111
0.000845039
-0.00112246
0.000757262
-0.00112173
0.000668872
-0.00112091
0.000581668
-0.00112107
0.0004962
-0.00112255
0.000412287
-0.00112526
0.000329454
-0.00112894
0.000247195
-0.00113328
0.000165105
-0.00113805
8.28969e-05
-0.00114312
3.97022e-07
-0.00114848
-8.24653e-05
-0.00115421
-0.000165716
-0.00116055
-0.000249344
-0.00116792
-0.000333356
-0.00117701
-0.000417836
-0.00118874
-0.000503057
-0.00120428
-0.000589614
-0.00122471
-0.000678536
-0.00125044
-0.000771283
-0.00128004
-0.000869382
-0.00130885
-0.000973404
-0.00132779
-0.00108111
-0.00132334
-0.00118504
-0.00127962
-0.00127061
-0.00118287
-0.00131628
-0.00102758
-0.00129748
-0.000822192
-0.00119459
-0.000591071
-0.00100342
-0.000369992
-0.000744018
-0.000193735
-0.00046135
-7.99895e-05
-0.000211542
-2.19451e-05
-3.54104e-05
2.49997e-07
5.99889e-05
3.2739e-06
8.68124e-05
5.10322e-05
-4.44963e-05
0.000129764
-0.000123394
0.000288688
-0.000218975
0.000431758
-0.000326565
0.000584419
-0.000442227
0.00074048
-0.000560151
0.00088678
-0.000673387
0.00101033
-0.000775341
0.00110086
-0.000861006
0.00115269
-0.000927637
0.0011652
-0.000974945
0.00114223
-0.00100488
0.00109071
-0.00102105
0.00101905
-0.00102781
0.000935462
-0.00102938
0.000846609
-0.0010291
0.000756982
-0.00102914
0.000668904
-0.00103053
0.000583062
-0.00103351
0.000499183
-0.00103785
0.000416622
-0.00104312
0.00033473
-0.00104894
0.000253011
-0.00105498
0.00017115
-0.00106106
8.89707e-05
-0.00106706
6.40026e-06
-0.00107296
-7.6568e-05
-0.00107877
-0.000159904
-0.00108457
-0.000243543
-0.00109053
-0.000327394
-0.00109699
-0.00041138
-0.00110455
-0.000495495
-0.00111424
-0.000579931
-0.0011275
-0.000665269
-0.00114605
-0.000752735
-0.00117111
-0.000844321
-0.00120207
-0.000942445
-0.00123452
-0.00104866
-0.00125849
-0.00116108
-0.00125816
-0.00127093
-0.00121464
-0.00135979
-0.00111204
-0.00140008
-0.000945541
-0.00136109
-0.000728132
-0.00122083
-0.000491768
-0.000980381
-0.000279076
-0.000674041
-0.00012536
-0.000365259
-3.96765e-05
-0.000121094
-4.39002e-06
2.47024e-05
3.03261e-06
7.93897e-05
5.40648e-05
-4.83124e-05
0.000178076
-0.000131959
0.000372334
-0.000230709
0.000530508
-0.000338763
0.000692472
-0.000451338
0.000853055
-0.00056221
0.000997652
-0.000664671
0.00111279
-0.000752978
0.00118917
-0.000823388
0.0012231
-0.000874655
0.00121647
-0.00090802
0.00117559
-0.000926738
0.00110943
-0.000935209
0.00102753
-0.000937928
0.000938181
-0.000938595
0.000847276
-0.00093964
0.000758027
-0.00094222
0.000671484
-0.000946535
0.000587377
-0.000952254
0.000504901
-0.000958869
0.000423237
-0.00096592
0.00034178
-0.000973079
0.00026017
-0.000980159
0.00017823
-0.000987079
9.58904e-05
-0.000993817
1.31385e-05
-0.00100037
-7.00105e-05
-0.00100675
-0.000153524
-0.00101295
-0.000237349
-0.00101894
-0.0003214
-0.00102477
-0.000405555
-0.0010306
-0.000489664
-0.00103691
-0.000573615
-0.0010447
-0.000657484
-0.00105561
-0.000741824
-0.00107188
-0.000828049
-0.0010956
-0.000918729
-0.00112696
-0.0010173
-0.00116165
-0.00112639
-0.00118834
-0.00124425
-0.00118837
-0.00135976
-0.00113968
-0.00144877
-0.00102508
-0.00147568
-0.00084265
-0.00140326
-0.000613016
-0.00121002
-0.000377933
-0.000909124
-0.000185677
-0.000557515
-6.59167e-05
-0.000240854
-1.23344e-05
-2.888e-05
2.04217e-06
6.5013e-05
5.6107e-05
-4.97083e-05
0.000227784
-0.000135093
0.000457718
-0.000233931
0.000629347
-0.000339363
0.000797905
-0.000446056
0.000959748
-0.000547765
0.00109936
-0.000638358
0.00120338
-0.000713137
0.00126395
-0.000769691
0.00127965
-0.000808194
0.00125497
-0.000831159
0.00119856
-0.000842694
0.00112096
-0.00084742
0.00103225
-0.000849399
0.000940161
-0.00085145
0.000849326
-0.000854982
0.000761559
-0.000860286
0.000676788
-0.000867004
0.000594096
-0.000874565
0.000512462
-0.000882458
0.00043113
-0.000890345
0.000349667
-0.00089806
0.000267886
-0.000905564
0.000185734
-0.000912884
0.000103211
-0.000920071
2.03248e-05
-0.000927166
-6.29151e-05
-0.000934185
-0.000146504
-0.000941103
-0.000230432
-0.000947844
-0.000314659
-0.000954298
-0.000399101
-0.000960353
-0.000483609
-0.000966001
-0.000567967
-0.000971533
-0.000651952
-0.000977844
-0.000735513
-0.000986747
-0.000819145
-0.00100101
-0.000904471
-0.00102353
-0.00099477
-0.00105521
-0.00109472
-0.00109137
-0.00120808
-0.00111857
-0.00133255
-0.00111455
-0.00145279
-0.00105412
-0.00153611
-0.000920636
-0.00153675
-0.00071862
-0.00141203
-0.00048026
-0.00114748
-0.000258244
-0.000779532
-0.000101486
-0.000397611
-2.37466e-05
-0.00010662
3.09404e-07
4.0957e-05
5.64164e-05
-4.8597e-05
0.000276381
-0.000132766
0.000541887
-0.000228873
0.000725454
-0.000329113
0.000898145
-0.000427881
0.00105852
-0.000519232
0.00119071
-0.000597824
0.00128197
-0.00066008
0.0013262
-0.000704855
0.00132443
-0.000733521
0.00128363
-0.000749474
0.00121451
-0.000757161
0.00112865
-0.000760911
0.001036
-0.000764003
0.000943252
-0.000768262
0.000853585
-0.000774221
0.000767518
-0.000781594
0.000684161
-0.000789782
0.000602284
-0.000798228
0.000520909
-0.00080657
0.000439472
-0.000814647
0.000357744
-0.000822447
0.000275686
-0.000830036
0.000193322
-0.000837505
0.00011068
-0.000844938
2.7758e-05
-0.000852399
-5.54538e-05
-0.000859917
-0.000138987
-0.000867484
-0.000222865
-0.00087504
-0.000307102
-0.000882463
-0.000391678
-0.000889557
-0.000476515
-0.00089608
-0.000561444
-0.000901846
-0.000646186
-0.000906962
-0.000730397
-0.000912233
-0.000813874
-0.000919636
-0.000897068
-0.000932485
-0.000981922
-0.000954509
-0.00107269
-0.000987004
-0.00117559
-0.00102418
-0.00129537
-0.00104921
-0.00142776
-0.00103535
-0.00154998
-0.000955209
-0.00161689
-0.000796155
-0.00157109
-0.000574333
-0.00136931
-0.000337228
-0.00101664
-0.000146121
-0.000588718
-3.90031e-05
-0.000213738
-2.30561e-06
4.2594e-06
5.41108e-05
-4.5098e-05
0.000321479
-0.000125319
0.000622108
-0.000216266
0.000816401
-0.000309312
0.00099119
-0.000398819
0.00114802
-0.000479371
0.00127126
-0.000546521
0.00134912
-0.00059778
0.00137746
-0.000633089
0.00135974
-0.000654695
0.00130524
-0.000666436
0.00122625
-0.00067264
0.00113485
-0.000677001
0.00104036
-0.000681884
0.000948135
-0.000688239
0.00085994
-0.000695989
0.000775268
-0.000704575
0.000692748
-0.000713403
0.000611112
-0.000722067
0.000529572
-0.00073039
0.000447795
-0.00073837
0.000365724
-0.000746092
0.000283408
-0.000753672
0.000200902
-0.000761219
0.000118226
-0.000768818
3.53577e-05
-0.000776534
-4.77381e-05
-0.0007844
-0.000131121
-0.000792426
-0.00021484
-0.000800587
-0.000298941
-0.000808803
-0.000383462
-0.000816919
-0.0004684
-0.000824677
-0.000553687
-0.000831729
-0.000639134
-0.000837735
-0.000724391
-0.000842635
-0.000808974
-0.000847176
-0.000892526
-0.000853584
-0.000975515
-0.000865845
-0.00106043
-0.000888482
-0.00115295
-0.000922636
-0.00126122
-0.000960015
-0.00139038
-0.000978738
-0.00153125
-0.000947192
-0.00164843
-0.000838408
-0.00167987
-0.000649542
-0.00155817
-0.000414649
-0.00125153
-0.000197776
-0.000805591
-5.87643e-05
-0.00035275
-5.87502e-06
-4.863e-05
4.82357e-05
-3.94837e-05
0.000360963
-0.000113353
0.000695977
-0.000197152
0.0009002
-0.00028155
0.00107559
-0.000361059
0.00122753
-0.000430925
0.00134113
-0.000487614
0.00140581
-0.000529598
0.00141944
-0.000557648
0.00138779
-0.000574519
0.00132211
-0.000584089
0.00123582
-0.000590231
0.001141
-0.000595847
0.00104598
-0.000602458
0.000954745
-0.000610365
0.000867847
-0.000619162
0.000784065
-0.000628254
0.000701839
-0.00063718
0.000620038
-0.000645721
0.000538113
-0.000653859
0.000455934
-0.000661689
0.000373554
-0.00066934
0.000291059
-0.000676937
0.000208499
-0.000684578
0.000125868
-0.000692336
4.31161e-05
-0.000700265
-3.9809e-05
-0.000708395
-0.00012299
-0.000716744
-0.000206491
-0.000725307
-0.000290378
-0.000734051
-0.000374718
-0.000742884
-0.000459566
-0.000751632
-0.000544939
-0.00075999
-0.000630776
-0.000767519
-0.000716862
-0.00077374
-0.000802753
-0.000778464
-0.000887803
-0.000782478
-0.000971501
-0.000788436
-0.00105447
-0.000801174
-0.00114021
-0.000825842
-0.00123655
-0.000862375
-0.00135385
-0.000897881
-0.00149575
-0.000903613
-0.0016427
-0.00084417
-0.00173931
-0.000698622
-0.00170372
-0.000482273
-0.00146788
-0.000252362
-0.0010355
-8.31774e-05
-0.000521934
-1.03789e-05
-0.000121429
3.78568e-05
-3.21259e-05
0.000393089
-9.76135e-05
0.000761465
-0.000172714
0.000975301
-0.000247497
0.00115037
-0.000316727
0.00129676
-0.000376377
0.00140078
-0.000423766
0.0014532
-0.000458145
0.00145382
-0.000480821
0.00141046
-0.000494712
0.001336
-0.000503417
0.00124453
-0.000510164
0.00114774
-0.000517076
0.00105289
-0.000524995
0.000962665
-0.000533826
0.000876678
-0.000543057
0.000793296
-0.000552189
0.000710971
-0.000560937
0.000628785
-0.00056924
0.000546416
-0.000577182
0.000463876
-0.000584901
0.000381273
-0.000592532
0.000298691
-0.000600187
0.000216154
-0.000607949
0.000133629
-0.000615876
5.1043e-05
-0.000624012
-3.16727e-05
-0.000632381
-0.000114621
-0.000640998
-0.000197874
-0.000649868
-0.000281508
-0.000658977
-0.000365609
-0.000668284
-0.000450259
-0.000677692
-0.000535532
-0.000687005
-0.000621463
-0.000695876
-0.000707991
-0.000703776
-0.000794853
-0.000710105
-0.000881474
-0.000714608
-0.000966997
-0.000718273
-0.00105081
-0.000724464
-0.00113402
-0.000739085
-0.00122193
-0.000767411
-0.00132552
-0.000806193
-0.00145697
-0.000835039
-0.00161386
-0.000817447
-0.0017569
-0.000718684
-0.00180248
-0.000533489
-0.00165307
-0.000304595
-0.0012644
-0.000111231
-0.000715298
-1.58203e-05
-0.000216839
2.20365e-05
-2.34483e-05
0.000416537
-7.89071e-05
0.000816924
-0.000144153
0.00104055
-0.000208741
0.00121496
-0.000267728
0.00135575
-0.000317815
0.00145087
-0.000357065
0.00149245
-0.000385296
0.00148205
-0.000404072
0.00142924
-0.000416179
0.00134811
-0.000424725
0.00125307
-0.000432242
0.00115526
-0.000440172
0.00106082
-0.000448888
0.000971381
-0.000458105
0.000885895
-0.000467348
0.000802539
-0.000476264
0.000719888
-0.000484725
0.000637246
-0.000492778
0.000554469
-0.000500557
0.000471654
-0.000508206
0.000388922
-0.000515847
0.000306333
-0.000523575
0.000223882
-0.00053146
0.000141514
-0.000539554
5.91366e-05
-0.000547896
-2.33307e-05
-0.000556503
-0.000106014
-0.000565387
-0.00018899
-0.00057455
-0.000272345
-0.000583984
-0.000356175
-0.000593666
-0.000440576
-0.000603548
-0.00052565
-0.00061352
-0.00061149
-0.000623364
-0.000698147
-0.000632676
-0.000785541
-0.000640831
-0.000873319
-0.000647124
-0.000960705
-0.000651339
-0.00104659
-0.00065494
-0.00113042
-0.000662416
-0.00121446
-0.000680797
-0.00130714
-0.000714139
-0.00142362
-0.00075272
-0.00157528
-0.000765679
-0.00174394
-0.000710994
-0.00185717
-0.000564448
-0.00179962
-0.000349432
-0.00147941
-0.000140927
-0.000923803
-2.20971e-05
-0.000335669
-6.06503e-08
-1.3892e-05
0.000430429
-5.80316e-05
0.000861063
-0.000112594
0.00109511
-0.000166697
0.00126906
-0.000215668
0.00140472
-0.000256887
0.00149209
-0.000289036
0.0015246
-0.000312291
0.00150531
-0.000328224
0.00144517
-0.000339274
0.00135916
-0.000347949
0.00126175
-0.000356114
0.00116343
-0.000364676
0.00106938
-0.000373724
0.000980429
-0.00038293
0.000895101
-0.000391923
0.000811532
-0.000400498
0.000728463
-0.00040864
0.000645388
-0.000416455
0.000562284
-0.000424088
0.000479288
-0.000431676
0.000396509
-0.000439322
0.000313979
-0.000447105
0.000231665
-0.000455092
0.000149501
-0.000463334
6.7379e-05
-0.000471873
-1.47912e-05
-0.000480723
-9.71637e-05
-0.000489891
-0.000179823
-0.000499372
-0.000262864
-0.000509156
-0.000346391
-0.000519222
-0.00043051
-0.00052954
-0.000515332
-0.000540049
-0.000600981
-0.000550622
-0.000687574
-0.000560999
-0.000775164
-0.0005707
-0.000863618
-0.00057899
-0.000952415
-0.000585099
-0.00104048
-0.000589042
-0.00112648
-0.000593192
-0.0012103
-0.000603629
-0.0012967
-0.00062802
-0.00139923
-0.000666285
-0.00153701
-0.000697615
-0.00171261
-0.000679897
-0.00187489
-0.000574321
-0.0019052
-0.000383159
-0.00167057
-0.000169691
-0.00113727
-2.94205e-05
-0.000475939
-2.94811e-05
-3.87669e-06
0.000434306
-3.57515e-05
0.000892938
-7.90454e-05
0.0011384
-0.000122566
0.00131258
-0.000161835
0.00144399
-0.00019483
0.00152508
-0.000220726
0.00155049
-0.000239872
0.00152445
-0.000253656
0.00145896
-0.000264029
0.00136953
-0.00027286
0.00127058
-0.000281425
0.00117199
-0.000290239
0.0010782
-0.000299251
0.000989441
-0.000308173
0.000904024
-0.000316763
0.000820122
-0.000324933
0.000736633
-0.00033274
0.000653195
-0.000340313
0.000569858
-0.000347793
0.000486767
-0.000355295
0.000404012
-0.000362912
0.000321596
-0.000370714
0.000239467
-0.000378765
0.000157552
-0.000387127
7.57414e-05
-0.000395846
-6.07165e-06
-0.000404939
-8.80712e-05
-0.000414408
-0.000170354
-0.000424241
-0.000253031
-0.000434422
-0.00033621
-0.000444927
-0.000420005
-0.000455727
-0.000504532
-0.000466781
-0.000589927
-0.000478012
-0.000676342
-0.00048926
-0.000763916
-0.000500201
-0.000852677
-0.000510249
-0.000942367
-0.000518554
-0.00103218
-0.00052438
-0.00112065
-0.000528316
-0.00120637
-0.000534278
-0.00129074
-0.000550205
-0.00138331
-0.00058245
-0.00150477
-0.000621516
-0.00167355
-0.000631427
-0.00186498
-0.000564829
-0.00197179
-0.000403891
-0.00183151
-0.000195076
-0.00134609
-3.78536e-05
-0.000633162
-6.73348e-05
6.06022e-06
0.000428246
-1.27358e-05
0.000911734
-4.43982e-05
0.00117007
-7.734e-05
0.00134552
-0.000107226
0.00147387
-0.00013253
0.00155039
-0.000152802
0.00157077
-0.000168423
0.00154008
-0.000180461
0.001471
-0.000190299
0.00137937
-0.000199178
0.00127946
-0.000207869
0.00118068
-0.000216617
0.00108694
-0.000225321
0.000998144
-0.000233779
0.000912482
-0.000241866
0.00082821
-0.000249586
0.000744352
-0.000257033
0.000660642
-0.000264338
0.000577163
-0.000271627
0.000494056
-0.000279002
0.000411387
-0.000286544
0.000329138
-0.000294319
0.000247243
-0.000302393
0.000165626
-0.000310839
8.41879e-05
-0.000319714
2.80304e-06
-0.000329042
-7.87426e-05
-0.000338824
-0.000160572
-0.000349039
-0.000242815
-0.000359664
-0.000325585
-0.000370671
-0.000408998
-0.000382029
-0.000493174
-0.000393701
-0.000578255
-0.000405632
-0.000664411
-0.000417718
-0.00075183
-0.000429744
-0.000840652
-0.000441289
-0.000930821
-0.000451638
-0.00102183
-0.000459855
-0.00111243
-0.00046546
-0.00120076
-0.000470214
-0.00128599
-0.000480314
-0.00137321
-0.000504824
-0.00148026
-0.000543988
-0.00163438
-0.000571974
-0.00183699
-0.000539398
-0.00200437
-0.000411524
-0.00195939
-0.00021532
-0.00154229
-4.6972e-05
-0.00080151
-0.000114307
1.53103e-05
0.000412936
1.03758e-05
0.000916669
-9.38844e-06
0.00118983
-3.18312e-05
0.00136797
-5.26011e-05
0.00149464
-7.0601e-05
0.00156839
-8.56576e-05
0.00158582
-9.80916e-05
0.00155251
-0.000108567
0.00148147
-0.000117866
0.00138867
-0.000126631
0.00128822
-0.000135204
0.00118925
-0.00014364
0.00109538
-0.000151842
0.00100635
-0.000159709
0.00092035
-0.000167221
0.000835721
-0.000174441
0.000751573
-0.000181484
0.000667686
-0.000188473
0.000584153
-0.000195519
0.000501102
-0.000202711
0.00041858
-0.000210127
0.000336554
-0.000217832
0.000254948
-0.000225889
0.000173683
-0.00023438
9.26792e-05
-0.00024338
1.18039e-05
-0.000252932
-6.91911e-05
-0.000263032
-0.000150471
-0.000273651
-0.000232196
-0.000284758
-0.000314478
-0.000296324
-0.000397433
-0.000308316
-0.000481182
-0.000320698
-0.000565872
-0.000333424
-0.000651685
-0.000346414
-0.000738839
-0.000359517
-0.000827549
-0.000372435
-0.000917903
-0.000384623
-0.00100964
-0.000395226
-0.00110183
-0.000403342
-0.00119265
-0.000409203
-0.00128013
-0.000416645
-0.00136576
-0.000434484
-0.00146242
-0.000469481
-0.00159939
-0.000507255
-0.00179922
-0.000502211
-0.00200941
-0.000407328
-0.00205427
-0.000229556
-0.00172006
-5.62354e-05
-0.00097483
-0.000170542
2.3452e-05
0.000389484
3.28466e-05
0.000907274
2.53884e-05
0.00119729
1.32899e-05
0.00138007
1.43183e-06
0.0015065
-9.47004e-06
0.00157929
-1.95076e-05
0.00159586
-2.88813e-05
0.00156188
-3.78153e-05
0.0014904
-4.64879e-05
0.00139734
-5.49721e-05
0.00129671
-6.32322e-05
0.00119751
-7.11794e-05
0.00110333
-7.87459e-05
0.00101391
-8.5928e-05
0.000927532
-9.27933e-05
0.000842586
-9.9453e-05
0.000758232
-0.00010603
0.000674263
-0.000112638
0.000590761
-0.000119375
0.000507839
-0.000126325
0.00042553
-0.000133562
0.000343792
-0.000141154
0.00026254
-0.00014916
0.000181689
-0.000157662
0.000101182
-0.000166759
2.09018e-05
-0.000176518
-5.94322e-05
-0.000186932
-0.000140057
-0.000197963
-0.000221165
-0.000209575
-0.000302865
-0.000221744
-0.000385264
-0.000234439
-0.000468487
-0.000247625
-0.000552686
-0.000261254
-0.000638056
-0.00027526
-0.000724833
-0.000289524
-0.000813284
-0.000303824
-0.000903603
-0.00031775
-0.000995717
-0.000330613
-0.00108897
-0.000341474
-0.00118179
-0.00034976
-0.00127184
-0.000357246
-0.00135828
-0.000370853
-0.00144881
-0.000400343
-0.0015699
-0.000441722
-0.00175784
-0.000457442
-0.00199369
-0.000393397
-0.00211832
-0.000237705
-0.00187575
-6.49616e-05
-0.00114757
-0.000235504
3.02056e-05
0.000359278
5.3882e-05
0.000883598
5.93469e-05
0.00119182
5.76001e-05
0.00138181
5.44409e-05
0.00150966
5.05159e-05
0.00158321
4.54847e-05
0.00160089
3.9234e-05
0.00156814
3.19581e-05
0.00149768
2.40601e-05
0.00140524
1.60108e-05
0.00130476
8.20394e-06
0.00120532
8.62825e-07
0.00111067
-5.97198e-06
0.00102075
-1.23884e-05
0.000933948
-1.85328e-05
0.000848731
-2.45566e-05
0.000764256
-3.05896e-05
0.000680296
-3.67379e-05
0.00059691
-4.30914e-05
0.000514192
-4.97314e-05
0.00043217
-5.67351e-05
0.000350796
-6.4176e-05
0.000269981
-7.21182e-05
0.000189631
-8.06324e-05
0.000109696
-8.98079e-05
3.00776e-05
-9.97407e-05
-4.94991e-05
-0.000110436
-0.000129361
-0.000121859
-0.000209741
-0.000133979
-0.000290745
-0.00014678
-0.000372462
-0.000160237
-0.00045503
-0.00017431
-0.000538613
-0.000188953
-0.000623413
-0.000204101
-0.000709685
-0.000219654
-0.000797731
-0.000235433
-0.000887824
-0.000251118
-0.000980031
-0.000266171
-0.00107392
-0.000279779
-0.00116818
-0.000291095
-0.00126053
-0.000300511
-0.00134886
-0.000312593
-0.00143673
-0.000337291
-0.0015452
-0.000378418
-0.00171671
-0.000408748
-0.00196336
-0.000372148
-0.00215491
-0.00024027
-0.00200763
-7.25712e-05
-0.00131527
-0.000308075
3.53594e-05
0.000323919
7.2798e-05
0.000846159
9.17556e-05
0.00117287
0.000100582
0.00137299
0.000106065
0.00150418
0.000109131
0.00158015
0.000109238
0.00160079
0.000106313
0.00157106
0.000100916
0.00150308
9.39866e-05
0.00141217
8.65156e-05
0.00131223
7.92558e-05
0.00121258
7.25836e-05
0.00111734
6.65362e-05
0.0010268
6.09503e-05
0.000939534
5.56042e-05
0.000854077
5.0304e-05
0.000769557
4.49065e-05
0.000685693
3.93071e-05
0.000602509
3.34192e-05
0.00052008
2.71606e-05
0.000438429
2.04488e-05
0.000357508
1.32011e-05
0.000277229
5.33962e-06
0.000197493
-3.20424e-06
0.00011824
-1.24839e-05
3.93576e-05
-2.25586e-05
-3.9424e-05
-3.34713e-05
-0.000118448
-4.52354e-05
-0.000197977
-5.7843e-05
-0.000278137
-7.12843e-05
-0.000359021
-8.55393e-05
-0.000440775
-0.000100571
-0.000523581
-0.000116331
-0.000607653
-0.000132751
-0.000693265
-0.000149736
-0.000780746
-0.000167131
-0.000870429
-0.000184678
-0.000962484
-0.000201952
-0.00105664
-0.000218295
-0.00115184
-0.000232872
-0.00124595
-0.000245354
-0.00133638
-0.000258258
-0.00142383
-0.000280006
-0.00152345
-0.000319101
-0.00167762
-0.000359016
-0.00192345
-0.000345948
-0.00216798
-0.000238129
-0.00211545
-7.87376e-05
-0.00147466
-0.000386812
3.87752e-05
0.000285143
8.89923e-05
0.000795942
0.000121897
0.00113996
0.000141726
0.00135316
0.000155916
0.00148999
0.000166077
0.00156998
0.000171592
0.00159527
0.000172347
0.0015703
0.00016917
0.00150625
0.00016347
0.00141787
0.000156732
0.00131896
0.000150085
0.00121923
0.000144105
0.00112332
0.000138867
0.00103203
0.00013416
0.000944242
0.000129689
0.000858548
0.00012521
0.000774036
0.000120553
0.000690351
0.000115604
0.000607458
0.000110275
0.00052541
0.000104478
0.000444225
9.81243e-05
0.000363862
9.11208e-05
0.000284232
8.33855e-05
0.000205229
7.48749e-05
0.000126751
6.55646e-05
4.86683e-05
5.54055e-05
-2.92646e-05
4.43009e-05
-0.000107343
3.2198e-05
-0.000185874
1.908e-05
-0.000265019
4.95357e-06
-0.000344894
-1.01611e-05
-0.00042566
-2.62303e-05
-0.000507512
-4.32041e-05
-0.000590679
-6.10144e-05
-0.000675454
-7.95686e-05
-0.000762192
-9.87288e-05
-0.000851269
-0.000118281
-0.000942931
-0.000137885
-0.00103704
-0.000157014
-0.00113271
-0.000174959
-0.001228
-0.000191129
-0.00132021
-0.000206609
-0.00140834
-0.000227612
-0.00150245
-0.000264489
-0.00164074
-0.000310295
-0.00187764
-0.000316878
-0.0021614
-0.000232357
-0.00219997
-8.34216e-05
-0.0016236
-0.000470234
4.04183e-05
0.000244725
0.000101926
0.000734434
0.000148987
0.0010929
0.000180428
0.00132172
0.000203567
0.00146685
0.00022101
0.00155254
0.000232293
0.00158399
0.000237208
0.00156539
0.000236717
0.00150675
0.000232598
0.00142199
0.000226793
0.00132477
0.000220832
0.00122519
0.000215547
0.00112861
0.000211118
0.00103646
0.000207319
0.000948041
0.000203799
0.000862067
0.000200249
0.000777586
0.000196458
0.000694143
0.000192288
0.000611628
0.000187641
0.000530057
0.000182425
0.000449441
0.000176547
0.00036974
0.000169911
0.000290869
0.00016243
0.000212709
0.000154056
0.000135126
0.000144764
5.79608e-05
0.000134514
-1.90142e-05
0.000123201
-9.60306e-05
0.000110737
-0.00017341
9.70791e-05
-0.000251361
8.22237e-05
-0.000330039
6.61831e-05
-0.000409619
4.89871e-05
-0.000490315
3.06854e-05
-0.000572378
1.135e-05
-0.000656118
-8.92315e-06
-0.000741919
-3.00086e-05
-0.000830184
-5.17271e-05
-0.000921213
-7.38072e-05
-0.00101496
-9.58401e-05
-0.00111067
-0.00011726
-0.00120658
-0.000137465
-0.0013
-0.000156712
-0.0013891
-0.000179057
-0.0014801
-0.000214577
-0.00160522
-0.000263877
-0.00182834
-0.000286628
-0.00213865
-0.000224074
-0.00226252
-8.68296e-05
-0.00176084
-0.000557064
4.03647e-05
0.00020436
0.000111149
0.00066365
0.000172172
0.00103188
0.000215931
0.00127796
0.000248483
0.0014343
0.000273492
0.00152753
0.000290974
0.00156651
0.000300637
0.00155573
0.000303428
0.00150395
0.000301362
0.00142405
0.000296777
0.00132936
0.000291616
0.00123035
0.000287035
0.00113319
0.000283391
0.00104011
0.000280509
0.000950923
0.000277998
0.000864578
0.000275482
0.000780101
0.000272689
0.000696936
0.000269441
0.000614875
0.000265619
0.000533879
0.000261121
0.000453939
0.000255849
0.000375012
0.000249707
0.000297012
0.000242605
0.000219811
0.000234478
0.000143253
0.000225275
6.71634e-05
0.000214942
-8.68021e-06
0.000203394
-8.44829e-05
0.000190542
-0.000160558
0.00017632
-0.000237138
0.000160705
-0.000314423
0.000143697
-0.000392611
0.000125316
-0.000471935
0.000105607
-0.000552668
8.46371e-05
-0.000635149
6.25008e-05
-0.000719782
3.93183e-05
-0.000807001
1.52493e-05
-0.000897144
-9.48844e-06
-0.000990219
-3.4593e-05
-0.00108557
-5.96409e-05
-0.00118154
-8.4124e-05
-0.00127552
-0.000107916
-0.00136531
-0.000133359
-0.00145466
-0.000168959
-0.00156962
-0.000220474
-0.00177683
-0.000256486
-0.00210264
-0.00021435
-0.00230466
-8.9345e-05
-0.00188585
-0.000646409
3.87986e-05
0.000165562
0.000116341
0.000586108
0.000190553
0.000957666
0.000247285
0.00122122
0.000289948
0.00139164
0.000322948
0.00149453
0.000347112
0.00154234
0.000362191
0.00154065
0.000368997
0.00149715
0.000369614
0.00142343
0.000366675
0.0013323
0.000362523
0.0012345
0.000358696
0.00113701
0.000355818
0.00104298
0.000353838
0.000952904
0.00035237
0.000866046
0.000350979
0.000781493
0.000349316
0.000698599
0.000347145
0.000617047
0.000344305
0.000536719
0.000340677
0.000457567
0.000336153
0.000379536
0.000330632
0.000302533
0.000324016
0.000226427
0.000316222
0.000151047
0.00030718
7.62057e-05
0.000296817
1.68348e-06
0.000285059
-7.27252e-05
0.00027182
-0.000147319
0.000257019
-0.000222337
0.000240616
-0.00029802
0.000222599
-0.000374594
0.000202979
-0.000452314
0.000181792
-0.000531481
0.000159104
-0.00061246
0.000135001
-0.000695679
0.00010959
-0.00078159
8.29987e-05
-0.000870552
5.53866e-05
-0.000962607
2.69765e-05
-0.00105716
-1.91088e-06
-0.00115265
-3.09059e-05
-0.00124653
-5.97831e-05
-0.00133643
-8.97002e-05
-0.00142474
-0.00012703
-0.00153229
-0.000180355
-0.0017235
-0.000227355
-0.00205564
-0.000204131
-0.00232788
-9.14581e-05
-0.00199852
-0.000737867
3.59997e-05
0.000129562
0.000117367
0.00050474
0.000203265
0.000871768
0.000273346
0.00115114
0.000327002
0.00133798
0.000368613
0.00145292
0.000400001
0.00151095
0.000421214
0.00151943
0.000432889
0.00148547
0.000437
0.00141932
0.000436325
0.00133297
0.000433556
0.00123727
0.000430639
0.00113993
0.000428552
0.00104507
0.000427456
0.000954
0.000427039
0.000866463
0.000426834
0.000781697
0.000426418
0.000699016
0.000425474
0.000617991
0.000423784
0.000538409
0.000421192
0.00046016
0.00041757
0.000383159
0.000412805
0.000307299
0.00040679
0.000232441
0.000399428
0.00015841
0.00039063
8.50039e-05
0.000380308
1.20056e-05
0.000368389
-6.08067e-05
0.000354784
-0.000133713
0.000339407
-0.00020696
0.000322206
-0.000280818
0.000303154
-0.000355543
0.000282254
-0.000431414
0.000259535
-0.000508762
0.000235054
-0.000587979
0.000208888
-0.000669513
0.000181125
-0.000753827
0.000151857
-0.000841284
0.000121185
-0.000931934
8.92379e-05
-0.00102521
5.62132e-05
-0.00111962
2.23904e-05
-0.0012127
-1.19865e-05
-0.00130205
-4.74097e-05
-0.00138932
-8.80968e-05
-0.0014916
-0.000143452
-0.00166815
-0.000199771
-0.00199932
-0.000194182
-0.00233347
-9.36998e-05
-0.002099
-0.000831567
3.23135e-05
9.72485e-05
0.000114323
0.00042273
0.000209581
0.000776511
0.000292833
0.00106789
0.000358397
0.00127242
0.000409461
0.00140186
0.000448719
0.0014717
0.000476813
0.00149134
0.000494296
0.00146799
0.000502894
0.00141073
0.000505343
0.00133052
0.000504566
0.00123805
0.000502904
0.00114159
0.000501742
0.00104623
0.000501552
0.00095419
0.000502182
0.000865833
0.000503193
0.000780686
0.000504105
0.000698103
0.000504519
0.000617577
0.00050414
0.000538788
0.000502755
0.000461545
0.000500201
0.000385713
0.000496343
0.000311157
0.000491062
0.000237723
0.000484244
0.000165227
0.000475788
9.34603e-05
0.000465593
2.22004e-05
0.000453578
-4.87916e-05
0.000439648
-0.000119783
0.000423718
-0.000191031
0.000405726
-0.000262826
0.000385635
-0.000335452
0.000363439
-0.000409218
0.000339158
-0.000484481
0.000312836
-0.000561657
0.000284534
-0.000641211
0.00025431
-0.000723604
0.000222211
-0.000809186
0.00018827
-0.000897993
0.000152523
-0.000989466
0.000115062
-0.00108216
7.60672e-05
-0.00117371
3.5765e-05
-0.00126175
-5.95933e-06
-0.0013476
-5.14663e-05
-0.00144609
-0.000109475
-0.00161014
-0.000173944
-0.00193485
-0.000185035
-0.00232238
-9.65829e-05
-0.00218746
-0.000928149
2.81062e-05
6.91423e-05
0.00010758
0.000343257
0.000209054
0.000675036
0.000304459
0.000972486
0.000382608
0.00119427
0.000444147
0.00134032
0.000492076
0.00142377
0.000527834
0.00145558
0.000552109
0.00144372
0.000566338
0.0013965
0.00057303
0.00132383
0.00057516
0.00123592
0.000575375
0.00114138
0.000575481
0.00104613
0.000576336
0.000953334
0.000578047
0.000864122
0.000580287
0.000778447
0.000582571
0.000695819
0.000584434
0.000615714
0.000585498
0.000537724
0.000585477
0.000461566
0.000584157
0.000387033
0.000581367
0.000313947
0.000576963
0.000242126
0.000570819
0.000171371
0.000562817
0.000101462
0.000552848
3.217e-05
0.000540819
-3.67623e-05
0.000526629
-0.000105593
0.000510196
-0.000174597
0.000491448
-0.000244078
0.000470344
-0.000314348
0.000446866
-0.000385739
0.000421022
-0.000458637
0.00039284
-0.000533475
0.000362349
-0.00061072
0.000329569
-0.000690824
0.000294487
-0.000774103
0.000257056
-0.000860561
0.000217217
-0.000949627
0.000174954
-0.0010399
0.000130375
-0.00112913
8.37325e-05
-0.00121511
3.51321e-05
-0.00129899
-1.65233e-05
-0.00139444
-7.80209e-05
-0.00154864
-0.000149826
-0.00186304
-0.00017698
-0.00229523
-0.000100556
-0.00226388
-0.00102871
2.37177e-05
4.54246e-05
9.77906e-05
0.000269184
0.000201669
0.000571158
0.000307136
0.000867019
0.000397936
0.00110347
0.000470965
0.00126729
0.000528551
0.00136618
0.000572831
0.0014113
0.000604896
0.00141165
0.000625998
0.00137539
0.000638285
0.00131154
0.000644573
0.00122963
0.000647655
0.0011383
0.000649695
0.00104409
0.000651968
0.000951062
0.000654925
0.000861165
0.000658449
0.000774923
0.000662134
0.000692134
0.000665495
0.000612353
0.000668088
0.00053513
0.000669553
0.000460101
0.000669609
0.000386978
0.000668036
0.00031552
0.000664659
0.000245503
0.000659326
0.000176704
0.000651905
0.000108884
0.000642275
4.17995e-05
0.000630334
-2.4821e-05
0.000615978
-9.12369e-05
0.00059912
-0.000157739
0.000579688
-0.000224646
0.00055763
-0.00029229
0.000532919
-0.000361028
0.000505545
-0.000431263
0.000475506
-0.000503436
0.000442792
-0.000578006
0.000407363
-0.000655395
0.000369133
-0.000735873
0.000327967
-0.000819395
0.000283704
-0.000905364
0.00023623
-0.000992426
0.000185592
-0.00107849
0.0001321
-0.00116161
7.61694e-05
-0.00124306
1.74097e-05
-0.00133568
-4.86268e-05
-0.00148261
-0.000127127
-0.00178454
-0.000170016
-0.00225234
-0.000105954
-0.00232794
-0.00113466
1.94291e-05
2.59955e-05
8.5857e-05
0.000202756
0.000187956
0.000469059
0.000300222
0.000754753
0.000402717
0.00100097
0.000487903
0.0011821
0.000556225
0.00129786
0.00061001
0.00135752
0.000650892
0.00137077
0.000680141
0.00134615
0.000699538
0.00129215
0.000711555
0.00121761
0.000718912
0.00113094
0.000723982
0.00103902
0.000728413
0.000946632
0.000733046
0.000856532
0.000738066
0.000769903
0.000743239
0.000686961
0.000748142
0.00060745
0.000752313
0.000530959
0.000755337
0.000457078
0.000756868
0.000385446
0.000756633
0.000315755
0.000754412
0.000247725
0.000750023
0.000181093
0.000743315
0.000115593
0.000734153
5.09614e-05
0.000722422
-1.30904e-05
0.000708016
-7.68309e-05
0.000690846
-0.000140569
0.000670833
-0.000204633
0.000647917
-0.000269373
0.000622053
-0.000335164
0.000593203
-0.000402413
0.000561325
-0.000471558
0.00052635
-0.000543031
0.000488165
-0.00061721
0.000446595
-0.000694304
0.000401406
-0.000774205
0.000352336
-0.000856294
0.000299188
-0.000939278
0.000241978
-0.00102128
0.000181108
-0.00110074
0.000117334
-0.00117929
5.09391e-05
-0.00126928
-2.07161e-05
-0.00141095
-0.000105292
-0.00169997
-0.000163777
-0.00219385
-0.000112924
-0.0023788
-0.00124758
1.54578e-05
1.05376e-05
7.28344e-05
0.000145379
0.000169034
0.000372859
0.000283772
0.000640015
0.000395632
0.000889111
0.000492811
0.00108493
0.000572781
0.00121789
0.000637166
0.00129313
0.000687959
0.00131998
0.000726639
0.00130747
0.000754736
0.00126405
0.000774285
0.00119806
0.000787715
0.00111751
0.000797397
0.00102934
0.000805218
0.00093881
0.000812381
0.000849369
0.00081942
0.000762864
0.000826366
0.000680015
0.00083295
0.000600867
0.000838768
0.00052514
0.000843402
0.000452444
0.00084647
0.000382378
0.000847651
0.000314573
0.000846683
0.000248693
0.00084335
0.000184425
0.000837475
0.000121468
0.000828909
5.95272e-05
0.000817519
-1.70014e-06
0.000803199
-6.25105e-05
0.00078585
-0.00012322
0.000765382
-0.000184166
0.00074172
-0.000245711
0.000714792
-0.000308237
0.000684522
-0.000372143
0.000650807
-0.000437843
0.000613506
-0.000505731
0.000572416
-0.000576119
0.000527259
-0.000649147
0.000477698
-0.000724644
0.000423379
-0.000801975
0.000364044
-0.000879943
0.000299721
-0.00095696
0.000230959
-0.00103198
0.000158881
-0.00110721
8.45093e-05
-0.00119491
6.44791e-06
-0.00133289
-8.35527e-05
-0.00160997
-0.000157488
-0.00211992
-0.000121337
-0.00241495
-0.00136892
1.19849e-05
-1.44723e-06
5.98041e-05
9.756e-05
0.000146518
0.000286145
0.000258672
0.000527862
0.000376047
0.000771736
0.00048372
0.000977252
0.000575635
0.00112597
0.000651649
0.00121712
0.000713535
0.00125809
0.000762961
0.00125804
0.000801358
0.00122565
0.000830353
0.00116907
0.000851941
0.00109592
0.000868262
0.00101301
0.000881246
0.000925826
0.000892337
0.000838278
0.000902398
0.000752803
0.000911773
0.00067064
0.00092043
0.000592209
0.000928116
0.000517454
0.000934481
0.000446079
0.000939162
0.000377697
0.000941823
0.000311911
0.000942178
0.000248339
0.000939985
0.000186619
0.000935041
0.000126412
0.000927179
6.73884e-05
0.000916251
9.22788e-06
0.000902142
-4.84016e-05
0.000884738
-0.000105816
0.000863931
-0.000163359
0.000839618
-0.000221398
0.000811689
-0.000280307
0.000780009
-0.000340463
0.000744406
-0.000402239
0.000704646
-0.000465971
0.000660426
-0.000531899
0.00061136
-0.000600082
0.000557009
-0.000670293
0.000496941
-0.000741908
0.000430877
-0.000813879
0.000358918
-0.000885
0.000281822
-0.000954886
0.000201126
-0.00102652
0.000118567
-0.00111235
3.37471e-05
-0.00124807
-6.10152e-05
-0.0015152
-0.000149922
-0.00203101
-0.000130684
-0.00243418
-0.0014996
9.20039e-06
-1.06476e-05
4.77313e-05
5.9029e-05
0.000122279
0.000211597
0.000226582
0.000423559
0.000344245
0.000654073
0.000459233
0.000862264
0.000562228
0.00102298
0.000650466
0.00112888
0.000724614
0.00118394
0.000786158
0.00119649
0.000836454
0.00117536
0.000876812
0.00112871
0.000908761
0.00106397
0.000934049
0.000987727
0.00095443
0.000905444
0.000971411
0.000821298
0.000986078
0.000738136
0.000999069
0.000657649
0.00101063
0.000580649
0.00102073
0.000507356
0.00102917
0.00043764
0.00103567
0.000371194
0.00103995
0.000307635
0.00104172
0.000246565
0.00104075
0.000187593
0.00103681
0.000130346
0.00102974
7.44647e-05
0.00101936
1.96055e-05
0.00100554
-3.45861e-05
0.000988155
-8.84288e-05
0.000967064
-0.000142267
0.000942124
-0.000196458
0.00091317
-0.000251353
0.000879999
-0.000307292
0.000842352
-0.000364593
0.000799899
-0.000423518
0.000752226
-0.000484225
0.000698843
-0.000546699
0.000639223
-0.000610672
0.000572887
-0.000675572
0.000499586
-0.000740578
0.000419564
-0.000804979
0.000333865
-0.000869187
0.000244468
-0.000937119
0.000153756
-0.00102164
6.22383e-05
-0.00115655
-3.65617e-05
-0.0014164
-0.000139295
-0.00192828
-0.000139954
-0.00243353
-0.00163956
7.22109e-06
-1.78688e-05
3.72409e-05
2.90091e-05
9.7958e-05
0.00015088
0.00018953
0.000331987
0.000301383
0.00054222
0.000418837
0.00074481
0.00053046
0.000911356
0.000630577
0.00102876
0.000717845
0.00109667
0.000792869
0.00112147
0.00085667
0.00111156
0.00091026
0.00107512
0.00095474
0.00101949
0.000991404
0.000951063
0.00102168
0.000875172
0.00104693
0.000796041
0.00106833
0.000716739
0.0010867
0.000639278
0.00110255
0.000564803
0.00111608
0.000493816
0.00112733
0.000426397
0.00113616
0.000362366
0.00114238
0.000301408
0.0011458
0.000243151
0.00114619
0.000187201
0.00114336
0.000133172
0.00113714
8.06895e-05
0.00112735
2.93942e-05
0.00111384
-2.10786e-05
0.00109646
-7.10446e-05
0.00107503
-0.000120839
0.00104936
-0.000170793
0.00101923
-0.000221222
0.000984356
-0.000272415
0.000944382
-0.000324619
0.000898882
-0.000378018
0.000847341
-0.000432684
0.000789179
-0.000488537
0.00072381
-0.000545303
0.00065076
-0.000602522
0.000569877
-0.000659695
0.000481623
-0.000716724
0.000387377
-0.000774941
0.000289563
-0.000839304
0.000191107
-0.000923186
9.3281e-05
-0.00105873
-8.86264e-06
-0.00131426
-0.000123166
-0.00181398
-0.000147518
-0.00240917
-0.00178708
5.87131e-06
-2.37401e-05
2.80843e-05
6.79611e-06
7.4069e-05
0.000104895
0.000148969
0.000257087
0.000248928
0.00044226
0.000362888
0.000630851
0.000479082
0.000795161
0.000589377
0.000918468
0.000689872
0.000996179
0.000779473
0.00103187
0.00085832
0.00103271
0.000926932
0.00100651
0.000985978
0.000960448
0.00103631
0.000900734
0.00107895
0.000832532
0.00111501
0.000759975
0.00114557
0.000686179
0.00117153
0.000613322
0.00119355
0.00054278
0.00121208
0.000475292
0.00122733
0.000411141
0.00123939
0.000350303
0.00124823
0.00029257
0.00125375
0.000237631
0.00125582
0.00018513
0.0012543
0.000134696
0.00124903
8.59608e-05
0.00123985
3.85698e-05
0.00122661
-7.83357e-06
0.00120912
-5.35584e-05
0.00118719
-9.89084e-05
0.00116057
-0.000144175
0.00112898
-0.000189626
0.00109205
-0.000235486
0.00104935
-0.000281925
0.00100038
-0.000329042
0.000944529
-0.000376836
0.000881177
-0.000425185
0.000809733
-0.000473859
0.000729799
-0.000522589
0.000641398
-0.000571294
0.000545256
-0.000620583
0.000443084
-0.00067277
0.000337658
-0.000733878
0.000232278
-0.000817806
0.000128816
-0.000955263
2.35396e-05
-0.00120898
-9.8686e-05
-0.00169175
-0.00015119
-0.00235667
-0.00193827
4.14585e-06
-2.7886e-05
1.80316e-05
-7.08966e-06
4.84816e-05
7.44452e-05
0.000104156
0.000201413
0.000187375
0.000359041
0.000292
0.000526226
0.000407773
0.000679388
0.000525206
0.000801034
0.000637906
0.00088348
0.000742507
0.000927269
0.000837617
0.000937599
0.000922841
0.000921282
0.000998265
0.000885024
0.00106427
0.000834724
0.0011215
0.00077531
0.00117074
0.000710737
0.00121287
0.000644046
0.00124874
0.000577448
0.00127909
0.000512429
0.0013045
0.000449887
0.00132537
0.00039027
0.00134197
0.000333703
0.00135444
0.000280099
0.00136283
0.000229239
0.00136713
0.000180831
0.00136727
0.000134552
0.00136317
9.0068e-05
0.00135468
4.70532e-05
0.00134166
5.18615e-06
0.00132394
-3.58353e-05
0.00130128
-7.62516e-05
0.00127342
-0.000116309
0.00124001
-0.000156214
0.00120064
-0.000196119
0.00115483
-0.000236116
0.00110201
-0.000276228
0.00104158
-0.000316404
0.000972926
-0.000356529
0.000895543
-0.000396476
0.000809202
-0.000436247
0.000714155
-0.000476247
0.000611394
-0.000517822
0.000502849
-0.000564225
0.000391408
-0.000622437
0.000280404
-0.000706801
0.000171929
-0.000846789
6.29349e-05
-0.00109999
-6.3135e-05
-0.00156568
-0.000148246
-0.00227156
-0.00208651
-6.32892e-07
-2.72531e-05
1.48574e-06
-9.20832e-06
1.47775e-05
6.11534e-05
5.02474e-05
0.000165943
0.000114456
0.000294832
0.000205799
0.000434883
0.000316669
0.000568519
0.000437584
0.000680119
0.000560368
0.000760696
0.00067936
0.000808277
0.000791199
0.000825759
0.000894117
0.000818364
0.000987317
0.000791823
0.0010706
0.000751441
0.00114417
0.000701744
0.00120849
0.00064641
0.00126423
0.000588308
0.0013121
0.000529576
0.00135282
0.000471711
0.00138702
0.000415685
0.00141524
0.000362055
0.00143788
0.000311066
0.00145523
0.000262742
0.00146751
0.000216966
0.00147481
0.000173529
0.00147718
0.000132178
0.00147461
9.26374e-05
0.00146703
5.4634e-05
0.00145431
1.79055e-05
0.0014363
-1.78217e-05
0.00141277
-5.27244e-05
0.00138345
-8.69885e-05
0.00134799
-0.000120751
0.00130597
-0.000154098
0.00125691
-0.000187056
0.00120028
-0.000219603
0.00113556
-0.000251678
0.00106225
-0.000283228
0.000980073
-0.000314295
0.000889017
-0.000345191
0.000789577
-0.000376807
0.000682901
-0.000411146
0.000570912
-0.000452236
0.000456249
-0.000507774
0.00034177
-0.000592322
0.000229045
-0.000734064
0.000114912
-0.000985858
-1.3444e-05
-0.00143732
-0.000134044
-0.00215096
-0.00222056
-1.33994e-05
-1.38537e-05
-3.09138e-05
8.30603e-06
-3.76732e-05
6.79128e-05
-2.18579e-05
0.000150128
2.41062e-05
0.000248868
0.000101674
0.000357315
0.000205518
0.000464675
0.000327013
0.000558623
0.000457304
0.000630405
0.000589039
0.000676543
0.000716956
0.000697842
0.00083768
0.00069764
0.000949251
0.000680252
0.00105069
0.000649999
0.00114169
0.000610749
0.00122235
0.000565746
0.00129309
0.000517574
0.00135446
0.000468204
0.0014071
0.000419064
0.00145166
0.000371127
0.00148872
0.000325001
0.00151877
0.00028101
0.00154225
0.00023927
0.00155946
0.000199755
0.00157064
0.000162346
0.00157595
0.000126869
0.00157546
9.31238e-05
0.00156919
6.09047e-05
0.00155708
3.00181e-05
0.00153899
2.67269e-07
0.00151477
-2.85074e-05
0.00148419
-5.64028e-05
0.00144694
-8.3505e-05
0.00140269
-0.000109852
0.00135108
-0.000135443
0.00129173
-0.000160253
0.00122432
-0.000184265
0.00114862
-0.00020753
0.0010646
-0.000230275
0.000972497
-0.000253088
0.000872922
-0.000277232
0.000766936
-0.00030516
0.000656088
-0.000341388
0.000542336
-0.000394022
0.000427596
-0.000477582
0.000312283
-0.000618751
0.000192097
-0.000865673
5.64187e-05
-0.00130165
-9.82976e-05
-0.00199624
-0.00231886
-4.09727e-05
2.7119e-05
-9.0181e-05
5.75144e-05
-0.000121107
9.88384e-05
-0.000123161
0.000152182
-9.13549e-05
0.000217062
-2.47116e-05
0.000290671
7.31719e-05
0.000366792
0.000194537
0.000437258
0.000330387
0.000494554
0.000472688
0.000534242
0.000614875
0.000555654
0.000752174
0.000560341
0.000881426
0.000551
0.00100076
0.000530664
0.00110923
0.00050228
0.00120652
0.000468456
0.00129274
0.000431352
0.00136828
0.000392669
0.00143366
0.000353685
0.00148948
0.000315308
0.00153633
0.000278143
0.00157479
0.00024255
0.00160535
0.000208711
0.00162843
0.000176673
0.00164438
0.000146397
0.00165346
0.000117787
0.00165587
9.07171e-05
0.00165172
6.50527e-05
0.00164108
4.06647e-05
0.0016239
1.74433e-05
0.00160011
-4.71243e-06
0.00156959
-2.58863e-05
0.00153222
-4.61401e-05
0.00148787
-6.54938e-05
0.00143638
-8.39568e-05
0.00137767
-0.000101541
0.0013117
-0.000118293
0.00123853
-0.000134364
0.00115836
-0.000150105
0.00107152
-0.000166248
0.000978483
-0.000184195
0.000879839
-0.000206517
0.000776246
-0.000237794
0.000668357
-0.000286133
0.000556562
-0.000365787
0.000439895
-0.000502084
0.000312796
-0.000738574
0.00015977
-0.00114862
-2.67659e-05
-0.00180971
-0.00234562
-9.01052e-05
0.000117224
-0.000183175
0.000150584
-0.000240251
0.000155914
-0.000257486
0.000169417
-0.000234981
0.000194557
-0.000174203
0.000229894
-7.94202e-05
0.000272008
4.25646e-05
0.000315273
0.000183149
0.00035397
0.00033383
0.000383561
0.000487625
0.00040186
0.000638872
0.000409093
0.000783519
0.000406353
0.000918908
0.000395274
0.00104346
0.000377727
0.00115639
0.000355523
0.00125749
0.000330259
0.0013469
0.000303256
0.00142503
0.000275552
0.00149242
0.000247922
0.00154965
0.00022091
0.00159733
0.000194873
0.00163602
0.00017002
0.00166624
0.00014645
0.00168845
0.000124184
0.00170305
0.00010319
0.00171036
8.34097e-05
0.00171064
6.47668e-05
0.00170412
4.71839e-05
0.00169098
3.05917e-05
0.00167134
1.49233e-05
0.00164526
1.89729e-07
0.00161275
-1.36279e-05
0.00157392
-2.66579e-05
0.00152891
-3.89512e-05
0.0014779
-5.05325e-05
0.00142109
-6.14805e-05
0.0013587
-7.19754e-05
0.00129097
-8.23788e-05
0.0012181
-9.33785e-05
0.00114015
-0.000106238
0.00105687
-0.000123238
0.000967525
-0.000148451
0.000870584
-0.000189192
0.000763378
-0.000258581
0.000641556
-0.000380263
0.000497441
-0.000594459
0.000312254
-0.000963431
8.51079e-05
-0.00158256
-0.00226051
-0.000160371
0.000277595
-0.000293332
0.000283546
-0.000362677
0.000225259
-0.000384801
0.00019154
-0.000365765
0.000175521
-0.000308231
0.000172359
-0.000216423
0.000180201
-9.66678e-05
0.000195518
4.41953e-05
0.000213107
0.000198543
0.000229213
0.000358723
0.00024168
0.000518835
0.000248981
0.000674399
0.000250789
0.000822173
0.0002475
0.000960026
0.000239875
0.00108671
0.000228835
0.00120166
0.00021531
0.00130477
0.000200145
0.00139627
0.000184054
0.00147659
0.000167603
0.00154628
0.000151219
0.00160595
0.000135205
0.00165621
0.000119763
0.00169764
0.000105013
0.00173081
9.10147e-05
0.00175622
7.77876e-05
0.0017743
6.53226e-05
0.00178547
5.35946e-05
0.00179009
4.25706e-05
0.00178846
3.22159e-05
0.00178089
2.24965e-05
0.00176771
1.33704e-05
0.00174924
4.83996e-06
0.00172563
-3.04878e-06
0.00169704
-1.03581e-05
0.0016637
-1.71895e-05
0.00162585
-2.36321e-05
0.0015837
-2.98249e-05
0.00153735
-3.60362e-05
0.00148674
-4.27661e-05
0.00143143
-5.09222e-05
0.00137033
-6.21406e-05
0.00130124
-7.93576e-05
0.00121994
-0.000107895
0.00111885
-0.000157493
0.000984957
-0.00024637
0.000799303
-0.000408805
0.000541161
-0.00070529
0.000229437
-0.00127084
-0.00203108
-0.000223969
0.000501564
-0.0002847
0.000344277
-0.000270992
0.000211551
-0.000242547
0.000163096
-0.000199574
0.000132547
-0.000136076
0.000108861
-5.02879e-05
9.44129e-05
5.72531e-05
8.79767e-05
0.00018333
8.70297e-05
0.000323331
8.92121e-05
0.00047236
9.265e-05
0.000625403
9.59383e-05
0.000778093
9.80989e-05
0.000926943
9.86495e-05
0.00106935
9.74653e-05
0.00120352
9.4666e-05
0.00132832
9.05115e-05
0.00144315
8.53171e-05
0.0015478
7.93972e-05
0.00164237
7.30332e-05
0.00172713
6.64587e-05
0.00180248
5.98565e-05
0.00186888
5.33614e-05
0.00192683
4.70678e-05
0.00197681
4.10365e-05
0.00201929
3.53037e-05
0.00205473
2.98875e-05
0.00208353
2.47938e-05
0.00210608
2.00209e-05
0.00212273
1.55622e-05
0.00213382
1.1409e-05
0.00213964
7.5507e-06
0.0021405
3.9733e-06
0.00213678
6.74125e-07
0.00212877
-2.34482e-06
0.00211668
-5.10081e-06
0.00210069
-7.6417e-06
0.00208091
-1.00477e-05
0.00205734
-1.2462e-05
0.00202971
-1.51388e-05
0.00199731
-1.8526e-05
0.00195858
-2.34118e-05
0.00191041
-3.11786e-05
0.00184674
-4.42266e-05
0.00175609
-6.68414e-05
0.00161636
-0.000106642
0.00138894
-0.000181385
0.00101735
-0.000333704
0.000489555
-0.000743038
-0.00154152
0.000501564
0.000845841
0.00105739
0.00122049
0.00135303
0.0014619
0.00155631
0.00164429
0.00173132
0.00182053
0.00191318
0.00200912
0.00210721
0.00220586
0.00230333
0.002398
0.00248851
0.00257382
0.00265322
0.00272625
0.00279271
0.00285257
0.00290593
0.002953
0.00299404
0.00302934
0.00305923
0.00308402
0.00310404
0.0031196
0.00313101
0.00313856
0.00314254
0.00314321
0.00314087
0.00313576
0.00312812
0.00311808
0.00310561
0.00309047
0.00307195
0.00304854
0.00301736
0.00297313
0.00290629
0.00279965
0.00261826
0.00228456
0.00154152
)
;

boundaryField
{
    movingWall
    {
        type            calculated;
        value           uniform 0;
    }
    fixedWalls
    {
        type            calculated;
        value           uniform 0;
    }
    frontAndBack
    {
        type            empty;
        value           nonuniform 0();
    }
}


// ************************************************************************* //
