/*--------------------------------*- C++ -*----------------------------------*\
  =========                 |
  \\      /  F ield         | OpenFOAM: The Open Source CFD Toolbox
   \\    /   O peration     | Website:  https://openfoam.org
    \\  /    A nd           | Version:  7
     \\/     M anipulation  |
\*---------------------------------------------------------------------------*/
FoamFile
{
    version     2.0;
    format      ascii;
    class       volVectorField;
    location    "1050";
    object      U;
}
// * * * * * * * * * * * * * * * * * * * * * * * * * * * * * * * * * * * * * //

dimensions      [0 1 -1 0 0 0 0];

internalField   nonuniform List<vector> 
2500
(
(0.000207227 -0.000201568 0)
(0.00186721 -0.000571823 0)
(0.00447415 -0.00069807 0)
(0.00716346 -0.000600211 0)
(0.00922962 -0.000419055 0)
(0.0104509 -0.000264363 0)
(0.0109306 -0.000188025 0)
(0.0108814 -0.000185899 0)
(0.0104507 -0.000219887 0)
(0.00963401 -0.000245446 0)
(0.00828206 -0.000228685 0)
(0.00616249 -0.000150752 0)
(0.00301798 -2.5996e-06 0)
(-0.00139523 0.000221153 0)
(-0.0072818 0.000523644 0)
(-0.0147743 0.000908422 0)
(-0.0238952 0.00137551 0)
(-0.0345144 0.00191326 0)
(-0.0463142 0.00248847 0)
(-0.0587684 0.00303884 0)
(-0.0711486 0.00347461 0)
(-0.0825613 0.00369116 0)
(-0.0920173 0.00358999 0)
(-0.0985337 0.00310594 0)
(-0.101245 0.00223328 0)
(-0.0994777 0.00103 0)
(-0.0929631 -0.000373156 0)
(-0.0817745 -0.00181049 0)
(-0.0663791 -0.00310842 0)
(-0.0476335 -0.0041001 0)
(-0.026757 -0.00464053 0)
(-0.00523173 -0.00460703 0)
(0.0154166 -0.00393733 0)
(0.0337178 -0.00278624 0)
(0.0483647 -0.0013733 0)
(0.0584011 0.000123737 0)
(0.0634467 0.00149517 0)
(0.0637138 0.00253289 0)
(0.0600083 0.00311097 0)
(0.0534955 0.00322435 0)
(0.0454073 0.00298627 0)
(0.0368473 0.00254961 0)
(0.0286526 0.00204881 0)
(0.0213432 0.0015745 0)
(0.0151489 0.00117438 0)
(0.010081 0.000863548 0)
(0.0060298 0.000631349 0)
(0.00290162 0.000436115 0)
(0.000795566 0.000192867 0)
(-8.19819e-05 -8.73783e-05 0)
(0.000565779 -0.00181793 0)
(0.0043779 -0.00431452 0)
(0.00958413 -0.00511705 0)
(0.0146056 -0.00444098 0)
(0.0181626 -0.00299837 0)
(0.0197688 -0.00145764 0)
(0.0194626 -0.000192173 0)
(0.0174553 0.000766036 0)
(0.0138318 0.00162584 0)
(0.00840329 0.00266601 0)
(0.000732728 0.00410383 0)
(-0.00973618 0.00604524 0)
(-0.0235326 0.00849442 0)
(-0.0410189 0.0113843 0)
(-0.0622754 0.0145764 0)
(-0.0869945 0.0178452 0)
(-0.114418 0.02087 0)
(-0.143353 0.0232586 0)
(-0.172274 0.0246023 0)
(-0.199503 0.0245438 0)
(-0.223383 0.0228361 0)
(-0.242433 0.0193795 0)
(-0.255455 0.0142383 0)
(-0.261591 0.00764494 0)
(-0.260367 -1.06832e-05 0)
(-0.251717 -0.00821255 0)
(-0.235833 -0.01639 0)
(-0.213164 -0.0239893 0)
(-0.184477 -0.0304478 0)
(-0.150859 -0.0352311 0)
(-0.113722 -0.0378767 0)
(-0.074761 -0.0380414 0)
(-0.0358875 -0.0355804 0)
(0.000964138 -0.0306763 0)
(0.0339488 -0.0238276 0)
(0.0613897 -0.0157603 0)
(0.0819693 -0.00729561 0)
(0.0949659 0.000684045 0)
(0.100245 0.00733521 0)
(0.098419 0.0120755 0)
(0.0909438 0.0147072 0)
(0.0796051 0.0154319 0)
(0.0662291 0.014714 0)
(0.0524137 0.0131072 0)
(0.0393373 0.0111173 0)
(0.0276946 0.00911071 0)
(0.0177742 0.00724927 0)
(0.00968285 0.00543512 0)
(0.00372656 0.00334362 0)
(0.000329356 0.000918692 0)
(0.000785687 -0.00449646 0)
(0.00568943 -0.00969465 0)
(0.0117189 -0.0109174 0)
(0.0169073 -0.0090057 0)
(0.019764 -0.00542347 0)
(0.0197119 -0.0014688 0)
(0.0166688 0.00215397 0)
(0.0106325 0.00542494 0)
(0.00137754 0.00878334 0)
(-0.011628 0.0127955 0)
(-0.0290972 0.0178477 0)
(-0.0516576 0.0240167 0)
(-0.0796146 0.0310913 0)
(-0.112738 0.0386074 0)
(-0.150155 0.0458848 0)
(-0.190388 0.0521047 0)
(-0.23155 0.0564435 0)
(-0.271604 0.0582149 0)
(-0.308626 0.0569726 0)
(-0.34099 0.0525508 0)
(-0.367461 0.0450491 0)
(-0.387193 0.0347827 0)
(-0.399672 0.0222237 0)
(-0.404637 0.00795288 0)
(-0.402018 -0.00737852 0)
(-0.391788 -0.0230886 0)
(-0.373982 -0.0384683 0)
(-0.348871 -0.0527289 0)
(-0.316942 -0.0650325 0)
(-0.278962 -0.0745405 0)
(-0.23602 -0.0804819 0)
(-0.189551 -0.0822466 0)
(-0.141317 -0.0795017 0)
(-0.0933227 -0.072303 0)
(-0.0476784 -0.0611993 0)
(-0.00637903 -0.0471956 0)
(0.0288517 -0.031583 0)
(0.0566556 -0.0158091 0)
(0.0763408 -0.00116397 0)
(0.0876343 0.0111558 0)
(0.0907979 0.0202422 0)
(0.087085 0.0257316 0)
(0.0782007 0.0278556 0)
(0.0660349 0.0273039 0)
(0.0523878 0.024975 0)
(0.0387206 0.0217245 0)
(0.0260338 0.0181226 0)
(0.0149681 0.0142398 0)
(0.00625661 0.0095837 0)
(0.000705249 0.00358709 0)
(0.000917706 -0.007728 0)
(0.00606872 -0.0155926 0)
(0.0115464 -0.016538 0)
(0.0151634 -0.0124511 0)
(0.0154163 -0.00573213 0)
(0.0117466 0.00170192 0)
(0.00392965 0.00894569 0)
(-0.0083835 0.0161078 0)
(-0.0258582 0.0239512 0)
(-0.0493099 0.0332269 0)
(-0.0793758 0.0442147 0)
(-0.116153 0.0565735 0)
(-0.158975 0.0694272 0)
(-0.206385 0.081553 0)
(-0.256346 0.0916217 0)
(-0.306574 0.0984478 0)
(-0.354894 0.101184 0)
(-0.399499 0.0994076 0)
(-0.439055 0.0931051 0)
(-0.472686 0.0825798 0)
(-0.49987 0.0683325 0)
(-0.520305 0.0509578 0)
(-0.533795 0.031085 0)
(-0.540185 0.0093556 0)
(-0.539314 -0.0135698 0)
(-0.530989 -0.0369678 0)
(-0.515083 -0.0599903 0)
(-0.491579 -0.081665 0)
(-0.46058 -0.100927 0)
(-0.422398 -0.116641 0)
(-0.377657 -0.127672 0)
(-0.327374 -0.133011 0)
(-0.27302 -0.131966 0)
(-0.216527 -0.124335 0)
(-0.160211 -0.110551 0)
(-0.106556 -0.0917224 0)
(-0.0579093 -0.0695493 0)
(-0.0161411 -0.0460359 0)
(0.017554 -0.0230961 0)
(0.0425856 -0.00247306 0)
(0.0588918 0.0145965 0)
(0.0667321 0.027189 0)
(0.0672179 0.034929 0)
(0.0619042 0.0381582 0)
(0.0525808 0.0377803 0)
(0.041039 0.0349309 0)
(0.0288301 0.0305674 0)
(0.017189 0.0250319 0)
(0.00742109 0.0177405 0)
(0.00086209 0.00736627 0)
(0.000999765 -0.0110191 0)
(0.00561076 -0.0208279 0)
(0.00922812 -0.0203479 0)
(0.00967587 -0.0129002 0)
(0.00561587 -0.00193281 0)
(-0.0034707 0.0101312 0)
(-0.0180486 0.0223915 0)
(-0.0388734 0.0352918 0)
(-0.066879 0.0497719 0)
(-0.102717 0.0663573 0)
(-0.146286 0.0846751 0)
(-0.196509 0.103494 0)
(-0.251448 0.121084 0)
(-0.308653 0.13565 0)
(-0.36562 0.145707 0)
(-0.420169 0.150304 0)
(-0.470657 0.149074 0)
(-0.515996 0.142141 0)
(-0.555561 0.129961 0)
(-0.589028 0.113158 0)
(-0.616235 0.0923975 0)
(-0.637095 0.068337 0)
(-0.651552 0.0416231 0)
(-0.659529 0.0128839 0)
(-0.660911 -0.0172418 0)
(-0.655564 -0.0480249 0)
(-0.643288 -0.0785924 0)
(-0.623805 -0.107935 0)
(-0.596811 -0.134888 0)
(-0.562076 -0.158093 0)
(-0.519561 -0.176063 0)
(-0.469557 -0.187332 0)
(-0.412867 -0.190657 0)
(-0.350969 -0.185262 0)
(-0.286075 -0.171122 0)
(-0.221019 -0.149169 0)
(-0.158962 -0.121298 0)
(-0.102911 -0.0901108 0)
(-0.0551536 -0.0584597 0)
(-0.0168785 -0.0288634 0)
(0.0117885 -0.0030979 0)
(0.0312276 0.0176349 0)
(0.0419918 0.032665 0)
(0.0452853 0.041838 0)
(0.0426274 0.0456922 0)
(0.0357444 0.0452959 0)
(0.0263993 0.0417582 0)
(0.0162504 0.0355996 0)
(0.00710968 0.0261577 0)
(0.000796466 0.0113833 0)
(0.000995704 -0.0139238 0)
(0.00416117 -0.0242943 0)
(0.00457906 -0.0208768 0)
(0.000392049 -0.00872293 0)
(-0.00947289 0.00766506 0)
(-0.0255783 0.0256056 0)
(-0.0486673 0.0444972 0)
(-0.0797202 0.0650132 0)
(-0.119451 0.0878098 0)
(-0.167676 0.112573 0)
(-0.223049 0.137848 0)
(-0.283268 0.161481 0)
(-0.345565 0.181251 0)
(-0.407246 0.19538 0)
(-0.466091 0.2028 0)
(-0.520517 0.203165 0)
(-0.569547 0.196697 0)
(-0.612676 0.183977 0)
(-0.649713 0.165752 0)
(-0.680656 0.142801 0)
(-0.705625 0.11587 0)
(-0.724827 0.0856736 0)
(-0.738492 0.0528666 0)
(-0.746797 0.0180377 0)
(-0.749845 -0.0182263 0)
(-0.747659 -0.0552864 0)
(-0.74004 -0.0924344 0)
(-0.726534 -0.128813 0)
(-0.706524 -0.163315 0)
(-0.679262 -0.194533 0)
(-0.64395 -0.2208 0)
(-0.599926 -0.240263 0)
(-0.54695 -0.251034 0)
(-0.485482 -0.251497 0)
(-0.41693 -0.240733 0)
(-0.343824 -0.218905 0)
(-0.269739 -0.187524 0)
(-0.198869 -0.149438 0)
(-0.135263 -0.108421 0)
(-0.0819245 -0.0683515 0)
(-0.0401432 -0.0323497 0)
(-0.00954523 -0.00227934 0)
(0.0110366 0.0211271 0)
(0.0227933 0.0375886 0)
(0.0271531 0.0473208 0)
(0.0257795 0.0511054 0)
(0.020463 0.0499364 0)
(0.0130769 0.0443186 0)
(0.00574882 0.0334771 0)
(0.000590966 0.0148941 0)
(0.000839762 -0.0158647 0)
(0.00148272 -0.0247686 0)
(-0.00259865 -0.0166911 0)
(-0.0126914 0.00145561 0)
(-0.0295801 0.0244125 0)
(-0.0539392 0.0495826 0)
(-0.0866684 0.0766574 0)
(-0.128527 0.1061 0)
(-0.179388 0.137663 0)
(-0.237823 0.169799 0)
(-0.301304 0.200027 0)
(-0.366799 0.225714 0)
(-0.431395 0.244744 0)
(-0.492725 0.255857 0)
(-0.549135 0.258661 0)
(-0.599629 0.253437 0)
(-0.64373 0.240889 0)
(-0.681341 0.22193 0)
(-0.712643 0.197536 0)
(-0.738017 0.168644 0)
(-0.757996 0.136128 0)
(-0.77318 0.100755 0)
(-0.784133 0.0631405 0)
(-0.791323 0.0237928 0)
(-0.795098 -0.0168196 0)
(-0.795615 -0.0582831 0)
(-0.792757 -0.100189 0)
(-0.786073 -0.141945 0)
(-0.774841 -0.182688 0)
(-0.757977 -0.221231 0)
(-0.734106 -0.255997 0)
(-0.701723 -0.284952 0)
(-0.659432 -0.305716 0)
(-0.606262 -0.31585 0)
(-0.542125 -0.313258 0)
(-0.468292 -0.296716 0)
(-0.387672 -0.266467 0)
(-0.304756 -0.224658 0)
(-0.225071 -0.175311 0)
(-0.154089 -0.123658 0)
(-0.0958155 -0.0748899 0)
(-0.0517096 -0.0328013 0)
(-0.0207577 0.000852745 0)
(-0.000751827 0.0259356 0)
(0.0103034 0.0427795 0)
(0.0143106 0.0520063 0)
(0.0132056 0.0544127 0)
(0.00901202 0.0503517 0)
(0.00400032 0.038926 0)
(0.000362195 0.017492 0)
(0.000464856 -0.0160967 0)
(-0.00257505 -0.0209708 0)
(-0.0122885 -0.00661287 0)
(-0.0292395 0.0186657 0)
(-0.0539585 0.0492812 0)
(-0.0871971 0.0828893 0)
(-0.129679 0.119137 0)
(-0.181412 0.157678 0)
(-0.241071 0.19696 0)
(-0.306069 0.23427 0)
(-0.373169 0.266561 0)
(-0.439203 0.291294 0)
(-0.501566 0.306906 0)
(-0.558416 0.312864 0)
(-0.608639 0.309457 0)
(-0.651727 0.297517 0)
(-0.687657 0.278173 0)
(-0.71679 0.252671 0)
(-0.739774 0.222239 0)
(-0.757451 0.188002 0)
(-0.770757 0.150923 0)
(-0.78059 0.111743 0)
(-0.787735 0.0709813 0)
(-0.792843 0.0290183 0)
(-0.796389 -0.0138891 0)
(-0.798613 -0.0576019 0)
(-0.799545 -0.10199 0)
(-0.798906 -0.146788 0)
(-0.796073 -0.191539 0)
(-0.78998 -0.235484 0)
(-0.779124 -0.277373 0)
(-0.761578 -0.315358 0)
(-0.735072 -0.347003 0)
(-0.697292 -0.369367 0)
(-0.646401 -0.379274 0)
(-0.581663 -0.37388 0)
(-0.50409 -0.351474 0)
(-0.416951 -0.312317 0)
(-0.325824 -0.259233 0)
(-0.23787 -0.197642 0)
(-0.160285 -0.134625 0)
(-0.0982472 -0.0770268 0)
(-0.0533212 -0.0293941 0)
(-0.0235843 0.00685451 0)
(-0.00556443 0.0324371 0)
(0.0036118 0.0482847 0)
(0.0064566 0.0552417 0)
(0.00528846 0.0535835 0)
(0.00248723 0.042374 0)
(0.000209221 0.0191561 0)
(-0.000172188 -0.0137857 0)
(-0.00796745 -0.011827 0)
(-0.0241252 0.0102077 0)
(-0.0484435 0.0435128 0)
(-0.08124 0.0826499 0)
(-0.123151 0.125401 0)
(-0.174313 0.170836 0)
(-0.233655 0.217358 0)
(-0.298709 0.262114 0)
(-0.366141 0.301653 0)
(-0.43253 0.332914 0)
(-0.49497 0.353884 0)
(-0.551346 0.363758 0)
(-0.600358 0.362761 0)
(-0.641425 0.351837 0)
(-0.674579 0.332361 0)
(-0.700351 0.305908 0)
(-0.719646 0.274067 0)
(-0.73359 0.238289 0)
(-0.743385 0.199794 0)
(-0.750168 0.159506 0)
(-0.754918 0.118044 0)
(-0.758436 0.0757785 0)
(-0.76134 0.0329009 0)
(-0.764066 -0.0105606 0)
(-0.766905 -0.0546587 0)
(-0.77 -0.0994652 0)
(-0.773278 -0.145028 0)
(-0.776402 -0.191295 0)
(-0.778685 -0.237958 0)
(-0.778974 -0.284296 0)
(-0.77548 -0.329039 0)
(-0.76573 -0.370187 0)
(-0.746706 -0.404851 0)
(-0.715178 -0.429335 0)
(-0.668286 -0.439545 0)
(-0.604438 -0.431701 0)
(-0.524315 -0.403381 0)
(-0.431615 -0.354726 0)
(-0.333157 -0.289391 0)
(-0.237979 -0.214592 0)
(-0.155227 -0.139737 0)
(-0.0912544 -0.0736438 0)
(-0.0474074 -0.0215507 0)
(-0.0204331 0.0157915 0)
(-0.00547489 0.0401043 0)
(0.00120316 0.0527715 0)
(0.00267311 0.054382 0)
(0.00160569 0.0441985 0)
(0.000183925 0.0201669 0)
(-0.00107298 -0.00816357 0)
(-0.0144183 0.00341165 0)
(-0.0373716 0.0341497 0)
(-0.0690487 0.0760538 0)
(-0.109505 0.124142 0)
(-0.158995 0.175956 0)
(-0.216774 0.229521 0)
(-0.280684 0.281878 0)
(-0.347451 0.329214 0)
(-0.413462 0.367862 0)
(-0.475489 0.395191 0)
(-0.531089 0.409955 0)
(-0.578715 0.412187 0)
(-0.617668 0.402889 0)
(-0.648005 0.383685 0)
(-0.670414 0.356518 0)
(-0.68604 0.323391 0)
(-0.696279 0.28614 0)
(-0.702565 0.246285 0)
(-0.706203 0.204957 0)
(-0.708266 0.162895 0)
(-0.709576 0.120511 0)
(-0.71073 0.0779783 0)
(-0.712127 0.0352921 0)
(-0.714061 -0.00766199 0)
(-0.716795 -0.0510301 0)
(-0.720475 -0.0949984 0)
(-0.725199 -0.139785 0)
(-0.730977 -0.185563 0)
(-0.737638 -0.232393 0)
(-0.744639 -0.280135 0)
(-0.750849 -0.328268 0)
(-0.754368 -0.375582 0)
(-0.75238 -0.419887 0)
(-0.741145 -0.457834 0)
(-0.716382 -0.48492 0)
(-0.674099 -0.495876 0)
(-0.611778 -0.485643 0)
(-0.529699 -0.450884 0)
(-0.432048 -0.391676 0)
(-0.327151 -0.312811 0)
(-0.226233 -0.223866 0)
(-0.140484 -0.1372 0)
(-0.0771226 -0.0638383 0)
(-0.0365959 -0.00932424 0)
(-0.0137844 0.0267934 0)
(-0.00262835 0.0471403 0)
(0.00130257 0.0532446 0)
(0.00144667 0.0450155 0)
(0.00028821 0.0209445 0)
(-0.00218017 0.00131659 0)
(-0.0214291 0.0250328 0)
(-0.0510257 0.0650746 0)
(-0.0895056 0.115756 0)
(-0.136555 0.172625 0)
(-0.191816 0.23257 0)
(-0.25359 0.292339 0)
(-0.318872 0.347807 0)
(-0.383992 0.394668 0)
(-0.445432 0.429505 0)
(-0.500387 0.450409 0)
(-0.547 0.457039 0)
(-0.58439 0.450333 0)
(-0.612585 0.432118 0)
(-0.632383 0.404721 0)
(-0.645148 0.370604 0)
(-0.65253 0.332046 0)
(-0.656187 0.290919 0)
(-0.657573 0.248584 0)
(-0.657813 0.205896 0)
(-0.657693 0.163299 0)
(-0.657709 0.120945 0)
(-0.658139 0.0788092 0)
(-0.659117 0.0367585 0)
(-0.660753 -0.00537273 0)
(-0.6632 -0.0477533 0)
(-0.666553 -0.0905696 0)
(-0.670991 -0.134024 0)
(-0.676744 -0.178337 0)
(-0.684018 -0.223764 0)
(-0.692864 -0.270555 0)
(-0.703014 -0.318807 0)
(-0.713601 -0.368213 0)
(-0.722784 -0.417732 0)
(-0.727451 -0.465132 0)
(-0.723193 -0.506563 0)
(-0.704688 -0.536467 0)
(-0.666679 -0.548118 0)
(-0.605565 -0.534924 0)
(-0.521293 -0.492462 0)
(-0.418831 -0.420879 0)
(-0.308405 -0.326731 0)
(-0.203737 -0.222904 0)
(-0.117981 -0.125418 0)
(-0.0584604 -0.0473928 0)
(-0.0236477 0.00622951 0)
(-0.00619145 0.0377507 0)
(0.000678422 0.0503833 0)
(0.00180965 0.0453509 0)
(0.000485799 0.0218719 0)
(-0.00335841 0.014888 0)
(-0.0283528 0.0528348 0)
(-0.0639677 0.102357 0)
(-0.108205 0.161536 0)
(-0.160272 0.226376 0)
(-0.219094 0.292818 0)
(-0.282149 0.356351 0)
(-0.345921 0.41205 0)
(-0.406709 0.455583 0)
(-0.461345 0.484128 0)
(-0.507602 0.496702 0)
(-0.544327 0.493975 0)
(-0.571422 0.477863 0)
(-0.589718 0.451043 0)
(-0.600737 0.416468 0)
(-0.606355 0.376928 0)
(-0.608454 0.334719 0)
(-0.608639 0.291481 0)
(-0.608094 0.248204 0)
(-0.607566 0.205354 0)
(-0.607445 0.163042 0)
(-0.607872 0.121184 0)
(-0.608843 0.0796154 0)
(-0.610292 0.0381577 0)
(-0.612179 -0.00334821 0)
(-0.614549 -0.0450331 0)
(-0.617449 -0.0870045 0)
(-0.621031 -0.129364 0)
(-0.625546 -0.172267 0)
(-0.631324 -0.215955 0)
(-0.63876 -0.260765 0)
(-0.648217 -0.307105 0)
(-0.659788 -0.355353 0)
(-0.67293 -0.405577 0)
(-0.686 -0.457011 0)
(-0.695768 -0.507368 0)
(-0.69717 -0.552229 0)
(-0.683699 -0.584804 0)
(-0.648726 -0.596525 0)
(-0.587616 -0.578862 0)
(-0.500198 -0.526266 0)
(-0.392676 -0.439511 0)
(-0.27779 -0.328023 0)
(-0.172112 -0.209276 0)
(-0.0902959 -0.103579 0)
(-0.0383246 -0.0252848 0)
(-0.0113395 0.0228978 0)
(-0.000155914 0.0453587 0)
(0.00229659 0.0453488 0)
(0.000720585 0.0231542 0)
(-0.00444375 0.0323982 0)
(-0.0345371 0.0861526 0)
(-0.0751409 0.14494 0)
(-0.12372 0.211886 0)
(-0.17894 0.283359 0)
(-0.239047 0.354224 0)
(-0.300933 0.418926 0)
(-0.360908 0.472158 0)
(-0.415509 0.509947 0)
(-0.462097 0.530333 0)
(-0.499145 0.533408 0)
(-0.526299 0.520953 0)
(-0.544298 0.495885 0)
(-0.554722 0.461643 0)
(-0.559619 0.421595 0)
(-0.561079 0.378561 0)
(-0.560874 0.334553 0)
(-0.56027 0.290751 0)
(-0.560006 0.247664 0)
(-0.560391 0.205357 0)
(-0.561453 0.163668 0)
(-0.563081 0.122366 0)
(-0.565116 0.0812363 0)
(-0.567405 0.0401134 0)
(-0.569843 -0.00111805 0)
(-0.572428 -0.0425228 0)
(-0.575183 -0.0841282 0)
(-0.578172 -0.12595 0)
(-0.58155 -0.168035 0)
(-0.585581 -0.210492 0)
(-0.590671 -0.25354 0)
(-0.597365 -0.297577 0)
(-0.606271 -0.343212 0)
(-0.617862 -0.391151 0)
(-0.632049 -0.441866 0)
(-0.64749 -0.494951 0)
(-0.660839 -0.548145 0)
(-0.666339 -0.596299 0)
(-0.656244 -0.63095 0)
(-0.622459 -0.64119 0)
(-0.559388 -0.616278 0)
(-0.467234 -0.549775 0)
(-0.354302 -0.444115 0)
(-0.236668 -0.313372 0)
(-0.133892 -0.181267 0)
(-0.0609086 -0.0724339 0)
(-0.0200589 -0.000211418 0)
(-0.00227021 0.0369342 0)
(0.00246908 0.0446238 0)
(0.00093993 0.0247518 0)
(-0.00528789 0.0532852 0)
(-0.039421 0.123928 0)
(-0.0836873 0.19145 0)
(-0.134985 0.265073 0)
(-0.19144 0.341495 0)
(-0.250752 0.414562 0)
(-0.309504 0.47798 0)
(-0.364101 0.526453 0)
(-0.411513 0.556682 0)
(-0.449751 0.567763 0)
(-0.478066 0.560987 0)
(-0.496934 0.53928 0)
(-0.507852 0.506482 0)
(-0.512946 0.466578 0)
(-0.514478 0.423027 0)
(-0.514406 0.378352 0)
(-0.514117 0.334034 0)
(-0.514382 0.290688 0)
(-0.515471 0.248353 0)
(-0.517335 0.206787 0)
(-0.51978 0.16568 0)
(-0.522591 0.12476 0)
(-0.525585 0.0838396 0)
(-0.528622 0.0428015 0)
(-0.531614 0.00158575 0)
(-0.534564 -0.039821 0)
(-0.537493 -0.0814037 0)
(-0.540391 -0.123136 0)
(-0.543313 -0.164987 0)
(-0.546377 -0.206941 0)
(-0.549805 -0.249051 0)
(-0.553988 -0.291519 0)
(-0.559547 -0.33479 0)
(-0.567323 -0.379632 0)
(-0.578172 -0.427104 0)
(-0.592451 -0.478198 0)
(-0.609158 -0.532932 0)
(-0.624866 -0.588951 0)
(-0.633002 -0.640059 0)
(-0.62433 -0.675588 0)
(-0.589241 -0.681672 0)
(-0.521587 -0.645115 0)
(-0.422856 -0.559346 0)
(-0.304657 -0.43046 0)
(-0.187289 -0.279815 0)
(-0.0928392 -0.138955 0)
(-0.0339635 -0.0351943 0)
(-0.00650478 0.0231643 0)
(0.00201156 0.0423061 0)
(0.00111636 0.0264146 0)
(-0.00576955 0.076643 0)
(-0.0425924 0.164827 0)
(-0.0890337 0.240341 0)
(-0.141384 0.319324 0)
(-0.197292 0.398888 0)
(-0.254094 0.472033 0)
(-0.308314 0.532066 0)
(-0.356656 0.57404 0)
(-0.396647 0.595566 0)
(-0.427014 0.596946 0)
(-0.447795 0.580727 0)
(-0.460218 0.550924 0)
(-0.46634 0.512097 0)
(-0.468529 0.468452 0)
(-0.46893 0.423197 0)
(-0.469102 0.378288 0)
(-0.469913 0.334564 0)
(-0.471642 0.292095 0)
(-0.474199 0.250573 0)
(-0.477336 0.209599 0)
(-0.480791 0.168838 0)
(-0.484367 0.128068 0)
(-0.487941 0.0871633 0)
(-0.491435 0.0460669 0)
(-0.494814 0.00476125 0)
(-0.498109 -0.0367449 0)
(-0.501349 -0.0784281 0)
(-0.5045 -0.12026 0)
(-0.507555 -0.162186 0)
(-0.510514 -0.204141 0)
(-0.51341 -0.246067 0)
(-0.516382 -0.287958 0)
(-0.519773 -0.329963 0)
(-0.524232 -0.372546 0)
(-0.530766 -0.416661 0)
(-0.540591 -0.463762 0)
(-0.55456 -0.515388 0)
(-0.571994 -0.571997 0)
(-0.589199 -0.630983 0)
(-0.598491 -0.684533 0)
(-0.588927 -0.718851 0)
(-0.549482 -0.716379 0)
(-0.474196 -0.661695 0)
(-0.367292 -0.549886 0)
(-0.245305 -0.394002 0)
(-0.133335 -0.226067 0)
(-0.0540391 -0.0858348 0)
(-0.0133511 0.00163174 0)
(0.000772303 0.0372152 0)
(0.00125372 0.0277838 0)
(-0.00581323 0.101338 0)
(-0.043819 0.207369 0)
(-0.0909166 0.290036 0)
(-0.142749 0.372989 0)
(-0.196589 0.453955 0)
(-0.249602 0.525338 0)
(-0.298452 0.580367 0)
(-0.340277 0.614708 0)
(-0.373224 0.627065 0)
(-0.396738 0.619025 0)
(-0.411569 0.594364 0)
(-0.419514 0.558019 0)
(-0.422919 0.514972 0)
(-0.424085 0.469302 0)
(-0.424788 0.423678 0)
(-0.426064 0.379357 0)
(-0.428277 0.336552 0)
(-0.431341 0.294925 0)
(-0.434974 0.253984 0)
(-0.43888 0.213313 0)
(-0.442844 0.172643 0)
(-0.446748 0.131839 0)
(-0.45055 0.0908464 0)
(-0.45424 0.0496526 0)
(-0.457823 0.00825999 0)
(-0.46136 -0.0333216 0)
(-0.46489 -0.0750779 0)
(-0.468386 -0.117 0)
(-0.471821 -0.159053 0)
(-0.475146 -0.201181 0)
(-0.478297 -0.243292 0)
(-0.481228 -0.285279 0)
(-0.483982 -0.327069 0)
(-0.486811 -0.368756 0)
(-0.49036 -0.410818 0)
(-0.495803 -0.454388 0)
(-0.504726 -0.501378 0)
(-0.518428 -0.553991 0)
(-0.536432 -0.613078 0)
(-0.554497 -0.675292 0)
(-0.563368 -0.730201 0)
(-0.550064 -0.759679 0)
(-0.502542 -0.741879 0)
(-0.416492 -0.660246 0)
(-0.301032 -0.515002 0)
(-0.179304 -0.331199 0)
(-0.0805112 -0.15485 0)
(-0.0231574 -0.0304628 0)
(-0.00128222 0.0280196 0)
(0.00137144 0.0284822 0)
(-0.00539574 0.126127 0)
(-0.043045 0.250047 0)
(-0.0893555 0.339046 0)
(-0.13929 0.424646 0)
(-0.189863 0.505489 0)
(-0.238238 0.573669 0)
(-0.281366 0.622606 0)
(-0.316889 0.648785 0)
(-0.343579 0.652105 0)
(-0.361531 0.635448 0)
(-0.372054 0.603697 0)
(-0.377276 0.562462 0)
(-0.379556 0.516812 0)
(-0.380889 0.470404 0)
(-0.382559 0.4252 0)
(-0.385099 0.381756 0)
(-0.388491 0.339794 0)
(-0.392452 0.298736 0)
(-0.396661 0.25806 0)
(-0.400878 0.217426 0)
(-0.404979 0.17667 0)
(-0.408935 0.13574 0)
(-0.412771 0.094635 0)
(-0.416516 0.0533644 0)
(-0.420194 0.0119322 0)
(-0.423878 -0.0296616 0)
(-0.427619 -0.0714165 0)
(-0.4314 -0.113348 0)
(-0.4352 -0.155451 0)
(-0.438974 -0.1977 0)
(-0.442642 -0.240035 0)
(-0.446091 -0.282344 0)
(-0.449193 -0.324476 0)
(-0.451891 -0.366286 0)
(-0.454358 -0.407794 0)
(-0.457236 -0.449497 0)
(-0.461862 -0.492789 0)
(-0.470204 -0.540172 0)
(-0.483998 -0.594587 0)
(-0.502732 -0.657054 0)
(-0.521022 -0.72263 0)
(-0.527355 -0.776682 0)
(-0.506595 -0.795187 0)
(-0.446789 -0.752003 0)
(-0.347659 -0.632483 0)
(-0.225946 -0.448138 0)
(-0.112327 -0.242545 0)
(-0.0364001 -0.0761159 0)
(-0.0042257 0.0132182 0)
(0.00146094 0.0281003 0)
(-0.00454181 0.149772 0)
(-0.040363 0.291425 0)
(-0.0845929 0.386049 0)
(-0.131489 0.473149 0)
(-0.177924 0.552657 0)
(-0.221193 0.616639 0)
(-0.258621 0.658923 0)
(-0.288377 0.676943 0)
(-0.309803 0.67183 0)
(-0.323517 0.647686 0)
(-0.33119 0.61031 0)
(-0.335043 0.56569 0)
(-0.33722 0.518691 0)
(-0.339287 0.472345 0)
(-0.342039 0.427876 0)
(-0.345613 0.385247 0)
(-0.349773 0.343855 0)
(-0.354185 0.303049 0)
(-0.358583 0.262376 0)
(-0.362827 0.221611 0)
(-0.366883 0.180689 0)
(-0.370787 0.139618 0)
(-0.374598 0.098424 0)
(-0.378362 0.0571185 0)
(-0.382101 0.0156963 0)
(-0.385885 -0.0258558 0)
(-0.389771 -0.0675493 0)
(-0.393752 -0.109418 0)
(-0.397812 -0.151479 0)
(-0.401929 -0.19374 0)
(-0.406048 -0.236183 0)
(-0.410067 -0.278749 0)
(-0.413829 -0.321309 0)
(-0.417145 -0.36366 0)
(-0.419869 -0.405575 0)
(-0.422094 -0.447011 0)
(-0.424485 -0.488531 0)
(-0.428616 -0.531907 0)
(-0.436895 -0.580437 0)
(-0.451382 -0.637895 0)
(-0.471041 -0.704933 0)
(-0.488477 -0.773352 0)
(-0.489172 -0.82193 0)
(-0.456233 -0.819325 0)
(-0.380047 -0.736923 0)
(-0.267935 -0.568395 0)
(-0.146917 -0.345972 0)
(-0.0533949 -0.137542 0)
(-0.0082236 -0.00882166 0)
(0.00147427 0.0261821 0)
(-0.0033141 0.171128 0)
(-0.0359752 0.330205 0)
(-0.0770215 0.429936 0)
(-0.119993 0.517641 0)
(-0.161716 0.594955 0)
(-0.199709 0.654189 0)
(-0.231719 0.689734 0)
(-0.256407 0.70003 0)
(-0.273592 0.687404 0)
(-0.284257 0.657042 0)
(-0.290228 0.61542 0)
(-0.293613 0.568634 0)
(-0.296213 0.521128 0)
(-0.299139 0.47523 0)
(-0.302783 0.431492 0)
(-0.307031 0.389443 0)
(-0.311571 0.348322 0)
(-0.31611 0.307515 0)
(-0.320478 0.266685 0)
(-0.324629 0.225721 0)
(-0.328593 0.184629 0)
(-0.33244 0.143448 0)
(-0.336239 0.102207 0)
(-0.340035 0.0609077 0)
(-0.343839 0.0195323 0)
(-0.34771 -0.0219451 0)
(-0.351712 -0.0635437 0)
(-0.355838 -0.105309 0)
(-0.360076 -0.147272 0)
(-0.364418 -0.18946 0)
(-0.368838 -0.231892 0)
(-0.373273 -0.274559 0)
(-0.377607 -0.317401 0)
(-0.381653 -0.360267 0)
(-0.385161 -0.402895 0)
(-0.387904 -0.444972 0)
(-0.389933 -0.486399 0)
(-0.392006 -0.527902 0)
(-0.39603 -0.571888 0)
(-0.404916 -0.622769 0)
(-0.420825 -0.685057 0)
(-0.441363 -0.757748 0)
(-0.455849 -0.826579 0)
(-0.446255 -0.860741 0)
(-0.395633 -0.821403 0)
(-0.300722 -0.683119 0)
(-0.18074 -0.459456 0)
(-0.0735943 -0.215094 0)
(-0.0135225 -0.039885 0)
(0.00138981 0.022247 0)
(-0.00180153 0.189217 0)
(-0.0301531 0.365271 0)
(-0.067115 0.469823 0)
(-0.105511 0.557523 0)
(-0.142194 0.632143 0)
(-0.174957 0.686487 0)
(-0.201971 0.715599 0)
(-0.222332 0.718917 0)
(-0.23621 0.699869 0)
(-0.244785 0.66454 0)
(-0.249858 0.619853 0)
(-0.253285 0.571791 0)
(-0.256471 0.524257 0)
(-0.260129 0.478899 0)
(-0.264368 0.435725 0)
(-0.268956 0.393991 0)
(-0.273594 0.352901 0)
(-0.278075 0.311937 0)
(-0.282322 0.270887 0)
(-0.286356 0.229726 0)
(-0.290242 0.1885 0)
(-0.294057 0.147254 0)
(-0.29787 0.106007 0)
(-0.301716 0.0647488 0)
(-0.305596 0.023446 0)
(-0.309553 -0.0179369 0)
(-0.31366 -0.059423 0)
(-0.317915 -0.101067 0)
(-0.322294 -0.142907 0)
(-0.3268 -0.184981 0)
(-0.331421 -0.227327 0)
(-0.336127 -0.269974 0)
(-0.34085 -0.31292 0)
(-0.345462 -0.356101 0)
(-0.349742 -0.399333 0)
(-0.353384 -0.442278 0)
(-0.356099 -0.484519 0)
(-0.357939 -0.525956 0)
(-0.359866 -0.567688 0)
(-0.3643 -0.613166 0)
(-0.374693 -0.668265 0)
(-0.392728 -0.737661 0)
(-0.413208 -0.816026 0)
(-0.420767 -0.878672 0)
(-0.394537 -0.882471 0)
(-0.321417 -0.784805 0)
(-0.210228 -0.575937 0)
(-0.0954007 -0.306733 0)
(-0.0203469 -0.0816475 0)
(0.00124981 0.0158113 0)
(-0.000108303 0.203262 0)
(-0.0232031 0.3957 0)
(-0.0553712 0.505037 0)
(-0.088745 0.592418 0)
(-0.120245 0.664176 0)
(-0.147955 0.713832 0)
(-0.170449 0.737116 0)
(-0.187171 0.734399 0)
(-0.198517 0.710067 0)
(-0.205708 0.67091 0)
(-0.210379 0.624092 0)
(-0.214063 0.575339 0)
(-0.217785 0.527989 0)
(-0.221949 0.483097 0)
(-0.226495 0.440273 0)
(-0.231168 0.398631 0)
(-0.235733 0.357417 0)
(-0.240071 0.316231 0)
(-0.244175 0.274961 0)
(-0.248103 0.23364 0)
(-0.251933 0.192328 0)
(-0.255736 0.151061 0)
(-0.259573 0.109844 0)
(-0.263474 0.068652 0)
(-0.26743 0.0274427 0)
(-0.271469 -0.0138292 0)
(-0.275679 -0.0551882 0)
(-0.280063 -0.0966993 0)
(-0.284582 -0.138403 0)
(-0.289241 -0.180345 0)
(-0.294033 -0.222573 0)
(-0.298943 -0.265132 0)
(-0.303935 -0.308062 0)
(-0.308936 -0.351366 0)
(-0.313799 -0.394964 0)
(-0.318267 -0.438617 0)
(-0.321972 -0.481881 0)
(-0.324585 -0.524236 0)
(-0.326247 -0.565699 0)
(-0.328318 -0.608126 0)
(-0.333942 -0.656658 0)
(-0.346927 -0.718834 0)
(-0.36727 -0.797576 0)
(-0.384901 -0.878206 0)
(-0.379022 -0.920118 0)
(-0.329086 -0.868343 0)
(-0.232629 -0.688406 0)
(-0.116658 -0.40847 0)
(-0.0286965 -0.135258 0)
(0.00111668 0.00636355 0)
(0.0016559 0.212705 0)
(-0.0154417 0.42076 0)
(-0.0422724 0.535086 0)
(-0.0703375 0.622118 0)
(-0.096639 0.691132 0)
(-0.119537 0.736572 0)
(-0.137968 0.754845 0)
(-0.151637 0.747139 0)
(-0.161044 0.718629 0)
(-0.167322 0.676622 0)
(-0.171854 0.628365 0)
(-0.175824 0.579267 0)
(-0.179929 0.532141 0)
(-0.184359 0.487571 0)
(-0.188982 0.444901 0)
(-0.193572 0.403197 0)
(-0.197972 0.361786 0)
(-0.202133 0.320371 0)
(-0.206094 0.278915 0)
(-0.20993 0.237481 0)
(-0.213712 0.196127 0)
(-0.217503 0.154875 0)
(-0.221357 0.113714 0)
(-0.225302 0.0726127 0)
(-0.229326 0.0315179 0)
(-0.233438 -0.00962345 0)
(-0.237746 -0.0508361 0)
(-0.242266 -0.0921974 0)
(-0.246936 -0.133752 0)
(-0.251763 -0.175549 0)
(-0.256736 -0.217641 0)
(-0.261847 -0.260082 0)
(-0.267073 -0.302931 0)
(-0.272376 -0.346234 0)
(-0.277667 -0.389993 0)
(-0.282771 -0.434093 0)
(-0.287381 -0.478201 0)
(-0.291073 -0.521727 0)
(-0.293518 -0.564082 0)
(-0.295097 -0.605683 0)
(-0.297847 -0.649855 0)
(-0.30581 -0.704239 0)
(-0.322441 -0.777318 0)
(-0.34377 -0.865582 0)
(-0.352636 -0.937078 0)
(-0.32453 -0.931347 0)
(-0.246423 -0.790995 0)
(-0.135314 -0.515257 0)
(-0.0381817 -0.200489 0)
(0.00096817 -0.00656524 0)
(0.00338516 0.217235 0)
(-0.00717782 0.439866 0)
(-0.0282671 0.559626 0)
(-0.0508518 0.646536 0)
(-0.0720161 0.713156 0)
(-0.0903549 0.755052 0)
(-0.105118 0.769263 0)
(-0.116191 0.757646 0)
(-0.124075 0.725984 0)
(-0.129724 0.681936 0)
(-0.134215 0.632735 0)
(-0.138398 0.583468 0)
(-0.142708 0.536512 0)
(-0.147202 0.492109 0)
(-0.151733 0.449445 0)
(-0.156135 0.407593 0)
(-0.16032 0.365965 0)
(-0.164292 0.324348 0)
(-0.16811 0.282752 0)
(-0.17185 0.241251 0)
(-0.175577 0.199892 0)
(-0.179342 0.158684 0)
(-0.183194 0.117604 0)
(-0.187166 0.0766151 0)
(-0.191244 0.0356594 0)
(-0.195413 -0.00532482 0)
(-0.19981 -0.0463652 0)
(-0.20447 -0.0875515 0)
(-0.209306 -0.128935 0)
(-0.21432 -0.17057 0)
(-0.219503 -0.212509 0)
(-0.224841 -0.254812 0)
(-0.23032 -0.297545 0)
(-0.235914 -0.340778 0)
(-0.241571 -0.384566 0)
(-0.24718 -0.428891 0)
(-0.252525 -0.473564 0)
(-0.257235 -0.518103 0)
(-0.260837 -0.561741 0)
(-0.263097 -0.603971 0)
(-0.264893 -0.64621 0)
(-0.269315 -0.694401 0)
(-0.281148 -0.759222 0)
(-0.301575 -0.846764 0)
(-0.319335 -0.937749 0)
(-0.309784 -0.973889 0)
(-0.251364 -0.879586 0)
(-0.149888 -0.621963 0)
(-0.0480722 -0.275579 0)
(0.000664031 -0.0234196 0)
(0.00493799 0.216664 0)
(0.00128335 0.452675 0)
(-0.0137546 0.578401 0)
(-0.0307688 0.665658 0)
(-0.0468891 0.730413 0)
(-0.0608943 0.769573 0)
(-0.0722989 0.78074 0)
(-0.0811023 0.766278 0)
(-0.0877273 0.732399 0)
(-0.0928902 0.686973 0)
(-0.0973419 0.637169 0)
(-0.101626 0.587801 0)
(-0.105977 0.540924 0)
(-0.110376 0.496552 0)
(-0.1147 0.453796 0)
(-0.118848 0.411761 0)
(-0.122788 0.369931 0)
(-0.126556 0.328154 0)
(-0.13022 0.286465 0)
(-0.13385 0.244937 0)
(-0.137502 0.203606 0)
(-0.141218 0.162468 0)
(-0.145044 0.121492 0)
(-0.149021 0.0806386 0)
(-0.153136 0.0398521 0)
(-0.157344 -0.00093771 0)
(-0.161816 -0.0417758 0)
(-0.166618 -0.0827517 0)
(-0.171632 -0.123935 0)
(-0.176854 -0.165379 0)
(-0.182274 -0.207143 0)
(-0.187876 -0.249284 0)
(-0.193647 -0.291874 0)
(-0.199565 -0.334995 0)
(-0.205596 -0.378732 0)
(-0.211669 -0.423134 0)
(-0.217635 -0.468131 0)
(-0.22322 -0.513398 0)
(-0.227983 -0.558237 0)
(-0.231443 -0.601736 0)
(-0.23365 -0.643885 0)
(-0.236391 -0.688293 0)
(-0.244107 -0.74502 0)
(-0.261173 -0.826429 0)
(-0.282769 -0.927082 0)
(-0.287499 -0.997896 0)
(-0.248223 -0.95193 0)
(-0.159642 -0.724091 0)
(-0.0575348 -0.357767 0)
(-5.16094e-06 -0.0446249 0)
(0.00615955 0.211223 0)
(0.00957883 0.458746 0)
(0.000940616 0.591318 0)
(-0.0104885 0.679494 0)
(-0.0216643 0.743055 0)
(-0.0315116 0.780363 0)
(-0.039772 0.789534 0)
(-0.0465069 0.773261 0)
(-0.0520135 0.738011 0)
(-0.0567354 0.691757 0)
(-0.0610976 0.641593 0)
(-0.0653693 0.592135 0)
(-0.0696264 0.545236 0)
(-0.0738158 0.500788 0)
(-0.0778549 0.457881 0)
(-0.0817009 0.41566 0)
(-0.0853689 0.373663 0)
(-0.0889135 0.331773 0)
(-0.0924017 0.290036 0)
(-0.0958955 0.248517 0)
(-0.0994442 0.207244 0)
(-0.103086 0.166202 0)
(-0.106863 0.125354 0)
(-0.110822 0.0846615 0)
(-0.114956 0.0440762 0)
(-0.119189 0.00352334 0)
(-0.123719 -0.0370752 0)
(-0.128656 -0.0777957 0)
(-0.133857 -0.118738 0)
(-0.139302 -0.159957 0)
(-0.144983 -0.20151 0)
(-0.150884 -0.243458 0)
(-0.156989 -0.285872 0)
(-0.163281 -0.328842 0)
(-0.169731 -0.372472 0)
(-0.176287 -0.416854 0)
(-0.182847 -0.462003 0)
(-0.189211 -0.507735 0)
(-0.19503 -0.553506 0)
(-0.199805 -0.59835 0)
(-0.203164 -0.641446 0)
(-0.205788 -0.684289 0)
(-0.21092 -0.734682 0)
(-0.224046 -0.807537 0)
(-0.245819 -0.909689 0)
(-0.260405 -1.00641 0)
(-0.238416 -1.00744 0)
(-0.164528 -0.818162 0)
(-0.065844 -0.443903 0)
(-0.00115667 -0.0704218 0)
(0.00695628 0.20141 0)
(0.0173263 0.457667 0)
(0.0154923 0.598229 0)
(0.00967504 0.688143 0)
(0.0033367 0.751208 0)
(-0.00247082 0.787591 0)
(-0.00770087 0.79581 0)
(-0.0124567 0.778717 0)
(-0.0168865 0.74287 0)
(-0.0211489 0.696262 0)
(-0.0253505 0.645921 0)
(-0.02951 0.596359 0)
(-0.0335747 0.549343 0)
(-0.0374753 0.504735 0)
(-0.0411733 0.461643 0)
(-0.0446801 0.419252 0)
(-0.0480458 0.37713 0)
(-0.0513368 0.335175 0)
(-0.0546174 0.293432 0)
(-0.0579423 0.251958 0)
(-0.0613566 0.210773 0)
(-0.0648966 0.169856 0)
(-0.0686013 0.129166 0)
(-0.0725218 0.0886597 0)
(-0.0766572 0.0483003 0)
(-0.0809074 0.00801649 0)
(-0.085475 -0.0322945 0)
(-0.0905317 -0.0727025 0)
(-0.0959258 -0.113353 0)
(-0.101602 -0.154299 0)
(-0.107561 -0.195595 0)
(-0.113789 -0.237303 0)
(-0.120271 -0.279497 0)
(-0.126988 -0.32227 0)
(-0.133914 -0.365739 0)
(-0.141008 -0.410024 0)
(-0.14819 -0.455202 0)
(-0.155313 -0.501197 0)
(-0.162111 -0.547617 0)
(-0.16816 -0.593604 0)
(-0.172962 -0.638012 0)
(-0.176504 -0.680842 0)
(-0.180686 -0.727163 0)
(-0.190566 -0.791391 0)
(-0.210424 -0.88925 0)
(-0.230927 -1.00289 0)
(-0.22363 -1.04678 0)
(-0.164992 -0.901829 0)
(-0.0725257 -0.530993 0)
(-0.00274329 -0.100743 0)
(0.00731447 0.187849 0)
(0.0242022 0.44938 0)
(0.0295314 0.598823 0)
(0.0294498 0.691642 0)
(0.0278702 0.754969 0)
(0.026032 0.791315 0)
(0.0238038 0.799608 0)
(0.0210327 0.782663 0)
(0.0177177 0.746964 0)
(0.0139784 0.700443 0)
(0.0100145 0.650087 0)
(0.00604404 0.600403 0)
(0.00223876 0.55319 0)
(-0.00131809 0.508361 0)
(-0.00463174 0.465069 0)
(-0.00776231 0.422531 0)
(-0.0107894 0.380327 0)
(-0.0137889 0.338353 0)
(-0.0168226 0.296645 0)
(-0.0199402 0.255252 0)
(-0.0231842 0.214189 0)
(-0.026592 0.173428 0)
(-0.0302024 0.132924 0)
(-0.0340706 0.0926278 0)
(-0.0382107 0.0525124 0)
(-0.0424814 0.0125295 0)
(-0.0470589 -0.0274329 0)
(-0.0522034 -0.0674671 0)
(-0.0577827 -0.107773 0)
(-0.06369 -0.148397 0)
(-0.0699346 -0.189384 0)
(-0.076512 -0.230797 0)
(-0.083407 -0.272712 0)
(-0.0905994 -0.315229 0)
(-0.0980631 -0.358475 0)
(-0.10576 -0.402591 0)
(-0.113626 -0.447699 0)
(-0.121542 -0.493801 0)
(-0.129305 -0.540631 0)
(-0.136577 -0.587477 0)
(-0.142889 -0.633149 0)
(-0.147905 -0.676793 0)
(-0.15246 -0.721063 0)
(-0.160399 -0.778021 0)
(-0.17764 -0.868265 0)
(-0.200981 -0.990647 0)
(-0.20553 -1.07145 0)
(-0.16177 -0.973805 0)
(-0.0774018 -0.616525 0)
(-0.00459378 -0.135192 0)
(0.00726111 0.171288 0)
(0.0299379 0.43403 0)
(0.0426682 0.5928 0)
(0.0485598 0.689926 0)
(0.0517226 0.754397 0)
(0.0538244 0.791546 0)
(0.0546434 0.800876 0)
(0.0539512 0.785005 0)
(0.0518647 0.750184 0)
(0.0487566 0.704198 0)
(0.0451159 0.654008 0)
(0.0413927 0.604206 0)
(0.0378833 0.556729 0)
(0.034696 0.51162 0)
(0.0317947 0.468112 0)
(0.0290756 0.425451 0)
(0.0264285 0.383212 0)
(0.0237652 0.34127 0)
(0.021023 0.299646 0)
(0.0181544 0.258383 0)
(0.015117 0.217491 0)
(0.0118696 0.176947 0)
(0.00836919 0.136703 0)
(0.00456119 0.0967095 0)
(0.000414872 0.0569419 0)
(-0.00389005 0.0173467 0)
(-0.00845535 -0.0222748 0)
(-0.0136394 -0.0619645 0)
(-0.0193754 -0.101917 0)
(-0.0255031 -0.142187 0)
(-0.0320333 -0.182819 0)
(-0.0389714 -0.223879 0)
(-0.0463071 -0.265453 0)
(-0.05402 -0.307652 0)
(-0.062081 -0.350611 0)
(-0.0704513 -0.394488 0)
(-0.0790728 -0.439434 0)
(-0.0878479 -0.485515 0)
(-0.0966125 -0.532561 0)
(-0.105101 -0.579989 0)
(-0.112925 -0.626687 0)
(-0.119663 -0.671416 0)
(-0.125493 -0.71507 0)
(-0.132894 -0.766672 0)
(-0.147826 -0.848089 0)
(-0.171909 -0.972524 0)
(-0.185569 -1.08335 0)
(-0.155715 -1.03366 0)
(-0.0805581 -0.698581 0)
(-0.00649548 -0.173118 0)
(0.00684767 0.152574 0)
(0.0343243 0.411987 0)
(0.054507 0.579896 0)
(0.0666999 0.682839 0)
(0.0746833 0.749504 0)
(0.0807335 0.788262 0)
(0.0846977 0.799515 0)
(0.0862522 0.785603 0)
(0.0855782 0.752381 0)
(0.083258 0.707398 0)
(0.0800452 0.657588 0)
(0.0766214 0.607697 0)
(0.073426 0.559901 0)
(0.0706173 0.51445 0)
(0.0681461 0.470701 0)
(0.0658718 0.427928 0)
(0.0636515 0.385687 0)
(0.0613788 0.34382 0)
(0.0589843 0.302327 0)
(0.0564191 0.261239 0)
(0.0536398 0.220568 0)
(0.0506021 0.180292 0)
(0.0472596 0.140367 0)
(0.0435584 0.100745 0)
(0.039448 0.0613876 0)
(0.0350492 0.0222264 0)
(0.0304023 -0.0169838 0)
(0.0252091 -0.056287 0)
(0.0193707 -0.0958149 0)
(0.0130406 -0.135646 0)
(0.00622739 -0.175836 0)
(-0.00108134 -0.216466 0)
(-0.00888383 -0.257634 0)
(-0.0171594 -0.299449 0)
(-0.0258725 -0.342053 0)
(-0.0349809 -0.385617 0)
(-0.0444313 -0.430318 0)
(-0.0541409 -0.476267 0)
(-0.0639741 -0.523367 0)
(-0.0737203 -0.571138 0)
(-0.0830691 -0.618569 0)
(-0.0916328 -0.664305 0)
(-0.0992764 -0.70815 0)
(-0.107346 -0.756257 0)
(-0.120861 -0.829143 0)
(-0.144529 -0.950707 0)
(-0.164913 -1.0845 0)
(-0.147671 -1.08159 0)
(-0.0822753 -0.775832 0)
(-0.00826976 -0.213763 0)
(0.00614944 0.1326 0)
(0.0372175 0.383861 0)
(0.0646502 0.559927 0)
(0.083507 0.670121 0)
(0.0965117 0.740226 0)
(0.106569 0.781399 0)
(0.113812 0.795373 0)
(0.11784 0.784258 0)
(0.118829 0.753368 0)
(0.11751 0.709904 0)
(0.114864 0.660753 0)
(0.111803 0.610859 0)
(0.108933 0.562715 0)
(0.106497 0.516862 0)
(0.10446 0.472826 0)
(0.102657 0.429929 0)
(0.100911 0.387702 0)
(0.0990884 0.345942 0)
(0.0971056 0.304615 0)
(0.0949064 0.26374 0)
(0.0924448 0.223325 0)
(0.0896743 0.18335 0)
(0.0865466 0.143772 0)
(0.0830116 0.104535 0)
(0.0790182 0.0655812 0)
(0.0746176 0.0268413 0)
(0.069901 -0.011879 0)
(0.0646473 -0.0506594 0)
(0.0586878 -0.089634 0)
(0.0521355 -0.128903 0)
(0.0450055 -0.168537 0)
(0.03728 -0.208625 0)
(0.0289662 -0.24927 0)
(0.0200855 -0.290589 0)
(0.0106699 -0.332732 0)
(0.000761146 -0.375884 0)
(-0.00959135 -0.420246 0)
(-0.0203148 -0.465955 0)
(-0.0312951 -0.512964 0)
(-0.0423663 -0.56087 0)
(-0.0532894 -0.60875 0)
(-0.0637439 -0.655248 0)
(-0.0735025 -0.699586 0)
(-0.0831421 -0.745661 0)
(-0.0963645 -0.811193 0)
(-0.119236 -0.9267 0)
(-0.144422 -1.07676 0)
(-0.138399 -1.11817 0)
(-0.0829509 -0.84746 0)
(-0.00981859 -0.256412 0)
(0.00526194 0.112244 0)
(0.0385498 0.35053 0)
(0.0727093 0.532868 0)
(0.0985392 0.651428 0)
(0.116898 0.72639 0)
(0.131099 0.77084 0)
(0.141782 0.788249 0)
(0.148553 0.780702 0)
(0.151522 0.752884 0)
(0.151483 0.711525 0)
(0.149597 0.6634 0)
(0.146993 0.613662 0)
(0.144469 0.565187 0)
(0.142394 0.518879 0)
(0.140783 0.474496 0)
(0.139467 0.431441 0)
(0.138237 0.389227 0)
(0.136926 0.347599 0)
(0.135426 0.306479 0)
(0.133664 0.265863 0)
(0.131589 0.225754 0)
(0.129151 0.186131 0)
(0.126301 0.146952 0)
(0.12299 0.108155 0)
(0.11917 0.0696672 0)
(0.114835 0.0314099 0)
(0.110079 -0.00677308 0)
(0.104746 -0.0449779 0)
(0.0986484 -0.0833332 0)
(0.0918626 -0.121958 0)
(0.0844053 -0.160942 0)
(0.0762535 -0.20038 0)
(0.0674062 -0.240383 0)
(0.0578811 -0.281083 0)
(0.0477065 -0.322645 0)
(0.0369227 -0.365268 0)
(0.0255837 -0.409166 0)
(0.0137609 -0.454497 0)
(0.00154658 -0.501253 0)
(-0.0109368 -0.54909 0)
(-0.0235127 -0.597151 0)
(-0.0359328 -0.644106 0)
(-0.0479873 -0.688905 0)
(-0.0598165 -0.733907 0)
(-0.0738604 -0.793609 0)
(-0.0961231 -0.901393 0)
(-0.124681 -1.06175 0)
(-0.128533 -1.14414 0)
(-0.0830285 -0.913046 0)
(-0.011142 -0.300499 0)
(0.00429054 0.0923177 0)
(0.0383423 0.313129 0)
(0.0783318 0.498937 0)
(0.111274 0.626393 0)
(0.135428 0.707703 0)
(0.154019 0.756415 0)
(0.168336 0.777913 0)
(0.178145 0.774616 0)
(0.183465 0.750597 0)
(0.185065 0.711988 0)
(0.184209 0.665356 0)
(0.182217 0.616035 0)
(0.180094 0.567309 0)
(0.178377 0.520516 0)
(0.177177 0.475715 0)
(0.176349 0.432444 0)
(0.175668 0.390217 0)
(0.174927 0.348731 0)
(0.173982 0.307854 0)
(0.172738 0.267548 0)
(0.171127 0.227802 0)
(0.169095 0.188593 0)
(0.166589 0.149875 0)
(0.163557 0.111586 0)
(0.159953 0.0736419 0)
(0.155736 0.035954 0)
(0.150982 -0.00160715 0)
(0.145582 -0.0391637 0)
(0.13935 -0.0768231 0)
(0.132328 -0.114714 0)
(0.124532 -0.15295 0)
(0.115936 -0.191637 0)
(0.10653 -0.230897 0)
(0.0963292 -0.270877 0)
(0.0853591 -0.311751 0)
(0.0736584 -0.353729 0)
(0.0612769 -0.397034 0)
(0.0482742 -0.441842 0)
(0.0347213 -0.488172 0)
(0.0207117 -0.535716 0)
(0.00637296 -0.583672 0)
(-0.00811731 -0.630754 0)
(-0.0226088 -0.675791 0)
(-0.0370378 -0.720212 0)
(-0.0528728 -0.775579 0)
(-0.0750825 -0.875172 0)
(-0.106042 -1.04075 0)
(-0.11856 -1.16032 0)
(-0.0829412 -0.972459 0)
(-0.0123365 -0.345691 0)
(0.00333479 0.0735128 0)
(0.0367158 0.273034 0)
(0.0812431 0.458686 0)
(0.121136 0.594726 0)
(0.151552 0.683757 0)
(0.174919 0.737868 0)
(0.193114 0.764111 0)
(0.206269 0.765649 0)
(0.214354 0.746104 0)
(0.218029 0.710933 0)
(0.218573 0.666364 0)
(0.217441 0.617837 0)
(0.215844 0.569035 0)
(0.214519 0.521774 0)
(0.21372 0.476492 0)
(0.213374 0.432922 0)
(0.213257 0.390628 0)
(0.213132 0.349269 0)
(0.212812 0.308656 0)
(0.212166 0.268705 0)
(0.211104 0.229381 0)
(0.209558 0.19065 0)
(0.207468 0.152463 0)
(0.204779 0.114753 0)
(0.20144 0.077434 0)
(0.197394 0.0404082 0)
(0.192687 0.00356369 0)
(0.187242 -0.0332491 0)
(0.180892 -0.0701191 0)
(0.173643 -0.107179 0)
(0.165505 -0.144559 0)
(0.156454 -0.182381 0)
(0.146474 -0.22078 0)
(0.135574 -0.259914 0)
(0.123776 -0.299974 0)
(0.111117 -0.34118 0)
(0.0976379 -0.383762 0)
(0.0833878 -0.427904 0)
(0.0684142 -0.473632 0)
(0.0527722 -0.520657 0)
(0.036534 -0.568219 0)
(0.0198219 -0.615069 0)
(0.00273927 -0.660013 0)
(-0.0145745 -0.703981 0)
(-0.0329723 -0.756262 0)
(-0.0558853 -0.848053 0)
(-0.0886698 -1.01475 0)
(-0.108817 -1.16739 0)
(-0.0830673 -1.02573 0)
(-0.0135831 -0.391915 0)
(0.00247174 0.0563584 0)
(0.0338914 0.231797 0)
(0.0812957 0.413063 0)
(0.127547 0.556338 0)
(0.164588 0.654077 0)
(0.193239 0.714835 0)
(0.215649 0.746554 0)
(0.232469 0.753431 0)
(0.243751 0.738951 0)
(0.250009 0.707906 0)
(0.252434 0.66606 0)
(0.252536 0.618832 0)
(0.2517 0.570251 0)
(0.250875 0.522625 0)
(0.250507 0.47683 0)
(0.250638 0.432877 0)
(0.251087 0.390436 0)
(0.251605 0.349159 0)
(0.251965 0.308807 0)
(0.251992 0.269245 0)
(0.251564 0.230399 0)
(0.25059 0.192215 0)
(0.248996 0.154636 0)
(0.24672 0.117589 0)
(0.243704 0.0809848 0)
(0.239887 0.0447206 0)
(0.235278 0.00868839 0)
(0.229821 -0.0272681 0)
(0.22338 -0.0632385 0)
(0.21592 -0.0993574 0)
(0.207447 -0.135767 0)
(0.19794 -0.172604 0)
(0.187381 -0.210016 0)
(0.17577 -0.248176 0)
(0.163126 -0.287287 0)
(0.149478 -0.32758 0)
(0.134858 -0.369287 0)
(0.119296 -0.412589 0)
(0.102812 -0.457511 0)
(0.0854203 -0.503774 0)
(0.0671411 -0.550645 0)
(0.0480394 -0.596911 0)
(0.0281814 -0.641375 0)
(0.00774582 -0.684773 0)
(-0.0137911 -0.734876 0)
(-0.0382419 -0.819793 0)
(-0.072594 -0.984433 0)
(-0.0994862 -1.16593 0)
(-0.0836964 -1.07296 0)
(-0.0151289 -0.439364 0)
(0.00174437 0.0412033 0)
(0.0301758 0.191044 0)
(0.0785213 0.363443 0)
(0.130018 0.511494 0)
(0.173759 0.618222 0)
(0.208247 0.686837 0)
(0.235327 0.724886 0)
(0.25617 0.737584 0)
(0.27108 0.728652 0)
(0.280474 0.702368 0)
(0.285369 0.663948 0)
(0.28723 0.618646 0)
(0.28754 0.570728 0)
(0.287452 0.522964 0)
(0.287623 0.476705 0)
(0.288263 0.432311 0)
(0.289284 0.389634 0)
(0.290455 0.348371 0)
(0.291527 0.308253 0)
(0.292286 0.269093 0)
(0.292566 0.230772 0)
(0.292246 0.193206 0)
(0.29123 0.156318 0)
(0.289443 0.120026 0)
(0.286818 0.0842358 0)
(0.283288 0.04884 0)
(0.278836 0.0137269 0)
(0.273417 -0.0212556 0)
(0.266916 -0.0562081 0)
(0.259272 -0.0912679 0)
(0.250486 -0.126585 0)
(0.240539 -0.16231 0)
(0.229409 -0.198604 0)
(0.217091 -0.235653 0)
(0.203597 -0.273673 0)
(0.188944 -0.312898 0)
(0.173149 -0.353558 0)
(0.156215 -0.395823 0)
(0.138128 -0.439704 0)
(0.118859 -0.484922 0)
(0.0983733 -0.530765 0)
(0.0766845 -0.576075 0)
(0.0538334 -0.619697 0)
(0.0300557 -0.662221 0)
(0.0049834 -0.710742 0)
(-0.021825 -0.790013 0)
(-0.057744 -0.95027 0)
(-0.0906036 -1.15632 0)
(-0.0850019 -1.11421 0)
(-0.0172597 -0.488477 0)
(0.00116117 0.0282198 0)
(0.0259301 0.152328 0)
(0.0731715 0.311595 0)
(0.12825 0.460946 0)
(0.178283 0.575954 0)
(0.219047 0.65333 0)
(0.25135 0.698659 0)
(0.276645 0.717707 0)
(0.295621 0.71471 0)
(0.308716 0.693713 0)
(0.316754 0.659406 0)
(0.321047 0.616741 0)
(0.323078 0.570074 0)
(0.32414 0.522554 0)
(0.325102 0.476005 0)
(0.326375 0.431191 0)
(0.328011 0.388217 0)
(0.32985 0.346893 0)
(0.331651 0.306959 0)
(0.333174 0.268193 0)
(0.334215 0.230428 0)
(0.334616 0.193541 0)
(0.334254 0.157427 0)
(0.333031 0.121988 0)
(0.330867 0.0871183 0)
(0.32769 0.0527046 0)
(0.323458 0.0186295 0)
(0.318134 -0.0152575 0)
(0.311619 -0.0490677 0)
(0.303834 -0.0829428 0)
(0.294771 -0.11704 0)
(0.284416 -0.151521 0)
(0.272743 -0.18656 0)
(0.25974 -0.222356 0)
(0.245406 -0.259128 0)
(0.229743 -0.297112 0)
(0.212741 -0.336528 0)
(0.194373 -0.377525 0)
(0.174582 -0.420095 0)
(0.153291 -0.463946 0)
(0.130413 -0.508388 0)
(0.105913 -0.552333 0)
(0.0798198 -0.594727 0)
(0.0524425 -0.636151 0)
(0.0235901 -0.683193 0)
(-0.0062756 -0.75826 0)
(-0.0439604 -0.91261 0)
(-0.0820464 -1.13879 0)
(-0.0870133 -1.14941 0)
(-0.020261 -0.539906 0)
(0.00070794 0.0174272 0)
(0.0215238 0.116965 0)
(0.0657315 0.259566 0)
(0.122249 0.406032 0)
(0.177515 0.52744 0)
(0.224641 0.613838 0)
(0.262716 0.667335 0)
(0.292983 0.693341 0)
(0.316494 0.696622 0)
(0.33385 0.681305 0)
(0.345745 0.651704 0)
(0.353267 0.612404 0)
(0.357785 0.567692 0)
(0.360634 0.520968 0)
(0.362845 0.474472 0)
(0.365035 0.429389 0)
(0.367436 0.386138 0)
(0.370007 0.344709 0)
(0.372564 0.304911 0)
(0.37487 0.266514 0)
(0.376702 0.229318 0)
(0.377868 0.193158 0)
(0.378214 0.157894 0)
(0.377618 0.123402 0)
(0.375983 0.089561 0)
(0.373224 0.0562465 0)
(0.36928 0.0233329 0)
(0.364116 -0.00933214 0)
(0.357644 -0.0418712 0)
(0.349773 -0.0744313 0)
(0.34049 -0.107176 0)
(0.329776 -0.140277 0)
(0.317604 -0.173918 0)
(0.30395 -0.208305 0)
(0.288797 -0.24366 0)
(0.27212 -0.280208 0)
(0.253878 -0.31815 0)
(0.234002 -0.35761 0)
(0.212389 -0.39855 0)
(0.188907 -0.440666 0)
(0.163422 -0.483293 0)
(0.135863 -0.525435 0)
(0.106261 -0.566198 0)
(0.0750145 -0.606281 0)
(0.042168 -0.651935 0)
(0.00876943 -0.723963 0)
(-0.0310027 -0.871747 0)
(-0.0735273 -1.11345 0)
(-0.0895883 -1.1783 0)
(-0.0243607 -0.594448 0)
(0.000365893 0.00872169 0)
(0.0172888 0.085889 0)
(0.0568871 0.209495 0)
(0.112395 0.348678 0)
(0.171104 0.473467 0)
(0.224074 0.568166 0)
(0.268255 0.630369 0)
(0.304052 0.663957 0)
(0.332625 0.673866 0)
(0.354811 0.664505 0)
(0.371279 0.640056 0)
(0.3829 0.604776 0)
(0.390832 0.562773 0)
(0.396334 0.51754 0)
(0.400508 0.471627 0)
(0.404135 0.426605 0)
(0.407637 0.383237 0)
(0.411132 0.341751 0)
(0.414539 0.302082 0)
(0.417674 0.264041 0)
(0.420323 0.227419 0)
(0.42228 0.192019 0)
(0.423369 0.157667 0)
(0.423445 0.124209 0)
(0.42239 0.0915001 0)
(0.420107 0.0593999 0)
(0.416515 0.0277698 0)
(0.411578 -0.00354425 0)
(0.405214 -0.0346834 0)
(0.397325 -0.0657965 0)
(0.387885 -0.0970524 0)
(0.376874 -0.128631 0)
(0.364255 -0.160724 0)
(0.349988 -0.193534 0)
(0.33403 -0.227276 0)
(0.316326 -0.262161 0)
(0.296792 -0.298363 0)
(0.275311 -0.335969 0)
(0.251726 -0.374913 0)
(0.225855 -0.414877 0)
(0.19752 -0.455235 0)
(0.166631 -0.495112 0)
(0.133248 -0.533842 0)
(0.097888 -0.572358 0)
(0.0608402 -0.616778 0)
(0.0236561 -0.686591 0)
(-0.0185638 -0.827993 0)
(-0.0645999 -1.08032 0)
(-0.0923881 -1.2003 0)
(-0.0296486 -0.6529 0)
(0.000127154 0.00189742 0)
(0.0134928 0.0595727 0)
(0.0474398 0.163367 0)
(0.0994507 0.291288 0)
(0.159142 0.415573 0)
(0.216622 0.516665 0)
(0.266742 0.587385 0)
(0.308506 0.628986 0)
(0.342717 0.645867 0)
(0.370336 0.642668 0)
(0.392089 0.623658 0)
(0.408694 0.592913 0)
(0.421065 0.554329 0)
(0.430275 0.511357 0)
(0.43738 0.46672 0)
(0.443245 0.42229 0)
(0.448447 0.379156 0)
(0.453273 0.337811 0)
(0.457784 0.298366 0)
(0.461892 0.260726 0)
(0.465435 0.224707 0)
(0.468228 0.190105 0)
(0.470092 0.156721 0)
(0.470872 0.124372 0)
(0.470435 0.092889 0)
(0.468672 0.06211 0)
(0.465489 0.0318796 0)
(0.460836 0.00204042 0)
(0.454638 -0.0275719 0)
(0.446794 -0.057106 0)
(0.437261 -0.0867343 0)
(0.426006 -0.116642 0)
(0.41298 -0.147018 0)
(0.398119 -0.178061 0)
(0.381349 -0.209969 0)
(0.362573 -0.242927 0)
(0.341659 -0.277074 0)
(0.318436 -0.312461 0)
(0.292693 -0.348989 0)
(0.2642 -0.386338 0)
(0.232748 -0.423942 0)
(0.198252 -0.461091 0)
(0.160839 -0.497411 0)
(0.121172 -0.534178 0)
(0.0797796 -0.577546 0)
(0.0387529 -0.645845 0)
(-0.00627224 -0.7817 0)
(-0.0546631 -1.03952 0)
(-0.0948445 -1.21446 0)
(-0.0359667 -0.715831 0)
(3.14359e-06 -0.00334445 0)
(0.0103362 0.0380435 0)
(0.0381733 0.122781 0)
(0.0844567 0.236514 0)
(0.142209 0.356067 0)
(0.201984 0.460474 0)
(0.257103 0.538453 0)
(0.304889 0.587961 0)
(0.345248 0.612014 0)
(0.378941 0.615124 0)
(0.406705 0.601715 0)
(0.429167 0.575849 0)
(0.447019 0.541265 0)
(0.461094 0.501306 0)
(0.472297 0.458733 0)
(0.481467 0.415601 0)
(0.489262 0.373257 0)
(0.496111 0.332448 0)
(0.502224 0.293485 0)
(0.50764 0.256404 0)
(0.512291 0.221092 0)
(0.516051 0.187366 0)
(0.518772 0.155024 0)
(0.520309 0.123864 0)
(0.520533 0.0936961 0)
(0.519328 0.0643384 0)
(0.516596 0.0356179 0)
(0.512269 0.00736797 0)
(0.506277 -0.0205915 0)
(0.498517 -0.0484123 0)
(0.488925 -0.0762679 0)
(0.477447 -0.104342 0)
(0.464015 -0.132817 0)
(0.448536 -0.161875 0)
(0.430896 -0.19169 0)
(0.410951 -0.222414 0)
(0.388517 -0.254148 0)
(0.363368 -0.286901 0)
(0.335243 -0.320549 0)
(0.303872 -0.354788 0)
(0.269038 -0.389142 0)
(0.230692 -0.423119 0)
(0.189065 -0.456714 0)
(0.144999 -0.491635 0)
(0.0992591 -0.534199 0)
(0.0544972 -0.601732 0)
(0.00636335 -0.733206 0)
(-0.0429544 -0.991411 0)
(-0.096113 -1.21946 0)
(-0.0427824 -0.783467 0)
(1.67485e-05 -0.00739406 0)
(0.00791706 0.0209797 0)
(0.0296492 0.0888044 0)
(0.0684689 0.186959 0)
(0.121242 0.297861 0)
(0.180363 0.401624 0)
(0.238629 0.484359 0)
(0.29183 0.540747 0)
(0.338566 0.571746 0)
(0.378935 0.581172 0)
(0.413455 0.573428 0)
(0.442633 0.552635 0)
(0.466975 0.522474 0)
(0.487074 0.486174 0)
(0.503623 0.44645 0)
(0.51734 0.405423 0)
(0.528873 0.364598 0)
(0.538725 0.324922 0)
(0.547226 0.286895 0)
(0.554549 0.250703 0)
(0.560741 0.216331 0)
(0.565768 0.183651 0)
(0.569548 0.152483 0)
(0.571977 0.122626 0)
(0.572949 0.0938811 0)
(0.572362 0.0660533 0)
(0.57012 0.0389564 0)
(0.566148 0.0124131 0)
(0.560374 -0.0137633 0)
(0.552699 -0.0397294 0)
(0.543031 -0.0656548 0)
(0.531294 -0.0917144 0)
(0.517395 -0.118077 0)
(0.501206 -0.144901 0)
(0.482571 -0.17233 0)
(0.461296 -0.200475 0)
(0.437148 -0.229396 0)
(0.409851 -0.259065 0)
(0.379101 -0.289344 0)
(0.344613 -0.319969 0)
(0.306189 -0.3506 0)
(0.263855 -0.381025 0)
(0.217982 -0.411673 0)
(0.169604 -0.444761 0)
(0.119719 -0.486847 0)
(0.0714645 -0.554387 0)
(0.020062 -0.68301 0)
(-0.0286281 -0.936883 0)
(-0.0950752 -1.21379 0)
(-0.0490918 -0.855743 0)
(0.000155648 -0.0106716 0)
(0.00602956 0.00789731 0)
(0.0218294 0.0619896 0)
(0.0520516 0.144868 0)
(0.09713 0.24412 0)
(0.152328 0.342925 0)
(0.211108 0.426761 0)
(0.268304 0.487818 0)
(0.321109 0.524763 0)
(0.368535 0.540154 0)
(0.410505 0.537994 0)
(0.447235 0.522356 0)
(0.47902 0.496898 0)
(0.506227 0.464767 0)
(0.529326 0.428595 0)
(0.548862 0.390484 0)
(0.565394 0.351999 0)
(0.579423 0.314209 0)
(0.591344 0.27776 0)
(0.601434 0.242974 0)
(0.609853 0.209944 0)
(0.616672 0.178619 0)
(0.621898 0.148864 0)
(0.625496 0.120504 0)
(0.627406 0.0933456 0)
(0.627559 0.0671957 0)
(0.625879 0.0418643 0)
(0.622293 0.0171703 0)
(0.616732 -0.00707174 0)
(0.609102 -0.0310214 0)
(0.599289 -0.0548363 0)
(0.587196 -0.0786746 0)
(0.5727 -0.102684 0)
(0.555641 -0.126995 0)
(0.535824 -0.151712 0)
(0.513013 -0.176906 0)
(0.486929 -0.202593 0)
(0.457263 -0.228719 0)
(0.423696 -0.255151 0)
(0.385955 -0.281702 0)
(0.343902 -0.308216 0)
(0.297677 -0.33482 0)
(0.247805 -0.362427 0)
(0.195493 -0.393798 0)
(0.141916 -0.43577 0)
(0.0905269 -0.504059 0)
(0.0359209 -0.631396 0)
(-0.0109593 -0.877474 0)
(-0.0904594 -1.1957 0)
(-0.0534074 -0.931893 0)
(0.000279426 -0.0133844 0)
(0.00370756 -0.00144486 0)
(0.0134015 0.0426239 0)
(0.0344387 0.11188 0)
(0.0699345 0.197736 0)
(0.118319 0.287525 0)
(0.174711 0.368065 0)
(0.233822 0.430408 0)
(0.291713 0.471266 0)
(0.346121 0.491636 0)
(0.396013 0.494681 0)
(0.441027 0.484147 0)
(0.481111 0.463566 0)
(0.516383 0.435994 0)
(0.547093 0.403967 0)
(0.573603 0.369517 0)
(0.59634 0.334198 0)
(0.615746 0.299122 0)
(0.632221 0.265022 0)
(0.646097 0.232318 0)
(0.657621 0.201201 0)
(0.666958 0.1717 0)
(0.674209 0.143741 0)
(0.679418 0.117189 0)
(0.682592 0.0918795 0)
(0.68371 0.0676341 0)
(0.682733 0.0442736 0)
(0.679606 0.0216247 0)
(0.674268 -0.000485458 0)
(0.666634 -0.022216 0)
(0.656586 -0.0437032 0)
(0.644005 -0.0650805 0)
(0.628748 -0.0864677 0)
(0.610633 -0.107961 0)
(0.589434 -0.129625 0)
(0.564889 -0.151489 0)
(0.5367 -0.173535 0)
(0.504556 -0.1957 0)
(0.468161 -0.217887 0)
(0.427306 -0.240022 0)
(0.381955 -0.262185 0)
(0.332377 -0.284872 0)
(0.279231 -0.309493 0)
(0.223813 -0.339329 0)
(0.167326 -0.381475 0)
(0.11329 -0.450994 0)
(0.0556796 -0.577919 0)
(0.0107065 -0.815132 0)
(-0.0808353 -1.16267 0)
(-0.0537346 -1.00872 0)
(-4.11053e-05 -0.0148454 0)
(-0.00140184 -0.00615793 0)
(0.00103863 0.031327 0)
(0.012613 0.0889842 0)
(0.0379092 0.160702 0)
(0.0778491 0.238139 0)
(0.129554 0.310893 0)
(0.188396 0.37036 0)
(0.24988 0.412102 0)
(0.310615 0.435647 0)
(0.368447 0.443019 0)
(0.422176 0.437292 0)
(0.471203 0.421647 0)
(0.515295 0.398935 0)
(0.554458 0.371552 0)
(0.588866 0.341425 0)
(0.618804 0.310043 0)
(0.644626 0.278506 0)
(0.666696 0.247573 0)
(0.685357 0.217723 0)
(0.700903 0.189215 0)
(0.71357 0.162147 0)
(0.723535 0.136507 0)
(0.73092 0.11221 0)
(0.735801 0.0891309 0)
(0.738216 0.0671221 0)
(0.738173 0.0460292 0)
(0.735648 0.0256992 0)
(0.730604 0.00598401 0)
(0.722966 -0.0132626 0)
(0.712631 -0.0321535 0)
(0.699471 -0.0507917 0)
(0.683339 -0.0692621 0)
(0.664047 -0.0876231 0)
(0.641369 -0.105903 0)
(0.615052 -0.124099 0)
(0.584822 -0.142178 0)
(0.55042 -0.160091 0)
(0.511632 -0.177811 0)
(0.46836 -0.195418 0)
(0.420696 -0.213243 0)
(0.36902 -0.232146 0)
(0.314041 -0.253986 0)
(0.256994 -0.282479 0)
(0.19888 -0.324894 0)
(0.143015 -0.395638 0)
(0.0826029 -0.522213 0)
(0.0379835 -0.751314 0)
(-0.0637572 -1.11115 0)
(-0.0473494 -1.07929 0)
(-0.00177997 -0.0122053 0)
(-0.0131635 -0.00305304 0)
(-0.0205162 0.029559 0)
(-0.018742 0.0765449 0)
(-0.00296842 0.133656 0)
(0.0288306 0.196234 0)
(0.0751353 0.257227 0)
(0.132278 0.309571 0)
(0.195855 0.348606 0)
(0.261808 0.372804 0)
(0.327015 0.38303 0)
(0.389357 0.381433 0)
(0.447535 0.370575 0)
(0.500838 0.352915 0)
(0.548955 0.330596 0)
(0.591847 0.305376 0)
(0.629651 0.278637 0)
(0.662617 0.251419 0)
(0.691055 0.224463 0)
(0.715288 0.198267 0)
(0.735628 0.173127 0)
(0.752349 0.149192 0)
(0.765685 0.126502 0)
(0.77582 0.105022 0)
(0.782893 0.0846698 0)
(0.787 0.0653386 0)
(0.788201 0.0469085 0)
(0.786516 0.0292578 0)
(0.781939 0.0122714 0)
(0.774426 -0.004166 0)
(0.763896 -0.0201459 0)
(0.750242 -0.0357424 0)
(0.733339 -0.0510071 0)
(0.713032 -0.0659634 0)
(0.689143 -0.0806112 0)
(0.661481 -0.0949336 0)
(0.629866 -0.108908 0)
(0.594152 -0.122532 0)
(0.554263 -0.135874 0)
(0.510232 -0.14917 0)
(0.462252 -0.162978 0)
(0.410726 -0.178453 0)
(0.356255 -0.197788 0)
(0.299813 -0.225012 0)
(0.24195 -0.267479 0)
(0.185564 -0.338938 0)
(0.122617 -0.464508 0)
(0.0759904 -0.687066 0)
(-0.0344758 -1.0397 0)
(-0.0308709 -1.13658 0)
(-0.00667997 0.000528262 0)
(-0.036339 0.0133175 0)
(-0.0570917 0.0395485 0)
(-0.0654747 0.0742313 0)
(-0.0576483 0.115544 0)
(-0.0321048 0.1613 0)
(0.0100902 0.207581 0)
(0.0656427 0.249269 0)
(0.130485 0.282185 0)
(0.200501 0.304241 0)
(0.272031 0.315401 0)
(0.342221 0.316853 0)
(0.409088 0.310343 0)
(0.471382 0.29774 0)
(0.528414 0.280782 0)
(0.579884 0.26096 0)
(0.625754 0.239484 0)
(0.666159 0.217288 0)
(0.701336 0.19506 0)
(0.731574 0.17328 0)
(0.75718 0.152257 0)
(0.778448 0.132171 0)
(0.795647 0.113098 0)
(0.80901 0.0950476 0)
(0.818729 0.0779807 0)
(0.824959 0.061831 0)
(0.827812 0.0465172 0)
(0.827369 0.031954 0)
(0.823671 0.0180606 0)
(0.816735 0.00476338 0)
(0.806534 -0.00799805 0)
(0.792988 -0.0202691 0)
(0.776048 -0.0320938 0)
(0.755655 -0.0434887 0)
(0.731736 -0.0544477 0)
(0.704227 -0.0649588 0)
(0.673089 -0.0750279 0)
(0.638324 -0.0847096 0)
(0.599993 -0.09416 0)
(0.558219 -0.103728 0)
(0.513197 -0.114109 0)
(0.465192 -0.126607 0)
(0.414476 -0.143566 0)
(0.361486 -0.169149 0)
(0.306029 -0.210724 0)
(0.250306 -0.281548 0)
(0.184673 -0.404751 0)
(0.135495 -0.619143 0)
(0.0115601 -0.956703 0)
(-0.00181443 -1.17905 0)
(-0.0171215 0.0329657 0)
(-0.0747938 0.0490934 0)
(-0.111642 0.0626692 0)
(-0.129669 0.0804741 0)
(-0.127642 0.10347 0)
(-0.105821 0.130875 0)
(-0.0657513 0.16051 0)
(-0.0106658 0.18918 0)
(0.0554269 0.213568 0)
(0.128553 0.23117 0)
(0.205093 0.241301 0)
(0.281773 0.244452 0)
(0.356093 0.241555 0)
(0.426353 0.233765 0)
(0.491503 0.222286 0)
(0.550967 0.20823 0)
(0.604512 0.192551 0)
(0.652135 0.176015 0)
(0.69399 0.159212 0)
(0.730319 0.14257 0)
(0.761413 0.126383 0)
(0.787576 0.110838 0)
(0.809105 0.0960349 0)
(0.826275 0.082015 0)
(0.839333 0.0687761 0)
(0.848492 0.0562889 0)
(0.853933 0.0445081 0)
(0.855805 0.0333824 0)
(0.854229 0.0228609 0)
(0.849302 0.0129001 0)
(0.841091 0.00346463 0)
(0.829713 -0.00546634 0)
(0.815073 -0.0139033 0)
(0.797233 -0.0218843 0)
(0.776274 -0.0294398 0)
(0.752274 -0.0365863 0)
(0.725319 -0.0433559 0)
(0.695513 -0.0498347 0)
(0.662971 -0.0562128 0)
(0.627804 -0.0628626 0)
(0.590077 -0.0704763 0)
(0.549757 -0.0803063 0)
(0.506581 -0.0945779 0)
(0.460138 -0.117251 0)
(0.40898 -0.155378 0)
(0.353778 -0.221653 0)
(0.283181 -0.337855 0)
(0.228213 -0.539211 0)
(0.0731151 -0.87051 0)
(0.0414357 -1.1975 0)
(-0.0353383 0.0984127 0)
(-0.125176 0.109854 0)
(-0.171069 0.0979177 0)
(-0.19229 0.0923298 0)
(-0.192179 0.0943424 0)
(-0.172068 0.102272 0)
(-0.133607 0.11468 0)
(-0.0797012 0.129306 0)
(-0.0140655 0.143484 0)
(0.0597431 0.155017 0)
(0.138537 0.16275 0)
(0.219081 0.166417 0)
(0.298472 0.16621 0)
(0.374668 0.162623 0)
(0.446331 0.156311 0)
(0.512635 0.147959 0)
(0.57314 0.138208 0)
(0.627692 0.127607 0)
(0.67634 0.1166 0)
(0.71926 0.105527 0)
(0.75671 0.0946348 0)
(0.788987 0.0840907 0)
(0.816401 0.0739985 0)
(0.839259 0.0644138 0)
(0.857849 0.0553572 0)
(0.872436 0.0468261 0)
(0.88326 0.0388025 0)
(0.890533 0.0312607 0)
(0.894445 0.0241723 0)
(0.895164 0.0175113 0)
(0.892846 0.0112514 0)
(0.887604 0.00538434 0)
(0.879698 -9.53847e-05 0)
(0.869197 -0.00520211 0)
(0.856133 -0.00996646 0)
(0.840633 -0.014431 0)
(0.822823 -0.0186489 0)
(0.802813 -0.0227077 0)
(0.780681 -0.0267729 0)
(0.756441 -0.0311496 0)
(0.729972 -0.0363898 0)
(0.70092 -0.0434883 0)
(0.668464 -0.0542218 0)
(0.631219 -0.0717862 0)
(0.585984 -0.101971 0)
(0.530377 -0.155475 0)
(0.449717 -0.251639 0)
(0.373011 -0.423777 0)
(0.152652 -0.740866 0)
(0.118103 -1.13974 0)
(-0.0728644 0.213873 0)
(-0.144648 0.159821 0)
(-0.141797 0.103315 0)
(-0.130657 0.0842256 0)
(-0.112579 0.0722616 0)
(-0.0852587 0.0637159 0)
(-0.0474062 0.0605339 0)
(0.000943013 0.0620163 0)
(0.0589271 0.0662226 0)
(0.125218 0.0716811 0)
(0.19768 0.0770765 0)
(0.273637 0.0812798 0)
(0.350546 0.0837625 0)
(0.426348 0.084406 0)
(0.499495 0.08333 0)
(0.568888 0.0807884 0)
(0.6338 0.0770925 0)
(0.69381 0.0725568 0)
(0.74873 0.067466 0)
(0.798545 0.0620594 0)
(0.843358 0.0565266 0)
(0.883348 0.0510101 0)
(0.918737 0.0456111 0)
(0.949769 0.0403971 0)
(0.976695 0.0354098 0)
(0.999757 0.0306723 0)
(1.01919 0.0261936 0)
(1.0352 0.0219735 0)
(1.048 0.0180072 0)
(1.05777 0.0142879 0)
(1.06467 0.0108079 0)
(1.06887 0.0075534 0)
(1.07052 0.00451745 0)
(1.06977 0.00170957 0)
(1.06682 -0.000876157 0)
(1.06179 -0.00326576 0)
(1.05476 -0.0054953 0)
(1.0458 -0.0076214 0)
(1.03496 -0.00974987 0)
(1.02217 -0.0120711 0)
(1.0072 -0.0149215 0)
(0.989508 -0.0189027 0)
(0.967949 -0.025081 0)
(0.94047 -0.0353429 0)
(0.90252 -0.0530676 0)
(0.848374 -0.0844448 0)
(0.757993 -0.141986 0)
(0.641528 -0.252066 0)
(0.335997 -0.495538 0)
(0.327936 -0.862155 0)
(0.238782 0.15977 0)
(0.357182 0.172609 0)
(0.470705 0.127628 0)
(0.571648 0.091013 0)
(0.648002 0.0667744 0)
(0.706941 0.0498577 0)
(0.756347 0.0374322 0)
(0.801038 0.0282435 0)
(0.844119 0.0216333 0)
(0.887713 0.017181 0)
(0.932955 0.0144542 0)
(0.980084 0.0129767 0)
(1.02871 0.0123025 0)
(1.07809 0.0120611 0)
(1.12733 0.0119757 0)
(1.17557 0.0118641 0)
(1.22203 0.0116266 0)
(1.26612 0.0112246 0)
(1.30739 0.0106592 0)
(1.34556 0.00995404 0)
(1.38046 0.00914252 0)
(1.41204 0.00825969 0)
(1.44034 0.00733749 0)
(1.46542 0.00640281 0)
(1.48741 0.0054771 0)
(1.50647 0.00457676 0)
(1.52273 0.00371353 0)
(1.53636 0.00289522 0)
(1.54753 0.00212706 0)
(1.55639 0.00141289 0)
(1.56311 0.000754678 0)
(1.56782 0.000152296 0)
(1.57068 -0.000394496 0)
(1.57181 -0.000885455 0)
(1.57137 -0.00132022 0)
(1.56949 -0.00170283 0)
(1.56628 -0.00204108 0)
(1.56184 -0.00234921 0)
(1.55621 -0.0026556 0)
(1.54932 -0.00301132 0)
(1.54094 -0.00350448 0)
(1.53056 -0.00428811 0)
(1.51709 -0.0056319 0)
(1.49865 -0.00798372 0)
(1.47131 -0.0121706 0)
(1.42965 -0.0194074 0)
(1.35666 -0.0331351 0)
(1.24351 -0.0573445 0)
(0.972352 -0.130191 0)
(0.997207 -0.299613 0)
)
;

boundaryField
{
    movingWall
    {
        type            fixedValue;
        value           uniform (2 0 0);
    }
    fixedWalls
    {
        type            fixedValue;
        value           uniform (0 0 0);
    }
    frontAndBack
    {
        type            empty;
    }
}


// ************************************************************************* //
