/*--------------------------------*- C++ -*----------------------------------*\
  =========                 |
  \\      /  F ield         | OpenFOAM: The Open Source CFD Toolbox
   \\    /   O peration     | Website:  https://openfoam.org
    \\  /    A nd           | Version:  7
     \\/     M anipulation  |
\*---------------------------------------------------------------------------*/
FoamFile
{
    version     2.0;
    format      ascii;
    class       volVectorField;
    location    "250";
    object      U;
}
// * * * * * * * * * * * * * * * * * * * * * * * * * * * * * * * * * * * * * //

dimensions      [0 1 -1 0 0 0 0];

internalField   nonuniform List<vector> 
2500
(
(0.000109133 -0.000112157 0)
(0.000486595 -0.000151482 0)
(0.000831717 -0.000126308 0)
(0.000996783 -7.90494e-05 0)
(0.000906179 -3.11243e-05 0)
(0.000555304 1.1625e-05 0)
(-3.82618e-05 4.82971e-05 0)
(-0.000854713 8.02732e-05 0)
(-0.00187876 0.000109719 0)
(-0.00310094 0.000138613 0)
(-0.00451609 0.000168298 0)
(-0.00612042 0.000199368 0)
(-0.00790821 0.000231699 0)
(-0.00986879 0.000264538 0)
(-0.011984 0.000296598 0)
(-0.0142261 0.000326139 0)
(-0.0165567 0.000351053 0)
(-0.0189258 0.000368959 0)
(-0.021272 0.000377322 0)
(-0.0235238 0.000373614 0)
(-0.0256009 0.000355524 0)
(-0.0274177 0.000321197 0)
(-0.0288867 0.000269508 0)
(-0.0299238 0.000200332 0)
(-0.0304531 0.000114809 0)
(-0.0304133 1.54865e-05 0)
(-0.0297631 -9.37344e-05 0)
(-0.0284861 -0.000207543 0)
(-0.0265948 -0.000319583 0)
(-0.024133 -0.000422868 0)
(-0.0211755 -0.000510347 0)
(-0.0178265 -0.000575577 0)
(-0.014214 -0.000613422 0)
(-0.0104833 -0.000620669 0)
(-0.00678759 -0.000596466 0)
(-0.00327833 -0.000542475 0)
(-9.46507e-05 -0.000462678 0)
(0.00264571 -0.000363141 0)
(0.00485351 -0.00025137 0)
(0.00647234 -0.000135096 0)
(0.0074803 -2.14038e-05 0)
(0.00788872 8.37264e-05 0)
(0.00773857 0.000175755 0)
(0.00709626 0.000251374 0)
(0.00605066 0.000307592 0)
(0.00471352 0.000340237 0)
(0.0032253 0.000342141 0)
(0.0017735 0.0003005 0)
(0.000624752 0.000191858 0)
(2.97435e-05 2.97208e-05 0)
(0.000154769 -0.000496755 0)
(0.00068771 -0.00069205 0)
(0.000979045 -0.000438662 0)
(0.000777909 1.06879e-05 0)
(-5.11911e-05 0.000515282 0)
(-0.00152948 0.00100976 0)
(-0.00363407 0.00147217 0)
(-0.00633176 0.00190275 0)
(-0.00959247 0.00231008 0)
(-0.0133923 0.00270283 0)
(-0.0177106 0.00308549 0)
(-0.0225238 0.00345673 0)
(-0.027799 0.00380918 0)
(-0.0334873 0.00413015 0)
(-0.0395187 0.00440263 0)
(-0.0457984 0.00460653 0)
(-0.0522053 0.00472003 0)
(-0.0585921 0.00472101 0)
(-0.0647875 0.0045887 0)
(-0.070601 0.0043055 0)
(-0.0758288 0.00385875 0)
(-0.0802631 0.00324271 0)
(-0.0837015 0.00246015 0)
(-0.0859585 0.00152379 0)
(-0.0868771 0.000457112 0)
(-0.0863405 -0.00070555 0)
(-0.0842826 -0.00192013 0)
(-0.0806955 -0.00313428 0)
(-0.0756352 -0.0042904 0)
(-0.069224 -0.00532907 0)
(-0.0616482 -0.00619321 0)
(-0.0531524 -0.0068326 0)
(-0.0440294 -0.00720823 0)
(-0.0346061 -0.00729617 0)
(-0.0252264 -0.00709019 0)
(-0.016232 -0.00660296 0)
(-0.00794292 -0.00586534 0)
(-0.000638675 -0.00492401 0)
(0.00545771 -0.00383758 0)
(0.0101913 -0.00267097 0)
(0.013482 -0.00148956 0)
(0.0153257 -0.000354806 0)
(0.0157916 0.000678515 0)
(0.0150159 0.00156247 0)
(0.0131979 0.00225149 0)
(0.0105975 0.00269499 0)
(0.00753925 0.00282749 0)
(0.00443229 0.00256178 0)
(0.00181757 0.00180951 0)
(0.000193464 0.000626752 0)
(0.000129908 -0.000842477 0)
(0.000377663 -0.000973991 0)
(6.56451e-05 -0.000208713 0)
(-0.00105417 0.000959502 0)
(-0.00310822 0.00225505 0)
(-0.00611722 0.00354245 0)
(-0.0100575 0.0047705 0)
(-0.0148926 0.00593288 0)
(-0.0205856 0.00704061 0)
(-0.027101 0.00810466 0)
(-0.0343998 0.00912659 0)
(-0.0424314 0.0100947 0)
(-0.0511249 0.0109836 0)
(-0.0603818 0.0117563 0)
(-0.0700701 0.0123665 0)
(-0.0800213 0.0127626 0)
(-0.0900307 0.012891 0)
(-0.0998601 0.0127006 0)
(-0.109244 0.0121465 0)
(-0.117897 0.0111949 0)
(-0.125527 0.00982682 0)
(-0.131847 0.00804182 0)
(-0.136588 0.00586093 0)
(-0.139516 0.00332844 0)
(-0.140441 0.000512501 0)
(-0.139237 -0.00249609 0)
(-0.135845 -0.0055871 0)
(-0.130282 -0.00863574 0)
(-0.12265 -0.0115089 0)
(-0.113128 -0.0140725 0)
(-0.101977 -0.0161999 0)
(-0.0895274 -0.0177807 0)
(-0.0761675 -0.0187292 0)
(-0.0623302 -0.018992 0)
(-0.0484724 -0.0185536 0)
(-0.035053 -0.0174387 0)
(-0.0225096 -0.0157121 0)
(-0.0112357 -0.0134742 0)
(-0.00155887 -0.0108538 0)
(0.00627627 -0.0079984 0)
(0.0121208 -0.00506278 0)
(0.0159284 -0.00219847 0)
(0.0177566 0.000452743 0)
(0.0177628 0.00276092 0)
(0.0161997 0.00460247 0)
(0.0134114 0.00584894 0)
(0.0098297 0.00635268 0)
(0.00598886 0.00593868 0)
(0.0025902 0.00443083 0)
(0.000303684 0.00178663 0)
(6.76939e-05 -0.000954064 0)
(-0.00025823 -0.000620989 0)
(-0.00156552 0.00100222 0)
(-0.00402896 0.00320252 0)
(-0.00770891 0.00558463 0)
(-0.0126004 0.00795235 0)
(-0.0186703 0.0102292 0)
(-0.025878 0.0124021 0)
(-0.0341813 0.0144803 0)
(-0.0435334 0.0164701 0)
(-0.0538747 0.0183608 0)
(-0.0651223 0.020119 0)
(-0.0771614 0.0216896 0)
(-0.0898375 0.0229988 0)
(-0.102953 0.0239602 0)
(-0.116266 0.0244814 0)
(-0.129493 0.0244712 0)
(-0.142319 0.023847 0)
(-0.154403 0.0225422 0)
(-0.165394 0.0205128 0)
(-0.174943 0.0177439 0)
(-0.182719 0.0142539 0)
(-0.188425 0.0100974 0)
(-0.191809 0.00536682 0)
(-0.19268 0.000191419 0)
(-0.190917 -0.00526596 0)
(-0.186475 -0.0108149 0)
(-0.179396 -0.0162463 0)
(-0.169805 -0.0213408 0)
(-0.157913 -0.02588 0)
(-0.144017 -0.0296588 0)
(-0.128489 -0.0324978 0)
(-0.11177 -0.0342558 0)
(-0.0943495 -0.0348419 0)
(-0.0767546 -0.0342236 0)
(-0.059522 -0.0324325 0)
(-0.0431759 -0.0295647 0)
(-0.0282011 -0.0257764 0)
(-0.0150176 -0.0212739 0)
(-0.00395764 -0.0163001 0)
(0.00475254 -0.0111171 0)
(0.0110052 -0.00599194 0)
(0.0148187 -0.0011811 0)
(0.0163371 0.00307311 0)
(0.0158256 0.00654031 0)
(0.0136663 0.00898837 0)
(0.0103493 0.0101669 0)
(0.00648474 0.0097949 0)
(0.00288219 0.00757397 0)
(0.00034472 0.00326089 0)
(-1.42966e-05 -0.000676079 0)
(-0.00111119 0.000679749 0)
(-0.00370194 0.00356712 0)
(-0.00783436 0.00711087 0)
(-0.0134561 0.0108366 0)
(-0.0205129 0.014515 0)
(-0.0289511 0.01806 0)
(-0.0387209 0.0214565 0)
(-0.049773 0.0247096 0)
(-0.0620472 0.0278127 0)
(-0.0754606 0.0307313 0)
(-0.0898949 0.0333987 0)
(-0.105188 0.0357177 0)
(-0.121129 0.0375682 0)
(-0.137456 0.0388167 0)
(-0.15386 0.0393268 0)
(-0.169995 0.0389702 0)
(-0.185485 0.0376381 0)
(-0.199938 0.0352505 0)
(-0.212964 0.0317649 0)
(-0.224186 0.0271831 0)
(-0.233258 0.0215554 0)
(-0.239877 0.014982 0)
(-0.243791 0.00761307 0)
(-0.244813 -0.000354419 0)
(-0.242827 -0.00868142 0)
(-0.237793 -0.0170959 0)
(-0.229753 -0.0253036 0)
(-0.218831 -0.0329984 0)
(-0.205239 -0.0398759 0)
(-0.189275 -0.045648 0)
(-0.171321 -0.0500599 0)
(-0.151835 -0.0529063 0)
(-0.131341 -0.0540469 0)
(-0.110411 -0.0534206 0)
(-0.0896433 -0.0510537 0)
(-0.0696392 -0.0470637 0)
(-0.0509703 -0.0416561 0)
(-0.0341503 -0.0351129 0)
(-0.0196059 -0.0277763 0)
(-0.00765218 -0.0200267 0)
(0.00152661 -0.0122606 0)
(0.00788887 -0.00487153 0)
(0.0115413 0.00176283 0)
(0.0127348 0.00728147 0)
(0.0118598 0.0113269 0)
(0.00943613 0.0135268 0)
(0.00612144 0.0134746 0)
(0.002793 0.0107214 0)
(0.000341322 0.00478576 0)
(-0.000110702 8.50838e-05 0)
(-0.00211735 0.00313863 0)
(-0.0062018 0.00775174 0)
(-0.0122426 0.0129614 0)
(-0.0200385 0.0182705 0)
(-0.0294674 0.0234562 0)
(-0.0404446 0.0284461 0)
(-0.0529059 0.0332326 0)
(-0.0667908 0.0378151 0)
(-0.0820235 0.0421663 0)
(-0.0984948 0.0462171 0)
(-0.11605 0.0498553 0)
(-0.134479 0.0529324 0)
(-0.153518 0.0552755 0)
(-0.172851 0.0567013 0)
(-0.192114 0.0570316 0)
(-0.210916 0.0561075 0)
(-0.228841 0.0538029 0)
(-0.245472 0.0500361 0)
(-0.260405 0.0447781 0)
(-0.273256 0.038058 0)
(-0.283682 0.029966 0)
(-0.291381 0.0206528 0)
(-0.296106 0.0103272 0)
(-0.297668 -0.000748587 0)
(-0.295942 -0.0122642 0)
(-0.290871 -0.0238719 0)
(-0.282472 -0.0351966 0)
(-0.27084 -0.0458482 0)
(-0.256158 -0.0554349 0)
(-0.238697 -0.0635813 0)
(-0.218821 -0.0699472 0)
(-0.196985 -0.0742495 0)
(-0.173725 -0.0762825 0)
(-0.149648 -0.0759379 0)
(-0.125411 -0.073219 0)
(-0.101689 -0.0682494 0)
(-0.07915 -0.0612722 0)
(-0.0584119 -0.0526396 0)
(-0.0400109 -0.042794 0)
(-0.0243672 -0.0322414 0)
(-0.0117597 -0.0215223 0)
(-0.00230734 -0.0111841 0)
(0.00403942 -0.00176166 0)
(0.00749993 0.00622882 0)
(0.00845388 0.0122849 0)
(0.0074329 0.0158931 0)
(0.00512366 0.016504 0)
(0.00243771 0.013505 0)
(0.000311318 0.00618707 0)
(-0.000218343 0.0013951 0)
(-0.00323333 0.00690418 0)
(-0.00895762 0.0137437 0)
(-0.0170687 0.0209482 0)
(-0.0271906 0.0280654 0)
(-0.0391197 0.0349275 0)
(-0.052733 0.0415042 0)
(-0.0679468 0.0478075 0)
(-0.0846862 0.0538311 0)
(-0.102856 0.0595197 0)
(-0.122321 0.0647596 0)
(-0.142888 0.069384 0)
(-0.164305 0.0731867 0)
(-0.186264 0.0759396 0)
(-0.208404 0.0774125 0)
(-0.230327 0.0773916 0)
(-0.251613 0.075697 0)
(-0.271832 0.0721971 0)
(-0.290562 0.0668189 0)
(-0.3074 0.0595557 0)
(-0.321973 0.0504696 0)
(-0.333942 0.0396921 0)
(-0.343014 0.0274212 0)
(-0.348935 0.0139178 0)
(-0.351502 -0.000499474 0)
(-0.350567 -0.0154602 0)
(-0.346034 -0.03055 0)
(-0.337873 -0.0453206 0)
(-0.326128 -0.0593006 0)
(-0.310927 -0.0720099 0)
(-0.292489 -0.0829784 0)
(-0.271137 -0.0917685 0)
(-0.2473 -0.0980011 0)
(-0.221511 -0.101383 0)
(-0.194399 -0.101734 0)
(-0.166671 -0.0990111 0)
(-0.139085 -0.0933202 0)
(-0.112411 -0.084926 0)
(-0.0873898 -0.074241 0)
(-0.0646883 -0.0618065 0)
(-0.044856 -0.048261 0)
(-0.0282898 -0.0343032 0)
(-0.015208 -0.0206549 0)
(-0.00563598 -0.00803135 0)
(0.000596248 0.0028744 0)
(0.00384549 0.0113904 0)
(0.00464325 0.0168433 0)
(0.00369232 0.0185279 0)
(0.00191555 0.0156674 0)
(0.000268477 0.0073564 0)
(-0.000334434 0.00330171 0)
(-0.00442277 0.0120776 0)
(-0.0118756 0.021664 0)
(-0.0221467 0.0311885 0)
(-0.0346684 0.0403211 0)
(-0.049148 0.0490025 0)
(-0.0654194 0.0572767 0)
(-0.0833758 0.0651884 0)
(-0.102925 0.0727266 0)
(-0.123951 0.0798018 0)
(-0.14629 0.086248 0)
(-0.169716 0.0918381 0)
(-0.193942 0.0963057 0)
(-0.218623 0.0993701 0)
(-0.243373 0.10076 0)
(-0.267774 0.100237 0)
(-0.291399 0.0976089 0)
(-0.31382 0.0927501 0)
(-0.334625 0.0856041 0)
(-0.353423 0.0761904 0)
(-0.369855 0.0646035 0)
(-0.383591 0.0510115 0)
(-0.394335 0.0356513 0)
(-0.401826 0.0188247 0)
(-0.405837 0.000893586 0)
(-0.406181 -0.0177235 0)
(-0.402716 -0.0365575 0)
(-0.395352 -0.0550952 0)
(-0.384063 -0.072789 0)
(-0.368904 -0.08907 0)
(-0.350022 -0.103368 0)
(-0.327674 -0.115134 0)
(-0.302236 -0.123874 0)
(-0.274213 -0.129182 0)
(-0.244236 -0.130774 0)
(-0.21305 -0.128527 0)
(-0.181488 -0.122501 0)
(-0.15043 -0.112956 0)
(-0.120759 -0.100347 0)
(-0.093297 -0.0853085 0)
(-0.0687546 -0.0686179 0)
(-0.0476796 -0.0511474 0)
(-0.0304196 -0.0338164 0)
(-0.0171005 -0.0175478 0)
(-0.00762031 -0.00324025 0)
(-0.00165815 0.00823872 0)
(0.00130688 0.0160376 0)
(0.00198638 0.0192827 0)
(0.00130315 0.017037 0)
(0.000223012 0.00823287 0)
(-0.000455862 0.00583535 0)
(-0.00564949 0.018715 0)
(-0.0148642 0.0315701 0)
(-0.0273158 0.0437266 0)
(-0.0422366 0.0550606 0)
(-0.0592413 0.0656789 0)
(-0.0781189 0.0757325 0)
(-0.0987372 0.0853128 0)
(-0.120984 0.0944053 0)
(-0.144723 0.102882 0)
(-0.169762 0.110521 0)
(-0.195848 0.117031 0)
(-0.222665 0.122087 0)
(-0.249848 0.125363 0)
(-0.276996 0.126556 0)
(-0.30369 0.12541 0)
(-0.329508 0.121735 0)
(-0.354034 0.115415 0)
(-0.376875 0.106415 0)
(-0.397658 0.0947795 0)
(-0.416036 0.0806312 0)
(-0.431686 0.0641665 0)
(-0.44431 0.0456508 0)
(-0.453635 0.0254149 0)
(-0.45941 0.00385145 0)
(-0.461412 -0.0185859 0)
(-0.459453 -0.0413854 0)
(-0.453378 -0.0639804 0)
(-0.44309 -0.0857555 0)
(-0.428555 -0.106058 0)
(-0.409829 -0.124215 0)
(-0.387075 -0.139561 0)
(-0.360585 -0.151467 0)
(-0.3308 -0.159386 0)
(-0.298316 -0.162897 0)
(-0.263885 -0.161756 0)
(-0.228397 -0.155933 0)
(-0.192838 -0.145643 0)
(-0.158241 -0.131358 0)
(-0.125611 -0.11379 0)
(-0.0958576 -0.0938544 0)
(-0.0697224 -0.0726125 0)
(-0.0477252 -0.0512089 0)
(-0.0301293 -0.0308083 0)
(-0.0169289 -0.0125505 0)
(-0.00785822 0.00246955 0)
(-0.00241527 0.0131955 0)
(0.000114017 0.0185738 0)
(0.000652144 0.017507 0)
(0.000181512 0.00878995 0)
(-0.000578746 0.00900762 0)
(-0.00687456 0.0268272 0)
(-0.0178291 0.0434573 0)
(-0.0324146 0.0585363 0)
(-0.0496621 0.0722336 0)
(-0.0690948 0.084881 0)
(-0.0904561 0.0967693 0)
(-0.113587 0.10805 0)
(-0.138356 0.118708 0)
(-0.164602 0.128573 0)
(-0.192111 0.137365 0)
(-0.220608 0.144732 0)
(-0.249757 0.150295 0)
(-0.279184 0.15369 0)
(-0.308484 0.15459 0)
(-0.337246 0.152734 0)
(-0.365062 0.147939 0)
(-0.391536 0.140103 0)
(-0.416291 0.129213 0)
(-0.438972 0.115334 0)
(-0.459246 0.0986131 0)
(-0.476799 0.0792664 0)
(-0.491336 0.0575797 0)
(-0.502579 0.0339031 0)
(-0.510264 0.00864984 0)
(-0.514146 -0.0177036 0)
(-0.514003 -0.0446162 0)
(-0.509628 -0.0714837 0)
(-0.500851 -0.0976377 0)
(-0.487549 -0.122355 0)
(-0.46967 -0.14487 0)
(-0.447255 -0.164398 0)
(-0.420474 -0.180166 0)
(-0.389655 -0.191465 0)
(-0.355307 -0.197699 0)
(-0.318141 -0.198451 0)
(-0.279059 -0.193548 0)
(-0.239128 -0.183105 0)
(-0.199526 -0.167562 0)
(-0.161462 -0.147674 0)
(-0.12608 -0.124484 0)
(-0.0943684 -0.0992544 0)
(-0.0670776 -0.0733836 0)
(-0.0446613 -0.0483202 0)
(-0.027253 -0.0254917 0)
(-0.0146712 -0.00626333 0)
(-0.00644857 0.00806795 0)
(-0.0018711 0.0162472 0)
(-1.11124e-05 0.0170101 0)
(0.000147194 0.00902183 0)
(-0.000698392 0.0128092 0)
(-0.00805586 0.0363774 0)
(-0.0206724 0.0572595 0)
(-0.03728 0.0755235 0)
(-0.0567144 0.0917203 0)
(-0.0784108 0.106464 0)
(-0.102067 0.120217 0)
(-0.127498 0.133205 0)
(-0.154548 0.145411 0)
(-0.183038 0.156628 0)
(-0.212733 0.166515 0)
(-0.243339 0.174663 0)
(-0.274511 0.180648 0)
(-0.305869 0.184073 0)
(-0.337017 0.1846 0)
(-0.367552 0.181968 0)
(-0.397083 0.176003 0)
(-0.425231 0.166621 0)
(-0.451639 0.153827 0)
(-0.475967 0.137708 0)
(-0.497898 0.118428 0)
(-0.517136 0.0962227 0)
(-0.533401 0.0713932 0)
(-0.54643 0.0443038 0)
(-0.555967 0.0153806 0)
(-0.561768 -0.0148882 0)
(-0.563598 -0.0459483 0)
(-0.561221 -0.0771781 0)
(-0.554406 -0.10788 0)
(-0.542946 -0.137284 0)
(-0.526671 -0.164552 0)
(-0.505482 -0.188796 0)
(-0.479386 -0.209102 0)
(-0.448545 -0.224583 0)
(-0.413317 -0.234436 0)
(-0.374298 -0.238023 0)
(-0.332335 -0.234957 0)
(-0.288523 -0.22518 0)
(-0.244153 -0.209021 0)
(-0.200633 -0.187227 0)
(-0.159374 -0.160931 0)
(-0.121668 -0.131593 0)
(-0.0885635 -0.100892 0)
(-0.0607791 -0.0706097 0)
(-0.0386503 -0.0425207 0)
(-0.0221263 -0.0183205 0)
(-0.0108009 0.00040378 0)
(-0.00396746 0.0121585 0)
(-0.00068406 0.0154923 0)
(0.000120428 0.00893016 0)
(-0.000809492 0.017208 0)
(-0.00914913 0.0472806 0)
(-0.0232948 0.0728504 0)
(-0.0417508 0.0945298 0)
(-0.0631698 0.113336 0)
(-0.0869037 0.13022 0)
(-0.112606 0.145845 0)
(-0.140064 0.16052 0)
(-0.1691 0.174236 0)
(-0.199514 0.186744 0)
(-0.231053 0.19765 0)
(-0.263412 0.206492 0)
(-0.296238 0.212806 0)
(-0.329153 0.216174 0)
(-0.361765 0.216249 0)
(-0.393684 0.212775 0)
(-0.424531 0.20559 0)
(-0.453941 0.194629 0)
(-0.481574 0.179915 0)
(-0.507112 0.161558 0)
(-0.530261 0.139743 0)
(-0.550754 0.114725 0)
(-0.568348 0.0868232 0)
(-0.582815 0.0564156 0)
(-0.59394 0.0239353 0)
(-0.601504 -0.0101283 0)
(-0.605292 -0.0452246 0)
(-0.605063 -0.0807394 0)
(-0.600551 -0.115976 0)
(-0.591478 -0.150153 0)
(-0.577564 -0.182396 0)
(-0.558557 -0.211742 0)
(-0.534275 -0.237159 0)
(-0.504664 -0.257585 0)
(-0.469863 -0.27199 0)
(-0.430267 -0.27947 0)
(-0.386576 -0.279351 0)
(-0.339822 -0.271308 0)
(-0.291343 -0.255464 0)
(-0.242709 -0.232455 0)
(-0.195606 -0.203443 0)
(-0.151671 -0.170052 0)
(-0.112332 -0.134254 0)
(-0.0786599 -0.0982131 0)
(-0.0512818 -0.0641255 0)
(-0.030346 -0.0340972 0)
(-0.0155518 -0.0100776 0)
(-0.00621825 0.0061432 0)
(-0.00138409 0.0128883 0)
(9.91939e-05 0.00851229 0)
(-0.000906456 0.022148 0)
(-0.0101099 0.0594037 0)
(-0.0255989 0.090046 0)
(-0.0456721 0.115337 0)
(-0.0688166 0.136837 0)
(-0.0943071 0.155883 0)
(-0.121754 0.173362 0)
(-0.150913 0.189683 0)
(-0.181585 0.204845 0)
(-0.213552 0.218564 0)
(-0.246543 0.230394 0)
(-0.280243 0.239826 0)
(-0.314295 0.246366 0)
(-0.348319 0.249575 0)
(-0.381929 0.249104 0)
(-0.414741 0.244704 0)
(-0.446385 0.236228 0)
(-0.476508 0.22363 0)
(-0.504789 0.206959 0)
(-0.530935 0.186352 0)
(-0.55469 0.162025 0)
(-0.575833 0.134259 0)
(-0.594177 0.103398 0)
(-0.60956 0.0698363 0)
(-0.621827 0.0340105 0)
(-0.63082 -0.00359804 0)
(-0.636368 -0.0424598 0)
(-0.638258 -0.0819932 0)
(-0.636222 -0.121539 0)
(-0.629938 -0.160346 0)
(-0.619036 -0.197548 0)
(-0.60312 -0.232158 0)
(-0.581811 -0.263066 0)
(-0.554808 -0.289063 0)
(-0.52197 -0.308896 0)
(-0.483405 -0.321367 0)
(-0.43956 -0.32545 0)
(-0.391284 -0.320453 0)
(-0.339851 -0.306165 0)
(-0.286916 -0.282984 0)
(-0.234396 -0.251978 0)
(-0.184297 -0.214867 0)
(-0.138489 -0.173894 0)
(-0.0985003 -0.131645 0)
(-0.0653587 -0.0908181 0)
(-0.0395107 -0.0540339 0)
(-0.0208305 -0.0237063 0)
(-0.00869914 -0.00200503 0)
(-0.00214321 0.00910239 0)
(7.97791e-05 0.00775208 0)
(-0.000983817 0.0275499 0)
(-0.0108957 0.0725676 0)
(-0.0274938 0.108609 0)
(-0.0489013 0.137674 0)
(-0.0734627 0.161929 0)
(-0.100381 0.183135 0)
(-0.129223 0.202431 0)
(-0.159714 0.220333 0)
(-0.19163 0.236855 0)
(-0.224732 0.251682 0)
(-0.258737 0.264319 0)
(-0.293317 0.274219 0)
(-0.328109 0.280856 0)
(-0.362732 0.28378 0)
(-0.396798 0.282641 0)
(-0.429925 0.277198 0)
(-0.46175 0.267323 0)
(-0.491935 0.252996 0)
(-0.520179 0.234302 0)
(-0.546225 0.211417 0)
(-0.569868 0.184596 0)
(-0.590951 0.154164 0)
(-0.609361 0.120497 0)
(-0.62502 0.084009 0)
(-0.637859 0.0451402 0)
(-0.647802 0.00435591 0)
(-0.654746 -0.0378516 0)
(-0.658542 -0.0809552 0)
(-0.658948 -0.124369 0)
(-0.655636 -0.167414 0)
(-0.648183 -0.20929 0)
(-0.636081 -0.249045 0)
(-0.618771 -0.285549 0)
(-0.595704 -0.317502 0)
(-0.566425 -0.343468 0)
(-0.530687 -0.361951 0)
(-0.488576 -0.371539 0)
(-0.440626 -0.371077 0)
(-0.387899 -0.359884 0)
(-0.332 -0.337952 0)
(-0.274987 -0.306091 0)
(-0.219197 -0.265976 0)
(-0.166983 -0.220055 0)
(-0.120424 -0.171338 0)
(-0.0810767 -0.123103 0)
(-0.0498139 -0.0786085 0)
(-0.0267872 -0.040867 0)
(-0.0115028 -0.0125484 0)
(-0.00300154 0.00399636 0)
(5.73933e-05 0.00661389 0)
(-0.00103666 0.0333122 0)
(-0.0114689 0.0865514 0)
(-0.0288989 0.128255 0)
(-0.051314 0.161222 0)
(-0.0769422 0.18827 0)
(-0.104922 0.211618 0)
(-0.134774 0.232673 0)
(-0.166191 0.252069 0)
(-0.198922 0.269842 0)
(-0.232709 0.285649 0)
(-0.267252 0.298954 0)
(-0.302212 0.309171 0)
(-0.337217 0.315752 0)
(-0.371879 0.318233 0)
(-0.405808 0.316266 0)
(-0.438622 0.309624 0)
(-0.469964 0.298204 0)
(-0.499512 0.282024 0)
(-0.526996 0.261214 0)
(-0.552208 0.236006 0)
(-0.575002 0.206714 0)
(-0.595298 0.173715 0)
(-0.613072 0.137427 0)
(-0.628339 0.0982917 0)
(-0.641129 0.0567525 0)
(-0.651461 0.0132525 0)
(-0.659323 -0.0317647 0)
(-0.664644 -0.0778442 0)
(-0.667245 -0.124501 0)
(-0.666831 -0.171169 0)
(-0.662971 -0.217166 0)
(-0.655096 -0.261637 0)
(-0.642516 -0.303514 0)
(-0.624464 -0.341483 0)
(-0.600182 -0.37399 0)
(-0.569034 -0.399293 0)
(-0.530665 -0.415589 0)
(-0.485166 -0.421205 0)
(-0.433222 -0.414862 0)
(-0.376206 -0.39596 0)
(-0.31616 -0.364834 0)
(-0.255653 -0.32291 0)
(-0.197498 -0.272692 0)
(-0.144391 -0.21756 0)
(-0.0985455 -0.161424 0)
(-0.0614139 -0.108307 0)
(-0.0335627 -0.0619898 0)
(-0.0147218 -0.0258044 0)
(-0.00400068 -0.00261448 0)
(2.68766e-05 0.00504038 0)
(-0.00106101 0.0393146 0)
(-0.0117985 0.101099 0)
(-0.0297485 0.14866 0)
(-0.0528091 0.185625 0)
(-0.0791219 0.215485 0)
(-0.107767 0.240939 0)
(-0.138217 0.263676 0)
(-0.170128 0.284458 0)
(-0.203224 0.303351 0)
(-0.237221 0.319987 0)
(-0.271805 0.333796 0)
(-0.306623 0.344155 0)
(-0.341293 0.350494 0)
(-0.375419 0.352342 0)
(-0.408605 0.349354 0)
(-0.440471 0.341323 0)
(-0.470672 0.328183 0)
(-0.498909 0.310001 0)
(-0.524954 0.286972 0)
(-0.548653 0.259397 0)
(-0.569931 0.227664 0)
(-0.588792 0.192214 0)
(-0.605301 0.153518 0)
(-0.61957 0.112046 0)
(-0.631729 0.0682482 0)
(-0.641892 0.0225425 0)
(-0.650143 -0.0246832 0)
(-0.6565 -0.0730568 0)
(-0.660872 -0.12221 0)
(-0.66303 -0.17172 0)
(-0.662584 -0.221062 0)
(-0.658969 -0.269541 0)
(-0.65143 -0.316229 0)
(-0.639055 -0.359892 0)
(-0.620831 -0.39896 0)
(-0.595756 -0.431537 0)
(-0.563003 -0.455482 0)
(-0.522121 -0.4686 0)
(-0.473265 -0.468927 0)
(-0.417372 -0.455096 0)
(-0.356256 -0.426721 0)
(-0.292536 -0.384705 0)
(-0.229387 -0.331367 0)
(-0.170128 -0.270321 0)
(-0.11773 -0.20609 0)
(-0.0743899 -0.143579 0)
(-0.041261 -0.0875256 0)
(-0.0184342 -0.0421348 0)
(-0.00517793 -0.0109582 0)
(-1.65607e-05 0.00295358 0)
(-0.00105422 0.0454223 0)
(-0.0118622 0.115926 0)
(-0.0299951 0.16947 0)
(-0.0533134 0.210497 0)
(-0.0799061 0.243174 0)
(-0.1088 0.270684 0)
(-0.139421 0.29501 0)
(-0.171384 0.317052 0)
(-0.204381 0.336911 0)
(-0.238108 0.354205 0)
(-0.272232 0.368329 0)
(-0.306386 0.378631 0)
(-0.340179 0.384519 0)
(-0.373208 0.385517 0)
(-0.405074 0.381292 0)
(-0.435405 0.371666 0)
(-0.463874 0.35662 0)
(-0.490217 0.336288 0)
(-0.514253 0.310943 0)
(-0.535892 0.280973 0)
(-0.555134 0.246847 0)
(-0.572063 0.209083 0)
(-0.586832 0.168208 0)
(-0.599639 0.124724 0)
(-0.6107 0.0790873 0)
(-0.620217 0.03169 0)
(-0.62836 -0.0171359 0)
(-0.635237 -0.0671039 0)
(-0.640851 -0.117966 0)
(-0.645062 -0.169455 0)
(-0.647568 -0.221229 0)
(-0.647862 -0.2728 0)
(-0.645212 -0.323443 0)
(-0.638651 -0.372106 0)
(-0.627008 -0.417323 0)
(-0.608987 -0.457168 0)
(-0.58332 -0.489282 0)
(-0.548988 -0.511013 0)
(-0.505494 -0.519694 0)
(-0.453149 -0.513061 0)
(-0.393292 -0.489767 0)
(-0.328347 -0.449872 0)
(-0.261661 -0.39518 0)
(-0.197089 -0.329276 0)
(-0.138409 -0.257193 0)
(-0.0887108 -0.184772 0)
(-0.0499282 -0.117907 0)
(-0.0226927 -0.0619251 0)
(-0.00656216 -0.0212948 0)
(-7.69335e-05 0.000258045 0)
(-0.00101515 0.0514906 0)
(-0.0116483 0.13073 0)
(-0.0296113 0.190309 0)
(-0.0527847 0.235434 0)
(-0.0792405 0.270918 0)
(-0.107961 0.300425 0)
(-0.138319 0.326235 0)
(-0.169888 0.349395 0)
(-0.202329 0.370051 0)
(-0.235313 0.387813 0)
(-0.268491 0.402048 0)
(-0.301485 0.412076 0)
(-0.333895 0.41729 0)
(-0.365315 0.417212 0)
(-0.395353 0.411529 0)
(-0.423651 0.400104 0)
(-0.449912 0.382981 0)
(-0.473916 0.360373 0)
(-0.495536 0.332646 0)
(-0.51475 0.300283 0)
(-0.53163 0.263847 0)
(-0.546333 0.22393 0)
(-0.559086 0.181116 0)
(-0.570155 0.135941 0)
(-0.579824 0.0888634 0)
(-0.588363 0.040253 0)
(-0.596005 -0.00961137 0)
(-0.602935 -0.0605239 0)
(-0.609248 -0.112349 0)
(-0.614899 -0.164969 0)
(-0.619696 -0.218231 0)
(-0.623246 -0.271871 0)
(-0.624911 -0.32542 0)
(-0.623774 -0.378084 0)
(-0.618623 -0.428623 0)
(-0.607994 -0.475236 0)
(-0.590277 -0.515508 0)
(-0.563924 -0.546473 0)
(-0.527748 -0.564833 0)
(-0.48129 -0.567386 0)
(-0.425176 -0.551628 0)
(-0.361345 -0.51645 0)
(-0.293037 -0.462737 0)
(-0.224462 -0.393665 0)
(-0.160161 -0.314529 0)
(-0.104216 -0.232071 0)
(-0.0595401 -0.153504 0)
(-0.0275181 -0.0855562 0)
(-0.00817207 -0.0339019 0)
(-0.000157542 -0.00315454 0)
(-0.000944354 0.0573718 0)
(-0.0111557 0.1452 0)
(-0.0285921 0.210793 0)
(-0.0512136 0.260024 0)
(-0.0771139 0.298297 0)
(-0.105238 0.329734 0)
(-0.134908 0.356914 0)
(-0.165651 0.381039 0)
(-0.197095 0.402312 0)
(-0.228889 0.420343 0)
(-0.260669 0.434476 0)
(-0.29205 0.44401 0)
(-0.32263 0.448326 0)
(-0.352008 0.446955 0)
(-0.379808 0.439612 0)
(-0.405698 0.426214 0)
(-0.42942 0.40688 0)
(-0.450806 0.381916 0)
(-0.469789 0.351789 0)
(-0.486411 0.317085 0)
(-0.50081 0.278456 0)
(-0.513204 0.236573 0)
(-0.523873 0.192069 0)
(-0.533133 0.145506 0)
(-0.541308 0.0973473 0)
(-0.548707 0.0479385 0)
(-0.555603 -0.00248758 0)
(-0.562239 -0.0537968 0)
(-0.568775 -0.105947 0)
(-0.575259 -0.158951 0)
(-0.581615 -0.212827 0)
(-0.587591 -0.267531 0)
(-0.5927 -0.322865 0)
(-0.596164 -0.378349 0)
(-0.596857 -0.433065 0)
(-0.593292 -0.485486 0)
(-0.583672 -0.533341 0)
(-0.566039 -0.573553 0)
(-0.538566 -0.602365 0)
(-0.499965 -0.615701 0)
(-0.449964 -0.609812 0)
(-0.389726 -0.582136 0)
(-0.322053 -0.5322 0)
(-0.25122 -0.462282 0)
(-0.182374 -0.377538 0)
(-0.120613 -0.285431 0)
(-0.0699962 -0.194572 0)
(-0.0328963 -0.113373 0)
(-0.0100154 -0.0490577 0)
(-0.00026129 -0.00739975 0)
(-0.000844022 0.0629205 0)
(-0.010395 0.159029 0)
(-0.0269548 0.230538 0)
(-0.0486239 0.283856 0)
(-0.073558 0.324893 0)
(-0.100676 0.358192 0)
(-0.129248 0.386626 0)
(-0.158756 0.41156 0)
(-0.188793 0.433266 0)
(-0.218989 0.451364 0)
(-0.248969 0.465186 0)
(-0.278346 0.474014 0)
(-0.306727 0.477228 0)
(-0.333727 0.474374 0)
(-0.358993 0.465208 0)
(-0.382235 0.449713 0)
(-0.40324 0.428092 0)
(-0.421897 0.400755 0)
(-0.4382 0.368273 0)
(-0.45225 0.331333 0)
(-0.464237 0.290676 0)
(-0.474427 0.247036 0)
(-0.483131 0.201093 0)
(-0.490688 0.153426 0)
(-0.49744 0.104495 0)
(-0.503706 0.0546243 0)
(-0.509773 0.00400821 0)
(-0.515911 -0.0472791 0)
(-0.522325 -0.0992651 0)
(-0.529131 -0.152064 0)
(-0.53636 -0.205833 0)
(-0.543903 -0.260719 0)
(-0.551454 -0.316779 0)
(-0.558434 -0.373861 0)
(-0.563908 -0.431429 0)
(-0.566514 -0.488361 0)
(-0.564442 -0.542713 0)
(-0.555512 -0.591548 0)
(-0.537395 -0.630903 0)
(-0.508017 -0.65602 0)
(-0.466119 -0.661944 0)
(-0.411846 -0.644482 0)
(-0.347216 -0.601398 0)
(-0.2762 -0.533511 0)
(-0.204282 -0.44528 0)
(-0.137486 -0.344524 0)
(-0.0811206 -0.241202 0)
(-0.0387774 -0.145651 0)
(-0.0120889 -0.0670235 0)
(-0.000390726 -0.0125949 0)
(-0.000717889 0.0680005 0)
(-0.00938712 0.171922 0)
(-0.0247381 0.249174 0)
(-0.0450712 0.306532 0)
(-0.0686458 0.350304 0)
(-0.0943673 0.3854 0)
(-0.121459 0.414974 0)
(-0.149355 0.440565 0)
(-0.177616 0.462524 0)
(-0.205854 0.480497 0)
(-0.233692 0.493812 0)
(-0.26075 0.501748 0)
(-0.28665 0.503689 0)
(-0.311035 0.499209 0)
(-0.333591 0.488114 0)
(-0.354073 0.470463 0)
(-0.372324 0.446552 0)
(-0.388289 0.416895 0)
(-0.40202 0.38217 0)
(-0.413666 0.343157 0)
(-0.423459 0.300675 0)
(-0.431688 0.255513 0)
(-0.438681 0.20838 0)
(-0.444775 0.159865 0)
(-0.450304 0.110419 0)
(-0.455578 0.0603447 0)
(-0.460871 0.009803 0)
(-0.466453 -0.0411756 0)
(-0.472546 -0.0926677 0)
(-0.479314 -0.144855 0)
(-0.486865 -0.197992 0)
(-0.495218 -0.25237 0)
(-0.504244 -0.308264 0)
(-0.513589 -0.365821 0)
(-0.522575 -0.424906 0)
(-0.530084 -0.48487 0)
(-0.534466 -0.544263 0)
(-0.533525 -0.600531 0)
(-0.524643 -0.64981 0)
(-0.505112 -0.686964 0)
(-0.472708 -0.706021 0)
(-0.42642 -0.701137 0)
(-0.367169 -0.668003 0)
(-0.298223 -0.60541 0)
(-0.22503 -0.516445 0)
(-0.154321 -0.408716 0)
(-0.092669 -0.293287 0)
(-0.0450771 -0.182565 0)
(-0.0143781 -0.0880265 0)
(-0.000547808 -0.0188538 0)
(-0.000570955 0.0724899 0)
(-0.008163 0.183606 0)
(-0.0220009 0.266352 0)
(-0.0406407 0.327676 0)
(-0.0624882 0.374149 0)
(-0.086452 0.410985 0)
(-0.111713 0.441596 0)
(-0.137661 0.4677 0)
(-0.163825 0.489746 0)
(-0.189803 0.50742 0)
(-0.215222 0.520061 0)
(-0.239718 0.526954 0)
(-0.262942 0.527498 0)
(-0.284574 0.521306 0)
(-0.304348 0.508245 0)
(-0.322072 0.488452 0)
(-0.337645 0.462324 0)
(-0.351068 0.430475 0)
(-0.362441 0.393681 0)
(-0.371952 0.352809 0)
(-0.379856 0.308739 0)
(-0.386451 0.262303 0)
(-0.392059 0.214225 0)
(-0.397 0.165094 0)
(-0.401583 0.115343 0)
(-0.406087 0.0652523 0)
(-0.410758 0.0149561 0)
(-0.415842 -0.0355446 0)
(-0.42156 -0.0863566 0)
(-0.428092 -0.137698 0)
(-0.435595 -0.189879 0)
(-0.444185 -0.243286 0)
(-0.453883 -0.298347 0)
(-0.464553 -0.35546 0)
(-0.47579 -0.414857 0)
(-0.486792 -0.476383 0)
(-0.496205 -0.539175 0)
(-0.502019 -0.601273 0)
(-0.501568 -0.659227 0)
(-0.491746 -0.707893 0)
(-0.46951 -0.740624 0)
(-0.432674 -0.75008 0)
(-0.380849 -0.729734 0)
(-0.316215 -0.675858 0)
(-0.243744 -0.589419 0)
(-0.170546 -0.477064 0)
(-0.104342 -0.350493 0)
(-0.0516798 -0.224166 0)
(-0.0168575 -0.112243 0)
(-0.000733704 -0.0262813 0)
(-0.000409174 0.0762863 0)
(-0.00676156 0.193842 0)
(-0.0188193 0.281757 0)
(-0.035444 0.346941 0)
(-0.0552297 0.39608 0)
(-0.0771085 0.434608 0)
(-0.100228 0.466168 0)
(-0.123935 0.49266 0)
(-0.147731 0.514648 0)
(-0.171205 0.531875 0)
(-0.193994 0.543709 0)
(-0.215761 0.549452 0)
(-0.236192 0.548533 0)
(-0.255017 0.540608 0)
(-0.272021 0.525613 0)
(-0.287071 0.503769 0)
(-0.300121 0.475567 0)
(-0.311222 0.441718 0)
(-0.320511 0.403086 0)
(-0.328201 0.360608 0)
(-0.334556 0.315213 0)
(-0.339867 0.267756 0)
(-0.344435 0.218968 0)
(-0.348549 0.169425 0)
(-0.35248 0.119539 0)
(-0.356466 0.0695657 0)
(-0.360716 0.0196156 0)
(-0.365437 -0.0303284 0)
(-0.37083 -0.0803869 0)
(-0.377073 -0.13079 0)
(-0.384342 -0.181866 0)
(-0.392811 -0.234047 0)
(-0.402615 -0.287853 0)
(-0.413793 -0.343861 0)
(-0.426201 -0.402602 0)
(-0.439365 -0.464376 0)
(-0.452306 -0.528939 0)
(-0.463357 -0.595056 0)
(-0.470039 -0.659967 0)
(-0.469123 -0.718918 0)
(-0.456996 -0.765028 0)
(-0.430416 -0.789804 0)
(-0.387595 -0.784564 0)
(-0.329316 -0.742717 0)
(-0.259624 -0.662385 0)
(-0.185576 -0.548356 0)
(-0.115808 -0.412254 0)
(-0.0584452 -0.270356 0)
(-0.0194915 -0.139785 0)
(-0.000948606 -0.0349686 0)
(-0.000239053 0.0793104 0)
(-0.00522798 0.20243 0)
(-0.0152838 0.295113 0)
(-0.0296146 0.364018 0)
(-0.047043 0.415785 0)
(-0.0665481 0.455969 0)
(-0.0872555 0.48841 0)
(-0.108476 0.515189 0)
(-0.129685 0.537 0)
(-0.150468 0.553666 0)
(-0.170479 0.564599 0)
(-0.189411 0.569136 0)
(-0.206998 0.566743 0)
(-0.223023 0.55713 0)
(-0.237331 0.540302 0)
(-0.249843 0.516563 0)
(-0.260566 0.486494 0)
(-0.269592 0.450891 0)
(-0.277085 0.410692 0)
(-0.283268 0.366887 0)
(-0.2884 0.32044 0)
(-0.292753 0.272216 0)
(-0.296597 0.222939 0)
(-0.300181 0.173165 0)
(-0.30373 0.123282 0)
(-0.30744 0.0735201 0)
(-0.311475 0.0239695 0)
(-0.316 -0.0253978 0)
(-0.321186 -0.0747043 0)
(-0.327193 -0.124174 0)
(-0.334193 -0.174126 0)
(-0.342385 -0.224996 0)
(-0.351972 -0.277343 0)
(-0.363123 -0.331843 0)
(-0.375901 -0.389242 0)
(-0.390134 -0.450217 0)
(-0.405233 -0.5151 0)
(-0.419965 -0.583432 0)
(-0.432225 -0.653332 0)
(-0.438936 -0.7208 0)
(-0.436219 -0.779216 0)
(-0.420018 -0.819427 0)
(-0.387202 -0.830883 0)
(-0.336963 -0.804005 0)
(-0.272012 -0.733448 0)
(-0.198865 -0.621174 0)
(-0.126725 -0.477787 0)
(-0.0652179 -0.32089 0)
(-0.0222363 -0.170689 0)
(-0.00119158 -0.0449889 0)
(-6.72718e-05 0.081509 0)
(-0.00361152 0.209216 0)
(-0.0114956 0.306193 0)
(-0.0233035 0.378643 0)
(-0.0381236 0.432991 0)
(-0.0550082 0.47481 0)
(-0.0730767 0.508086 0)
(-0.0916108 0.535078 0)
(-0.110063 0.556625 0)
(-0.12802 0.572652 0)
(-0.145154 0.582634 0)
(-0.161198 0.585957 0)
(-0.175939 0.582135 0)
(-0.189216 0.570937 0)
(-0.200931 0.552436 0)
(-0.211063 0.527016 0)
(-0.219663 0.495335 0)
(-0.226854 0.458262 0)
(-0.232815 0.416792 0)
(-0.237769 0.371953 0)
(-0.241957 0.324728 0)
(-0.245624 0.275981 0)
(-0.248999 0.22642 0)
(-0.252291 0.176577 0)
(-0.255678 0.126812 0)
(-0.259311 0.0773302 0)
(-0.263313 0.0282064 0)
(-0.267806 -0.0205946 0)
(-0.272928 -0.0691892 0)
(-0.278815 -0.117784 0)
(-0.285618 -0.166674 0)
(-0.293536 -0.216266 0)
(-0.3028 -0.26711 0)
(-0.313656 -0.319922 0)
(-0.326313 -0.375571 0)
(-0.340842 -0.435006 0)
(-0.357008 -0.499047 0)
(-0.374033 -0.567973 0)
(-0.390299 -0.640871 0)
(-0.403107 -0.714772 0)
(-0.408632 -0.783792 0)
(-0.402323 -0.838709 0)
(-0.379903 -0.867602 0)
(-0.338929 -0.858036 0)
(-0.280451 -0.800768 0)
(-0.209959 -0.69398 0)
(-0.136776 -0.546134 0)
(-0.0718398 -0.375376 0)
(-0.0250433 -0.204914 0)
(-0.00146053 -0.0563939 0)
(9.97106e-05 0.082856 0)
(-0.00196335 0.214098 0)
(-0.00756279 0.314824 0)
(-0.0166746 0.3906 0)
(-0.0286842 0.447472 0)
(-0.0427457 0.490914 0)
(-0.0579908 0.525005 0)
(-0.0736814 0.552165 0)
(-0.0892528 0.573395 0)
(-0.104291 0.58874 0)
(-0.118494 0.597761 0)
(-0.131636 0.599907 0)
(-0.143558 0.59475 0)
(-0.154158 0.582119 0)
(-0.163396 0.562153 0)
(-0.171301 0.535306 0)
(-0.17796 0.502303 0)
(-0.18352 0.464067 0)
(-0.188166 0.421634 0)
(-0.192108 0.376056 0)
(-0.195564 0.32832 0)
(-0.198742 0.279281 0)
(-0.201833 0.229624 0)
(-0.204999 0.179856 0)
(-0.208377 0.130309 0)
(-0.212077 0.0811663 0)
(-0.216186 0.0324878 0)
(-0.220786 -0.0157644 0)
(-0.225985 -0.0636968 0)
(-0.231893 -0.111494 0)
(-0.238632 -0.159415 0)
(-0.246383 -0.207824 0)
(-0.255377 -0.257231 0)
(-0.265891 -0.308335 0)
(-0.278219 -0.362055 0)
(-0.292601 -0.419507 0)
(-0.309087 -0.481873 0)
(-0.327314 -0.550074 0)
(-0.346189 -0.62415 0)
(-0.36354 -0.702317 0)
(-0.375874 -0.779823 0)
(-0.3785 -0.847993 0)
(-0.366304 -0.89419 0)
(-0.335311 -0.903521 0)
(-0.284713 -0.862675 0)
(-0.218526 -0.765213 0)
(-0.145693 -0.616208 0)
(-0.0781644 -0.433296 0)
(-0.027863 -0.242342 0)
(-0.00175235 -0.0692126 0)
(0.000255925 0.0833525 0)
(-0.000334555 0.217025 0)
(-0.0035967 0.320892 0)
(-0.00989953 0.399729 0)
(-0.0189494 0.459048 0)
(-0.0300307 0.50411 0)
(-0.0423096 0.539016 0)
(-0.0550399 0.566331 0)
(-0.0676433 0.587222 0)
(-0.0797087 0.601877 0)
(-0.0909575 0.609963 0)
(-0.101208 0.611007 0)
(-0.110354 0.604646 0)
(-0.118352 0.590771 0)
(-0.125217 0.569582 0)
(-0.131021 0.541591 0)
(-0.135885 0.507572 0)
(-0.139966 0.46849 0)
(-0.143449 0.425404 0)
(-0.146526 0.379375 0)
(-0.149383 0.331384 0)
(-0.152194 0.282268 0)
(-0.155106 0.23269 0)
(-0.15824 0.183129 0)
(-0.161696 0.133892 0)
(-0.16555 0.0851446 0)
(-0.169856 0.0369342 0)
(-0.174665 -0.0107779 0)
(-0.180059 -0.0580863 0)
(-0.186125 -0.105153 0)
(-0.192956 -0.152198 0)
(-0.200705 -0.199536 0)
(-0.209583 -0.247618 0)
(-0.219863 -0.297096 0)
(-0.231874 -0.348873 0)
(-0.245954 -0.404142 0)
(-0.262352 -0.464322 0)
(-0.281044 -0.530831 0)
(-0.301427 -0.604563 0)
(-0.321921 -0.684953 0)
(-0.33957 -0.76865 0)
(-0.349879 -0.848079 0)
(-0.347273 -0.910638 0)
(-0.326483 -0.939614 0)
(-0.284794 -0.917758 0)
(-0.224378 -0.833369 0)
(-0.153278 -0.686857 0)
(-0.084071 -0.494034 0)
(-0.0306504 -0.282788 0)
(-0.00206324 -0.0834516 0)
(0.000396204 0.0830262 0)
(0.00122543 0.218005 0)
(0.000291213 0.324348 0)
(-0.00315378 0.405928 0)
(-0.00915077 0.467593 0)
(-0.0171421 0.51427 0)
(-0.0263521 0.55001 0)
(-0.0360409 0.577492 0)
(-0.0456221 0.598052 0)
(-0.0546876 0.612039 0)
(-0.0629815 0.619244 0)
(-0.0703635 0.619289 0)
(-0.0767787 0.611883 0)
(-0.0822389 0.596977 0)
(-0.0868101 0.574825 0)
(-0.0906034 0.545984 0)
(-0.0937638 0.511264 0)
(-0.0964582 0.471652 0)
(-0.0988615 0.428216 0)
(-0.101144 0.382013 0)
(-0.103463 0.334008 0)
(-0.105951 0.285018 0)
(-0.108719 0.235682 0)
(-0.11185 0.186453 0)
(-0.115411 0.137618 0)
(-0.119448 0.0893273 0)
(-0.123996 0.0416204 0)
(-0.129076 -0.0055402 0)
(-0.134753 -0.0522388 0)
(-0.141096 -0.0986139 0)
(-0.148169 -0.144851 0)
(-0.156097 -0.191214 0)
(-0.16506 -0.238091 0)
(-0.175309 -0.286063 0)
(-0.187165 -0.335985 0)
(-0.201005 -0.389046 0)
(-0.217195 -0.44679 0)
(-0.235954 -0.510985 0)
(-0.25709 -0.583218 0)
(-0.279601 -0.664064 0)
(-0.301178 -0.751693 0)
(-0.317801 -0.840071 0)
(-0.323822 -0.917379 0)
(-0.313024 -0.965907 0)
(-0.280884 -0.964915 0)
(-0.227467 -0.897077 0)
(-0.159416 -0.756921 0)
(-0.089476 -0.556913 0)
(-0.0333707 -0.326016 0)
(-0.00238921 -0.099099 0)
(0.000516355 0.0819291 0)
(0.00267162 0.217096 0)
(0.00399218 0.325203 0)
(0.00338662 0.409157 0)
(0.00047708 0.473031 0)
(-0.00436303 0.521309 0)
(-0.0104409 0.557913 0)
(-0.0170388 0.585595 0)
(-0.0235696 0.605858 0)
(-0.0296283 0.619221 0)
(-0.0349792 0.625622 0)
(-0.039519 0.624788 0)
(-0.0432409 0.61651 0)
(-0.0462077 0.600796 0)
(-0.0485314 0.577948 0)
(-0.0503581 0.548552 0)
(-0.0518531 0.513441 0)
(-0.0531877 0.473606 0)
(-0.0545266 0.430111 0)
(-0.0560175 0.383997 0)
(-0.0577857 0.336208 0)
(-0.0599305 0.287537 0)
(-0.0625264 0.238599 0)
(-0.0656263 0.189826 0)
(-0.0692669 0.14149 0)
(-0.0734747 0.0937286 0)
(-0.0782662 0.0465789 0)
(-0.0836441 6.38604e-06 0)
(-0.0896577 -0.0460664 0)
(-0.0963665 -0.0917537 0)
(-0.103813 -0.137212 0)
(-0.112093 -0.18266 0)
(-0.121356 -0.228424 0)
(-0.131814 -0.275012 0)
(-0.14376 -0.323202 0)
(-0.157562 -0.374136 0)
(-0.173637 -0.429391 0)
(-0.192352 -0.49094 0)
(-0.213821 -0.560889 0)
(-0.237545 -0.640786 0)
(-0.261886 -0.7303 0)
(-0.283488 -0.825216 0)
(-0.296988 -0.915169 0)
(-0.295631 -0.982384 0)
(-0.273314 -1.00337 0)
(-0.227872 -0.955137 0)
(-0.164079 -0.825277 0)
(-0.0943412 -0.621232 0)
(-0.036004 -0.37176 0)
(-0.0027267 -0.11613 0)
(0.000613457 0.0801346 0)
(0.00396451 0.214412 0)
(0.00740508 0.323538 0)
(0.00954924 0.409438 0)
(0.00969802 0.475341 0)
(0.00802075 0.525189 0)
(0.00510048 0.562687 0)
(0.00161413 0.590617 0)
(-0.00185898 0.610633 0)
(-0.00491751 0.623435 0)
(-0.00734258 0.62912 0)
(-0.00906298 0.627537 0)
(-0.0101148 0.618562 0)
(-0.0106069 0.602265 0)
(-0.0106929 0.57898 0)
(-0.0105506 0.549318 0)
(-0.0103632 0.514114 0)
(-0.0103055 0.47435 0)
(-0.0105317 0.431073 0)
(-0.0111692 0.3853 0)
(-0.0123154 0.337948 0)
(-0.0140389 0.289783 0)
(-0.0163843 0.241398 0)
(-0.0193775 0.193209 0)
(-0.0230329 0.145477 0)
(-0.0273596 0.0983329 0)
(-0.0323631 0.0518138 0)
(-0.0380345 0.00589067 0)
(-0.0444106 -0.0395081 0)
(-0.0515446 -0.0844728 0)
(-0.0594669 -0.129138 0)
(-0.068249 -0.173685 0)
(-0.0780086 -0.218386 0)
(-0.0889197 -0.26368 0)
(-0.10123 -0.310261 0)
(-0.115273 -0.359195 0)
(-0.131461 -0.412027 0)
(-0.150229 -0.47082 0)
(-0.17189 -0.538021 0)
(-0.196343 -0.615949 0)
(-0.222568 -0.70563 0)
(-0.247963 -0.804765 0)
(-0.267741 -0.90497 0)
(-0.275033 -0.989347 0)
(-0.262504 -1.03263 0)
(-0.225757 -1.00654 0)
(-0.167308 -0.890877 0)
(-0.0986754 -0.686296 0)
(-0.0385499 -0.419747 0)
(-0.00307336 -0.134514 0)
(0.000685508 0.0777343 0)
(0.00507025 0.210112 0)
(0.0104378 0.3195 0)
(0.0151705 0.406865 0)
(0.0182799 0.474559 0)
(0.0197224 0.525908 0)
(0.0199473 0.564323 0)
(0.0195683 0.592554 0)
(0.0191451 0.612385 0)
(0.0190721 0.624697 0)
(0.0195556 0.629758 0)
(0.0206404 0.627552 0)
(0.0222534 0.61805 0)
(0.0242448 0.601378 0)
(0.0264228 0.577904 0)
(0.0285804 0.548245 0)
(0.0305168 0.513227 0)
(0.032053 0.473812 0)
(0.033042 0.431016 0)
(0.0333731 0.385825 0)
(0.0329715 0.339122 0)
(0.0317935 0.291649 0)
(0.0298191 0.243978 0)
(0.027044 0.196512 0)
(0.0234714 0.149506 0)
(0.019105 0.103089 0)
(0.013947 0.0573027 0)
(0.00801146 0.0121235 0)
(0.00127461 -0.0325151 0)
(-0.00631469 -0.0766858 0)
(-0.0147853 -0.120504 0)
(-0.0241882 -0.164119 0)
(-0.0346133 -0.207762 0)
(-0.0461971 -0.251806 0)
(-0.0591401 -0.29687 0)
(-0.0737238 -0.343932 0)
(-0.090321 -0.394465 0)
(-0.109372 -0.450538 0)
(-0.131295 -0.514788 0)
(-0.156264 -0.590085 0)
(-0.183784 -0.678592 0)
(-0.212004 -0.779865 0)
(-0.23691 -0.887831 0)
(-0.251922 -0.987339 0)
(-0.248893 -1.05251 0)
(-0.22134 -1.05048 0)
(-0.169197 -0.952753 0)
(-0.102532 -0.751438 0)
(-0.0410305 -0.469722 0)
(-0.00342884 -0.154226 0)
(0.000731388 0.0748346 0)
(0.00596047 0.204402 0)
(0.0130074 0.313302 0)
(0.0200967 0.401603 0)
(0.0259972 0.470788 0)
(0.0304565 0.52352 0)
(0.0337718 0.562842 0)
(0.0364711 0.591418 0)
(0.0390781 0.611124 0)
(0.0419743 0.623016 0)
(0.0453543 0.627541 0)
(0.0492419 0.62483 0)
(0.0535332 0.614952 0)
(0.0580426 0.598096 0)
(0.0625436 0.574654 0)
(0.0668012 0.545243 0)
(0.0705962 0.510667 0)
(0.0737425 0.471858 0)
(0.0760955 0.42979 0)
(0.0775555 0.38541 0)
(0.0780638 0.339567 0)
(0.0775951 0.292974 0)
(0.0761477 0.246185 0)
(0.0737337 0.199594 0)
(0.0703693 0.153452 0)
(0.0660679 0.107894 0)
(0.0608367 0.0629651 0)
(0.054688 0.0186516 0)
(0.0476072 -0.0251058 0)
(0.0395492 -0.0683685 0)
(0.0304833 -0.111235 0)
(0.020373 -0.153834 0)
(0.00914979 -0.196363 0)
(-0.00328988 -0.239149 0)
(-0.0171019 -0.282742 0)
(-0.0325104 -0.328035 0)
(-0.0498269 -0.376406 0)
(-0.0694546 -0.429877 0)
(-0.09184 -0.491152 0)
(-0.117325 -0.563458 0)
(-0.14581 -0.649834 0)
(-0.17613 -0.751494 0)
(-0.205142 -0.864798 0)
(-0.226893 -0.977053 0)
(-0.232892 -1.06301 0)
(-0.214837 -1.08628 0)
(-0.169868 -1.01002 0)
(-0.106 -0.81603 0)
(-0.0434925 -0.521463 0)
(-0.00379563 -0.17526 0)
(0.000750713 0.0715539 0)
(0.0066118 0.197526 0)
(0.0150395 0.305216 0)
(0.0241839 0.393888 0)
(0.0326324 0.464199 0)
(0.0399412 0.51813 0)
(0.0462459 0.558306 0)
(0.0519674 0.587244 0)
(0.0575743 0.606872 0)
(0.063424 0.618406 0)
(0.0696971 0.622473 0)
(0.0763996 0.619357 0)
(0.0834022 0.609236 0)
(0.0904882 0.59236 0)
(0.0973994 0.569144 0)
(0.103873 0.540198 0)
(0.109671 0.506298 0)
(0.114594 0.468331 0)
(0.118496 0.427225 0)
(0.12128 0.383879 0)
(0.122895 0.339105 0)
(0.123329 0.293586 0)
(0.122591 0.247859 0)
(0.120705 0.20231 0)
(0.117695 0.15719 0)
(0.113582 0.11264 0)
(0.108376 0.0687146 0)
(0.102087 0.0254108 0)
(0.094707 -0.0173194 0)
(0.0861956 -0.0595272 0)
(0.0765169 -0.101301 0)
(0.0656437 -0.142755 0)
(0.0535234 -0.184066 0)
(0.0400795 -0.225528 0)
(0.0252008 -0.267637 0)
(0.00872227 -0.31121 0)
(-0.00959925 -0.357535 0)
(-0.0301061 -0.408551 0)
(-0.0532189 -0.466944 0)
(-0.0793549 -0.536127 0)
(-0.108685 -0.619758 0)
(-0.140615 -0.720423 0)
(-0.17288 -0.836842 0)
(-0.200406 -0.959267 0)
(-0.214833 -1.0643 0)
(-0.206428 -1.11344 0)
(-0.169431 -1.06183 0)
(-0.109189 -0.879473 0)
(-0.0460084 -0.574803 0)
(-0.00418021 -0.197638 0)
(0.000743531 0.0680201 0)
(0.00700437 0.189765 0)
(0.016467 0.295576 0)
(0.0272961 0.384029 0)
(0.0379743 0.455031 0)
(0.0478978 0.509901 0)
(0.0570407 0.550812 0)
(0.0656989 0.580084 0)
(0.0742643 0.599656 0)
(0.0830547 0.610877 0)
(0.0922289 0.614546 0)
(0.101775 0.611105 0)
(0.111541 0.600847 0)
(0.121284 0.584087 0)
(0.130715 0.561263 0)
(0.139546 0.532972 0)
(0.147515 0.499954 0)
(0.154407 0.463046 0)
(0.160066 0.423122 0)
(0.164393 0.381029 0)
(0.167336 0.337536 0)
(0.168887 0.293295 0)
(0.169062 0.248824 0)
(0.167888 0.204504 0)
(0.165397 0.160587 0)
(0.161612 0.117222 0)
(0.156547 0.0744749 0)
(0.150207 0.0323551 0)
(0.142591 -0.00917349 0)
(0.133662 -0.0501564 0)
(0.123378 -0.0906711 0)
(0.111719 -0.130825 0)
(0.0986461 -0.170781 0)
(0.0841055 -0.21081 0)
(0.0680226 -0.25137 0)
(0.0502832 -0.293221 0)
(0.0307125 -0.337575 0)
(0.00904979 -0.386272 0)
(-0.0150631 -0.441923 0)
(-0.042053 -0.508009 0)
(-0.0722531 -0.588563 0)
(-0.105507 -0.687221 0)
(-0.140356 -0.804817 0)
(-0.172759 -0.934787 0)
(-0.194936 -1.05667 0)
(-0.196209 -1.13153 0)
(-0.16795 -1.10738 0)
(-0.112215 -0.941173 0)
(-0.0486769 -0.629629 0)
(-0.00459443 -0.221425 0)
(0.000709825 0.0643691 0)
(0.00711892 0.181431 0)
(0.0172242 0.284773 0)
(0.0293005 0.372407 0)
(0.041814 0.443599 0)
(0.0540473 0.499056 0)
(0.0658235 0.540498 0)
(0.0773011 0.570011 0)
(0.0887726 0.589504 0)
(0.100495 0.600426 0)
(0.112592 0.603734 0)
(0.125028 0.600025 0)
(0.137629 0.58971 0)
(0.150127 0.573174 0)
(0.162206 0.550876 0)
(0.173551 0.5234 0)
(0.183874 0.491445 0)
(0.192943 0.455793 0)
(0.200583 0.417258 0)
(0.206685 0.37663 0)
(0.211191 0.334632 0)
(0.214088 0.291882 0)
(0.215391 0.248878 0)
(0.21513 0.205992 0)
(0.213336 0.163482 0)
(0.210036 0.121503 0)
(0.205244 0.0801354 0)
(0.198962 0.0393997 0)
(0.191192 -0.000726254 0)
(0.181902 -0.0402865 0)
(0.171049 -0.0793468 0)
(0.158615 -0.118012 0)
(0.144573 -0.156442 0)
(0.12889 -0.194897 0)
(0.111522 -0.233809 0)
(0.0924038 -0.273898 0)
(0.0714245 -0.316304 0)
(0.0483973 -0.362778 0)
(0.0230401 -0.415853 0)
(-0.00502452 -0.478949 0)
(-0.0362017 -0.556302 0)
(-0.0706454 -0.652269 0)
(-0.10759 -0.769438 0)
(-0.144073 -0.9044 0)
(-0.173276 -1.04051 0)
(-0.184157 -1.14018 0)
(-0.165405 -1.14583 0)
(-0.115168 -1.00049 0)
(-0.051624 -0.685879 0)
(-0.00505772 -0.246747 0)
(0.000648719 0.0607456 0)
(0.00693177 0.172872 0)
(0.0172396 0.273255 0)
(0.030058 0.359475 0)
(0.0439371 0.430289 0)
(0.0581048 0.485882 0)
(0.0722553 0.527547 0)
(0.0864021 0.557122 0)
(0.100715 0.576447 0)
(0.115366 0.58704 0)
(0.130423 0.589993 0)
(0.145815 0.586048 0)
(0.161342 0.575731 0)
(0.176709 0.559498 0)
(0.191577 0.537834 0)
(0.205602 0.511306 0)
(0.218471 0.480571 0)
(0.229927 0.446352 0)
(0.239776 0.409399 0)
(0.247889 0.370443 0)
(0.254197 0.330156 0)
(0.258675 0.289118 0)
(0.261332 0.247805 0)
(0.262193 0.206579 0)
(0.261287 0.1657 0)
(0.258641 0.125332 0)
(0.254269 0.0855663 0)
(0.248174 0.0464375 0)
(0.240355 0.0079366 0)
(0.230789 -0.0299797 0)
(0.219435 -0.0673681 0)
(0.206275 -0.104335 0)
(0.191294 -0.141042 0)
(0.174477 -0.177749 0)
(0.15581 -0.214881 0)
(0.135269 -0.253127 0)
(0.112802 -0.293578 0)
(0.0882967 -0.337898 0)
(0.0615434 -0.388514 0)
(0.0322221 -0.448777 0)
(-7.20738e-05 -0.522941 0)
(-0.0356796 -0.615797 0)
(-0.0743867 -0.731273 0)
(-0.114273 -0.868848 0)
(-0.149767 -1.01624 0)
(-0.170092 -1.13908 0)
(-0.161641 -1.17624 0)
(-0.118088 -1.0567 0)
(-0.0550036 -0.743519 0)
(-0.0056009 -0.273808 0)
(0.00055719 0.0573074 0)
(0.0064065 0.164474 0)
(0.0164206 0.261529 0)
(0.0294061 0.345756 0)
(0.0441088 0.415562 0)
(0.0597704 0.470726 0)
(0.0759854 0.512185 0)
(0.0926206 0.541533 0)
(0.109701 0.56052 0)
(0.127283 0.570697 0)
(0.145354 0.573263 0)
(0.163789 0.569085 0)
(0.182353 0.558798 0)
(0.200721 0.542926 0)
(0.218527 0.521978 0)
(0.235402 0.496507 0)
(0.251006 0.467128 0)
(0.265057 0.434503 0)
(0.277334 0.399315 0)
(0.287689 0.362232 0)
(0.296032 0.32387 0)
(0.302324 0.284771 0)
(0.306559 0.245384 0)
(0.308755 0.206059 0)
(0.308937 0.167054 0)
(0.307127 0.12854 0)
(0.303341 0.0906204 0)
(0.29758 0.0533407 0)
(0.289844 0.0167039 0)
(0.280117 -0.0193294 0)
(0.268369 -0.0548133 0)
(0.254579 -0.0898571 0)
(0.238747 -0.124631 0)
(0.220875 -0.159401 0)
(0.200974 -0.194595 0)
(0.179057 -0.230891 0)
(0.155124 -0.269342 0)
(0.129127 -0.311537 0)
(0.100929 -0.359796 0)
(0.0702685 -0.417348 0)
(0.0367527 -0.488402 0)
(-5.21162e-05 -0.577926 0)
(-0.0403236 -0.690752 0)
(-0.0830678 -0.828806 0)
(-0.124134 -0.984352 0)
(-0.15365 -1.12794 0)
(-0.156326 -1.19757 0)
(-0.120918 -1.10884 0)
(-0.0589971 -0.802503 0)
(-0.00627274 -0.302908 0)
(0.000427761 0.0542353 0)
(0.00548007 0.156676 0)
(0.0146306 0.250173 0)
(0.0271334 0.331848 0)
(0.0420514 0.399941 0)
(0.0587126 0.453993 0)
(0.0766441 0.494674 0)
(0.0955654 0.52338 0)
(0.115335 0.541759 0)
(0.13586 0.551362 0)
(0.157018 0.553462 0)
(0.178607 0.549027 0)
(0.200338 0.538782 0)
(0.221851 0.523311 0)
(0.242752 0.503147 0)
(0.262646 0.478828 0)
(0.281166 0.450924 0)
(0.298005 0.420038 0)
(0.312917 0.386786 0)
(0.325728 0.351768 0)
(0.336326 0.315546 0)
(0.34465 0.278616 0)
(0.350682 0.241397 0)
(0.354425 0.204224 0)
(0.355897 0.167349 0)
(0.355115 0.130948 0)
(0.352095 0.0951317 0)
(0.34684 0.0599568 0)
(0.339351 0.0254351 0)
(0.329622 -0.00846691 0)
(0.317633 -0.0418081 0)
(0.303371 -0.0747004 0)
(0.286847 -0.107326 0)
(0.268083 -0.139965 0)
(0.247112 -0.173058 0)
(0.22398 -0.20728 0)
(0.198725 -0.243658 0)
(0.171352 -0.283721 0)
(0.141784 -0.32968 0)
(0.109811 -0.384621 0)
(0.0750609 -0.452625 0)
(0.0370301 -0.5387 0)
(-0.00471332 -0.648179 0)
(-0.0499185 -0.784857 0)
(-0.0958872 -0.945351 0)
(-0.134248 -1.10649 0)
(-0.148887 -1.20858 0)
(-0.123446 -1.15569 0)
(-0.0638058 -0.862695 0)
(-0.00715065 -0.334481 0)
(0.000244327 0.0517532 0)
(0.00403985 0.149997 0)
(0.0116533 0.239846 0)
(0.0229393 0.318416 0)
(0.0374102 0.384007 0)
(0.0545458 0.43612 0)
(0.073831 0.475302 0)
(0.0948337 0.502807 0)
(0.117221 0.520191 0)
(0.14072 0.528983 0)
(0.165061 0.530489 0)
(0.189935 0.525743 0)
(0.214983 0.515536 0)
(0.2398 0.500499 0)
(0.263956 0.481179 0)
(0.287031 0.458095 0)
(0.308637 0.431777 0)
(0.328438 0.402766 0)
(0.346167 0.371611 0)
(0.361623 0.338846 0)
(0.374671 0.304972 0)
(0.38523 0.270439 0)
(0.393261 0.235633 0)
(0.398754 0.200867 0)
(0.401718 0.166384 0)
(0.402166 0.132361 0)
(0.400112 0.0989126 0)
(0.395564 0.0661026 0)
(0.388527 0.0339491 0)
(0.379006 0.00242461 0)
(0.366998 -0.0285406 0)
(0.352501 -0.0590617 0)
(0.33554 -0.0893349 0)
(0.316157 -0.11966 0)
(0.294406 -0.150492 0)
(0.270356 -0.182511 0)
(0.244073 -0.216727 0)
(0.215594 -0.254615 0)
(0.184879 -0.298282 0)
(0.151756 -0.350652 0)
(0.115863 -0.415632 0)
(0.0766402 -0.498131 0)
(0.0334552 -0.603738 0)
(-0.0139731 -0.737471 0)
(-0.0642762 -0.899751 0)
(-0.111047 -1.07453 0)
(-0.138453 -1.20784 0)
(-0.125219 -1.19555 0)
(-0.0696296 -0.923747 0)
(-0.00835689 -0.369116 0)
(-2.54892e-05 0.0501645 0)
(0.00188575 0.145089 0)
(0.00713742 0.23132 0)
(0.0163787 0.306194 0)
(0.0297084 0.368369 0)
(0.0468012 0.417557 0)
(0.0671025 0.454348 0)
(0.0900123 0.479944 0)
(0.114978 0.495829 0)
(0.141509 0.503486 0)
(0.169153 0.504218 0)
(0.197468 0.499081 0)
(0.226002 0.4889 0)
(0.254288 0.474328 0)
(0.281861 0.455912 0)
(0.308272 0.434151 0)
(0.333112 0.409527 0)
(0.356027 0.382523 0)
(0.376726 0.35362 0)
(0.394986 0.323286 0)
(0.410652 0.291963 0)
(0.42362 0.26005 0)
(0.433835 0.227895 0)
(0.441274 0.195787 0)
(0.445934 0.163956 0)
(0.447827 0.132571 0)
(0.446966 0.101748 0)
(0.443369 0.0715543 0)
(0.437047 0.0420102 0)
(0.428021 0.0130903 0)
(0.416307 -0.0152844 0)
(0.401922 -0.0432386 0)
(0.384907 -0.0709826 0)
(0.365321 -0.0988349 0)
(0.343236 -0.127265 0)
(0.318733 -0.156961 0)
(0.29189 -0.188916 0)
(0.262751 -0.224552 0)
(0.231287 -0.265872 0)
(0.197329 -0.315634 0)
(0.160508 -0.377526 0)
(0.120205 -0.456271 0)
(0.0756061 -0.557493 0)
(0.0260273 -0.686975 0)
(-0.0282185 -0.848029 0)
(-0.0829111 -1.03189 0)
(-0.123769 -1.19373 0)
(-0.125432 -1.22611 0)
(-0.0766151 -0.9849 0)
(-0.0100828 -0.407564 0)
(-0.000444176 0.0499187 0)
(-0.00133006 0.142803 0)
(0.000519184 0.225509 0)
(0.00679024 0.295972 0)
(0.0182962 0.353628 0)
(0.0348984 0.39871 0)
(0.0559646 0.432043 0)
(0.0806864 0.454875 0)
(0.108252 0.468642 0)
(0.13792 0.474765 0)
(0.169023 0.474498 0)
(0.200957 0.468872 0)
(0.233156 0.458702 0)
(0.265084 0.444633 0)
(0.296229 0.427194 0)
(0.326119 0.406849 0)
(0.354324 0.384033 0)
(0.380476 0.359169 0)
(0.404269 0.33267 0)
(0.425464 0.30494 0)
(0.443887 0.27636 0)
(0.45942 0.247277 0)
(0.471993 0.217999 0)
(0.481571 0.188786 0)
(0.488146 0.159847 0)
(0.49173 0.131341 0)
(0.492341 0.10338 0)
(0.490006 0.0760275 0)
(0.484755 0.0493025 0)
(0.476621 0.0231775 0)
(0.465648 -0.0024319 0)
(0.451874 -0.0276659 0)
(0.435353 -0.0527459 0)
(0.41616 -0.0780052 0)
(0.394375 -0.103924 0)
(0.37008 -0.131191 0)
(0.34334 -0.160777 0)
(0.314183 -0.194048 0)
(0.282549 -0.232896 0)
(0.248239 -0.279904 0)
(0.210835 -0.338521 0)
(0.169642 -0.413207 0)
(0.123679 -0.509463 0)
(0.0718891 -0.633497 0)
(0.013825 -0.790577 0)
(-0.0483406 -0.978548 0)
(-0.103117 -1.16449 0)
(-0.122741 -1.24434 0)
(-0.084735 -1.04474 0)
(-0.0126264 -0.450754 0)
(-0.00113018 0.0517284 0)
(-0.00619691 0.144316 0)
(-0.00907564 0.223509 0)
(-0.00677422 0.288568 0)
(0.00231469 0.340312 0)
(0.018143 0.37987 0)
(0.0398949 0.408503 0)
(0.0664786 0.427589 0)
(0.0967748 0.438535 0)
(0.129754 0.442669 0)
(0.164513 0.441149 0)
(0.200266 0.434928 0)
(0.23632 0.424762 0)
(0.27206 0.411251 0)
(0.306928 0.394879 0)
(0.340424 0.376063 0)
(0.37211 0.355181 0)
(0.401606 0.332593 0)
(0.4286 0.308649 0)
(0.452846 0.283686 0)
(0.474161 0.258025 0)
(0.492417 0.231962 0)
(0.507537 0.20576 0)
(0.519482 0.179646 0)
(0.528244 0.153806 0)
(0.533839 0.128382 0)
(0.536297 0.103473 0)
(0.535659 0.0791372 0)
(0.531973 0.0553876 0)
(0.525295 0.0321912 0)
(0.515688 0.00946056 0)
(0.503219 -0.0129589 0)
(0.487948 -0.0352953 0)
(0.469954 -0.0578887 0)
(0.449314 -0.0812208 0)
(0.426092 -0.105966 0)
(0.400317 -0.133064 0)
(0.371967 -0.163808 0)
(0.340915 -0.199972 0)
(0.306884 -0.243951 0)
(0.269364 -0.298935 0)
(0.227545 -0.369073 0)
(0.180271 -0.459617 0)
(0.126144 -0.576906 0)
(0.0640383 -0.727597 0)
(-0.00536855 -0.914508 0)
(-0.0742406 -1.11829 0)
(-0.115055 -1.24634 0)
(-0.0935471 -1.10092 0)
(-0.0164604 -0.499939 0)
(-0.00230223 0.0567655 0)
(-0.0136738 0.151269 0)
(-0.0229331 0.226606 0)
(-0.0255728 0.284748 0)
(-0.0192559 0.328772 0)
(-0.00418075 0.361114 0)
(0.0184676 0.383644 0)
(0.0471928 0.397921 0)
(0.080512 0.405303 0)
(0.117085 0.40698 0)
(0.155757 0.403956 0)
(0.195558 0.397048 0)
(0.23567 0.386901 0)
(0.275398 0.374025 0)
(0.31414 0.358834 0)
(0.351379 0.341676 0)
(0.386667 0.322863 0)
(0.41963 0.302692 0)
(0.449957 0.281444 0)
(0.477406 0.259394 0)
(0.501794 0.236802 0)
(0.522997 0.213912 0)
(0.540938 0.190942 0)
(0.555583 0.168082 0)
(0.566932 0.145488 0)
(0.57501 0.123283 0)
(0.57986 0.10155 0)
(0.581543 0.0803359 0)
(0.580125 0.0596448 0)
(0.575683 0.0394378 0)
(0.568295 0.0196241 0)
(0.558043 4.83379e-05 0)
(0.544996 -0.0195215 0)
(0.529215 -0.0394189 0)
(0.510757 -0.0601124 0)
(0.489645 -0.082247 0)
(0.465849 -0.106708 0)
(0.439265 -0.134702 0)
(0.409664 -0.167862 0)
(0.376643 -0.208382 0)
(0.339552 -0.259171 0)
(0.297415 -0.324034 0)
(0.248871 -0.40788 0)
(0.192194 -0.516939 0)
(0.125616 -0.658736 0)
(0.0486432 -0.839822 0)
(-0.0343031 -1.05339 0)
(-0.0993239 -1.22719 0)
(-0.101819 -1.14941 0)
(-0.0223365 -0.556662 0)
(-0.00435795 0.0669791 0)
(-0.0252373 0.165935 0)
(-0.0427544 0.236208 0)
(-0.0509951 0.285047 0)
(-0.0472707 0.318986 0)
(-0.0323904 0.342147 0)
(-0.00818375 0.357074 0)
(0.0233182 0.36547 0)
(0.0602005 0.368582 0)
(0.100812 0.367381 0)
(0.143762 0.36265 0)
(0.187913 0.355002 0)
(0.232337 0.344919 0)
(0.276276 0.332783 0)
(0.319098 0.318903 0)
(0.360278 0.303542 0)
(0.399373 0.286936 0)
(0.436021 0.26931 0)
(0.469928 0.250878 0)
(0.500865 0.231852 0)
(0.528664 0.212435 0)
(0.553211 0.192815 0)
(0.574441 0.173167 0)
(0.59233 0.153641 0)
(0.60689 0.134364 0)
(0.618159 0.115433 0)
(0.626193 0.0969152 0)
(0.631066 0.0788429 0)
(0.63286 0.0612138 0)
(0.631659 0.0439843 0)
(0.62755 0.0270641 0)
(0.620608 0.0103055 0)
(0.61091 -0.00651345 0)
(0.598475 -0.0237046 0)
(0.58332 -0.0417067 0)
(0.565409 -0.0611162 0)
(0.544634 -0.0827418 0)
(0.520782 -0.107677 0)
(0.493492 -0.137392 0)
(0.462203 -0.173852 0)
(0.426076 -0.219664 0)
(0.383921 -0.278257 0)
(0.334118 -0.354123 0)
(0.274601 -0.4532 0)
(0.203008 -0.583391 0)
(0.117625 -0.754138 0)
(0.020356 -0.968361 0)
(-0.0711714 -1.18086 0)
(-0.106872 -1.18319 0)
(-0.0312076 -0.621137 0)
(-0.00798166 0.085533 0)
(-0.042941 0.191252 0)
(-0.0702775 0.253505 0)
(-0.0837256 0.289366 0)
(-0.0812598 0.310228 0)
(-0.0650245 0.322046 0)
(-0.0378175 0.3279 0)
(-0.00232697 0.329473 0)
(0.0390914 0.327751 0)
(0.084497 0.32338 0)
(0.132323 0.316834 0)
(0.18131 0.308461 0)
(0.230467 0.298531 0)
(0.279001 0.287259 0)
(0.326278 0.274827 0)
(0.37178 0.261394 0)
(0.415087 0.247111 0)
(0.455861 0.232125 0)
(0.493833 0.216586 0)
(0.528798 0.200641 0)
(0.560608 0.184437 0)
(0.589167 0.168112 0)
(0.614425 0.151796 0)
(0.636368 0.135603 0)
(0.655018 0.119629 0)
(0.670418 0.103947 0)
(0.682633 0.0886074 0)
(0.691738 0.0736322 0)
(0.697815 0.0590137 0)
(0.700946 0.0447092 0)
(0.701205 0.030635 0)
(0.698655 0.0166574 0)
(0.693337 0.00258073 0)
(0.68526 -0.0118737 0)
(0.674367 -0.0270936 0)
(0.660554 -0.043607 0)
(0.643623 -0.0621234 0)
(0.623244 -0.0835959 0)
(0.598913 -0.109302 0)
(0.569888 -0.140946 0)
(0.535115 -0.180796 0)
(0.493145 -0.231864 0)
(0.44205 -0.29817 0)
(0.379378 -0.385213 0)
(0.30219 -0.500853 0)
(0.207595 -0.656354 0)
(0.0949789 -0.862849 0)
(-0.0239734 -1.10097 0)
(-0.103063 -1.19179 0)
(-0.0434068 -0.690339 0)
(-0.0141406 0.117368 0)
(-0.0689544 0.230357 0)
(-0.105635 0.27841 0)
(-0.12098 0.295936 0)
(-0.115863 0.300259 0)
(-0.0947259 0.298676 0)
(-0.0615716 0.294302 0)
(-0.0197618 0.288459 0)
(0.0279938 0.281658 0)
(0.079571 0.274079 0)
(0.133346 0.26579 0)
(0.188037 0.25682 0)
(0.242661 0.247193 0)
(0.296454 0.236937 0)
(0.348814 0.226088 0)
(0.399261 0.214694 0)
(0.447415 0.202815 0)
(0.492972 0.190523 0)
(0.535696 0.177899 0)
(0.57541 0.165035 0)
(0.611987 0.152022 0)
(0.645345 0.138956 0)
(0.675444 0.125925 0)
(0.702275 0.113009 0)
(0.725858 0.100278 0)
(0.746234 0.0877847 0)
(0.763461 0.0755649 0)
(0.777604 0.0636339 0)
(0.788733 0.0519827 0)
(0.796913 0.0405742 0)
(0.8022 0.0293376 0)
(0.804629 0.0181604 0)
(0.804208 0.00687898 0)
(0.800914 -0.00473831 0)
(0.794643 -0.0170129 0)
(0.785224 -0.030384 0)
(0.772375 -0.04544 0)
(0.75566 -0.0629666 0)
(0.73444 -0.0840147 0)
(0.707803 -0.109989 0)
(0.674479 -0.142769 0)
(0.632742 -0.184889 0)
(0.580317 -0.239818 0)
(0.514296 -0.312486 0)
(0.431119 -0.410377 0)
(0.326785 -0.545604 0)
(0.198003 -0.735681 0)
(0.0519276 -0.983575 0)
(-0.0796973 -1.16326 0)
(-0.0574815 -0.764191 0)
(-0.0237903 0.170758 0)
(-0.103182 0.284737 0)
(-0.141713 0.306332 0)
(-0.148203 0.298544 0)
(-0.130859 0.283272 0)
(-0.0972433 0.267166 0)
(-0.0523495 0.252406 0)
(0.000101566 0.239455 0)
(0.0573234 0.228053 0)
(0.117318 0.217757 0)
(0.178631 0.208168 0)
(0.240155 0.198981 0)
(0.301057 0.189973 0)
(0.360699 0.180983 0)
(0.418581 0.17191 0)
(0.474309 0.162694 0)
(0.52757 0.153312 0)
(0.578117 0.143766 0)
(0.625754 0.134079 0)
(0.670335 0.124292 0)
(0.711754 0.114453 0)
(0.74994 0.104616 0)
(0.784858 0.0948372 0)
(0.816497 0.0851693 0)
(0.844872 0.0756582 0)
(0.870015 0.066341 0)
(0.891971 0.0572425 0)
(0.910794 0.0483728 0)
(0.926538 0.0397244 0)
(0.939256 0.0312684 0)
(0.948984 0.0229499 0)
(0.955744 0.014682 0)
(0.959521 0.00633752 0)
(0.960262 -0.00226256 0)
(0.957847 -0.0113637 0)
(0.952057 -0.0212994 0)
(0.942556 -0.0325163 0)
(0.928838 -0.0456096 0)
(0.910167 -0.0613729 0)
(0.885509 -0.0808681 0)
(0.853423 -0.105527 0)
(0.811947 -0.137316 0)
(0.758455 -0.179018 0)
(0.68952 -0.234788 0)
(0.600786 -0.311357 0)
(0.486962 -0.420717 0)
(0.342221 -0.584376 0)
(0.168829 -0.82621 0)
(-0.0219655 -1.08245 0)
(-0.0701776 -0.852499 0)
(-0.0380815 0.260327 0)
(-0.133758 0.346889 0)
(-0.145072 0.319216 0)
(-0.115089 0.280827 0)
(-0.0657714 0.246765 0)
(-0.00613258 0.218112 0)
(0.0596357 0.195301 0)
(0.128549 0.177531 0)
(0.198641 0.163475 0)
(0.268707 0.152013 0)
(0.337966 0.142339 0)
(0.405847 0.133879 0)
(0.47192 0.126212 0)
(0.535851 0.11904 0)
(0.597373 0.112158 0)
(0.656264 0.105431 0)
(0.712341 0.0987764 0)
(0.765453 0.0921477 0)
(0.815474 0.0855268 0)
(0.862309 0.0789156 0)
(0.905887 0.0723299 0)
(0.946161 0.0657942 0)
(0.983111 0.0593373 0)
(1.01674 0.0529888 0)
(1.04705 0.0467759 0)
(1.0741 0.0407208 0)
(1.09793 0.0348383 0)
(1.11858 0.0291337 0)
(1.13613 0.0236004 0)
(1.15062 0.0182175 0)
(1.16209 0.0129465 0)
(1.17058 0.00772665 0)
(1.17606 0.00246948 0)
(1.17849 -0.00294862 0)
(1.17774 -0.00869084 0)
(1.17358 -0.0149768 0)
(1.16568 -0.0221006 0)
(1.1535 -0.0304528 0)
(1.13629 -0.0405508 0)
(1.11299 -0.0530848 0)
(1.0821 -0.0689908 0)
(1.04156 -0.0895768 0)
(0.988535 -0.116765 0)
(0.919171 -0.153596 0)
(0.828176 -0.205382 0)
(0.708388 -0.282496 0)
(0.550393 -0.406752 0)
(0.348095 -0.617562 0)
(0.0878353 -0.9194 0)
(-0.0645777 -0.923746 0)
(-0.0421276 0.376232 0)
(-0.0820672 0.380154 0)
(0.01433 0.279131 0)
(0.129715 0.219097 0)
(0.235471 0.177048 0)
(0.332359 0.143855 0)
(0.422681 0.11911 0)
(0.506907 0.101428 0)
(0.585547 0.0885881 0)
(0.659374 0.0789123 0)
(0.729042 0.0713644 0)
(0.79498 0.0652669 0)
(0.857468 0.060144 0)
(0.916687 0.0556643 0)
(0.972747 0.0516043 0)
(1.0257 0.0478158 0)
(1.07556 0.0442025 0)
(1.12233 0.0407049 0)
(1.16599 0.0372894 0)
(1.20653 0.033941 0)
(1.24395 0.0306569 0)
(1.27825 0.0274424 0)
(1.30944 0.0243072 0)
(1.33757 0.0212629 0)
(1.36268 0.0183204 0)
(1.38482 0.0154884 0)
(1.40407 0.0127717 0)
(1.42052 0.0101702 0)
(1.43422 0.00767739 0)
(1.44526 0.00527898 0)
(1.45371 0.0029513 0)
(1.45959 0.000659386 0)
(1.46292 -0.00164538 0)
(1.46366 -0.00402718 0)
(1.4617 -0.00657196 0)
(1.45685 -0.00939227 0)
(1.4488 -0.0126363 0)
(1.43708 -0.0164976 0)
(1.42103 -0.0212285 0)
(1.39968 -0.0271619 0)
(1.3717 -0.0347486 0)
(1.33522 -0.0446265 0)
(1.28764 -0.0577656 0)
(1.22524 -0.0757917 0)
(1.14246 -0.101762 0)
(1.03057 -0.142184 0)
(0.874966 -0.212714 0)
(0.65327 -0.352173 0)
(0.319172 -0.620923 0)
(0.0717389 -0.799247 0)
(0.396976 0.211119 0)
(0.568608 0.208677 0)
(0.780309 0.130629 0)
(0.966611 0.0799668 0)
(1.09822 0.052948 0)
(1.19437 0.0366128 0)
(1.27081 0.025912 0)
(1.33403 0.0189549 0)
(1.38748 0.0144323 0)
(1.43384 0.0114085 0)
(1.47497 0.00931473 0)
(1.51206 0.00781261 0)
(1.54588 0.00668828 0)
(1.57692 0.00580353 0)
(1.60553 0.00507083 0)
(1.6319 0.00443562 0)
(1.65618 0.00386433 0)
(1.67846 0.00333679 0)
(1.6988 0.00284166 0)
(1.71725 0.0023732 0)
(1.73386 0.00192923 0)
(1.74866 0.00150959 0)
(1.76172 0.00111513 0)
(1.77308 0.000746954 0)
(1.78281 0.000405908 0)
(1.79097 9.21886e-05 0)
(1.79764 -0.000194913 0)
(1.80289 -0.000457222 0)
(1.80679 -0.00069786 0)
(1.80939 -0.000921447 0)
(1.81075 -0.00113442 0)
(1.8109 -0.00134516 0)
(1.80984 -0.00156391 0)
(1.80754 -0.00180364 0)
(1.80394 -0.00208092 0)
(1.79891 -0.00241669 0)
(1.79225 -0.0028376 0)
(1.78366 -0.00337723 0)
(1.77272 -0.00407799 0)
(1.75885 -0.00499455 0)
(1.74125 -0.00620023 0)
(1.71884 -0.00780022 0)
(1.69008 -0.00996101 0)
(1.65274 -0.0129788 0)
(1.60325 -0.0174487 0)
(1.53533 -0.0246806 0)
(1.43568 -0.03797 0)
(1.27354 -0.0671955 0)
(0.981866 -0.163807 0)
(0.771516 -0.304402 0)
)
;

boundaryField
{
    movingWall
    {
        type            fixedValue;
        value           uniform (2 0 0);
    }
    fixedWalls
    {
        type            fixedValue;
        value           uniform (0 0 0);
    }
    frontAndBack
    {
        type            empty;
    }
}


// ************************************************************************* //
