/*--------------------------------*- C++ -*----------------------------------*\
  =========                 |
  \\      /  F ield         | OpenFOAM: The Open Source CFD Toolbox
   \\    /   O peration     | Website:  https://openfoam.org
    \\  /    A nd           | Version:  7
     \\/     M anipulation  |
\*---------------------------------------------------------------------------*/
FoamFile
{
    version     2.0;
    format      ascii;
    class       surfaceScalarField;
    location    "1200";
    object      phi;
}
// * * * * * * * * * * * * * * * * * * * * * * * * * * * * * * * * * * * * * //

dimensions      [0 3 -1 0 0 0 0];

internalField   nonuniform List<scalar> 
4900
(
1.69998e-06
-1.70388e-06
6.2245e-06
-4.52451e-06
1.17171e-05
-5.4926e-06
1.65029e-05
-4.78586e-06
1.97502e-05
-3.24726e-06
2.13891e-05
-1.63893e-06
2.17674e-05
-3.78358e-07
2.12616e-05
5.05693e-07
2.0015e-05
1.24659e-06
1.78634e-05
2.15155e-06
1.44136e-05
3.44975e-06
9.17869e-06
5.23485e-06
1.66753e-06
7.5111e-06
-8.57191e-06
1.02394e-05
-2.18891e-05
1.33171e-05
-3.84467e-05
1.65576e-05
-5.81491e-05
1.97023e-05
-8.05605e-05
2.24113e-05
-0.000104842
2.42818e-05
-0.000129738
2.48952e-05
-0.000153619
2.3881e-05
-0.000174599
2.09801e-05
-0.000190696
1.60974e-05
-0.000200036
9.33975e-06
-0.000201097
1.06156e-06
-0.00019294
-8.15746e-06
-0.000175319
-1.76207e-05
-0.000148757
-2.65626e-05
-0.000114547
-3.42101e-05
-7.47152e-05
-3.98315e-05
-3.1914e-05
-4.28012e-05
1.07414e-05
-4.26554e-05
4.99942e-05
-3.92528e-05
8.29929e-05
-3.29987e-05
0.000107562
-2.45691e-05
0.000122437
-1.48752e-05
0.000127505
-5.0674e-06
0.000123846
3.65847e-06
0.000113459
1.03866e-05
9.87366e-05
1.47229e-05
8.20206e-05
1.6716e-05
6.5249e-05
1.67716e-05
4.97672e-05
1.54817e-05
3.63094e-05
1.34578e-05
2.51028e-05
1.12066e-05
1.60397e-05
9.06313e-06
8.89324e-06
7.14645e-06
3.59421e-06
5.29902e-06
5.05157e-07
3.08904e-06
5.05155e-07
4.475e-06
-6.1789e-06
1.38491e-05
-1.38986e-05
2.43111e-05
-1.59546e-05
3.28993e-05
-1.33741e-05
3.80014e-05
-8.3495e-06
3.92273e-05
-2.86489e-06
3.68587e-05
1.99015e-06
3.12023e-05
6.16192e-06
2.21501e-05
1.02987e-05
9.07383e-06
1.52276e-05
-9.02358e-06
2.1547e-05
-3.3243e-05
2.94541e-05
-6.44841e-05
3.87521e-05
-0.000103186
4.89415e-05
-0.00014912
5.92507e-05
-0.000201225
6.86622e-05
-0.000257553
7.60309e-05
-0.000315396
8.02537e-05
-0.000371554
8.04402e-05
-0.000422693
7.60342e-05
-0.000465675
6.68626e-05
-0.00049782
5.31254e-05
-0.000517075
3.53525e-05
-0.000522099
1.43637e-05
-0.000512348
-8.69015e-06
-0.000487912
-3.25929e-05
-0.000449429
-5.61038e-05
-0.000398104
-7.78883e-05
-0.000335765
-9.65487e-05
-0.000264886
-0.000110711
-0.000188557
-0.000119131
-0.000110353
-0.000120859
-3.41572e-05
-0.000115448
3.59572e-05
-0.000103113
9.63001e-05
-8.49119e-05
0.000144056
-6.2631e-05
0.000177302
-3.83131e-05
0.000195248
-1.42878e-05
0.000198489
7.14586e-06
0.000189122
2.40898e-05
0.000170295
3.55421e-05
0.000145601
4.14658e-05
0.000118448
4.26345e-05
9.16027e-05
4.03036e-05
6.69306e-05
3.58785e-05
4.54196e-05
3.05741e-05
2.74597e-05
2.51064e-05
1.33352e-05
1.94235e-05
3.75548e-06
1.26687e-05
4.26063e-06
5.98756e-06
-1.21665e-05
1.73374e-05
-2.52485e-05
2.88014e-05
-2.74187e-05
3.68213e-05
-2.13941e-05
3.95356e-05
-1.10639e-05
3.63555e-05
3.15106e-07
2.72179e-05
1.11276e-05
1.19155e-05
2.14642e-05
-1.03167e-05
3.25308e-05
-4.07559e-05
4.56667e-05
-8.07616e-05
6.15526e-05
-0.000131257
7.99494e-05
-0.000192307
9.98021e-05
-0.000262807
0.000119442
-0.000340412
0.000136855
-0.000421763
0.000150013
-0.000502944
0.000157212
-0.000580002
0.000157312
-0.000649392
0.00014983
-0.000708252
0.000134894
-0.000754496
0.000113107
-0.000786769
8.53978e-05
-0.000804308
5.2892e-05
-0.000806764
1.68198e-05
-0.000793999
-2.14557e-05
-0.000766026
-6.05661e-05
-0.00072316
-9.89689e-05
-0.00066614
-0.000134909
-0.000596198
-0.000166491
-0.000515176
-0.000191733
-0.0004256
-0.000208707
-0.000330672
-0.000215787
-0.000234173
-0.000211947
-0.000140236
-0.000197051
-5.30919e-05
-0.000172056
2.3293e-05
-0.000139016
8.59476e-05
-0.000100968
0.000133081
-6.14211e-05
0.000163726
-2.34992e-05
0.000178026
9.78992e-06
0.000177518
3.60495e-05
0.000165006
5.39777e-05
0.000144038
6.36028e-05
0.000118295
6.60464e-05
9.10386e-05
6.31353e-05
6.47419e-05
5.68708e-05
4.10643e-05
4.87839e-05
2.12074e-05
3.92804e-05
6.60705e-06
2.7269e-05
1.08677e-05
6.5087e-06
-1.86753e-05
1.75966e-05
-3.63365e-05
2.6951e-05
-3.67732e-05
3.0757e-05
-2.52002e-05
2.72087e-05
-7.51567e-06
1.56128e-05
1.19109e-05
-4.56612e-06
3.13065e-05
-3.43423e-05
5.12402e-05
-7.52386e-05
7.34271e-05
-0.000128732
9.91599e-05
-0.000195552
0.000128373
-0.000275119
0.000159516
-0.000365306
0.000189989
-0.000462625
0.000216761
-0.000562763
0.000236993
-0.000661271
0.000248521
-0.000754174
0.000250114
-0.000838331
0.00024147
-0.000911536
0.000223035
-0.000972382
0.00019574
-0.00102004
0.000160764
-0.00105402
0.000119379
-0.00107398
7.28519e-05
-0.00107959
2.24303e-05
-0.00107046
-3.05899e-05
-0.00104628
-8.47418e-05
-0.00100692
-0.000138331
-0.00095243
-0.000189398
-0.000883218
-0.000235703
-0.000800224
-0.000274727
-0.000705088
-0.000303842
-0.000600294
-0.000320581
-0.000489252
-0.000322989
-0.000376239
-0.000310064
-0.000266095
-0.0002822
-0.000163671
-0.00024144
-7.32808e-05
-0.000191358
1.80185e-06
-0.000136504
6.0002e-05
-8.16994e-05
0.000101016
-3.12245e-05
0.0001251
1.19655e-05
0.000133545
4.55335e-05
0.000128855
6.82927e-05
0.000114327
8.05744e-05
9.35433e-05
8.39185e-05
6.98671e-05
8.0547e-05
4.61143e-05
7.25367e-05
2.46354e-05
6.07593e-05
7.92801e-06
4.39764e-05
1.87957e-05
6.20531e-06
-2.48806e-05
1.48954e-05
-4.50267e-05
1.92057e-05
-4.10836e-05
1.54753e-05
-2.14699e-05
2.15746e-06
5.80205e-06
-2.16319e-05
3.57002e-05
-5.70697e-05
6.67442e-05
-0.000105882
0.000100053
-0.000169694
0.000137238
-0.000249066
0.000178532
-0.000342815
0.000222122
-0.000447923
0.000264624
-0.000560008
0.000302074
-0.000674127
0.00033088
-0.000785605
0.00034847
-0.000890621
0.000353537
-0.000986445
0.000345939
-0.00107136
0.000326389
-0.00114442
0.000296091
-0.00120512
0.000256443
-0.00125323
0.000208872
-0.0012886
0.000154749
-0.00131109
9.53387e-05
-0.00132051
3.18552e-05
-0.00131662
-3.44843e-05
-0.00129906
-0.000102302
-0.00126733
-0.000170056
-0.00122086
-0.000235874
-0.00115911
-0.000297448
-0.00108183
-0.000352008
-0.000989244
-0.000396431
-0.000882431
-0.000427394
-0.000763697
-0.000441724
-0.000636756
-0.000437005
-0.000506667
-0.000412288
-0.00037945
-0.000368657
-0.000261307
-0.000309501
-0.000157543
-0.000240267
-7.16844e-05
-0.000167558
-5.16832e-06
-9.77406e-05
4.25469e-05
-3.57498e-05
7.2706e-05
1.53743e-05
8.69125e-05
5.40863e-05
8.7694e-05
7.97928e-05
7.82594e-05
9.3353e-05
6.21208e-05
9.66856e-05
4.27387e-05
9.19187e-05
2.34075e-05
8.00905e-05
7.60297e-06
5.97809e-05
2.63987e-05
4.89845e-06
-2.97791e-05
8.88069e-06
-4.90091e-05
5.29018e-06
-3.74932e-05
-8.92301e-06
-7.25683e-06
-3.51033e-05
3.19823e-05
-7.44135e-05
7.50103e-05
-0.000128572
0.000120903
-0.000199327
0.000170808
-0.000287237
0.000225148
-0.000390778
0.000282073
-0.000506303
0.000337647
-0.000628751
0.000387072
-0.000752673
0.000425996
-0.000873162
0.000451369
-0.000986414
0.000461723
-0.00108987
0.000456993
-0.00118205
0.000438114
-0.00126224
0.000406579
-0.00133024
0.000364095
-0.00138619
0.000312388
-0.00143041
0.000253093
-0.00146331
0.000187657
-0.00148531
0.000117333
-0.00149672
4.32678e-05
-0.00149768
-3.35284e-05
-0.00148792
-0.000112059
-0.0014668
-0.000191177
-0.00143329
-0.000269384
-0.00138603
-0.000344703
-0.00132345
-0.00041459
-0.00124406
-0.00047582
-0.00114698
-0.000524473
-0.00103245
-0.000556259
-0.000902319
-0.000567133
-0.000760541
-0.000554067
-0.000613242
-0.000515956
-0.000468223
-0.00045452
-0.00033374
-0.00037475
-0.000216851
-0.000284447
-0.000121862
-0.00019273
-4.97324e-05
-0.00010788
1.17358e-06
-3.55317e-05
3.34581e-05
2.18018e-05
4.96725e-05
6.35783e-05
5.2776e-05
9.02496e-05
4.61825e-05
0.000103279
3.3595e-05
0.000104506
1.88741e-05
9.48114e-05
6.1142e-06
7.25407e-05
3.25128e-05
2.27485e-06
-3.2054e-05
-9.13423e-07
-4.5821e-05
-1.50033e-05
-2.34035e-05
-4.21871e-05
1.99268e-05
-8.36478e-05
7.34429e-05
-0.00014082
0.000132182
-0.000215403
0.000195486
-0.000308076
0.000263481
-0.000417302
0.000334374
-0.000539138
0.000403908
-0.000668036
0.000466545
-0.000798062
0.000517098
-0.000923947
0.000551881
-0.00104167
0.000569093
-0.00114858
0.000568629
-0.00124319
0.000551605
-0.00132493
0.000519853
-0.00139387
0.000475521
-0.00145058
0.000420804
-0.00149598
0.000357786
-0.00153118
0.000288297
-0.00155734
0.000213813
-0.00157551
0.000135504
-0.00158655
5.43037e-05
-0.00159091
-2.91602e-05
-0.00158858
-0.000114389
-0.00157904
-0.000200718
-0.00156116
-0.000287268
-0.00153308
-0.000372778
-0.00149233
-0.000455341
-0.00143605
-0.000532103
-0.00136135
-0.000599171
-0.00126585
-0.000651761
-0.00114847
-0.000684516
-0.0010104
-0.000692134
-0.000855852
-0.000670506
-0.000692232
-0.00061814
-0.000529572
-0.00053741
-0.000378885
-0.000435134
-0.00024966
-0.000321955
-0.000147374
-0.000210166
-7.24852e-05
-0.00011042
-2.16901e-05
-2.89933e-05
9.33341e-06
3.25548e-05
2.44435e-05
7.51395e-05
2.74238e-05
0.000100299
2.22318e-05
0.000109698
1.30474e-05
0.000103996
4.21326e-06
8.13748e-05
3.67261e-05
-1.91657e-06
-3.01375e-05
-1.46519e-05
-3.30858e-05
-4.1321e-05
3.26559e-06
-8.32152e-05
6.18209e-05
-0.000141346
0.000131574
-0.000217113
0.000207948
-0.000311297
0.00028967
-0.000422618
0.000374801
-0.000547183
0.000458939
-0.000679188
0.000535913
-0.000812246
0.000599603
-0.000940594
0.000645447
-0.00105979
0.000671074
-0.00116686
0.000676169
-0.0012602
0.000661961
-0.00133925
0.000630657
-0.00140435
0.000584954
-0.0014565
0.000527675
-0.00149721
0.00046151
-0.00152824
0.000388815
-0.0015514
0.000311459
-0.0015684
0.000230809
-0.0015807
0.00014781
-0.00158941
6.30123e-05
-0.00159521
-2.33631e-05
-0.00159837
-0.000111225
-0.00159869
-0.0002004
-0.00159524
-0.000290718
-0.0015863
-0.000381716
-0.00156934
-0.000472303
-0.00154095
-0.000560493
-0.00149691
-0.000643209
-0.00143261
-0.000716062
-0.0013439
-0.000773224
-0.00122823
-0.000807808
-0.00108586
-0.000812875
-0.000921064
-0.000782934
-0.000742701
-0.000715773
-0.000563533
-0.000614302
-0.000397937
-0.000487551
-0.0002583
-0.000349802
-0.00015139
-0.00021733
-7.68512e-05
-0.000103532
-2.92195e-05
-1.5077e-05
-2.06635e-06
4.79863e-05
9.9788e-06
8.82534e-05
1.17334e-05
0.000107944
7.79301e-06
0.000107936
2.60142e-06
8.65664e-05
3.93275e-05
-7.74356e-06
-2.2394e-05
-3.1896e-05
-8.93346e-06
-7.24932e-05
4.38627e-05
-0.000129793
0.000119121
-0.000204618
0.000206399
-0.000297698
0.000301028
-0.000408141
0.000400113
-0.000532439
0.0004991
-0.00066482
0.00059132
-0.000798551
0.000669644
-0.000927319
0.000728371
-0.00104611
0.000764236
-0.0011515
0.000776464
-0.0012416
0.000766272
-0.00131586
0.000736222
-0.00137483
0.000689631
-0.00141995
0.000630069
-0.00145324
0.000560963
-0.00147703
0.000485299
-0.00149364
0.000405428
-0.00150519
0.00032301
-0.00151349
0.000239105
-0.00151995
0.000154276
-0.00152561
6.86715e-05
-0.00153119
-1.77817e-05
-0.00153715
-0.000105266
-0.00154354
-0.000194014
-0.00154992
-0.000284334
-0.00155531
-0.00037633
-0.00155789
-0.000469722
-0.00155471
-0.000563674
-0.00154147
-0.000656445
-0.0015127
-0.000744833
-0.00146216
-0.00082376
-0.00138376
-0.000886211
-0.00127301
-0.000923624
-0.00112899
-0.000926953
-0.000956082
-0.000888684
-0.000764804
-0.00080558
-0.000571033
-0.000681322
-0.000392983
-0.000527853
-0.000246191
-0.000364122
-0.0001384
-0.000211323
-6.77047e-05
-8.57728e-05
-2.58955e-05
6.17717e-06
-4.31025e-06
6.66682e-05
3.87143e-06
9.9762e-05
4.28297e-06
0.000107525
1.71498e-06
8.91344e-05
4.10425e-05
-1.49338e-05
-7.46027e-06
-5.1664e-05
2.77967e-05
-0.000106486
9.8685e-05
-0.000178727
0.000191361
-0.000268735
0.000296408
-0.000375971
0.000408264
-0.000497568
0.00052171
-0.000628129
0.000629661
-0.0007608
0.00072399
-0.000888761
0.000797605
-0.00100635
0.00084596
-0.00110957
0.000867458
-0.00119618
0.000863067
-0.00126551
0.000835608
-0.00131832
0.000789026
-0.00135641
0.000727726
-0.00138233
0.000655992
-0.00139891
0.000577542
-0.00140888
0.000495267
-0.00141461
0.000411157
-0.001418
0.000326402
-0.00142049
0.000241587
-0.00142306
0.000156847
-0.00142642
7.20378e-05
-0.00143112
-1.30816e-05
-0.00143755
-9.88395e-05
-0.00144593
-0.000185629
-0.00145641
-0.000273862
-0.00146884
-0.000363899
-0.00148251
-0.000456054
-0.00149571
-0.000550469
-0.00150544
-0.00064672
-0.00150699
-0.000743278
-0.00149382
-0.000836933
-0.00145787
-0.000922157
-0.00139087
-0.00099063
-0.00128628
-0.00103154
-0.00114186
-0.00103311
-0.000962039
-0.000985403
-0.00075932
-0.000884041
-0.000553289
-0.000733884
-0.000366422
-0.000550989
-0.000217196
-0.000360549
-0.00011334
-0.000189629
-5.01867e-05
-5.6976e-05
-1.63364e-05
3.28179e-05
-1.28827e-06
8.47138e-05
2.74928e-06
0.000103487
1.64861e-06
9.0235e-05
4.26911e-05
-2.29884e-05
1.55281e-05
-7.24464e-05
7.72545e-05
-0.000140709
0.000166947
-0.000226262
0.000276914
-0.000328583
0.000398729
-0.000445546
0.000525227
-0.000572484
0.000648648
-0.000702762
0.000759939
-0.000829225
0.000850453
-0.000945565
0.000913945
-0.00104712
0.000947515
-0.00113115
0.000951486
-0.00119678
0.000928704
-0.00124485
0.000883669
-0.00127748
0.000821663
-0.0012977
0.000747943
-0.0013088
0.000667092
-0.00131389
0.000582634
-0.00131555
0.000496929
-0.0013157
0.000411301
-0.00131561
0.000326313
-0.00131606
0.000242035
-0.00131747
0.000158265
-0.00132014
7.47018e-05
-0.00132426
-8.96312e-06
-0.00133005
-9.30492e-05
-0.00133781
-0.000177863
-0.00134799
-0.000263685
-0.00136101
-0.00035088
-0.00137711
-0.000439957
-0.00139607
-0.000531502
-0.0014168
-0.000625989
-0.0014366
-0.000723486
-0.00145048
-0.000823045
-0.00145095
-0.000921693
-0.00142827
-0.00101331
-0.00137185
-0.00108795
-0.00127279
-0.00113216
-0.0011274
-0.0011308
-0.000940536
-0.0010709
-0.000727404
-0.000947016
-0.000511993
-0.0007664
-0.000321272
-0.00055127
-0.000175846
-0.000335054
-8.16165e-05
-0.000151206
-2.96166e-05
-1.9182e-05
-5.39346e-06
6.04907e-05
2.49324e-06
9.56003e-05
2.1814e-06
9.05469e-05
4.48725e-05
-3.11655e-05
4.66936e-05
-9.24304e-05
0.000138519
-0.000172424
0.000246941
-0.000268676
0.000373166
-0.000379528
0.00050958
-0.000501296
0.000646995
-0.000627988
0.00077534
-0.000752428
0.000884379
-0.000867774
0.000965799
-0.000968639
0.00101481
-0.00105164
0.00103052
-0.00111552
0.00101536
-0.00116099
0.000974174
-0.00119039
0.000913073
-0.00120711
0.000838386
-0.0012149
0.000755732
-0.00121724
0.00066943
-0.00121692
0.000582312
-0.00121587
0.000495881
-0.00121524
0.000410668
-0.00121555
0.000326624
-0.00121694
0.000243428
-0.00121937
0.000160696
-0.00122276
7.80877e-05
-0.00122705
-4.67359e-06
-0.00123231
-8.77876e-05
-0.00123878
-0.000171393
-0.00124687
-0.000255598
-0.00125714
-0.00034061
-0.00127032
-0.000426778
-0.00128718
-0.000514638
-0.00130819
-0.000604978
-0.00133289
-0.000698783
-0.00135911
-0.000796828
-0.00138199
-0.00089881
-0.00139326
-0.00100204
-0.00138132
-0.00109989
-0.00133302
-0.00118047
-0.00123704
-0.00122678
-0.00108851
-0.00121943
-0.000893389
-0.00114213
-0.000670626
-0.000989163
-0.000449605
-0.000772291
-0.000261707
-0.000522952
-0.000127797
-0.000285116
-4.91552e-05
-9.78236e-05
-1.12756e-05
2.26111e-05
2.15855e-06
8.21661e-05
2.88102e-06
8.98244e-05
4.77535e-05
-3.859e-05
8.52836e-05
-0.000109888
0.000209817
-0.000199148
0.000336201
-0.00030283
0.000476847
-0.000418076
0.000624826
-0.00053993
0.000768849
-0.00066165
0.00089706
-0.000776119
0.000998849
-0.000877257
0.00106694
-0.000960899
0.00109845
-0.00102515
0.00109477
-0.0010704
0.0010606
-0.00109892
0.0010027
-0.00111434
0.000928496
-0.00112079
0.000844829
-0.00112211
0.000757051
-0.00112134
0.000668664
-0.0011205
0.000581469
-0.00112063
0.000496016
-0.00112209
0.000412123
-0.00112478
0.000329315
-0.00112844
0.000247085
-0.00113277
0.000165027
-0.00113753
8.28545e-05
-0.0011426
3.90714e-07
-0.00114795
-8.24398e-05
-0.00115368
-0.000165656
-0.00116004
-0.000249245
-0.00116742
-0.000333226
-0.00117651
-0.000417684
-0.00118827
-0.00050288
-0.00120384
-0.000589412
-0.0012243
-0.000678325
-0.00125005
-0.000771072
-0.0012797
-0.000869167
-0.00130855
-0.000973191
-0.00132752
-0.00108092
-0.0013231
-0.00118488
-0.00127943
-0.00127046
-0.00118272
-0.00131615
-0.00102747
-0.00129738
-0.000822108
-0.00119452
-0.000591022
-0.00100338
-0.000369973
-0.000744002
-0.000193733
-0.000461356
-7.99938e-05
-0.000211562
-2.19495e-05
-3.54332e-05
2.47219e-07
5.99693e-05
3.27292e-06
8.67987e-05
5.10264e-05
-4.44945e-05
0.000129778
-0.000123388
0.000288711
-0.000218963
0.000431776
-0.000326544
0.000584428
-0.000442191
0.000740474
-0.000560094
0.000886752
-0.000673304
0.00101027
-0.000775229
0.00110077
-0.000860861
0.00115257
-0.000927458
0.00116505
-0.000974733
0.00114205
-0.00100464
0.00109051
-0.00102077
0.00101883
-0.0010275
0.000935227
-0.00102904
0.000846366
-0.00102873
0.000756738
-0.00102873
0.000668666
-0.00103009
0.000582835
-0.00103305
0.000498973
-0.00103736
0.000416436
-0.00104262
0.000334571
-0.00104842
0.000252885
-0.00105445
0.00017106
-0.00106052
8.89194e-05
-0.00106651
6.3864e-06
-0.00107241
-7.65428e-05
-0.00107823
-0.000159838
-0.00108403
-0.000243438
-0.00109
-0.000327257
-0.00109648
-0.00041121
-0.00110406
-0.000495295
-0.00111377
-0.000579708
-0.00112706
-0.000665034
-0.00114564
-0.000752487
-0.00117074
-0.000844067
-0.00120173
-0.000942201
-0.00123422
-0.00104843
-0.00125823
-0.00116087
-0.00125794
-0.00127074
-0.00121446
-0.00135963
-0.00111189
-0.00139995
-0.000945423
-0.00136099
-0.000728054
-0.00122074
-0.000491725
-0.000980332
-0.000279059
-0.000674022
-0.000125358
-0.000365264
-3.96799e-05
-0.000121111
-4.39306e-06
2.46825e-05
3.03137e-06
7.93742e-05
5.40578e-05
-4.83083e-05
0.000178086
-0.000131948
0.00037235
-0.00023069
0.000530518
-0.000338729
0.000692467
-0.000451287
0.000853031
-0.000562135
0.000997601
-0.00066457
0.0011127
-0.000752846
0.00118905
-0.000823224
0.00122295
-0.000874458
0.00121628
-0.00090779
0.00117538
-0.000926475
0.00110919
-0.000934913
0.00102727
-0.000937599
0.000937913
-0.000938233
0.000847001
-0.000939247
0.000757751
-0.000941797
0.000671216
-0.000946084
0.000587122
-0.000951778
0.000504667
-0.000958371
0.000423029
-0.000965403
0.000341603
-0.000972547
0.000260029
-0.000979615
0.000178128
-0.000986526
9.58297e-05
-0.000993259
1.31199e-05
-0.000999817
-6.99853e-05
-0.0010062
-0.000153456
-0.0010124
-0.000237242
-0.0010184
-0.000321254
-0.00102424
-0.00040537
-0.00103009
-0.000489448
-0.00103642
-0.000573374
-0.00104423
-0.00065722
-0.00105518
-0.000741543
-0.00107148
-0.000827764
-0.00109523
-0.00091845
-0.00112664
-0.00101703
-0.00116137
-0.00112614
-0.00118809
-0.00124402
-0.00118816
-0.00135957
-0.0011395
-0.00144861
-0.00102494
-0.00147554
-0.000842543
-0.00140315
-0.000612943
-0.00120993
-0.000377894
-0.000909071
-0.000185664
-0.000557494
-6.59167e-05
-0.000240859
-1.2337e-05
-2.88972e-05
2.0408e-06
6.49965e-05
5.60986e-05
-4.97018e-05
0.000227788
-0.000135077
0.000457725
-0.000233903
0.000629344
-0.000339319
0.000797884
-0.000445992
0.000959703
-0.000547676
0.00109929
-0.000638241
0.00120327
-0.00071299
0.0012638
-0.000769513
0.00127947
-0.000807985
0.00125475
-0.000830919
0.00119831
-0.000842422
0.00112069
-0.000847115
0.00103196
-0.000849062
0.00093986
-0.000851081
0.000849019
-0.000854582
0.000761252
-0.000859857
0.000676491
-0.000866549
0.000593814
-0.000874086
0.000512204
-0.000881958
0.000430901
-0.000889828
0.000349473
-0.000897529
0.00026773
-0.000905021
0.000185621
-0.000912334
0.000103142
-0.000919516
2.03019e-05
-0.000926609
-6.28918e-05
-0.000933629
-0.000146436
-0.000940551
-0.000230319
-0.000947301
-0.000314503
-0.000953765
-0.000398906
-0.000959833
-0.00048338
-0.000965501
-0.000567706
-0.000971057
-0.000651664
-0.000977393
-0.000735207
-0.000986327
-0.00081883
-0.00100063
-0.000904151
-0.0010232
-0.000994457
-0.00105491
-0.00109443
-0.00109111
-0.00120782
-0.00111835
-0.00133232
-0.00111437
-0.00145259
-0.00105396
-0.00153595
-0.000920502
-0.00153661
-0.000718521
-0.00141191
-0.000480198
-0.00114739
-0.000258215
-0.000779477
-0.00010148
-0.000397594
-2.37477e-05
-0.000106629
3.08048e-07
4.09407e-05
5.64067e-05
-4.85885e-05
0.000276377
-0.000132745
0.000541882
-0.000228838
0.000725437
-0.00032906
0.000898106
-0.000427806
0.00105845
-0.000519132
0.00119061
-0.000597697
0.00128183
-0.000659924
0.00132603
-0.00070467
0.00132422
-0.000733306
0.00128339
-0.000749229
0.00121424
-0.000756886
0.00112835
-0.000760605
0.00103568
-0.000763665
0.00094292
-0.000767893
0.000853247
-0.000773823
0.000767182
-0.000781168
0.000683836
-0.000789331
0.000601978
-0.000797756
0.000520628
-0.000806078
0.000439224
-0.00081414
0.000357534
-0.000821926
0.000275517
-0.000829505
0.000193199
-0.000836966
0.000110603
-0.000844394
2.77301e-05
-0.000851853
-5.54332e-05
-0.000859372
-0.000138917
-0.000866942
-0.000222749
-0.000874505
-0.00030694
-0.000881937
-0.000391475
-0.000889044
-0.000476273
-0.000895583
-0.000561167
-0.000901368
-0.00064588
-0.000906506
-0.000730068
-0.000911807
-0.000813529
-0.000919245
-0.000896714
-0.000932128
-0.000981574
-0.000954192
-0.00107236
-0.000986734
-0.00117528
-0.00102396
-0.0012951
-0.00104902
-0.00142753
-0.00103518
-0.00154979
-0.000955063
-0.00161672
-0.000796037
-0.00157094
-0.000574248
-0.00136918
-0.00033718
-0.00101654
-0.000146105
-0.00058867
-3.90016e-05
-0.000213732
-2.30673e-06
4.24574e-06
5.40999e-05
-4.50878e-05
0.000321464
-0.000125295
0.000622089
-0.000216226
0.000816368
-0.000309252
0.000991132
-0.000398737
0.00114793
-0.000479264
0.00127114
-0.000546388
0.00134896
-0.00059762
0.00137726
-0.000632902
0.0013595
-0.00065448
0.00130497
-0.000666193
0.00122595
-0.000672368
0.00113453
-0.000676699
0.00104001
-0.000681552
0.000947773
-0.000687878
0.000859573
-0.0006956
0.000774904
-0.000704161
0.000692397
-0.000712966
0.000610783
-0.00072161
0.000529272
-0.000729917
0.00044753
-0.000737881
0.000365499
-0.000745591
0.000283227
-0.000753161
0.000200769
-0.0007607
0.000118143
-0.000768295
3.53245e-05
-0.000776008
-4.772e-05
-0.000783874
-0.000131051
-0.000791902
-0.00021472
-0.000800068
-0.000298774
-0.000808293
-0.000383249
-0.000816421
-0.000468146
-0.000824192
-0.000553395
-0.00083126
-0.000638811
-0.000837287
-0.000724042
-0.000842212
-0.000808604
-0.000846779
-0.000892146
-0.000853219
-0.000975134
-0.000865522
-0.00106006
-0.000888203
-0.0011526
-0.000922397
-0.00126091
-0.000959811
-0.00139012
-0.000978565
-0.00153103
-0.000947042
-0.00164825
-0.000838278
-0.0016797
-0.000649438
-0.00155802
-0.000414581
-0.0012514
-0.000197745
-0.000805506
-5.87584e-05
-0.000352719
-5.87555e-06
-4.86371e-05
4.82244e-05
-3.94725e-05
0.000360937
-0.000113326
0.000695942
-0.000197108
0.000900149
-0.000281486
0.00107551
-0.000360973
0.00122742
-0.000430815
0.00134098
-0.00048748
0.00140562
-0.000529439
0.00141922
-0.000557464
0.00138752
-0.00057431
0.00132181
-0.000583854
0.00123549
-0.000589968
0.00114064
-0.000595556
0.0010456
-0.000602139
0.000954355
-0.000610019
0.000867453
-0.000618791
0.000783676
-0.00062786
0.000701466
-0.000636765
0.000619688
-0.000645288
0.000537795
-0.000653411
0.000455653
-0.000661227
0.000373315
-0.000668867
0.000290867
-0.000676453
0.000208356
-0.000684087
0.000125776
-0.00069184
4.30777e-05
-0.000699766
-3.97938e-05
-0.000707896
-0.000122922
-0.000716246
-0.00020637
-0.000724814
-0.000290206
-0.000733564
-0.000374499
-0.000742407
-0.000459302
-0.000751167
-0.000544636
-0.00075954
-0.000630438
-0.000767087
-0.000716495
-0.000773327
-0.000802364
-0.000778074
-0.000887399
-0.000782118
-0.00097109
-0.00078811
-0.00105407
-0.000800886
-0.00113982
-0.000825595
-0.0012362
-0.000862171
-0.00135354
-0.000897712
-0.00149549
-0.000903465
-0.00164249
-0.000844037
-0.00173913
-0.000698509
-0.00170355
-0.00048219
-0.00146772
-0.000252317
-0.00103538
-8.31647e-05
-0.000521871
-1.03786e-05
-0.000121423
3.78458e-05
-3.21143e-05
0.000393051
-9.75856e-05
0.000761414
-0.000172669
0.000975233
-0.000247432
0.00115027
-0.00031664
0.00129663
-0.000376269
0.00140061
-0.000423636
0.00145299
-0.000457991
0.00145357
-0.000480646
0.00141018
-0.000494514
0.00133568
-0.000503193
0.00124417
-0.000509916
0.00114736
-0.000516801
0.00105249
-0.000524695
0.000962249
-0.000533501
0.00087626
-0.00054271
0.000792885
-0.000551822
0.000710578
-0.000560551
0.000628418
-0.000568838
0.000546082
-0.000576765
0.00046358
-0.000584472
0.000381022
-0.000592093
0.000298488
-0.000599738
0.000216002
-0.000607493
0.000133531
-0.000615414
5.09992e-05
-0.000623547
-3.1661e-05
-0.000631915
-0.000114554
-0.000640533
-0.000197752
-0.000649406
-0.000281333
-0.00065852
-0.000365384
-0.000667835
-0.000449988
-0.000677253
-0.000535218
-0.00068658
-0.000621112
-0.000695466
-0.000707609
-0.000703383
-0.000794447
-0.000709732
-0.00088105
-0.000714259
-0.000966563
-0.000717951
-0.00105037
-0.000724176
-0.0011336
-0.000738837
-0.00122154
-0.000767207
-0.00132517
-0.000806027
-0.00145667
-0.000834898
-0.00161362
-0.000817322
-0.00175671
-0.000718569
-0.0018023
-0.000533394
-0.0016529
-0.000304535
-0.00126424
-0.000111209
-0.000715197
-1.58187e-05
-0.000216814
2.20271e-05
-2.34372e-05
0.000416488
-7.88794e-05
0.000816856
-0.000144108
0.00104046
-0.000208678
0.00121484
-0.000267645
0.0013556
-0.000317711
0.00145068
-0.000356941
0.00149222
-0.000385152
0.00148178
-0.000403908
0.00142893
-0.000415994
0.00134777
-0.000424518
0.0012527
-0.000432013
0.00115486
-0.000439919
0.00106039
-0.000448613
0.000970943
-0.000457809
0.000885455
-0.000467032
0.000802108
-0.00047593
0.000719476
-0.000484375
0.000636863
-0.000492413
0.00055412
-0.000500179
0.000471346
-0.000507816
0.000388659
-0.000515448
0.00030612
-0.000523167
0.000223721
-0.000531045
0.000141409
-0.000539133
5.90874e-05
-0.000547472
-2.33227e-05
-0.000556077
-0.000105948
-0.000564961
-0.000188868
-0.000574126
-0.000272169
-0.000583563
-0.000355946
-0.000593252
-0.000440299
-0.000603142
-0.000525328
-0.000613126
-0.000611128
-0.000622982
-0.000697752
-0.000632309
-0.00078512
-0.000640482
-0.000872878
-0.000646794
-0.000960251
-0.000651031
-0.00104614
-0.000654661
-0.00112997
-0.000662173
-0.00121402
-0.000680593
-0.00130675
-0.000713976
-0.00142329
-0.000752587
-0.00157501
-0.000765561
-0.00174373
-0.000710881
-0.00185698
-0.000564347
-0.00179943
-0.000349361
-0.00147922
-0.000140897
-0.000923661
-2.20939e-05
-0.000335616
-6.68533e-08
-1.3882e-05
0.00043037
-5.80056e-05
0.00086098
-0.000112552
0.00109501
-0.000166637
0.00126893
-0.000215591
0.00140455
-0.000256791
0.00149188
-0.000288923
0.00152435
-0.000312161
0.00150502
-0.000328076
0.00144485
-0.000339108
0.0013588
-0.000347764
0.00126135
-0.000355909
0.001163
-0.00036445
0.00106893
-0.000373479
0.000979971
-0.000382666
0.000894643
-0.000391643
0.000811085
-0.000400202
0.000728036
-0.00040833
0.00064499
-0.000416132
0.000561922
-0.000423754
0.000478968
-0.000431331
0.000396236
-0.000438967
0.000313756
-0.000446743
0.000231497
-0.000454723
0.000149389
-0.00046296
6.73245e-05
-0.000471495
-1.47873e-05
-0.000480343
-9.71011e-05
-0.000489509
-0.000179702
-0.000498991
-0.000262687
-0.000508777
-0.00034616
-0.000518848
-0.000430228
-0.000529172
-0.000515003
-0.00053969
-0.000600611
-0.000550274
-0.000687168
-0.000560664
-0.00077473
-0.000570379
-0.000863162
-0.000578685
-0.000951945
-0.000584814
-0.00104001
-0.000588779
-0.001126
-0.000592957
-0.00120985
-0.000603429
-0.00129628
-0.000627859
-0.00139886
-0.000666157
-0.00153671
-0.000697506
-0.00171238
-0.000679795
-0.00187469
-0.000574224
-0.001905
-0.000383082
-0.00167037
-0.000169651
-0.00113709
-2.94148e-05
-0.000475852
-2.94816e-05
-3.86861e-06
0.000434239
-3.57285e-05
0.000892839
-7.9007e-05
0.00113829
-0.000122512
0.00131243
-0.000161765
0.0014438
-0.000194745
0.00152486
-0.000220626
0.00155023
-0.000239758
0.00152415
-0.000253527
0.00145862
-0.000263884
0.00136916
-0.000272699
0.00127017
-0.000281247
0.00117155
-0.000290045
0.00107773
-0.00029904
0.000988967
-0.000307948
0.00090355
-0.000316523
0.00081966
-0.00032468
0.000736193
-0.000332474
0.000652785
-0.000340037
0.000569485
-0.000347506
0.000486437
-0.000354999
0.00040373
-0.000362608
0.000321365
-0.000370403
0.000239291
-0.000378448
0.000157434
-0.000386805
7.56816e-05
-0.00039552
-6.07198e-06
-0.000404609
-8.80118e-05
-0.000414076
-0.000170235
-0.000423908
-0.000252854
-0.00043409
-0.000335978
-0.000444597
-0.00041972
-0.000455402
-0.000504198
-0.000466463
-0.00058955
-0.000477703
-0.000675928
-0.000488961
-0.000763471
-0.000499913
-0.00085221
-0.000509975
-0.000941884
-0.000518295
-0.00103169
-0.000524139
-0.00112016
-0.000528096
-0.00120589
-0.000534087
-0.00129029
-0.000550048
-0.0013829
-0.00058233
-0.00150443
-0.000621424
-0.00167329
-0.000631344
-0.00186477
-0.000564744
-0.0019716
-0.000403813
-0.0018313
-0.000195029
-0.00134588
-3.78443e-05
-0.000633037
-6.73259e-05
6.06568e-06
0.000428173
-1.27169e-05
0.000911622
-4.43656e-05
0.00116993
-7.72939e-05
0.00134536
-0.000107166
0.00147368
-0.000132458
0.00155015
-0.000152717
0.00157049
-0.000168327
0.00153976
-0.000180353
0.00147065
-0.000190179
0.00137898
-0.000199045
0.00127903
-0.000207723
0.00118023
-0.000216458
0.00108647
-0.000225148
0.000997657
-0.000233594
0.000911996
-0.00024167
0.000827736
-0.000249379
0.000743901
-0.000256816
0.000660222
-0.000264112
0.000576781
-0.000271392
0.000493717
-0.000278759
0.000411097
-0.000286294
0.0003289
-0.000294063
0.000247061
-0.000302131
0.000165502
-0.000310572
8.41231e-05
-0.000319442
2.79834e-06
-0.000328767
-7.86869e-05
-0.000338546
-0.000160456
-0.00034876
-0.00024264
-0.000359384
-0.000325354
-0.000370392
-0.000408713
-0.000381752
-0.000492839
-0.000393428
-0.000577874
-0.000405365
-0.00066399
-0.000417459
-0.000751377
-0.000429494
-0.000840175
-0.000441051
-0.000930327
-0.000451412
-0.00102133
-0.000459641
-0.00111193
-0.000465263
-0.00120027
-0.000470039
-0.00128551
-0.00048017
-0.00137277
-0.000504716
-0.00147988
-0.00054391
-0.0016341
-0.000571905
-0.00183678
-0.000539322
-0.00200418
-0.000411448
-0.00195917
-0.000215268
-0.00154206
-4.69584e-05
-0.000801347
-0.000114284
1.53127e-05
0.000412861
1.03895e-05
0.000916545
-9.36286e-06
0.00118969
-3.17945e-05
0.00136779
-5.25537e-05
0.00149443
-7.05435e-05
0.00156814
-8.55906e-05
0.00158554
-9.80158e-05
0.00155219
-0.000108482
0.00148111
-0.000117772
0.00138827
-0.000126528
0.00128779
-0.000135091
0.00118879
-0.000143518
0.00109489
-0.000151711
0.00100585
-0.000159569
0.000919854
-0.000167072
0.000835239
-0.000174283
0.000751113
-0.000181318
0.000667257
-0.0001883
0.000583763
-0.000195338
0.000500755
-0.000202524
0.000418283
-0.000209934
0.00033631
-0.000217633
0.00025476
-0.000225685
0.000173553
-0.000234171
9.26097e-05
-0.000243168
1.17948e-05
-0.000252715
-6.91395e-05
-0.000262812
-0.000150359
-0.000273428
-0.000232024
-0.000284533
-0.000314249
-0.000296098
-0.000397148
-0.00030809
-0.000480846
-0.000320474
-0.000565489
-0.000333203
-0.000651261
-0.000346199
-0.000738382
-0.000359308
-0.000827065
-0.000372234
-0.000917401
-0.000384431
-0.00100913
-0.000395044
-0.00110132
-0.000403172
-0.00119214
-0.000409049
-0.00127963
-0.000416513
-0.0013653
-0.000434382
-0.00146201
-0.000469406
-0.00159907
-0.000507193
-0.00179899
-0.000502146
-0.00200923
-0.000407258
-0.00205406
-0.000229502
-0.00171981
-5.62173e-05
-0.000974632
-0.000170502
2.34512e-05
0.000389409
3.28542e-05
0.000907142
2.5406e-05
0.00119714
1.33162e-05
0.00137988
1.46599e-06
0.00150629
-9.42847e-06
0.00157903
-1.94592e-05
0.00159557
-2.8827e-05
0.00156156
-3.77554e-05
0.00149004
-4.64225e-05
0.00139694
-5.49011e-05
0.00129627
-6.31554e-05
0.00119705
-7.10968e-05
0.00110284
-7.86572e-05
0.00101341
-8.58334e-05
0.000927031
-9.26927e-05
0.000842098
-9.93465e-05
0.000757767
-0.000105918
0.000673829
-0.00011252
0.000590365
-0.000119251
0.000507487
-0.000126196
0.000425227
-0.000133428
0.000343543
-0.000141015
0.000262347
-0.000149016
0.000181555
-0.000157514
0.000101108
-0.000166607
2.08883e-05
-0.000176361
-5.9385e-05
-0.000186771
-0.000139949
-0.000197798
-0.000220997
-0.000209407
-0.000302639
-0.000221573
-0.000384982
-0.000234267
-0.000468152
-0.000247453
-0.000552304
-0.000261083
-0.000637631
-0.000275091
-0.000724374
-0.000289359
-0.000812797
-0.000303664
-0.000903096
-0.000317596
-0.000995198
-0.000330466
-0.00108845
-0.000341334
-0.00118127
-0.00034963
-0.00127134
-0.000357132
-0.0013578
-0.00037076
-0.00144839
-0.000400278
-0.00156955
-0.000441677
-0.00175759
-0.000457396
-0.00199351
-0.00039334
-0.00211812
-0.000237652
-0.0018755
-6.49396e-05
-0.00114734
-0.000235441
3.02018e-05
0.000359208
5.3883e-05
0.000883461
5.93556e-05
0.00119166
5.76151e-05
0.00138162
5.44611e-05
0.00150944
5.05406e-05
0.00158295
4.55134e-05
0.0016006
3.9266e-05
0.0015678
3.19926e-05
0.00149731
2.40966e-05
0.00140483
1.60492e-05
0.00130432
8.24415e-06
0.00120485
9.05086e-07
0.00111017
-5.92729e-06
0.00102024
-1.23409e-05
0.000933444
-1.84821e-05
0.00084824
-2.45024e-05
0.000763788
-3.05317e-05
0.000679858
-3.66762e-05
0.00059651
-4.30258e-05
0.000513837
-4.96617e-05
0.000431863
-5.66613e-05
0.000350543
-6.40981e-05
0.000269784
-7.20362e-05
0.000189493
-8.05463e-05
0.000109618
-8.97176e-05
3.00598e-05
-9.96458e-05
-4.94566e-05
-0.000110336
-0.000129258
-0.000121755
-0.000209578
-0.000133871
-0.000290523
-0.000146668
-0.000372184
-0.000160121
-0.000454699
-0.000174192
-0.000538233
-0.000188833
-0.00062299
-0.000203981
-0.000709225
-0.000219535
-0.000797243
-0.000235315
-0.000887316
-0.000251003
-0.00097951
-0.00026606
-0.00107339
-0.000279673
-0.00116766
-0.000290994
-0.00126002
-0.000300421
-0.00134838
-0.000312521
-0.00143629
-0.000337247
-0.00154483
-0.000378397
-0.00171644
-0.000408725
-0.00196318
-0.000372107
-0.00215473
-0.000240223
-0.00200738
-7.25471e-05
-0.00131502
-0.000307988
3.5353e-05
0.000323855
7.27923e-05
0.000846022
9.17549e-05
0.0011727
0.000100586
0.00137279
0.00010607
0.00150395
0.000109139
0.00157988
0.000109247
0.00160049
0.000106322
0.00157073
0.000100925
0.00150271
9.39939e-05
0.00141177
8.65211e-05
0.00131179
7.92592e-05
0.00121211
7.25852e-05
0.00111685
6.65367e-05
0.00102629
6.09503e-05
0.000939031
5.56046e-05
0.000853585
5.03053e-05
0.000769087
4.49093e-05
0.000685254
3.93118e-05
0.000602107
3.34263e-05
0.000519722
2.71703e-05
0.000438119
2.04616e-05
0.000357251
1.32173e-05
0.000277028
5.35953e-06
0.000197351
-3.18029e-06
0.000118158
-1.24556e-05
3.93353e-05
-2.25258e-05
-3.93862e-05
-3.34334e-05
-0.00011835
-4.51924e-05
-0.000197819
-5.7795e-05
-0.00027792
-7.12312e-05
-0.000358748
-8.54813e-05
-0.000440449
-0.000100509
-0.000523206
-0.000116264
-0.000607234
-0.000132681
-0.000692808
-0.000149664
-0.00078026
-0.000167057
-0.000869922
-0.000184604
-0.000961963
-0.000201879
-0.00105612
-0.000218223
-0.00115132
-0.000232802
-0.00124544
-0.000245289
-0.00133589
-0.000258205
-0.00142337
-0.000279973
-0.00152306
-0.000319088
-0.00167733
-0.000359004
-0.00192326
-0.000345919
-0.00216782
-0.000238089
-0.00211521
-7.87129e-05
-0.0014744
-0.000386701
3.87667e-05
0.000285088
8.89801e-05
0.000795808
0.000121886
0.00113979
0.000141717
0.00135296
0.000155907
0.00148977
0.000166068
0.00156972
0.00017158
0.00159498
0.000172333
0.00156998
0.000169153
0.00150589
0.000163449
0.00141747
0.000156705
0.00131853
0.000150052
0.00121877
0.000144066
0.00112284
0.000138824
0.00103153
0.000134113
0.000943742
0.00012964
0.000858058
0.000125159
0.000773568
0.000120501
0.000689912
0.000115552
0.000607056
0.000110223
0.000525051
0.000104428
0.000443915
9.8076e-05
0.000363604
9.10754e-05
0.000284029
8.33434e-05
0.000205083
7.48367e-05
0.000126665
6.55307e-05
4.86416e-05
5.53762e-05
-2.92315e-05
4.42767e-05
-0.000107251
3.21794e-05
-0.000185722
1.90673e-05
-0.000264808
4.94704e-06
-0.000344627
-1.01613e-05
-0.00042534
-2.62242e-05
-0.000507143
-4.31918e-05
-0.000590267
-6.09964e-05
-0.000675004
-7.95454e-05
-0.000761711
-9.8701e-05
-0.000850767
-0.000118249
-0.000942415
-0.00013785
-0.00103652
-0.000156977
-0.00113219
-0.00017492
-0.00122749
-0.000191089
-0.00131972
-0.000206572
-0.00140789
-0.000227584
-0.00150205
-0.000264476
-0.00164044
-0.000310288
-0.00187745
-0.000316859
-0.00216125
-0.000232323
-0.00219975
-8.33967e-05
-0.00162332
-0.000470098
4.04085e-05
0.000244679
0.000101908
0.000734309
0.000148967
0.00109273
0.000180407
0.00132152
0.000203544
0.00146663
0.000220983
0.00155228
0.000232262
0.0015837
0.000237172
0.00156507
0.000236675
0.00150639
0.000232548
0.0014216
0.000226734
0.00132435
0.000220763
0.00122474
0.00021547
0.00112813
0.000211032
0.00103597
0.000207226
0.000947548
0.0002037
0.000861584
0.000200146
0.000777122
0.000196351
0.000693708
0.000192179
0.000611228
0.000187531
0.000529699
0.000182316
0.00044913
0.000176438
0.000369481
0.000169804
0.000290664
0.000162326
0.000212561
0.000153955
0.000135036
0.000144667
5.79299e-05
0.000134422
-1.89859e-05
0.000123115
-9.59432e-05
0.000110657
-0.000173264
9.70055e-05
-0.000251157
8.21574e-05
-0.000329779
6.61246e-05
-0.000409307
4.89367e-05
-0.000489955
3.06434e-05
-0.000571973
1.13163e-05
-0.000655676
-8.94875e-06
-0.000741446
-3.00265e-05
-0.000829689
-5.17378e-05
-0.000920704
-7.38113e-05
-0.00101444
-9.58382e-05
-0.00111016
-0.000117252
-0.00120608
-0.000137453
-0.00129952
-0.000156697
-0.00138864
-0.000179047
-0.0014797
-0.000214582
-0.0016049
-0.000263891
-0.00182814
-0.000286627
-0.00213851
-0.00022405
-0.00226233
-8.68062e-05
-0.00176057
-0.000556904
4.03543e-05
0.000204325
0.000111126
0.000663537
0.000172143
0.00103172
0.000215899
0.00127777
0.000248446
0.00143408
0.000273448
0.00152728
0.000290924
0.00156622
0.000300579
0.00155541
0.000303361
0.00150361
0.000301285
0.00142367
0.000296688
0.00132894
0.000291515
0.00122991
0.00028692
0.00113272
0.000283264
0.00103963
0.000280371
0.000950441
0.000277851
0.000864104
0.000275328
0.000779645
0.000272529
0.000696507
0.000269277
0.00061448
0.000265452
0.000533525
0.000260952
0.00045363
0.00025568
0.000374753
0.000249539
0.000296805
0.000242439
0.000219661
0.000234315
0.00014316
0.000225117
6.71284e-05
0.000214788
-8.65682e-06
0.000203246
-8.44012e-05
0.000190401
-0.000160418
0.000176186
-0.000236942
0.000160579
-0.000314172
0.00014358
-0.000392309
0.00012521
-0.000471584
0.000105511
-0.000552274
8.45521e-05
-0.000634718
6.24267e-05
-0.000719321
3.9255e-05
-0.000806517
1.51965e-05
-0.000896645
-9.53124e-06
-0.000989714
-3.46265e-05
-0.00108507
-5.96659e-05
-0.00118104
-8.41418e-05
-0.00127504
-0.000107929
-0.00136485
-0.000133375
-0.00145425
-0.000168987
-0.00156929
-0.00022051
-0.00177662
-0.000256507
-0.00210252
-0.000214341
-0.00230449
-8.93265e-05
-0.00188558
-0.000646231
3.87885e-05
0.000165537
0.000116316
0.00058601
0.000190517
0.000957516
0.000247242
0.00122104
0.000289898
0.00139143
0.00032289
0.00149429
0.000347044
0.00154207
0.000362112
0.00154034
0.000368907
0.00149681
0.000369512
0.00142307
0.000366558
0.0013319
0.000362391
0.00123408
0.000358547
0.00113657
0.000355654
0.00104252
0.000353659
0.000952436
0.000352179
0.000865584
0.000350778
0.000781047
0.000349107
0.000698178
0.000346928
0.000616658
0.000344084
0.000536369
0.000340452
0.000457262
0.000335927
0.000379279
0.000330405
0.000302328
0.00032379
0.000226275
0.000315999
0.000150951
0.000306961
7.61669e-05
0.000296602
1.70195e-06
0.000284851
-7.26497e-05
0.000271619
-0.000147186
0.000256826
-0.000222149
0.000240433
-0.000297779
0.000222426
-0.000374302
0.000202818
-0.000451975
0.000181643
-0.0005311
0.000158968
-0.000612043
0.000134879
-0.000695232
0.000109483
-0.00078112
8.29047e-05
-0.000870067
5.5306e-05
-0.000962115
2.69087e-05
-0.00105667
-1.96683e-06
-0.00115217
-3.0951e-05
-0.00124606
-5.98192e-05
-0.00133599
-8.97311e-05
-0.00142434
-0.000127064
-0.00153196
-0.000180395
-0.00172329
-0.000227385
-0.00205553
-0.000204135
-0.00232774
-9.14455e-05
-0.00199827
-0.000737676
3.59905e-05
0.000129546
0.00011734
0.00050466
0.000203223
0.000871633
0.000273294
0.00115097
0.000326941
0.00133778
0.00036854
0.00145269
0.000399917
0.00151069
0.000421118
0.00151914
0.000432779
0.00148515
0.000436875
0.00141897
0.000436183
0.00133259
0.000433395
0.00123686
0.00043046
0.0011395
0.000428354
0.00104463
0.00042724
0.00095355
0.000426807
0.000866017
0.000426589
0.000781265
0.000426161
0.000698606
0.000425208
0.000617612
0.000423511
0.000538066
0.000420913
0.000459859
0.000417288
0.000382904
0.000412521
0.000307095
0.000406507
0.000232289
0.000399146
0.000158312
0.000390351
8.49617e-05
0.000380034
1.20192e-05
0.000368122
-6.07374e-05
0.000354524
-0.000133589
0.000339157
-0.000206782
0.000321966
-0.000280588
0.000302927
-0.000355263
0.00028204
-0.000431088
0.000259336
-0.000508396
0.00023487
-0.000587577
0.000208721
-0.000669082
0.000180975
-0.000753374
0.000151724
-0.000840816
0.000121068
-0.000931459
8.91372e-05
-0.00102474
5.61281e-05
-0.00111916
2.23203e-05
-0.00121225
-1.2042e-05
-0.00130162
-4.74521e-05
-0.00138893
-8.81324e-05
-0.00149128
-0.00014349
-0.00166793
-0.000199804
-0.00199921
-0.000194192
-0.00233336
-9.36911e-05
-0.00209877
-0.000831367
3.23056e-05
9.72406e-05
0.000114296
0.000422669
0.000209535
0.000776394
0.000292773
0.00106773
0.000358326
0.00127223
0.000409377
0.00140164
0.00044862
0.00147145
0.0004767
0.00149106
0.000494168
0.00146768
0.000502748
0.00141039
0.000505179
0.00133016
0.000504382
0.00123766
0.000502698
0.00114119
0.000501514
0.00104581
0.000501303
0.000953761
0.000501914
0.000865407
0.000502907
0.000780271
0.000503805
0.000697708
0.000504207
0.000617209
0.000503819
0.000538455
0.000502426
0.000461252
0.000499867
0.000385464
0.000496006
0.000310955
0.000490724
0.000237572
0.000483907
0.000165129
0.000475454
9.34153e-05
0.000465264
2.22094e-05
0.000453255
-4.87288e-05
0.000439333
-0.000119667
0.000423413
-0.000190862
0.000405433
-0.000262607
0.000385356
-0.000335186
0.000363175
-0.000408907
0.00033891
-0.000484131
0.000312607
-0.000561273
0.000284323
-0.000640799
0.000254119
-0.00072317
0.000222041
-0.000808737
0.000188118
-0.000897537
0.000152391
-0.000989011
0.000114949
-0.00108171
7.59725e-05
-0.00117327
3.56877e-05
-0.00126134
-6.02098e-06
-0.00134722
-5.15189e-05
-0.00144578
-0.000109529
-0.00160992
-0.000173993
-0.00193475
-0.000185057
-0.00232229
-9.65793e-05
-0.00218725
-0.000927947
2.80999e-05
6.91407e-05
0.000107555
0.000343215
0.000209008
0.000674941
0.000304395
0.000972346
0.000382529
0.00119409
0.000444052
0.00134012
0.000491966
0.00142353
0.000527707
0.00145532
0.000551964
0.00144343
0.000566175
0.00139618
0.000572847
0.00132349
0.000574954
0.00123555
0.000575146
0.001141
0.000575228
0.00104573
0.000576059
0.000952929
0.000577748
0.000863718
0.000579967
0.000778052
0.000582234
0.000695441
0.000584082
0.000615361
0.000585134
0.000537403
0.000585104
0.000461282
0.000583776
0.000386791
0.000580981
0.00031375
0.000576576
0.000241977
0.000570432
0.000171273
0.000562432
0.000101415
0.000552467
3.21746e-05
0.000540444
-3.6706e-05
0.000526263
-0.000105486
0.000509841
-0.000174439
0.000491106
-0.000243873
0.000470017
-0.000314096
0.000446555
-0.000385446
0.000420731
-0.000458306
0.000392568
-0.000533111
0.000362099
-0.00061033
0.000329341
-0.000690412
0.000294282
-0.000773678
0.000256873
-0.000860129
0.000217056
-0.000949194
0.000174815
-0.00103947
0.000130257
-0.00112872
8.36339e-05
-0.00121472
3.50504e-05
-0.00129864
-1.65944e-05
-0.00139413
-7.80923e-05
-0.00154842
-0.000149893
-0.00186295
-0.000177019
-0.00229517
-0.000100562
-0.00226371
-0.00102851
2.3713e-05
4.54277e-05
9.77686e-05
0.000269159
0.000201624
0.000571086
0.000307069
0.000866901
0.000397851
0.00110331
0.000470863
0.0012671
0.000528431
0.00136597
0.000572692
0.00141106
0.000604738
0.00141138
0.00062582
0.0013751
0.000638085
0.00131122
0.000644351
0.00122929
0.000647408
0.00113794
0.000649422
0.00104372
0.000651669
0.000950683
0.000654601
0.000860786
0.000658102
0.00077455
0.000661766
0.000691777
0.000665109
0.000612018
0.000667688
0.000534824
0.000669141
0.000459829
0.000669187
0.000386745
0.000667609
0.000315329
0.000664227
0.000245359
0.000658893
0.000176607
0.000651473
0.000108835
0.000641848
4.18e-05
0.000629913
-2.47712e-05
0.000615566
-9.11384e-05
0.00059872
-0.000157593
0.000579301
-0.000224454
0.00055726
-0.000292055
0.000532567
-0.000360754
0.000505214
-0.000430952
0.000475197
-0.000503094
0.000442506
-0.000577639
0.000407102
-0.000655008
0.000368897
-0.000735473
0.000327756
-0.000818987
0.000283518
-0.000904956
0.000236068
-0.000992023
0.000185455
-0.0010781
0.000131985
-0.00116125
7.60755e-05
-0.00124273
1.73331e-05
-0.00133539
-4.86956e-05
-0.0014824
-0.000127194
-0.00178445
-0.000170063
-0.0022523
-0.000105968
-0.0023278
-0.00113448
1.94259e-05
2.60018e-05
8.5839e-05
0.000202746
0.000187915
0.00046901
0.000300156
0.00075466
0.000402629
0.00100084
0.000487795
0.00118194
0.000556098
0.00129766
0.000609863
0.00135729
0.000650724
0.00137052
0.000679952
0.00134587
0.000699326
0.00129185
0.00071132
0.0012173
0.000718651
0.00113061
0.000723694
0.00103867
0.000728097
0.00094628
0.000732704
0.000856179
0.000737698
0.000769556
0.000742848
0.000686627
0.000747731
0.000607136
0.000751884
0.000530671
0.000754893
0.00045682
0.000756413
0.000385225
0.00075617
0.000315573
0.000753943
0.000247586
0.000749552
0.000180998
0.000742844
0.000115543
0.000733686
5.09584e-05
0.000721962
-1.30469e-05
0.000707565
-7.67416e-05
0.000690407
-0.000140435
0.000670409
-0.000204456
0.00064751
-0.000269156
0.000621665
-0.000334909
0.000592837
-0.000402125
0.000560983
-0.00047124
0.000526034
-0.00054269
0.000487876
-0.000616849
0.000446333
-0.00069393
0.00040117
-0.000773825
0.000352128
-0.000855913
0.000299007
-0.000938903
0.000241824
-0.00102092
0.00018098
-0.0011004
0.000117233
-0.00117898
5.08608e-05
-0.00126902
-2.0779e-05
-0.00141076
-0.000105353
-0.00169988
-0.000163825
-0.00219382
-0.000112941
-0.00237868
-0.00124742
1.54558e-05
1.0546e-05
7.28208e-05
0.000145381
0.000168998
0.000372832
0.00028371
0.000639948
0.000395546
0.000889003
0.000492701
0.00108478
0.00057265
0.00121771
0.000637014
0.00129293
0.000687785
0.00131975
0.000726442
0.00130721
0.000754515
0.00126377
0.00077404
0.00119777
0.000787445
0.0011172
0.000797099
0.00102902
0.000804892
0.000938486
0.000812027
0.000849044
0.000819039
0.000762544
0.00082596
0.000679706
0.00083252
0.000600575
0.000838319
0.000524872
0.000842936
0.000452204
0.00084599
0.00038217
0.000847161
0.000314402
0.000846186
0.000248561
0.000842849
0.000184334
0.000836974
0.000121419
0.000828411
5.95214e-05
0.000817027
-1.66273e-06
0.000802716
-6.24304e-05
0.000785379
-0.000123098
0.000764926
-0.000184004
0.000741282
-0.000245512
0.000714376
-0.000308002
0.000684128
-0.000371877
0.000650439
-0.000437551
0.000613165
-0.000505416
0.000572102
-0.000575787
0.000526975
-0.000648803
0.000477443
-0.000724293
0.000423153
-0.000801623
0.000363847
-0.000879597
0.000299554
-0.000956627
0.000230821
-0.00103167
0.000158771
-0.00110693
8.44233e-05
-0.00119467
6.37801e-06
-0.00133271
-8.36202e-05
-0.00160988
-0.000157541
-0.0021199
-0.000121357
-0.00241487
-0.00136877
1.19838e-05
-1.43785e-06
5.97946e-05
9.75704e-05
0.00014649
0.000286137
0.000258617
0.00052782
0.000375965
0.000771655
0.000483613
0.000977134
0.000575504
0.00112582
0.000651496
0.00121694
0.000713359
0.00125789
0.000762762
0.00125781
0.000801134
0.0012254
0.000830104
0.0011688
0.000851665
0.00109564
0.000867959
0.00101272
0.000880915
0.00092553
0.000891977
0.000837982
0.00090201
0.000752511
0.000911359
0.000670358
0.000919991
0.000591943
0.000927655
0.000517208
0.000934001
0.000445858
0.000938666
0.000377505
0.000941316
0.000311752
0.000941662
0.000248215
0.000939463
0.000186533
0.000934518
0.000126364
0.000926659
6.73805e-05
0.000915736
9.25969e-06
0.000901636
-4.83306e-05
0.000884244
-0.000105706
0.000863453
-0.000163213
0.000839159
-0.000221218
0.000811251
-0.000280094
0.000779595
-0.000340222
0.000744018
-0.000401973
0.000704286
-0.000465684
0.000660095
-0.000531595
0.000611059
-0.000599767
0.000556739
-0.000669973
0.000496702
-0.000741587
0.00043067
-0.000813564
0.000358741
-0.000884699
0.000281677
-0.000954605
0.000201009
-0.00102626
0.000118475
-0.00111214
3.36711e-05
-0.00124791
-6.10881e-05
-0.00151512
-0.000149984
-0.00203101
-0.000130712
-0.00243414
-0.00149949
9.19995e-06
-1.06378e-05
4.7725e-05
5.90453e-05
0.000122258
0.000211604
0.000226537
0.000423541
0.000344172
0.00065402
0.000459133
0.000862174
0.000562102
0.00102285
0.000650316
0.00112872
0.00072444
0.00118376
0.00078596
0.00119629
0.00083623
0.00117513
0.000876563
0.00112847
0.000908485
0.00106372
0.000933745
0.000987464
0.000954099
0.000905176
0.000971051
0.00082103
0.00098569
0.000737872
0.000998654
0.000657394
0.00101019
0.000580408
0.00102026
0.000507133
0.00102868
0.000437439
0.00103517
0.000371019
0.00103943
0.000307489
0.0010412
0.000246451
0.00104021
0.000187513
0.00103628
0.000130301
0.0010292
7.44556e-05
0.00101883
1.96324e-05
0.00100502
-3.45236e-05
0.000987648
-8.83316e-05
0.000966572
-0.000142137
0.00094165
-0.000196296
0.000912718
-0.000251162
0.000879571
-0.000307075
0.000841951
-0.000364353
0.000799526
-0.000423259
0.000751883
-0.000483952
0.000698532
-0.000546416
0.000638943
-0.000610384
0.00057264
-0.000675284
0.000499372
-0.000740296
0.000419383
-0.00080471
0.000333716
-0.000868938
0.00024435
-0.000936897
0.000153666
-0.00102145
6.21689e-05
-0.00115641
-3.66235e-05
-0.00141633
-0.000139353
-0.00192828
-0.000139986
-0.00243351
-0.00163947
7.22075e-06
-1.78586e-05
3.72365e-05
2.90296e-05
9.79422e-05
0.000150899
0.000189494
0.000331989
0.000301322
0.000542193
0.000418748
0.000744748
0.000530344
0.000911258
0.000630434
0.00102863
0.000717677
0.00109652
0.000792676
0.00112129
0.000856452
0.00111136
0.000910016
0.0010749
0.000954469
0.00101927
0.000991106
0.000950828
0.00102135
0.000874933
0.00104658
0.000795802
0.00106795
0.000716504
0.00108629
0.000639051
0.00110211
0.000564587
0.00111563
0.000493617
0.00112685
0.000426217
0.00113566
0.000362209
0.00114187
0.000301278
0.00114527
0.000243048
0.00114566
0.000187128
0.00114283
0.000133131
0.0011366
8.06802e-05
0.00112682
2.9417e-05
0.00111332
-2.1024e-05
0.00109595
-7.09589e-05
0.00107453
-0.000120724
0.00104889
-0.000170649
0.00101878
-0.000221052
0.000983923
-0.000272222
0.000943976
-0.000324406
0.000898504
-0.000377788
0.000846993
-0.000432441
0.000788863
-0.000488286
0.000723527
-0.000545047
0.00065051
-0.000602267
0.000569662
-0.000659448
0.000481442
-0.00071649
0.00038723
-0.000774726
0.000289448
-0.000839115
0.000191022
-0.000923028
9.32201e-05
-0.00105861
-8.91164e-06
-0.0013142
-0.000123213
-0.00181398
-0.000147546
-0.00240918
-0.00178702
5.87039e-06
-2.3729e-05
2.80799e-05
6.82004e-06
7.40567e-05
0.000104922
0.000148942
0.000257104
0.000248879
0.000442255
0.000362812
0.000630815
0.00047898
0.000795091
0.000589247
0.000918365
0.000689716
0.000996049
0.000779291
0.00103172
0.000858113
0.00103253
0.000926698
0.00100632
0.000985717
0.000960248
0.00103602
0.000900527
0.00107863
0.000832321
0.00111467
0.000759763
0.0011452
0.00068597
0.00117113
0.000613122
0.00119313
0.00054259
0.00121163
0.000475117
0.00122686
0.000410983
0.00123891
0.000350165
0.00124773
0.000292455
0.00125324
0.000237541
0.0012553
0.000185066
0.00125377
0.00013466
0.0012485
8.59521e-05
0.00123933
3.85894e-05
0.00122609
-7.78592e-06
0.00120861
-5.34835e-05
0.0011867
-9.88072e-05
0.0011601
-0.000144049
0.00112852
-0.000189477
0.00109162
-0.000235317
0.00104895
-0.000281738
0.001
-0.000328841
0.000944183
-0.000376623
0.000880863
-0.000424966
0.000809453
-0.000473637
0.000729554
-0.000522369
0.000641187
-0.000571081
0.000545081
-0.000620383
0.000442944
-0.000672589
0.000337549
-0.00073372
0.000232197
-0.000817677
0.000128758
-0.000955168
2.34932e-05
-0.00120893
-9.87301e-05
-0.00169175
-0.000151217
-0.00235669
-0.00193823
4.14373e-06
-2.78727e-05
1.80258e-05
-7.06207e-06
4.84706e-05
7.4477e-05
0.000104135
0.00020144
0.000187338
0.000359052
0.000291941
0.000526212
0.000407688
0.000679343
0.000525095
0.000800958
0.000637768
0.000883376
0.000742343
0.000927141
0.000837426
0.000937452
0.000922623
0.000921121
0.00099802
0.000884851
0.001064
0.000834544
0.0011212
0.000775126
0.00117041
0.000710553
0.00121251
0.000643866
0.00124836
0.000577274
0.00127868
0.000512265
0.00130407
0.000449735
0.00132492
0.000390133
0.0013415
0.000333584
0.00135395
0.00028
0.00136233
0.000229161
0.00136662
0.000180776
0.00136676
0.00013452
0.00136265
9.00607e-05
0.00135417
4.70703e-05
0.00134116
5.22754e-06
0.00132344
-3.57703e-05
0.0013008
-7.6164e-05
0.00127295
-0.0001162
0.00123956
-0.000156085
0.00120022
-0.000195973
0.00115443
-0.000235955
0.00110165
-0.000276055
0.00104125
-0.000316222
0.000972622
-0.000356342
0.000895273
-0.000396288
0.000808967
-0.000436062
0.000713956
-0.000476071
0.00061123
-0.000517657
0.000502719
-0.000564078
0.000391308
-0.00062231
0.00028033
-0.000706698
0.000171876
-0.000846714
6.28932e-05
-0.00109995
-6.31762e-05
-0.00156568
-0.000148275
-0.00227159
-0.00208651
-6.36113e-07
-2.72366e-05
1.47884e-06
-9.17702e-06
1.47673e-05
6.11885e-05
5.0232e-05
0.000165975
0.00011443
0.000294854
0.000205757
0.000434885
0.000316605
0.000568495
0.000437496
0.000680068
0.000560254
0.000760618
0.000679219
0.000808176
0.000791031
0.00082564
0.000893922
0.00081823
0.000987094
0.000791679
0.00107035
0.00075129
0.00114389
0.000701588
0.00120819
0.000646254
0.0012639
0.000588155
0.00131174
0.000529428
0.00135244
0.000471571
0.00138661
0.000415557
0.00141481
0.00036194
0.00143743
0.000310965
0.00145477
0.000262659
0.00146703
0.000216901
0.00147432
0.000173483
0.00147669
0.000132152
0.00147412
9.2632e-05
0.00146654
5.46492e-05
0.00145382
1.79412e-05
0.00143582
-1.77661e-05
0.00141231
-5.26498e-05
0.001383
-8.68961e-05
0.00134756
-0.000120643
0.00130556
-0.000153975
0.00125653
-0.000186921
0.00119993
-0.000219458
0.00113523
-0.000251527
0.00106197
-0.000283074
0.00097982
-0.000314141
0.0008888
-0.000345042
0.000789394
-0.000376665
0.000682753
-0.000411016
0.000570796
-0.000452121
0.000456162
-0.000507676
0.000341707
-0.000592244
0.000229002
-0.000734008
0.000114884
-0.00098583
-1.34697e-05
-0.00143733
-0.000134067
-0.00215099
-0.00222058
-1.34024e-05
-1.38342e-05
-3.09192e-05
8.33975e-06
-3.76795e-05
6.79489e-05
-2.18656e-05
0.000150161
2.40938e-05
0.000248894
0.000101651
0.000357327
0.000205478
0.000464668
0.000326953
0.000558593
0.00045722
0.000630351
0.000588928
0.000676468
0.000716818
0.00069775
0.000837514
0.000697534
0.000949056
0.000680136
0.00105047
0.000649876
0.00114143
0.000610623
0.00122207
0.000565619
0.00129278
0.000517449
0.00135412
0.000468083
0.00140674
0.00041895
0.00145128
0.000371022
0.00148831
0.000324907
0.00151835
0.000280928
0.0015418
0.000239202
0.001559
0.000199703
0.00157018
0.00016231
0.00157548
0.000126849
0.00157499
9.31206e-05
0.00156872
6.09183e-05
0.00155661
3.00483e-05
0.00153853
3.13704e-07
0.00151433
-2.84456e-05
0.00148376
-5.63269e-05
0.00144653
-8.34164e-05
0.00140231
-0.000109752
0.00135072
-0.000135334
0.0012914
-0.000160138
0.00122402
-0.000184146
0.00114836
-0.00020741
0.00106437
-0.000230156
0.000972303
-0.000252973
0.000872762
-0.000277124
0.000766808
-0.000305063
0.00065599
-0.000341302
0.000542263
-0.00039395
0.000427545
-0.000477526
0.00031225
-0.000618713
0.000192079
-0.000865659
5.64078e-05
-0.00130166
-9.83083e-05
-0.00199628
-0.00231888
-4.09731e-05
2.7139e-05
-9.01797e-05
5.75463e-05
-0.000121103
9.88717e-05
-0.000123155
0.000152213
-9.13497e-05
0.000217089
-2.47118e-05
0.000290689
7.31604e-05
0.000366796
0.000194508
0.000437245
0.000330337
0.000494522
0.000472613
0.000534193
0.000614772
0.00055559
0.000752043
0.000560264
0.000881266
0.000550913
0.00100057
0.000530571
0.00110901
0.000502183
0.00120627
0.000468358
0.00129247
0.000431255
0.00136797
0.000392576
0.00143333
0.000353597
0.00148912
0.000315227
0.00153596
0.00027807
0.0015744
0.000242488
0.00160494
0.000208659
0.00162801
0.000176633
0.00164395
0.00014637
0.00165303
0.000117773
0.00165543
9.0716e-05
0.00165128
6.50646e-05
0.00164064
4.06892e-05
0.00162348
1.74801e-05
0.00159969
-4.66403e-06
0.0015692
-2.58276e-05
0.00153185
-4.60723e-05
0.00148752
-6.54181e-05
0.00143606
-8.38745e-05
0.00137737
-0.000101454
0.00131143
-0.000118205
0.0012383
-0.000134276
0.00115816
-0.000150018
0.00107135
-0.000166165
0.000978349
-0.000184119
0.000879735
-0.000206449
0.000776168
-0.000237735
0.000668301
-0.000286083
0.000556524
-0.00036575
0.000439873
-0.000502063
0.000312785
-0.000738571
0.000159764
-0.00114864
-2.67718e-05
-0.00180974
-0.00234566
-9.01e-05
0.000117239
-0.000183162
0.000150608
-0.00024023
0.00015594
-0.000257459
0.000169443
-0.000234951
0.000194581
-0.000174176
0.000229914
-7.93997e-05
0.00027202
4.25717e-05
0.000315274
0.000183137
0.000353957
0.000333796
0.000383534
0.000487564
0.000401822
0.000638783
0.000409045
0.0007834
0.000406296
0.000918759
0.000395212
0.00104328
0.000377661
0.00115618
0.000355456
0.00125725
0.000330192
0.00134663
0.00030319
0.00142474
0.00027549
0.0014921
0.000247865
0.00154931
0.000220859
0.00159697
0.00019483
0.00163564
0.000169985
0.00166585
0.000146423
0.00168806
0.000124165
0.00170265
0.000103181
0.00170996
8.34101e-05
0.00171024
6.4776e-05
0.00170373
4.72018e-05
0.00169059
3.06182e-05
0.00167097
1.4958e-05
0.00164491
2.30763e-07
0.00161242
-1.3582e-05
0.00157361
-2.66069e-05
0.00152863
-3.88952e-05
0.00147765
-5.04737e-05
0.00142087
-6.14225e-05
0.00135851
-7.19191e-05
0.00129082
-8.23222e-05
0.00121797
-9.33225e-05
0.00114004
-0.000106188
0.00105679
-0.000123196
0.00096747
-0.000148415
0.000870547
-0.00018916
0.000763355
-0.000258558
0.000641547
-0.000380255
0.000497442
-0.000594465
0.000312255
-0.000963451
8.51062e-05
-0.00158259
-0.00226055
-0.000160361
0.000277599
-0.000293308
0.000283556
-0.000362641
0.000225272
-0.000384754
0.000191556
-0.000365711
0.000175538
-0.000308174
0.000172377
-0.000216369
0.000180215
-9.66224e-05
0.000195527
4.42264e-05
0.000213108
0.000198554
0.000229206
0.000358711
0.000241665
0.000518796
0.00024896
0.000674332
0.000250761
0.000822076
0.000247467
0.000959898
0.000239839
0.00108656
0.000228797
0.00120148
0.000215272
0.00130456
0.000200108
0.00139603
0.000184018
0.00147633
0.000167569
0.001546
0.000151189
0.00160565
0.00013518
0.00165589
0.000119742
0.00169732
0.000104997
0.00173048
9.10039e-05
0.00175588
7.77826e-05
0.00177396
6.53231e-05
0.00178514
5.36e-05
0.00178976
4.25809e-05
0.00178815
3.22315e-05
0.00178059
2.25172e-05
0.00176742
1.33947e-05
0.00174898
4.86592e-06
0.00172539
-3.02071e-06
0.00169682
-1.03261e-05
0.0016635
-1.7155e-05
0.00162568
-2.35998e-05
0.00158356
-2.97958e-05
0.00153724
-3.60059e-05
0.00148665
-4.27335e-05
0.00143136
-5.08937e-05
0.00137028
-6.21206e-05
0.00130121
-7.93417e-05
0.00121993
-0.000107879
0.00111885
-0.000157482
0.000984967
-0.000246371
0.00079932
-0.000408818
0.000541178
-0.000705309
0.000229446
-0.00127086
-0.0020311
-0.000223963
0.000501562
-0.000284684
0.000344277
-0.000270964
0.000211552
-0.000242507
0.000163099
-0.000199522
0.000132553
-0.000136013
0.000108868
-5.02185e-05
9.44207e-05
5.73241e-05
8.79842e-05
0.000183396
8.70359e-05
0.000323386
8.92159e-05
0.000472401
9.26508e-05
0.000625425
9.59357e-05
0.000778092
9.8093e-05
0.000926919
9.86408e-05
0.0010693
9.74543e-05
0.00120345
9.46533e-05
0.00132822
9.04978e-05
0.00144303
8.53032e-05
0.00154766
7.93836e-05
0.00164221
7.30202e-05
0.00172695
6.64469e-05
0.00180228
5.98465e-05
0.00186867
5.33533e-05
0.00192661
4.70613e-05
0.00197658
4.10322e-05
0.00201906
3.5302e-05
0.0020545
2.98881e-05
0.0020833
2.47962e-05
0.00210585
2.00251e-05
0.00212252
1.55687e-05
0.00213362
1.1418e-05
0.00213945
7.56097e-06
0.00214033
3.98367e-06
0.00213663
6.85163e-07
0.00212863
-2.33166e-06
0.00211656
-5.08641e-06
0.00210059
-7.62927e-06
0.00208084
-1.00379e-05
0.00205728
-1.24514e-05
0.00202967
-1.51263e-05
0.0019973
-1.85156e-05
0.00195858
-2.34068e-05
0.00191042
-3.11762e-05
0.00184676
-4.42232e-05
0.00175612
-6.68395e-05
0.00161639
-0.000106646
0.00138897
-0.000181397
0.00101738
-0.000333718
0.000489571
-0.000743051
-0.00154153
0.000501562
0.000845839
0.00105739
0.00122049
0.00135304
0.00146191
0.00155633
0.00164432
0.00173135
0.00182057
0.00191322
0.00200915
0.00210725
0.00220589
0.00230334
0.002398
0.00248849
0.0025738
0.00265318
0.0027262
0.00279265
0.00285249
0.00290585
0.00295291
0.00299394
0.00302924
0.00305913
0.00308393
0.00310395
0.00311952
0.00313094
0.0031385
0.00314248
0.00314317
0.00314084
0.00313575
0.00312812
0.00311808
0.00310563
0.00309051
0.00307199
0.00304858
0.00301741
0.00297318
0.00290634
0.0027997
0.0026183
0.00228458
0.00154153
)
;

boundaryField
{
    movingWall
    {
        type            calculated;
        value           uniform 0;
    }
    fixedWalls
    {
        type            calculated;
        value           uniform 0;
    }
    frontAndBack
    {
        type            empty;
        value           nonuniform 0();
    }
}


// ************************************************************************* //
