/*--------------------------------*- C++ -*----------------------------------*\
  =========                 |
  \\      /  F ield         | OpenFOAM: The Open Source CFD Toolbox
   \\    /   O peration     | Website:  https://openfoam.org
    \\  /    A nd           | Version:  7
     \\/     M anipulation  |
\*---------------------------------------------------------------------------*/
FoamFile
{
    version     2.0;
    format      ascii;
    class       volVectorField;
    location    "1200";
    object      U;
}
// * * * * * * * * * * * * * * * * * * * * * * * * * * * * * * * * * * * * * //

dimensions      [0 1 -1 0 0 0 0];

internalField   nonuniform List<vector> 
2500
(
(0.000207757 -0.000200971 0)
(0.00186663 -0.000570806 0)
(0.00447462 -0.000697937 0)
(0.00716342 -0.000600125 0)
(0.00922947 -0.000419014 0)
(0.0104507 -0.000264347 0)
(0.0109304 -0.000188017 0)
(0.0108813 -0.000185892 0)
(0.0104507 -0.000219879 0)
(0.00963416 -0.000245439 0)
(0.00828242 -0.000228685 0)
(0.00616314 -0.000150762 0)
(0.00301904 -2.62814e-06 0)
(-0.00139363 0.000221098 0)
(-0.00727951 0.000523558 0)
(-0.0147711 0.000908291 0)
(-0.0238909 0.00137531 0)
(-0.0345089 0.00191298 0)
(-0.0463072 0.0024881 0)
(-0.0587598 0.00303837 0)
(-0.0711383 0.00347401 0)
(-0.082549 0.00369042 0)
(-0.0920029 0.00358917 0)
(-0.0985173 0.00310508 0)
(-0.101227 0.00223239 0)
(-0.0994579 0.00102912 0)
(-0.0929419 -0.000373874 0)
(-0.0817521 -0.001811 0)
(-0.0663562 -0.00310875 0)
(-0.047611 -0.00410019 0)
(-0.0267354 -0.00464029 0)
(-0.00521145 -0.00460644 0)
(0.015435 -0.00393649 0)
(0.0337338 -0.00278532 0)
(0.0483778 -0.00137237 0)
(0.0584115 0.00012464 0)
(0.0634543 0.00149595 0)
(0.0637189 0.00253348 0)
(0.0600113 0.00311135 0)
(0.053497 0.00322454 0)
(0.0454079 0.00298632 0)
(0.0368473 0.00254959 0)
(0.0286522 0.00204875 0)
(0.0213427 0.00157443 0)
(0.0151485 0.00117432 0)
(0.0100807 0.000863494 0)
(0.00602954 0.000631305 0)
(0.00290146 0.000436078 0)
(0.000795485 0.000192837 0)
(-8.19968e-05 -8.7396e-05 0)
(0.000566653 -0.00181819 0)
(0.0043749 -0.00431659 0)
(0.00958246 -0.00511663 0)
(0.0146041 -0.00444058 0)
(0.0181616 -0.00299817 0)
(0.0197682 -0.0014576 0)
(0.0194624 -0.000192234 0)
(0.0174556 0.00076589 0)
(0.0138327 0.0016256 0)
(0.00840483 0.00266565 0)
(0.000735213 0.0041033 0)
(-0.00973246 0.00604448 0)
(-0.0235273 0.00849339 0)
(-0.0410117 0.0113829 0)
(-0.0622659 0.0145748 0)
(-0.0869825 0.0178431 0)
(-0.114404 0.0208676 0)
(-0.143335 0.0232559 0)
(-0.172254 0.0245993 0)
(-0.19948 0.0245406 0)
(-0.223358 0.0228328 0)
(-0.242406 0.0193762 0)
(-0.255425 0.0142351 0)
(-0.26156 0.00764198 0)
(-0.260335 -1.33673e-05 0)
(-0.251684 -0.00821471 0)
(-0.235799 -0.0163916 0)
(-0.213129 -0.0239904 0)
(-0.184442 -0.0304478 0)
(-0.150825 -0.03523 0)
(-0.113688 -0.0378748 0)
(-0.0747285 -0.0380387 0)
(-0.0358574 -0.0355768 0)
(0.000991359 -0.030672 0)
(0.033973 -0.023823 0)
(0.0614107 -0.0157557 0)
(0.0819867 -0.00729112 0)
(0.0949797 0.000688062 0)
(0.100255 0.00733853 0)
(0.0984261 0.012078 0)
(0.0909484 0.0147089 0)
(0.0796078 0.0154329 0)
(0.0662303 0.0147145 0)
(0.0524141 0.0131074 0)
(0.0393373 0.0111173 0)
(0.0276944 0.00911059 0)
(0.017774 0.00724911 0)
(0.00968266 0.00543496 0)
(0.00372645 0.00334348 0)
(0.000329333 0.000918609 0)
(0.000785744 -0.00449543 0)
(0.00568896 -0.00969499 0)
(0.0117182 -0.010917 0)
(0.0169067 -0.00900545 0)
(0.0197637 -0.00542349 0)
(0.0197122 -0.00146907 0)
(0.0166697 0.00215345 0)
(0.0106343 0.00542417 0)
(0.00138047 0.00878223 0)
(-0.0116236 0.012794 0)
(-0.0290908 0.0178456 0)
(-0.0516489 0.024014 0)
(-0.0796033 0.0310878 0)
(-0.112724 0.0386033 0)
(-0.150138 0.0458802 0)
(-0.190368 0.0520997 0)
(-0.231527 0.0564381 0)
(-0.271579 0.0582094 0)
(-0.3086 0.0569673 0)
(-0.340963 0.0525459 0)
(-0.367434 0.0450443 0)
(-0.387164 0.0347778 0)
(-0.399642 0.0222193 0)
(-0.404609 0.0079498 0)
(-0.40199 -0.00738098 0)
(-0.391757 -0.0230919 0)
(-0.37395 -0.0384716 0)
(-0.34884 -0.0527295 0)
(-0.316913 -0.0650309 0)
(-0.278931 -0.074539 0)
(-0.235987 -0.0804802 0)
(-0.189519 -0.0822426 0)
(-0.141288 -0.0794955 0)
(-0.0932953 -0.072296 0)
(-0.0476525 -0.0611919 0)
(-0.00635561 -0.0471879 0)
(0.0288721 -0.0315753 0)
(0.056673 -0.0158017 0)
(0.0763553 -0.00115736 0)
(0.0876456 0.0111614 0)
(0.0908063 0.0202466 0)
(0.0870908 0.0257347 0)
(0.0782045 0.0278577 0)
(0.0660372 0.0273051 0)
(0.052389 0.0249756 0)
(0.0387212 0.0217246 0)
(0.0260341 0.0181225 0)
(0.0149681 0.0142397 0)
(0.0062566 0.00958351 0)
(0.00070524 0.00358696 0)
(0.00091774 -0.00772721 0)
(0.00606848 -0.0155925 0)
(0.0115462 -0.0165376 0)
(0.0151634 -0.0124511 0)
(0.0154169 -0.00573257 0)
(0.011748 0.00170101 0)
(0.00393213 0.00894429 0)
(-0.00837959 0.0161058 0)
(-0.0258524 0.0239485 0)
(-0.0493018 0.0332233 0)
(-0.0793651 0.04421 0)
(-0.11614 0.0565678 0)
(-0.158958 0.0694207 0)
(-0.206366 0.0815459 0)
(-0.256325 0.0916145 0)
(-0.306551 0.0984408 0)
(-0.354871 0.101177 0)
(-0.399476 0.099401 0)
(-0.439033 0.0931002 0)
(-0.472666 0.0825758 0)
(-0.49985 0.068327 0)
(-0.520284 0.0509519 0)
(-0.533779 0.0310828 0)
(-0.540171 0.009355 0)
(-0.539296 -0.0135747 0)
(-0.530968 -0.036975 0)
(-0.515066 -0.0599922 0)
(-0.491565 -0.0816624 0)
(-0.460561 -0.100927 0)
(-0.422374 -0.116644 0)
(-0.377633 -0.12767 0)
(-0.327353 -0.133004 0)
(-0.272997 -0.131958 0)
(-0.216502 -0.124328 0)
(-0.160188 -0.110543 0)
(-0.106535 -0.0917121 0)
(-0.0578902 -0.0695388 0)
(-0.016124 -0.0460258 0)
(0.0175689 -0.0230869 0)
(0.0425982 -0.00246483 0)
(0.058902 0.0146035 0)
(0.06674 0.0271945 0)
(0.0672236 0.0349331 0)
(0.0619082 0.0381609 0)
(0.0525834 0.037782 0)
(0.0410406 0.0349318 0)
(0.0288309 0.0305678 0)
(0.0171895 0.025032 0)
(0.00742125 0.0177404 0)
(0.000862106 0.00736617 0)
(0.000999779 -0.0110184 0)
(0.00561074 -0.0208276 0)
(0.0092284 -0.0203477 0)
(0.00967675 -0.0129007 0)
(0.00561761 -0.00193405 0)
(-0.00346776 0.0101293 0)
(-0.0180441 0.0223887 0)
(-0.0388669 0.0352879 0)
(-0.0668702 0.0497668 0)
(-0.102706 0.0663509 0)
(-0.146271 0.0846676 0)
(-0.196492 0.103486 0)
(-0.251429 0.121075 0)
(-0.308634 0.135641 0)
(-0.365601 0.145699 0)
(-0.420152 0.150297 0)
(-0.47064 0.149067 0)
(-0.515984 0.142137 0)
(-0.555553 0.12996 0)
(-0.589021 0.113155 0)
(-0.616228 0.0923911 0)
(-0.637095 0.0683362 0)
(-0.651559 0.041627 0)
(-0.659531 0.0128793 0)
(-0.660906 -0.0172535 0)
(-0.655566 -0.0480283 0)
(-0.643297 -0.0785875 0)
(-0.623806 -0.107937 0)
(-0.596802 -0.134898 0)
(-0.562068 -0.158097 0)
(-0.519557 -0.176057 0)
(-0.469549 -0.187326 0)
(-0.412851 -0.190654 0)
(-0.350952 -0.185256 0)
(-0.286059 -0.171111 0)
(-0.221003 -0.149157 0)
(-0.158946 -0.121286 0)
(-0.102895 -0.0900991 0)
(-0.0551398 -0.0584484 0)
(-0.0168667 -0.0288531 0)
(0.0117987 -0.00308896 0)
(0.031236 0.0176424 0)
(0.0419985 0.0326709 0)
(0.0452903 0.0418424 0)
(0.042631 0.0456952 0)
(0.0357468 0.0452977 0)
(0.0264008 0.0417592 0)
(0.0162512 0.0356001 0)
(0.00711001 0.0261579 0)
(0.000796507 0.0113833 0)
(0.000995729 -0.0139232 0)
(0.00416145 -0.0242942 0)
(0.00458003 -0.0208772 0)
(0.000393953 -0.00872437 0)
(-0.00946974 0.00766265 0)
(-0.0255735 0.0256021 0)
(-0.0486606 0.0444925 0)
(-0.0797112 0.065007 0)
(-0.119439 0.0878021 0)
(-0.167662 0.112564 0)
(-0.223034 0.137839 0)
(-0.283252 0.161471 0)
(-0.345549 0.181242 0)
(-0.407232 0.195373 0)
(-0.46608 0.202795 0)
(-0.52051 0.203161 0)
(-0.569545 0.196695 0)
(-0.612681 0.183979 0)
(-0.649722 0.165753 0)
(-0.680665 0.142797 0)
(-0.705641 0.115871 0)
(-0.724855 0.0856827 0)
(-0.738516 0.0528661 0)
(-0.746811 0.0180236 0)
(-0.749869 -0.0182307 0)
(-0.747695 -0.0552781 0)
(-0.740068 -0.0924364 0)
(-0.726546 -0.12883 0)
(-0.706538 -0.163325 0)
(-0.679284 -0.194529 0)
(-0.643965 -0.220797 0)
(-0.599928 -0.240269 0)
(-0.546947 -0.251037 0)
(-0.48548 -0.251491 0)
(-0.416926 -0.240722 0)
(-0.343814 -0.218895 0)
(-0.269726 -0.187513 0)
(-0.198856 -0.149426 0)
(-0.135252 -0.108408 0)
(-0.0819139 -0.0683394 0)
(-0.040134 -0.0323392 0)
(-0.00953741 -0.0022704 0)
(0.0110431 0.0211344 0)
(0.0227984 0.0375943 0)
(0.027157 0.047325 0)
(0.0257823 0.0511083 0)
(0.0204648 0.0499383 0)
(0.0130779 0.0443198 0)
(0.00574925 0.0334778 0)
(0.000591018 0.0148944 0)
(0.000839836 -0.0158644 0)
(0.00148343 -0.0247691 0)
(-0.00259689 -0.0166925 0)
(-0.0126884 0.00145294 0)
(-0.0295755 0.0244085 0)
(-0.0539327 0.0495772 0)
(-0.0866598 0.0766504 0)
(-0.128516 0.106092 0)
(-0.179375 0.137653 0)
(-0.237809 0.169788 0)
(-0.301291 0.200017 0)
(-0.366788 0.225705 0)
(-0.431386 0.244738 0)
(-0.492722 0.255854 0)
(-0.549138 0.25866 0)
(-0.599638 0.253438 0)
(-0.643746 0.240894 0)
(-0.681364 0.221938 0)
(-0.712669 0.197539 0)
(-0.738049 0.168647 0)
(-0.75804 0.136141 0)
(-0.773226 0.100762 0)
(-0.784169 0.0631298 0)
(-0.791367 0.0237883 0)
(-0.79516 -0.0168078 0)
(-0.79567 -0.0582827 0)
(-0.792793 -0.100209 0)
(-0.786112 -0.141961 0)
(-0.774892 -0.182687 0)
(-0.758023 -0.221233 0)
(-0.734133 -0.256012 0)
(-0.701743 -0.284965 0)
(-0.659455 -0.305716 0)
(-0.60628 -0.315845 0)
(-0.542131 -0.313256 0)
(-0.46829 -0.296713 0)
(-0.387668 -0.266458 0)
(-0.30475 -0.224645 0)
(-0.225062 -0.175297 0)
(-0.15408 -0.123645 0)
(-0.0958072 -0.0748781 0)
(-0.0517026 -0.0327911 0)
(-0.0207518 0.000861251 0)
(-0.000747074 0.0259425 0)
(0.0103072 0.0427848 0)
(0.0143134 0.0520102 0)
(0.0132074 0.0544155 0)
(0.0090131 0.0503536 0)
(0.00400077 0.0389272 0)
(0.000362242 0.0174925 0)
(0.000465004 -0.016097 0)
(-0.00257388 -0.0209723 0)
(-0.0122859 -0.00661566 0)
(-0.0292354 0.0186615 0)
(-0.0539527 0.0492755 0)
(-0.0871893 0.082882 0)
(-0.12967 0.119128 0)
(-0.181401 0.157668 0)
(-0.24106 0.196949 0)
(-0.306059 0.23426 0)
(-0.373162 0.266553 0)
(-0.4392 0.291289 0)
(-0.501569 0.306906 0)
(-0.558426 0.312867 0)
(-0.608656 0.309463 0)
(-0.651753 0.297526 0)
(-0.687692 0.278186 0)
(-0.716831 0.252683 0)
(-0.73982 0.222248 0)
(-0.757508 0.188016 0)
(-0.770821 0.150938 0)
(-0.780648 0.111742 0)
(-0.787797 0.0709791 0)
(-0.792925 0.0290317 0)
(-0.796468 -0.0138838 0)
(-0.798673 -0.0576202 0)
(-0.799607 -0.102008 0)
(-0.798984 -0.146789 0)
(-0.796147 -0.191543 0)
(-0.790034 -0.235505 0)
(-0.77917 -0.277396 0)
(-0.76163 -0.315368 0)
(-0.73512 -0.347007 0)
(-0.697324 -0.369376 0)
(-0.64642 -0.379284 0)
(-0.581679 -0.37388 0)
(-0.504101 -0.351468 0)
(-0.416954 -0.312308 0)
(-0.325821 -0.259223 0)
(-0.237865 -0.19763 0)
(-0.160279 -0.134613 0)
(-0.098241 -0.0770154 0)
(-0.0533159 -0.0293845 0)
(-0.0235801 0.00686234 0)
(-0.00556113 0.0324433 0)
(0.00361424 0.0482894 0)
(0.00645826 0.0552452 0)
(0.00528942 0.053586 0)
(0.00248761 0.0423757 0)
(0.000209253 0.0191568 0)
(-0.000171954 -0.0137867 0)
(-0.00796586 -0.0118298 0)
(-0.0241221 0.0102033 0)
(-0.0484386 0.0435069 0)
(-0.0812334 0.0826424 0)
(-0.123143 0.125392 0)
(-0.174304 0.170826 0)
(-0.233646 0.217347 0)
(-0.298702 0.262105 0)
(-0.366138 0.301647 0)
(-0.432532 0.332912 0)
(-0.494978 0.353886 0)
(-0.551362 0.363765 0)
(-0.600383 0.362773 0)
(-0.641459 0.351852 0)
(-0.674623 0.332379 0)
(-0.700403 0.305928 0)
(-0.719704 0.274085 0)
(-0.733657 0.238308 0)
(-0.743461 0.199815 0)
(-0.750244 0.159519 0)
(-0.754996 0.118049 0)
(-0.758529 0.0757919 0)
(-0.761437 0.032912 0)
(-0.764148 -0.0105709 0)
(-0.766987 -0.0546738 0)
(-0.770097 -0.0994676 0)
(-0.773375 -0.145033 0)
(-0.776481 -0.191318 0)
(-0.778756 -0.237986 0)
(-0.779052 -0.284312 0)
(-0.775557 -0.329052 0)
(-0.76579 -0.370208 0)
(-0.746752 -0.404874 0)
(-0.71522 -0.429349 0)
(-0.668323 -0.43955 0)
(-0.604463 -0.431704 0)
(-0.524329 -0.403382 0)
(-0.431621 -0.354722 0)
(-0.333158 -0.289382 0)
(-0.237977 -0.21458 0)
(-0.155222 -0.139725 0)
(-0.0912498 -0.0736333 0)
(-0.0474036 -0.0215419 0)
(-0.0204302 0.0157986 0)
(-0.0054728 0.0401098 0)
(0.00120454 0.0527758 0)
(0.00267387 0.0543851 0)
(0.00160597 0.0442007 0)
(0.000183939 0.0201678 0)
(-0.00107267 -0.00816566 0)
(-0.0144164 0.00340725 0)
(-0.0373681 0.0341437 0)
(-0.0690437 0.0760463 0)
(-0.109499 0.124134 0)
(-0.158988 0.175946 0)
(-0.216768 0.229511 0)
(-0.28068 0.28187 0)
(-0.34745 0.329209 0)
(-0.413467 0.367862 0)
(-0.475502 0.395196 0)
(-0.53111 0.409965 0)
(-0.578745 0.412203 0)
(-0.617708 0.40291 0)
(-0.648055 0.383709 0)
(-0.670473 0.356545 0)
(-0.686107 0.323419 0)
(-0.696353 0.286166 0)
(-0.702648 0.246312 0)
(-0.706292 0.204981 0)
(-0.708357 0.162912 0)
(-0.709676 0.120527 0)
(-0.710837 0.0779946 0)
(-0.712227 0.0352937 0)
(-0.71416 -0.00767003 0)
(-0.716906 -0.051032 0)
(-0.720589 -0.0950022 0)
(-0.725299 -0.139805 0)
(-0.731069 -0.185592 0)
(-0.737736 -0.232415 0)
(-0.744738 -0.280154 0)
(-0.750933 -0.328297 0)
(-0.754439 -0.375616 0)
(-0.752448 -0.419913 0)
(-0.741209 -0.457852 0)
(-0.716434 -0.484937 0)
(-0.674137 -0.495892 0)
(-0.611806 -0.485653 0)
(-0.52972 -0.450886 0)
(-0.43206 -0.391673 0)
(-0.327155 -0.312804 0)
(-0.226232 -0.223857 0)
(-0.140482 -0.13719 0)
(-0.0771193 -0.0638287 0)
(-0.0365932 -0.00931633 0)
(-0.0137825 0.0267996 0)
(-0.00262716 0.0471452 0)
(0.0013032 0.0532482 0)
(0.00144688 0.045018 0)
(0.000288215 0.0209455 0)
(-0.00217982 0.00131337 0)
(-0.0214272 0.0250269 0)
(-0.0510223 0.0650671 0)
(-0.0895011 0.115748 0)
(-0.13655 0.172616 0)
(-0.191811 0.232561 0)
(-0.253588 0.292332 0)
(-0.318874 0.347803 0)
(-0.383999 0.394669 0)
(-0.445447 0.429512 0)
(-0.50041 0.450423 0)
(-0.547033 0.457059 0)
(-0.584433 0.450359 0)
(-0.612638 0.432148 0)
(-0.632446 0.404755 0)
(-0.64522 0.37064 0)
(-0.652609 0.332082 0)
(-0.656275 0.290954 0)
(-0.657668 0.248617 0)
(-0.657914 0.205925 0)
(-0.657799 0.163322 0)
(-0.657823 0.120967 0)
(-0.658253 0.0788225 0)
(-0.659229 0.0367612 0)
(-0.660873 -0.00537106 0)
(-0.663325 -0.0477543 0)
(-0.666669 -0.0905838 0)
(-0.671101 -0.134049 0)
(-0.676859 -0.178361 0)
(-0.684134 -0.223787 0)
(-0.692968 -0.270588 0)
(-0.703106 -0.318847 0)
(-0.713691 -0.368249 0)
(-0.722872 -0.417761 0)
(-0.727527 -0.465163 0)
(-0.723254 -0.506595 0)
(-0.704741 -0.536493 0)
(-0.666725 -0.548136 0)
(-0.6056 -0.534936 0)
(-0.521316 -0.492469 0)
(-0.418845 -0.42088 0)
(-0.308412 -0.326727 0)
(-0.203738 -0.222897 0)
(-0.117979 -0.125409 0)
(-0.0584581 -0.0473843 0)
(-0.0236458 0.00623648 0)
(-0.00619027 0.0377562 0)
(0.000679037 0.0503875 0)
(0.00180986 0.0453536 0)
(0.000485809 0.021873 0)
(-0.0033581 0.0148838 0)
(-0.0283512 0.0528275 0)
(-0.0639651 0.102348 0)
(-0.108202 0.161527 0)
(-0.160269 0.226367 0)
(-0.219093 0.292811 0)
(-0.282152 0.356347 0)
(-0.34593 0.412052 0)
(-0.406725 0.455591 0)
(-0.461369 0.484143 0)
(-0.507636 0.496725 0)
(-0.544371 0.494005 0)
(-0.571476 0.477899 0)
(-0.589782 0.451083 0)
(-0.60081 0.416511 0)
(-0.606437 0.376972 0)
(-0.608544 0.334763 0)
(-0.608737 0.291523 0)
(-0.608199 0.248244 0)
(-0.607677 0.205389 0)
(-0.607562 0.163072 0)
(-0.607993 0.121208 0)
(-0.608966 0.0796304 0)
(-0.61042 0.0381667 0)
(-0.612312 -0.00334412 0)
(-0.614678 -0.0450397 0)
(-0.617574 -0.0870218 0)
(-0.621159 -0.129386 0)
(-0.625674 -0.172291 0)
(-0.631445 -0.215987 0)
(-0.638872 -0.260807 0)
(-0.648325 -0.307147 0)
(-0.659894 -0.355392 0)
(-0.673025 -0.405619 0)
(-0.686082 -0.457056 0)
(-0.695842 -0.507408 0)
(-0.697238 -0.552261 0)
(-0.683757 -0.584832 0)
(-0.648771 -0.59655 0)
(-0.587651 -0.57888 0)
(-0.500224 -0.526276 0)
(-0.392692 -0.439514 0)
(-0.277798 -0.328022 0)
(-0.172114 -0.20927 0)
(-0.0902952 -0.103571 0)
(-0.038323 -0.0252774 0)
(-0.0113382 0.0229039 0)
(-0.000155155 0.0453633 0)
(0.00229689 0.0453519 0)
(0.000720615 0.0231554 0)
(-0.00444356 0.0323932 0)
(-0.0345361 0.0861445 0)
(-0.0751395 0.144931 0)
(-0.12372 0.211878 0)
(-0.178941 0.283352 0)
(-0.239051 0.354221 0)
(-0.300943 0.418928 0)
(-0.360925 0.472166 0)
(-0.415533 0.509964 0)
(-0.462131 0.530358 0)
(-0.499188 0.533441 0)
(-0.526353 0.520993 0)
(-0.544361 0.49593 0)
(-0.554794 0.461692 0)
(-0.559701 0.421647 0)
(-0.561169 0.378614 0)
(-0.560972 0.334605 0)
(-0.560376 0.2908 0)
(-0.560119 0.24771 0)
(-0.56051 0.205398 0)
(-0.561578 0.163703 0)
(-0.56321 0.122393 0)
(-0.565249 0.0812557 0)
(-0.567542 0.0401257 0)
(-0.56998 -0.00111543 0)
(-0.572564 -0.0425308 0)
(-0.575321 -0.0841436 0)
(-0.57831 -0.125971 0)
(-0.581684 -0.168065 0)
(-0.585708 -0.210532 0)
(-0.590795 -0.253584 0)
(-0.597487 -0.297622 0)
(-0.606384 -0.343261 0)
(-0.617963 -0.391204 0)
(-0.632142 -0.441918 0)
(-0.647577 -0.494998 0)
(-0.660916 -0.548188 0)
(-0.666403 -0.59634 0)
(-0.656299 -0.630984 0)
(-0.622505 -0.641216 0)
(-0.559424 -0.616298 0)
(-0.467259 -0.549789 0)
(-0.354319 -0.444122 0)
(-0.236677 -0.313372 0)
(-0.133894 -0.181262 0)
(-0.0609079 -0.0724274 0)
(-0.0200576 -0.000205115 0)
(-0.00226925 0.0369393 0)
(0.00246953 0.0446273 0)
(0.000939994 0.0247532 0)
(-0.0052879 0.0532798 0)
(-0.039421 0.123919 0)
(-0.0836877 0.191441 0)
(-0.134987 0.265066 0)
(-0.191445 0.341492 0)
(-0.250761 0.414563 0)
(-0.30952 0.477988 0)
(-0.364124 0.52647 0)
(-0.411545 0.556708 0)
(-0.449792 0.567798 0)
(-0.478116 0.561029 0)
(-0.496994 0.539329 0)
(-0.507921 0.506537 0)
(-0.513025 0.466636 0)
(-0.514566 0.423088 0)
(-0.514502 0.378413 0)
(-0.514221 0.334094 0)
(-0.514494 0.290745 0)
(-0.51559 0.248405 0)
(-0.51746 0.206834 0)
(-0.519911 0.165719 0)
(-0.522726 0.124792 0)
(-0.525724 0.0838628 0)
(-0.528763 0.0428151 0)
(-0.531756 0.00158873 0)
(-0.534707 -0.0398274 0)
(-0.537638 -0.0814188 0)
(-0.540534 -0.123161 0)
(-0.543452 -0.165022 0)
(-0.546512 -0.206983 0)
(-0.549938 -0.249098 0)
(-0.554115 -0.291572 0)
(-0.559665 -0.334849 0)
(-0.567434 -0.379693 0)
(-0.578276 -0.427163 0)
(-0.592545 -0.478255 0)
(-0.60924 -0.532987 0)
(-0.624937 -0.589 0)
(-0.633065 -0.640101 0)
(-0.624384 -0.675624 0)
(-0.589284 -0.681702 0)
(-0.521622 -0.645137 0)
(-0.422882 -0.559361 0)
(-0.304673 -0.430469 0)
(-0.187296 -0.279817 0)
(-0.0928409 -0.138951 0)
(-0.0339628 -0.0351886 0)
(-0.00650374 0.0231697 0)
(0.00201215 0.0423101 0)
(0.00111646 0.0264163 0)
(-0.00576979 0.0766379 0)
(-0.0425935 0.164819 0)
(-0.0890361 0.240334 0)
(-0.141389 0.31932 0)
(-0.197301 0.398889 0)
(-0.254109 0.47204 0)
(-0.308336 0.532082 0)
(-0.356685 0.574065 0)
(-0.396685 0.595601 0)
(-0.427061 0.59699 0)
(-0.447851 0.580779 0)
(-0.460283 0.550983 0)
(-0.466414 0.512161 0)
(-0.468611 0.468519 0)
(-0.469021 0.423266 0)
(-0.469202 0.378358 0)
(-0.47002 0.334632 0)
(-0.471757 0.292159 0)
(-0.474321 0.250632 0)
(-0.477464 0.209652 0)
(-0.480925 0.168883 0)
(-0.484505 0.128104 0)
(-0.488082 0.0871894 0)
(-0.491579 0.0460823 0)
(-0.494959 0.00476597 0)
(-0.498256 -0.0367505 0)
(-0.501495 -0.0784445 0)
(-0.504644 -0.120287 0)
(-0.507698 -0.162223 0)
(-0.510655 -0.204186 0)
(-0.513546 -0.24612 0)
(-0.516513 -0.288019 0)
(-0.519898 -0.330029 0)
(-0.524351 -0.372614 0)
(-0.530875 -0.41673 0)
(-0.540689 -0.463831 0)
(-0.554648 -0.515454 0)
(-0.572073 -0.572056 0)
(-0.589267 -0.631035 0)
(-0.598549 -0.684579 0)
(-0.588977 -0.718889 0)
(-0.549524 -0.716411 0)
(-0.474229 -0.661721 0)
(-0.367315 -0.549905 0)
(-0.245319 -0.394011 0)
(-0.133341 -0.226069 0)
(-0.0540402 -0.0858313 0)
(-0.0133504 0.00163693 0)
(0.000772948 0.0372197 0)
(0.00125385 0.0277858 0)
(-0.00581373 0.101334 0)
(-0.0438213 0.207363 0)
(-0.0909211 0.290032 0)
(-0.142757 0.372989 0)
(-0.196602 0.453961 0)
(-0.249621 0.525352 0)
(-0.298478 0.580391 0)
(-0.340311 0.614742 0)
(-0.373267 0.627108 0)
(-0.396789 0.619078 0)
(-0.411629 0.594425 0)
(-0.419582 0.558087 0)
(-0.422996 0.515044 0)
(-0.42417 0.469378 0)
(-0.424881 0.423756 0)
(-0.426166 0.379434 0)
(-0.428386 0.336627 0)
(-0.431457 0.294996 0)
(-0.435097 0.254049 0)
(-0.439009 0.213371 0)
(-0.442977 0.172693 0)
(-0.446886 0.131879 0)
(-0.450691 0.0908754 0)
(-0.454384 0.0496702 0)
(-0.457969 0.00826619 0)
(-0.461506 -0.0333271 0)
(-0.465035 -0.0750952 0)
(-0.46853 -0.117028 0)
(-0.471965 -0.159092 0)
(-0.475287 -0.201229 0)
(-0.478434 -0.24335 0)
(-0.481361 -0.285345 0)
(-0.48411 -0.327141 0)
(-0.486932 -0.368832 0)
(-0.490472 -0.410896 0)
(-0.495907 -0.454466 0)
(-0.50482 -0.501453 0)
(-0.518511 -0.554061 0)
(-0.536504 -0.61314 0)
(-0.554558 -0.675346 0)
(-0.563421 -0.730247 0)
(-0.550109 -0.75972 0)
(-0.50258 -0.741913 0)
(-0.416523 -0.660272 0)
(-0.301054 -0.515021 0)
(-0.179316 -0.331209 0)
(-0.0805149 -0.154851 0)
(-0.0231573 -0.0304588 0)
(-0.00128156 0.0280243 0)
(0.00137161 0.0284846 0)
(-0.00539648 0.126125 0)
(-0.0430484 0.250044 0)
(-0.089362 0.339045 0)
(-0.1393 0.42465 0)
(-0.189879 0.505501 0)
(-0.238261 0.57369 0)
(-0.281395 0.622637 0)
(-0.316926 0.648826 0)
(-0.343625 0.652156 0)
(-0.361584 0.635508 0)
(-0.372115 0.603766 0)
(-0.377345 0.562537 0)
(-0.379633 0.516893 0)
(-0.380974 0.470488 0)
(-0.382652 0.425285 0)
(-0.3852 0.381842 0)
(-0.3886 0.339876 0)
(-0.392568 0.298814 0)
(-0.396782 0.258131 0)
(-0.401005 0.21749 0)
(-0.40511 0.176724 0)
(-0.40907 0.135783 0)
(-0.412909 0.0946667 0)
(-0.416656 0.053384 0)
(-0.420336 0.0119396 0)
(-0.424021 -0.0296667 0)
(-0.427761 -0.071434 0)
(-0.431543 -0.113377 0)
(-0.435341 -0.155492 0)
(-0.439112 -0.197752 0)
(-0.442778 -0.240096 0)
(-0.446223 -0.282414 0)
(-0.449321 -0.324553 0)
(-0.452013 -0.366369 0)
(-0.454473 -0.407881 0)
(-0.457343 -0.449585 0)
(-0.46196 -0.492875 0)
(-0.470291 -0.540253 0)
(-0.484073 -0.59466 0)
(-0.502796 -0.657118 0)
(-0.521076 -0.722685 0)
(-0.527401 -0.776729 0)
(-0.506637 -0.795226 0)
(-0.446824 -0.752037 0)
(-0.347686 -0.632512 0)
(-0.225963 -0.448159 0)
(-0.112334 -0.242554 0)
(-0.0364013 -0.0761149 0)
(-0.00422515 0.0132227 0)
(0.00146116 0.0281031 0)
(-0.00454272 0.149772 0)
(-0.0403674 0.291424 0)
(-0.0846011 0.386052 0)
(-0.131502 0.473159 0)
(-0.177943 0.552675 0)
(-0.221218 0.616666 0)
(-0.258654 0.658962 0)
(-0.288416 0.676992 0)
(-0.309849 0.671889 0)
(-0.323571 0.647755 0)
(-0.331251 0.610387 0)
(-0.335111 0.565773 0)
(-0.337296 0.518779 0)
(-0.339371 0.472437 0)
(-0.342131 0.427969 0)
(-0.345712 0.38534 0)
(-0.349879 0.343945 0)
(-0.354297 0.303133 0)
(-0.358701 0.262453 0)
(-0.362949 0.221679 0)
(-0.36701 0.180747 0)
(-0.370917 0.139665 0)
(-0.374731 0.0984583 0)
(-0.378497 0.0571401 0)
(-0.382238 0.0157049 0)
(-0.386022 -0.0258604 0)
(-0.389909 -0.0675669 0)
(-0.39389 -0.109448 0)
(-0.397949 -0.151521 0)
(-0.402064 -0.193794 0)
(-0.40618 -0.236248 0)
(-0.410195 -0.278823 0)
(-0.413953 -0.321391 0)
(-0.417264 -0.363748 0)
(-0.419983 -0.405668 0)
(-0.422201 -0.447106 0)
(-0.424584 -0.488626 0)
(-0.428706 -0.531999 0)
(-0.436974 -0.580522 0)
(-0.451448 -0.637971 0)
(-0.471098 -0.704997 0)
(-0.488526 -0.773404 0)
(-0.489214 -0.821975 0)
(-0.456269 -0.819367 0)
(-0.380077 -0.736961 0)
(-0.267958 -0.568424 0)
(-0.14693 -0.345989 0)
(-0.0533987 -0.137546 0)
(-0.00822351 -0.0088182 0)
(0.00147451 0.0261852 0)
(-0.00331509 0.171131 0)
(-0.0359804 0.330208 0)
(-0.077031 0.429944 0)
(-0.120007 0.517655 0)
(-0.161736 0.594979 0)
(-0.199735 0.654223 0)
(-0.231752 0.68978 0)
(-0.256447 0.700086 0)
(-0.273638 0.68747 0)
(-0.28431 0.657117 0)
(-0.290287 0.615504 0)
(-0.29368 0.568725 0)
(-0.296286 0.521224 0)
(-0.29922 0.47533 0)
(-0.30287 0.431593 0)
(-0.307126 0.389543 0)
(-0.311672 0.348418 0)
(-0.316216 0.307605 0)
(-0.32059 0.266766 0)
(-0.324745 0.225793 0)
(-0.328713 0.18469 0)
(-0.332563 0.143498 0)
(-0.336365 0.102243 0)
(-0.340163 0.0609312 0)
(-0.343969 0.0195422 0)
(-0.347841 -0.021949 0)
(-0.351843 -0.0635613 0)
(-0.355969 -0.10534 0)
(-0.360206 -0.147316 0)
(-0.364547 -0.189516 0)
(-0.368964 -0.231959 0)
(-0.373396 -0.274637 0)
(-0.377727 -0.317487 0)
(-0.381769 -0.36036 0)
(-0.385271 -0.402994 0)
(-0.388009 -0.445075 0)
(-0.390031 -0.486502 0)
(-0.392096 -0.528004 0)
(-0.39611 -0.571985 0)
(-0.404985 -0.622855 0)
(-0.420883 -0.685131 0)
(-0.44141 -0.757809 0)
(-0.455888 -0.826632 0)
(-0.446291 -0.860787 0)
(-0.395666 -0.821445 0)
(-0.300749 -0.683156 0)
(-0.180757 -0.459483 0)
(-0.0736013 -0.215106 0)
(-0.0135231 -0.0398839 0)
(0.00139006 0.0222502 0)
(-0.00180251 0.189224 0)
(-0.0301586 0.365279 0)
(-0.0671252 0.469836 0)
(-0.105527 0.557543 0)
(-0.142215 0.632173 0)
(-0.174983 0.686528 0)
(-0.202004 0.715651 0)
(-0.22237 0.718979 0)
(-0.236255 0.699941 0)
(-0.244836 0.664621 0)
(-0.249914 0.619943 0)
(-0.253347 0.571889 0)
(-0.25654 0.52436 0)
(-0.260205 0.479006 0)
(-0.264451 0.435833 0)
(-0.269045 0.394097 0)
(-0.273688 0.353002 0)
(-0.278174 0.312032 0)
(-0.282426 0.270973 0)
(-0.286464 0.229802 0)
(-0.290353 0.188565 0)
(-0.294172 0.147307 0)
(-0.297987 0.106047 0)
(-0.301835 0.0647742 0)
(-0.305717 0.0234572 0)
(-0.309675 -0.01794 0)
(-0.313782 -0.0594404 0)
(-0.318037 -0.101099 0)
(-0.322416 -0.142952 0)
(-0.326921 -0.185039 0)
(-0.33154 -0.227397 0)
(-0.336243 -0.270054 0)
(-0.340964 -0.31301 0)
(-0.345572 -0.356198 0)
(-0.349847 -0.399437 0)
(-0.353484 -0.442386 0)
(-0.356194 -0.48463 0)
(-0.358027 -0.526066 0)
(-0.359945 -0.567794 0)
(-0.36437 -0.613263 0)
(-0.374751 -0.668351 0)
(-0.392774 -0.737732 0)
(-0.413247 -0.816083 0)
(-0.420803 -0.878719 0)
(-0.39457 -0.882515 0)
(-0.321445 -0.784849 0)
(-0.210249 -0.575976 0)
(-0.0954109 -0.306755 0)
(-0.0203484 -0.0816507 0)
(0.00125013 0.0158142 0)
(-0.00010916 0.203272 0)
(-0.0232087 0.395713 0)
(-0.0553815 0.505054 0)
(-0.0887603 0.592443 0)
(-0.120265 0.664212 0)
(-0.147981 0.713878 0)
(-0.17048 0.737173 0)
(-0.187207 0.734467 0)
(-0.198559 0.710145 0)
(-0.205755 0.670998 0)
(-0.210432 0.624188 0)
(-0.214121 0.575443 0)
(-0.217849 0.528099 0)
(-0.222018 0.48321 0)
(-0.22657 0.440387 0)
(-0.231249 0.398742 0)
(-0.235819 0.357524 0)
(-0.240161 0.316331 0)
(-0.244269 0.275052 0)
(-0.248201 0.23372 0)
(-0.252034 0.192396 0)
(-0.25584 0.151116 0)
(-0.259679 0.109885 0)
(-0.263582 0.0686793 0)
(-0.26754 0.0274552 0)
(-0.271581 -0.0138314 0)
(-0.275791 -0.0552053 0)
(-0.280175 -0.096731 0)
(-0.284694 -0.138449 0)
(-0.289352 -0.180405 0)
(-0.294143 -0.222645 0)
(-0.29905 -0.265216 0)
(-0.30404 -0.308155 0)
(-0.309038 -0.351467 0)
(-0.313897 -0.395072 0)
(-0.31836 -0.438731 0)
(-0.322061 -0.481997 0)
(-0.324669 -0.524353 0)
(-0.326324 -0.565813 0)
(-0.328387 -0.608234 0)
(-0.334 -0.656755 0)
(-0.346975 -0.718914 0)
(-0.367309 -0.797639 0)
(-0.384932 -0.878258 0)
(-0.37905 -0.920166 0)
(-0.329112 -0.868393 0)
(-0.232651 -0.688452 0)
(-0.116671 -0.408502 0)
(-0.0286997 -0.135267 0)
(0.00111708 0.00636591 0)
(0.00165527 0.212718 0)
(-0.0154469 0.420778 0)
(-0.0422823 0.535108 0)
(-0.0703521 0.622149 0)
(-0.0966585 0.691173 0)
(-0.119562 0.736623 0)
(-0.137997 0.754907 0)
(-0.15167 0.747211 0)
(-0.161082 0.718712 0)
(-0.167365 0.676714 0)
(-0.171901 0.628467 0)
(-0.175876 0.579377 0)
(-0.179986 0.532256 0)
(-0.184422 0.487689 0)
(-0.189049 0.44502 0)
(-0.193644 0.403313 0)
(-0.198048 0.361896 0)
(-0.202213 0.320474 0)
(-0.206178 0.279009 0)
(-0.210016 0.237564 0)
(-0.213802 0.196198 0)
(-0.217596 0.154932 0)
(-0.221451 0.113758 0)
(-0.225399 0.0726417 0)
(-0.229424 0.0315319 0)
(-0.233537 -0.00962471 0)
(-0.237846 -0.0508526 0)
(-0.242366 -0.092229 0)
(-0.247037 -0.133798 0)
(-0.251863 -0.17561 0)
(-0.256835 -0.217715 0)
(-0.261944 -0.260168 0)
(-0.267169 -0.303027 0)
(-0.272469 -0.346339 0)
(-0.277756 -0.390105 0)
(-0.282857 -0.43421 0)
(-0.287463 -0.478322 0)
(-0.29115 -0.521849 0)
(-0.29359 -0.564203 0)
(-0.295162 -0.605799 0)
(-0.297904 -0.649961 0)
(-0.305857 -0.70433 0)
(-0.322477 -0.777391 0)
(-0.343797 -0.86564 0)
(-0.352661 -0.937128 0)
(-0.324556 -0.931397 0)
(-0.246448 -0.791047 0)
(-0.13533 -0.515299 0)
(-0.0381869 -0.200506 0)
(0.000968598 -0.00656407 0)
(0.00338484 0.217251 0)
(-0.00718245 0.439888 0)
(-0.0282761 0.559653 0)
(-0.0508652 0.646571 0)
(-0.0720337 0.713201 0)
(-0.0903768 0.755108 0)
(-0.105143 0.769329 0)
(-0.116221 0.757722 0)
(-0.124108 0.726071 0)
(-0.129761 0.682033 0)
(-0.134256 0.632841 0)
(-0.138443 0.583582 0)
(-0.142758 0.536632 0)
(-0.147256 0.492232 0)
(-0.151791 0.449568 0)
(-0.156197 0.407713 0)
(-0.160385 0.366079 0)
(-0.16436 0.324455 0)
(-0.168182 0.282849 0)
(-0.171925 0.241336 0)
(-0.175654 0.199966 0)
(-0.179422 0.158744 0)
(-0.183275 0.11765 0)
(-0.187249 0.0766458 0)
(-0.191328 0.0356747 0)
(-0.195498 -0.00532504 0)
(-0.199896 -0.0463809 0)
(-0.204557 -0.0875826 0)
(-0.209393 -0.128982 0)
(-0.214408 -0.17063 0)
(-0.21959 -0.212584 0)
(-0.224928 -0.254899 0)
(-0.230405 -0.297643 0)
(-0.235997 -0.340886 0)
(-0.241651 -0.384681 0)
(-0.247257 -0.429012 0)
(-0.252598 -0.473689 0)
(-0.257305 -0.51823 0)
(-0.260903 -0.561867 0)
(-0.263158 -0.604093 0)
(-0.264947 -0.646325 0)
(-0.26936 -0.694503 0)
(-0.281182 -0.759306 0)
(-0.301602 -0.846827 0)
(-0.319359 -0.937798 0)
(-0.309808 -0.973938 0)
(-0.251388 -0.879641 0)
(-0.149906 -0.622014 0)
(-0.0480793 -0.275606 0)
(0.000664393 -0.0234204 0)
(0.00493806 0.216682 0)
(0.00127968 0.452701 0)
(-0.0137623 0.578432 0)
(-0.0307804 0.665697 0)
(-0.0469044 0.730462 0)
(-0.0609131 0.769632 0)
(-0.072321 0.780809 0)
(-0.0811274 0.766358 0)
(-0.0877553 0.732488 0)
(-0.0929211 0.687072 0)
(-0.0973759 0.637279 0)
(-0.101664 0.587919 0)
(-0.106017 0.541048 0)
(-0.11042 0.496679 0)
(-0.114748 0.453922 0)
(-0.118898 0.411884 0)
(-0.122841 0.370049 0)
(-0.126612 0.328264 0)
(-0.130279 0.286565 0)
(-0.133911 0.245025 0)
(-0.137565 0.203682 0)
(-0.141283 0.16253 0)
(-0.145111 0.12154 0)
(-0.149089 0.0806707 0)
(-0.153206 0.0398687 0)
(-0.157415 -0.000936851 0)
(-0.161888 -0.0417907 0)
(-0.166691 -0.0827823 0)
(-0.171705 -0.123981 0)
(-0.176928 -0.16544 0)
(-0.182348 -0.207217 0)
(-0.18795 -0.249372 0)
(-0.193719 -0.291973 0)
(-0.199636 -0.335104 0)
(-0.205666 -0.37885 0)
(-0.211735 -0.423258 0)
(-0.217699 -0.468259 0)
(-0.223281 -0.513528 0)
(-0.22804 -0.558367 0)
(-0.231497 -0.601863 0)
(-0.233699 -0.644007 0)
(-0.236433 -0.688404 0)
(-0.244141 -0.745112 0)
(-0.261199 -0.826498 0)
(-0.282789 -0.927134 0)
(-0.287517 -0.997946 0)
(-0.248243 -0.951988 0)
(-0.15966 -0.72415 0)
(-0.0575437 -0.357805 0)
(-5.07864e-06 -0.0446287 0)
(0.00616004 0.211242 0)
(0.00957639 0.458776 0)
(0.000934523 0.591353 0)
(-0.0104979 0.679537 0)
(-0.0216768 0.743108 0)
(-0.0315268 0.780425 0)
(-0.0397898 0.789606 0)
(-0.046527 0.773344 0)
(-0.0520357 0.738103 0)
(-0.0567597 0.691859 0)
(-0.0611241 0.641705 0)
(-0.0653982 0.592256 0)
(-0.0696577 0.545363 0)
(-0.0738495 0.500918 0)
(-0.077891 0.45801 0)
(-0.0817394 0.415786 0)
(-0.0854096 0.373783 0)
(-0.0889563 0.331885 0)
(-0.0924465 0.290138 0)
(-0.0959422 0.248607 0)
(-0.0994928 0.207321 0)
(-0.103137 0.166265 0)
(-0.106915 0.125403 0)
(-0.110876 0.084695 0)
(-0.11501 0.044094 0)
(-0.119245 0.00352529 0)
(-0.123775 -0.0370892 0)
(-0.128714 -0.0778255 0)
(-0.133916 -0.118784 0)
(-0.139362 -0.160018 0)
(-0.145042 -0.201585 0)
(-0.150943 -0.243546 0)
(-0.157049 -0.285972 0)
(-0.16334 -0.328953 0)
(-0.169788 -0.372592 0)
(-0.176343 -0.41698 0)
(-0.182901 -0.462133 0)
(-0.189263 -0.507868 0)
(-0.195079 -0.553639 0)
(-0.199851 -0.598482 0)
(-0.203206 -0.641573 0)
(-0.205826 -0.684406 0)
(-0.210951 -0.734782 0)
(-0.224068 -0.807615 0)
(-0.245831 -0.909745 0)
(-0.260417 -1.00646 0)
(-0.238432 -1.00749 0)
(-0.164545 -0.818225 0)
(-0.0658544 -0.44395 0)
(-0.00115714 -0.0704298 0)
(0.00695713 0.20143 0)
(0.0173253 0.4577 0)
(0.0154881 0.598267 0)
(0.00966818 0.688189 0)
(0.00332748 0.751263 0)
(-0.00248216 0.787656 0)
(-0.00771406 0.795884 0)
(-0.0124714 0.778801 0)
(-0.0169026 0.742964 0)
(-0.0211663 0.696366 0)
(-0.0253692 0.646035 0)
(-0.02953 0.596481 0)
(-0.0335961 0.549471 0)
(-0.0374982 0.504867 0)
(-0.0411977 0.461775 0)
(-0.044706 0.41938 0)
(-0.0480733 0.377252 0)
(-0.0513658 0.335289 0)
(-0.0546479 0.293535 0)
(-0.0579743 0.25205 0)
(-0.06139 0.210852 0)
(-0.0649314 0.169921 0)
(-0.0686374 0.129216 0)
(-0.0725592 0.0886944 0)
(-0.0766958 0.0483192 0)
(-0.0809471 0.0080195 0)
(-0.0855158 -0.0323074 0)
(-0.0905736 -0.0727314 0)
(-0.0959689 -0.113398 0)
(-0.101646 -0.154359 0)
(-0.107605 -0.195669 0)
(-0.113834 -0.237391 0)
(-0.120317 -0.279598 0)
(-0.127034 -0.322382 0)
(-0.133959 -0.365859 0)
(-0.141052 -0.410151 0)
(-0.148233 -0.455334 0)
(-0.155355 -0.501332 0)
(-0.162151 -0.547752 0)
(-0.168198 -0.593738 0)
(-0.172998 -0.638142 0)
(-0.176536 -0.680964 0)
(-0.180712 -0.727271 0)
(-0.190584 -0.791478 0)
(-0.210435 -0.889311 0)
(-0.230938 -1.00293 0)
(-0.223644 -1.04683 0)
(-0.165007 -0.901895 0)
(-0.0725368 -0.531049 0)
(-0.00274446 -0.100757 0)
(0.0073156 0.187869 0)
(0.0242027 0.449415 0)
(0.0295294 0.598864 0)
(0.0294457 0.69169 0)
(0.0278644 0.755026 0)
(0.0260248 0.791381 0)
(0.0237954 0.799684 0)
(0.0210235 0.782748 0)
(0.0177079 0.747059 0)
(0.0139682 0.700548 0)
(0.010004 0.650202 0)
(0.00603315 0.600526 0)
(0.0022275 0.55332 0)
(-0.00132984 0.508494 0)
(-0.00464412 0.465202 0)
(-0.00777544 0.42266 0)
(-0.0108034 0.38045 0)
(-0.0138038 0.338468 0)
(-0.0168385 0.29675 0)
(-0.0199571 0.255346 0)
(-0.0232022 0.214269 0)
(-0.0266111 0.173494 0)
(-0.0302226 0.132975 0)
(-0.0340919 0.0926636 0)
(-0.0382332 0.0525323 0)
(-0.0425048 0.0125335 0)
(-0.0470833 -0.0274448 0)
(-0.0522291 -0.0674949 0)
(-0.0578097 -0.107816 0)
(-0.0637183 -0.148456 0)
(-0.069964 -0.189458 0)
(-0.0765424 -0.230884 0)
(-0.0834382 -0.272812 0)
(-0.0906311 -0.315341 0)
(-0.098095 -0.358596 0)
(-0.105792 -0.40272 0)
(-0.113657 -0.447832 0)
(-0.121573 -0.493937 0)
(-0.129335 -0.540768 0)
(-0.136606 -0.587612 0)
(-0.142916 -0.633281 0)
(-0.14793 -0.676919 0)
(-0.152483 -0.721177 0)
(-0.160416 -0.778114 0)
(-0.177652 -0.86833 0)
(-0.200989 -0.990692 0)
(-0.20554 -1.07149 0)
(-0.161783 -0.973871 0)
(-0.0774131 -0.616588 0)
(-0.00459569 -0.135211 0)
(0.00726238 0.171306 0)
(0.0299398 0.434067 0)
(0.0426684 0.592843 0)
(0.0485585 0.689975 0)
(0.0517204 0.754455 0)
(0.0538215 0.791613 0)
(0.05464 0.800952 0)
(0.0539477 0.785091 0)
(0.0518613 0.750279 0)
(0.0487536 0.704303 0)
(0.0451135 0.654123 0)
(0.041391 0.604329 0)
(0.0378822 0.556858 0)
(0.0346955 0.511752 0)
(0.0317945 0.468245 0)
(0.0290754 0.42558 0)
(0.0264282 0.383335 0)
(0.0237646 0.341385 0)
(0.0210219 0.299751 0)
(0.0181528 0.258477 0)
(0.0151147 0.217572 0)
(0.0118665 0.177014 0)
(0.00836518 0.136755 0)
(0.00455619 0.0967463 0)
(0.000408778 0.056963 0)
(-0.00389713 0.017352 0)
(-0.00846339 -0.0222854 0)
(-0.0136487 -0.061991 0)
(-0.0193861 -0.101959 0)
(-0.0255152 -0.142245 0)
(-0.0320468 -0.182892 0)
(-0.0389862 -0.223965 0)
(-0.0463232 -0.265552 0)
(-0.0540373 -0.307763 0)
(-0.0620992 -0.350731 0)
(-0.0704703 -0.394616 0)
(-0.0790922 -0.439568 0)
(-0.0878676 -0.485652 0)
(-0.0966322 -0.532699 0)
(-0.105121 -0.580126 0)
(-0.112944 -0.62682 0)
(-0.119681 -0.671543 0)
(-0.12551 -0.715186 0)
(-0.132907 -0.76677 0)
(-0.147833 -0.848159 0)
(-0.171911 -0.972572 0)
(-0.185573 -1.0834 0)
(-0.155725 -1.03373 0)
(-0.0805689 -0.698649 0)
(-0.00649813 -0.173144 0)
(0.00684897 0.152591 0)
(0.0343274 0.412023 0)
(0.0545095 0.57994 0)
(0.0667015 0.68289 0)
(0.0746846 0.749563 0)
(0.0807348 0.78833 0)
(0.0846993 0.799591 0)
(0.0862543 0.785688 0)
(0.0855812 0.752476 0)
(0.0832622 0.707502 0)
(0.080051 0.657702 0)
(0.0766288 0.607819 0)
(0.0734351 0.560029 0)
(0.0706279 0.514582 0)
(0.068158 0.470833 0)
(0.0658846 0.428057 0)
(0.0636649 0.385811 0)
(0.0613925 0.343936 0)
(0.0589981 0.302432 0)
(0.0564328 0.261333 0)
(0.0536532 0.22065 0)
(0.050615 0.18036 0)
(0.0472719 0.14042 0)
(0.0435698 0.100783 0)
(0.0394583 0.0614099 0)
(0.0350584 0.022233 0)
(0.0304106 -0.016993 0)
(0.0252161 -0.056312 0)
(0.0193763 -0.0958556 0)
(0.0130447 -0.135702 0)
(0.00622983 -0.175907 0)
(-0.00108056 -0.216551 0)
(-0.00888473 -0.257731 0)
(-0.017162 -0.299558 0)
(-0.0258766 -0.342172 0)
(-0.0349865 -0.385744 0)
(-0.0444383 -0.430451 0)
(-0.0541489 -0.476403 0)
(-0.0639832 -0.523504 0)
(-0.07373 -0.571275 0)
(-0.0830793 -0.618703 0)
(-0.0916432 -0.664433 0)
(-0.0992862 -0.708269 0)
(-0.107353 -0.75636 0)
(-0.120862 -0.82922 0)
(-0.144525 -0.950756 0)
(-0.164912 -1.08454 0)
(-0.147677 -1.08165 0)
(-0.0822847 -0.775903 0)
(-0.00827301 -0.213796 0)
(0.00615065 0.132614 0)
(0.0372216 0.383896 0)
(0.0646549 0.559972 0)
(0.0835115 0.670172 0)
(0.0965165 0.740285 0)
(0.106574 0.781466 0)
(0.113819 0.795448 0)
(0.117848 0.784342 0)
(0.118839 0.753461 0)
(0.117521 0.710007 0)
(0.114878 0.660865 0)
(0.111819 0.610978 0)
(0.108952 0.562841 0)
(0.106518 0.516992 0)
(0.104484 0.472956 0)
(0.102683 0.430057 0)
(0.100938 0.387825 0)
(0.0991163 0.346057 0)
(0.0971341 0.304721 0)
(0.0949353 0.263834 0)
(0.0924739 0.223407 0)
(0.0897032 0.183418 0)
(0.086575 0.143825 0)
(0.0830394 0.104574 0)
(0.0790451 0.0656044 0)
(0.0746434 0.0268489 0)
(0.0699257 -0.011887 0)
(0.0646708 -0.0506831 0)
(0.0587097 -0.0896732 0)
(0.0521557 -0.128958 0)
(0.0450238 -0.168606 0)
(0.0372963 -0.208708 0)
(0.0289804 -0.249366 0)
(0.0200976 -0.290697 0)
(0.0106797 -0.332849 0)
(0.000768811 -0.376009 0)
(-0.00958577 -0.420377 0)
(-0.0203112 -0.466089 0)
(-0.0312933 -0.5131 0)
(-0.0423662 -0.561005 0)
(-0.0532908 -0.608882 0)
(-0.0637465 -0.655376 0)
(-0.0735057 -0.699706 0)
(-0.0831447 -0.745767 0)
(-0.0963645 -0.811275 0)
(-0.119232 -0.92675 0)
(-0.144419 -1.07679 0)
(-0.138402 -1.11822 0)
(-0.0829583 -0.847532 0)
(-0.00982214 -0.25645 0)
(0.00526297 0.112255 0)
(0.0385546 0.350562 0)
(0.0727159 0.532912 0)
(0.0985465 0.651478 0)
(0.116907 0.726447 0)
(0.131108 0.770906 0)
(0.141793 0.788323 0)
(0.148566 0.780785 0)
(0.151537 0.752975 0)
(0.151501 0.711625 0)
(0.149618 0.663508 0)
(0.147017 0.613779 0)
(0.144497 0.56531 0)
(0.142425 0.519006 0)
(0.140818 0.474624 0)
(0.139504 0.431567 0)
(0.138276 0.389348 0)
(0.136968 0.347713 0)
(0.135468 0.306583 0)
(0.133708 0.265957 0)
(0.131634 0.225835 0)
(0.129196 0.186199 0)
(0.126345 0.147006 0)
(0.123034 0.108194 0)
(0.119213 0.0696912 0)
(0.114877 0.0314185 0)
(0.11012 -0.00677994 0)
(0.104786 -0.0450002 0)
(0.0986866 -0.0833709 0)
(0.0918988 -0.12201 0)
(0.0844394 -0.161009 0)
(0.0762853 -0.200461 0)
(0.0674355 -0.240476 0)
(0.0579076 -0.281188 0)
(0.0477302 -0.32276 0)
(0.0369435 -0.365391 0)
(0.0256016 -0.409295 0)
(0.013776 -0.454629 0)
(0.00155895 -0.501386 0)
(-0.0109269 -0.549223 0)
(-0.0235052 -0.597281 0)
(-0.0359276 -0.644233 0)
(-0.0479842 -0.689024 0)
(-0.0598149 -0.734013 0)
(-0.0738591 -0.793692 0)
(-0.096119 -0.901444 0)
(-0.124676 -1.06178 0)
(-0.128533 -1.14419 0)
(-0.0830342 -0.913118 0)
(-0.0111456 -0.300543 0)
(0.00429133 0.0923262 0)
(0.0383474 0.313158 0)
(0.07834 0.498979 0)
(0.111284 0.626442 0)
(0.135439 0.707759 0)
(0.154032 0.756479 0)
(0.168351 0.777985 0)
(0.178163 0.774697 0)
(0.183486 0.750685 0)
(0.185088 0.712085 0)
(0.184236 0.665461 0)
(0.182248 0.616148 0)
(0.180131 0.567428 0)
(0.178418 0.520639 0)
(0.177222 0.47584 0)
(0.176398 0.432566 0)
(0.175719 0.390336 0)
(0.174981 0.348843 0)
(0.174038 0.307957 0)
(0.172795 0.267641 0)
(0.171186 0.227883 0)
(0.169154 0.188661 0)
(0.166648 0.149929 0)
(0.163617 0.111625 0)
(0.160012 0.0736666 0)
(0.155794 0.0359636 0)
(0.151039 -0.00161279 0)
(0.145638 -0.0391845 0)
(0.139404 -0.076859 0)
(0.13238 -0.114765 0)
(0.124582 -0.153015 0)
(0.115983 -0.191715 0)
(0.106574 -0.230988 0)
(0.0963699 -0.270979 0)
(0.0853963 -0.311862 0)
(0.0736921 -0.353848 0)
(0.0613069 -0.397159 0)
(0.0483005 -0.441971 0)
(0.034744 -0.488303 0)
(0.020731 -0.535846 0)
(0.00638896 -0.5838 0)
(-0.00810438 -0.630877 0)
(-0.0225987 -0.675907 0)
(-0.0370301 -0.720316 0)
(-0.0528657 -0.775664 0)
(-0.0750725 -0.875227 0)
(-0.106031 -1.04078 0)
(-0.118556 -1.16036 0)
(-0.0829447 -0.972527 0)
(-0.01234 -0.34574 0)
(0.00333533 0.0735186 0)
(0.0367208 0.273058 0)
(0.0812524 0.458724 0)
(0.121148 0.594773 0)
(0.151566 0.683811 0)
(0.174935 0.73793 0)
(0.193133 0.764181 0)
(0.206291 0.765726 0)
(0.214379 0.746189 0)
(0.218059 0.711026 0)
(0.218606 0.666465 0)
(0.217479 0.617945 0)
(0.215888 0.569149 0)
(0.214568 0.521893 0)
(0.213774 0.476612 0)
(0.213433 0.433041 0)
(0.21332 0.390744 0)
(0.213198 0.349378 0)
(0.21288 0.308756 0)
(0.212237 0.268796 0)
(0.211177 0.22946 0)
(0.209632 0.190717 0)
(0.207543 0.152517 0)
(0.204854 0.114793 0)
(0.201514 0.0774592 0)
(0.197468 0.0404187 0)
(0.19276 0.00355931 0)
(0.187313 -0.0332683 0)
(0.180962 -0.070153 0)
(0.17371 -0.107227 0)
(0.16557 -0.144621 0)
(0.156515 -0.182456 0)
(0.146532 -0.220867 0)
(0.135628 -0.260012 0)
(0.123827 -0.300082 0)
(0.111163 -0.341295 0)
(0.0976795 -0.383884 0)
(0.0834249 -0.428029 0)
(0.0684469 -0.473758 0)
(0.0528006 -0.520784 0)
(0.0365583 -0.568344 0)
(0.0198423 -0.615189 0)
(0.00275602 -0.660126 0)
(-0.0145607 -0.704084 0)
(-0.0329601 -0.756347 0)
(-0.0558714 -0.848109 0)
(-0.088655 -1.01478 0)
(-0.108808 -1.16742 0)
(-0.0830675 -1.02579 0)
(-0.0135863 -0.391967 0)
(0.00247207 0.0563619 0)
(0.033896 0.231817 0)
(0.0813055 0.413097 0)
(0.127561 0.556383 0)
(0.164605 0.654129 0)
(0.193258 0.714894 0)
(0.215672 0.74662 0)
(0.232496 0.753505 0)
(0.243781 0.739032 0)
(0.250044 0.707995 0)
(0.252473 0.666156 0)
(0.252581 0.618934 0)
(0.25175 0.570359 0)
(0.250931 0.522738 0)
(0.250569 0.476945 0)
(0.250706 0.432991 0)
(0.25116 0.390547 0)
(0.251682 0.349265 0)
(0.252045 0.308906 0)
(0.252075 0.269334 0)
(0.25165 0.230477 0)
(0.250677 0.192281 0)
(0.249084 0.154689 0)
(0.246808 0.117629 0)
(0.243793 0.0810105 0)
(0.239975 0.0447319 0)
(0.235365 0.00868525 0)
(0.229907 -0.0272856 0)
(0.223464 -0.0632703 0)
(0.216001 -0.0994033 0)
(0.207525 -0.135826 0)
(0.198015 -0.172676 0)
(0.187452 -0.210099 0)
(0.175837 -0.24827 0)
(0.163188 -0.287391 0)
(0.149536 -0.327691 0)
(0.134911 -0.369404 0)
(0.119344 -0.41271 0)
(0.102854 -0.457633 0)
(0.0854572 -0.503896 0)
(0.067173 -0.550765 0)
(0.0480665 -0.597026 0)
(0.028204 -0.641485 0)
(0.00776412 -0.684873 0)
(-0.0137765 -0.734961 0)
(-0.0382288 -0.81985 0)
(-0.0725803 -0.984458 0)
(-0.0994754 -1.16595 0)
(-0.0836937 -1.07302 0)
(-0.0151313 -0.439417 0)
(0.00174453 0.0412049 0)
(0.0301797 0.191059 0)
(0.0785309 0.363473 0)
(0.130033 0.511534 0)
(0.173778 0.618271 0)
(0.208269 0.686893 0)
(0.235353 0.724949 0)
(0.2562 0.737655 0)
(0.271114 0.728729 0)
(0.280513 0.702452 0)
(0.285413 0.664039 0)
(0.287279 0.618743 0)
(0.287596 0.57083 0)
(0.287514 0.52307 0)
(0.287691 0.476814 0)
(0.288338 0.43242 0)
(0.289365 0.38974 0)
(0.290541 0.348472 0)
(0.291618 0.308347 0)
(0.29238 0.269179 0)
(0.292663 0.230848 0)
(0.292345 0.19327 0)
(0.291331 0.15637 0)
(0.289545 0.120065 0)
(0.28692 0.0842615 0)
(0.28339 0.048852 0)
(0.278936 0.013725 0)
(0.273516 -0.0212715 0)
(0.267013 -0.0562377 0)
(0.259367 -0.091311 0)
(0.250578 -0.126641 0)
(0.240627 -0.162378 0)
(0.229492 -0.198683 0)
(0.21717 -0.235743 0)
(0.203671 -0.273771 0)
(0.189013 -0.313003 0)
(0.173211 -0.353669 0)
(0.156271 -0.395937 0)
(0.138179 -0.439821 0)
(0.118903 -0.485038 0)
(0.0984123 -0.53088 0)
(0.0767178 -0.576186 0)
(0.0538612 -0.619802 0)
(0.0300783 -0.662316 0)
(0.00500084 -0.710822 0)
(-0.0218109 -0.790069 0)
(-0.0577297 -0.950295 0)
(-0.0905904 -1.15634 0)
(-0.0849974 -1.11426 0)
(-0.0172614 -0.488529 0)
(0.00116121 0.0282199 0)
(0.0259332 0.152338 0)
(0.0731805 0.311619 0)
(0.128265 0.460982 0)
(0.178303 0.575998 0)
(0.219071 0.653382 0)
(0.251378 0.698717 0)
(0.276678 0.717772 0)
(0.295659 0.714782 0)
(0.308758 0.693792 0)
(0.316802 0.659491 0)
(0.3211 0.616832 0)
(0.323138 0.57017 0)
(0.324207 0.522653 0)
(0.325176 0.476107 0)
(0.326456 0.431293 0)
(0.328098 0.388317 0)
(0.329943 0.346989 0)
(0.33175 0.307049 0)
(0.333277 0.268275 0)
(0.334322 0.230501 0)
(0.334726 0.193603 0)
(0.334365 0.157478 0)
(0.333144 0.122026 0)
(0.330981 0.0871439 0)
(0.327804 0.052717 0)
(0.323571 0.0186287 0)
(0.318246 -0.0152716 0)
(0.311728 -0.0490949 0)
(0.30394 -0.082983 0)
(0.294875 -0.117093 0)
(0.284515 -0.151585 0)
(0.272838 -0.186635 0)
(0.259829 -0.22244 0)
(0.24549 -0.259221 0)
(0.229821 -0.297212 0)
(0.212813 -0.336633 0)
(0.194438 -0.377634 0)
(0.174641 -0.420205 0)
(0.153343 -0.464056 0)
(0.130458 -0.508496 0)
(0.105952 -0.552438 0)
(0.0798525 -0.594826 0)
(0.0524692 -0.636241 0)
(0.0236117 -0.683269 0)
(-0.00625742 -0.758315 0)
(-0.0439421 -0.912634 0)
(-0.0820294 -1.13881 0)
(-0.0870063 -1.14945 0)
(-0.0202619 -0.539956 0)
(0.000707909 0.0174261 0)
(0.0215261 0.11697 0)
(0.0657393 0.259583 0)
(0.122264 0.406062 0)
(0.177535 0.527479 0)
(0.224666 0.613886 0)
(0.262746 0.667389 0)
(0.293018 0.693402 0)
(0.316534 0.69669 0)
(0.333895 0.681379 0)
(0.345796 0.651784 0)
(0.353324 0.612488 0)
(0.357848 0.567781 0)
(0.360704 0.52106 0)
(0.362923 0.474567 0)
(0.36512 0.429484 0)
(0.367528 0.386232 0)
(0.370106 0.344799 0)
(0.372669 0.304995 0)
(0.37498 0.266592 0)
(0.376816 0.229388 0)
(0.377986 0.193217 0)
(0.378335 0.157942 0)
(0.377741 0.123439 0)
(0.376106 0.0895861 0)
(0.373347 0.0562593 0)
(0.369403 0.023333 0)
(0.364238 -0.00934457 0)
(0.357764 -0.0418961 0)
(0.34989 -0.0744683 0)
(0.340603 -0.107224 0)
(0.329885 -0.140336 0)
(0.317709 -0.173988 0)
(0.304049 -0.208384 0)
(0.288889 -0.243746 0)
(0.272206 -0.280301 0)
(0.253957 -0.318248 0)
(0.234074 -0.357712 0)
(0.212454 -0.398653 0)
(0.188965 -0.440769 0)
(0.163473 -0.483395 0)
(0.135907 -0.525533 0)
(0.106298 -0.56629 0)
(0.0750446 -0.606365 0)
(0.0421923 -0.652007 0)
(0.00878949 -0.724016 0)
(-0.0309836 -0.87177 0)
(-0.0735088 -1.11346 0)
(-0.0895783 -1.17833 0)
(-0.0243604 -0.594494 0)
(0.000365818 0.00871991 0)
(0.0172904 0.0858905 0)
(0.0568934 0.209506 0)
(0.112408 0.348701 0)
(0.171124 0.4735 0)
(0.224099 0.568208 0)
(0.268286 0.630418 0)
(0.304088 0.664013 0)
(0.332667 0.673928 0)
(0.354859 0.664573 0)
(0.371332 0.640129 0)
(0.382959 0.604854 0)
(0.390898 0.562856 0)
(0.396407 0.517625 0)
(0.400588 0.471714 0)
(0.404223 0.426692 0)
(0.407732 0.383324 0)
(0.411234 0.341835 0)
(0.414648 0.302161 0)
(0.417789 0.264114 0)
(0.420443 0.227484 0)
(0.422404 0.192075 0)
(0.423496 0.157713 0)
(0.423575 0.124244 0)
(0.422521 0.0915244 0)
(0.420238 0.0594126 0)
(0.416646 0.0277708 0)
(0.411708 -0.00355503 0)
(0.405342 -0.0347058 0)
(0.39745 -0.0658303 0)
(0.388006 -0.0970971 0)
(0.376991 -0.128686 0)
(0.364367 -0.160788 0)
(0.350094 -0.193606 0)
(0.33413 -0.227356 0)
(0.316419 -0.262247 0)
(0.296878 -0.298453 0)
(0.275389 -0.336064 0)
(0.251796 -0.375008 0)
(0.225918 -0.414972 0)
(0.197575 -0.455329 0)
(0.166678 -0.495203 0)
(0.133288 -0.533927 0)
(0.0979203 -0.572435 0)
(0.0608655 -0.616844 0)
(0.0236754 -0.686641 0)
(-0.0185476 -0.828016 0)
(-0.0645832 -1.08033 0)
(-0.0923771 -1.20032 0)
(-0.029647 -0.65294 0)
(0.000127053 0.0018952 0)
(0.0134937 0.0595714 0)
(0.0474445 0.163372 0)
(0.0994616 0.291304 0)
(0.159161 0.4156 0)
(0.216647 0.516701 0)
(0.266773 0.587429 0)
(0.308543 0.629037 0)
(0.34276 0.645924 0)
(0.370384 0.64273 0)
(0.392143 0.623725 0)
(0.408755 0.592985 0)
(0.421132 0.554404 0)
(0.430349 0.511435 0)
(0.437462 0.4668 0)
(0.443334 0.42237 0)
(0.448543 0.379235 0)
(0.453377 0.337887 0)
(0.457894 0.298438 0)
(0.462009 0.260792 0)
(0.465558 0.224767 0)
(0.468355 0.190157 0)
(0.470223 0.156764 0)
(0.471006 0.124406 0)
(0.470571 0.0929121 0)
(0.468809 0.0621224 0)
(0.465626 0.0318812 0)
(0.460972 0.00203117 0)
(0.454772 -0.0275919 0)
(0.446925 -0.0571365 0)
(0.437388 -0.0867749 0)
(0.426129 -0.116692 0)
(0.413097 -0.147077 0)
(0.398231 -0.178128 0)
(0.381454 -0.210042 0)
(0.362671 -0.243006 0)
(0.341749 -0.277157 0)
(0.318518 -0.312548 0)
(0.292767 -0.349077 0)
(0.264266 -0.386426 0)
(0.232806 -0.424028 0)
(0.198302 -0.461174 0)
(0.16088 -0.497489 0)
(0.121206 -0.534248 0)
(0.0798056 -0.577605 0)
(0.0387724 -0.645889 0)
(-0.00625677 -0.781722 0)
(-0.0546464 -1.03952 0)
(-0.0948336 -1.21447 0)
(-0.0359646 -0.715865 0)
(3.04019e-06 -0.00334689 0)
(0.0103368 0.0380402 0)
(0.0381766 0.122782 0)
(0.0844655 0.236523 0)
(0.142225 0.356087 0)
(0.202007 0.460503 0)
(0.257133 0.538491 0)
(0.304925 0.588005 0)
(0.34529 0.612065 0)
(0.378989 0.61518 0)
(0.406759 0.601776 0)
(0.429227 0.575914 0)
(0.447086 0.541333 0)
(0.461168 0.501376 0)
(0.472378 0.458805 0)
(0.481555 0.415674 0)
(0.489359 0.373329 0)
(0.496215 0.332517 0)
(0.502335 0.29355 0)
(0.507758 0.256465 0)
(0.512415 0.221147 0)
(0.516179 0.187414 0)
(0.518904 0.155064 0)
(0.520445 0.123895 0)
(0.520671 0.0937177 0)
(0.519467 0.0643503 0)
(0.516735 0.03562 0)
(0.512408 0.00736009 0)
(0.506414 -0.0206092 0)
(0.498652 -0.0484396 0)
(0.489055 -0.0763044 0)
(0.477573 -0.104387 0)
(0.464136 -0.13287 0)
(0.448651 -0.161935 0)
(0.431004 -0.191756 0)
(0.411052 -0.222486 0)
(0.38861 -0.254223 0)
(0.363453 -0.28698 0)
(0.335319 -0.320629 0)
(0.30394 -0.354868 0)
(0.269098 -0.389219 0)
(0.230744 -0.423194 0)
(0.189108 -0.456783 0)
(0.145033 -0.491697 0)
(0.0992857 -0.534251 0)
(0.0545174 -0.601771 0)
(0.00637982 -0.733227 0)
(-0.0429364 -0.991412 0)
(-0.0961007 -1.21947 0)
(-0.0427795 -0.783494 0)
(1.66804e-05 -0.00739661 0)
(0.00791744 0.0209751 0)
(0.0296515 0.0888017 0)
(0.0684755 0.186962 0)
(0.121255 0.297873 0)
(0.180383 0.401646 0)
(0.238657 0.48439 0)
(0.291864 0.540785 0)
(0.338607 0.571791 0)
(0.378982 0.581222 0)
(0.413507 0.573483 0)
(0.442692 0.552693 0)
(0.467041 0.522535 0)
(0.487147 0.486238 0)
(0.503703 0.446515 0)
(0.517427 0.405488 0)
(0.528968 0.364662 0)
(0.538827 0.324983 0)
(0.547335 0.286954 0)
(0.554664 0.250758 0)
(0.560863 0.21638 0)
(0.565895 0.183694 0)
(0.569679 0.152518 0)
(0.572112 0.122654 0)
(0.573087 0.0939007 0)
(0.572501 0.0660643 0)
(0.57026 0.0389585 0)
(0.566287 0.0124063 0)
(0.560512 -0.0137788 0)
(0.552834 -0.0397535 0)
(0.543162 -0.0656873 0)
(0.531421 -0.0917546 0)
(0.517517 -0.118124 0)
(0.501322 -0.144955 0)
(0.48268 -0.172389 0)
(0.461399 -0.200539 0)
(0.437243 -0.229463 0)
(0.409937 -0.259135 0)
(0.379179 -0.289416 0)
(0.344682 -0.32004 0)
(0.306249 -0.350669 0)
(0.263906 -0.38109 0)
(0.218024 -0.411733 0)
(0.169637 -0.444815 0)
(0.119745 -0.486892 0)
(0.0714839 -0.554421 0)
(0.0200768 -0.683029 0)
(-0.0286129 -0.936883 0)
(-0.0950624 -1.21379 0)
(-0.0490876 -0.855762 0)
(0.000155671 -0.0106743 0)
(0.00603014 0.00789166 0)
(0.0218313 0.0619843 0)
(0.0520565 0.144866 0)
(0.0971402 0.244126 0)
(0.152345 0.342939 0)
(0.211132 0.426784 0)
(0.268335 0.48785 0)
(0.321146 0.524801 0)
(0.368579 0.540198 0)
(0.410555 0.538042 0)
(0.447292 0.522408 0)
(0.479084 0.496952 0)
(0.506298 0.464823 0)
(0.529403 0.428653 0)
(0.548947 0.390541 0)
(0.565486 0.352056 0)
(0.579522 0.314264 0)
(0.591451 0.277812 0)
(0.601546 0.243022 0)
(0.609971 0.209987 0)
(0.616796 0.178657 0)
(0.622027 0.148896 0)
(0.625628 0.120529 0)
(0.627541 0.093363 0)
(0.627695 0.0672056 0)
(0.626016 0.0418664 0)
(0.622431 0.0171645 0)
(0.616868 -0.00708535 0)
(0.609235 -0.0310426 0)
(0.59942 -0.0548649 0)
(0.587322 -0.0787102 0)
(0.572821 -0.102726 0)
(0.555757 -0.127042 0)
(0.535933 -0.151765 0)
(0.513114 -0.176963 0)
(0.487023 -0.202652 0)
(0.457349 -0.22878 0)
(0.423773 -0.255214 0)
(0.386023 -0.281764 0)
(0.343961 -0.308276 0)
(0.297727 -0.334876 0)
(0.247846 -0.362478 0)
(0.195525 -0.393843 0)
(0.14194 -0.435808 0)
(0.0905441 -0.504087 0)
(0.0359327 -0.631412 0)
(-0.0109492 -0.877474 0)
(-0.0904501 -1.19569 0)
(-0.0534034 -0.931903 0)
(0.000279605 -0.0133876 0)
(0.0037086 -0.00145152 0)
(0.0134035 0.0426166 0)
(0.0344427 0.111875 0)
(0.0699421 0.197737 0)
(0.118332 0.287533 0)
(0.17473 0.368081 0)
(0.233848 0.430433 0)
(0.291746 0.471298 0)
(0.346161 0.491673 0)
(0.39606 0.494723 0)
(0.44108 0.484192 0)
(0.481171 0.463614 0)
(0.51645 0.436044 0)
(0.547167 0.404017 0)
(0.573684 0.369567 0)
(0.596429 0.334247 0)
(0.615841 0.29917 0)
(0.632323 0.265067 0)
(0.646206 0.23236 0)
(0.657735 0.201238 0)
(0.667078 0.171733 0)
(0.674334 0.143768 0)
(0.679546 0.117211 0)
(0.682723 0.0918947 0)
(0.683843 0.0676426 0)
(0.682867 0.0442754 0)
(0.679739 0.0216196 0)
(0.6744 -0.000497356 0)
(0.666765 -0.0222345 0)
(0.656714 -0.0437281 0)
(0.644128 -0.0651115 0)
(0.628867 -0.0865042 0)
(0.610745 -0.108002 0)
(0.58954 -0.12967 0)
(0.564988 -0.151538 0)
(0.536792 -0.173587 0)
(0.504639 -0.195753 0)
(0.468236 -0.21794 0)
(0.427372 -0.240075 0)
(0.382011 -0.262236 0)
(0.332424 -0.284919 0)
(0.279269 -0.309535 0)
(0.223843 -0.339366 0)
(0.167348 -0.381505 0)
(0.113305 -0.451016 0)
(0.0556898 -0.577931 0)
(0.0107152 -0.815131 0)
(-0.0808285 -1.16267 0)
(-0.0537317 -1.00873 0)
(-4.07417e-05 -0.0148493 0)
(-0.00140044 -0.00616571 0)
(0.00104078 0.0313183 0)
(0.0126163 0.0889769 0)
(0.0379145 0.160699 0)
(0.0778582 0.238141 0)
(0.129568 0.310904 0)
(0.188417 0.370377 0)
(0.249908 0.412127 0)
(0.310649 0.435677 0)
(0.368488 0.443054 0)
(0.422223 0.437331 0)
(0.471257 0.421688 0)
(0.515357 0.398978 0)
(0.554528 0.371596 0)
(0.588942 0.341468 0)
(0.618888 0.310086 0)
(0.644716 0.278547 0)
(0.666793 0.247612 0)
(0.68546 0.217759 0)
(0.701012 0.189247 0)
(0.713685 0.162175 0)
(0.723654 0.13653 0)
(0.731042 0.112228 0)
(0.735926 0.0891437 0)
(0.738344 0.0671292 0)
(0.738301 0.0460305 0)
(0.735776 0.0256946 0)
(0.730732 0.00597365 0)
(0.723092 -0.0132786 0)
(0.712753 -0.032175 0)
(0.69959 -0.0508183 0)
(0.683453 -0.0692933 0)
(0.664155 -0.0876585 0)
(0.641471 -0.105942 0)
(0.615147 -0.124141 0)
(0.584909 -0.142222 0)
(0.550498 -0.160135 0)
(0.511702 -0.177856 0)
(0.468421 -0.195461 0)
(0.420748 -0.213284 0)
(0.369063 -0.232184 0)
(0.314075 -0.25402 0)
(0.25702 -0.282508 0)
(0.198899 -0.324917 0)
(0.143029 -0.395654 0)
(0.082612 -0.522221 0)
(0.0379917 -0.751312 0)
(-0.0637497 -1.11114 0)
(-0.0473464 -1.07929 0)
(-0.00177951 -0.0122101 0)
(-0.0131624 -0.00306174 0)
(-0.0205147 0.0295497 0)
(-0.0187403 0.0765366 0)
(-0.00296572 0.133651 0)
(0.0288355 0.196233 0)
(0.0751441 0.257232 0)
(0.132292 0.309582 0)
(0.195875 0.348624 0)
(0.261835 0.372828 0)
(0.327048 0.383058 0)
(0.389398 0.381465 0)
(0.447583 0.370608 0)
(0.500893 0.35295 0)
(0.549018 0.330632 0)
(0.591917 0.305412 0)
(0.629728 0.278673 0)
(0.662701 0.251453 0)
(0.691145 0.224496 0)
(0.715385 0.198296 0)
(0.735731 0.173154 0)
(0.752458 0.149216 0)
(0.765798 0.126521 0)
(0.775937 0.105037 0)
(0.783012 0.0846802 0)
(0.787122 0.0653442 0)
(0.788323 0.0469093 0)
(0.786638 0.0292537 0)
(0.78206 0.0122625 0)
(0.774545 -0.00417959 0)
(0.764013 -0.0201639 0)
(0.750355 -0.0357647 0)
(0.733447 -0.0510332 0)
(0.713135 -0.0659927 0)
(0.689239 -0.0806432 0)
(0.661569 -0.0949677 0)
(0.629946 -0.108943 0)
(0.594225 -0.122568 0)
(0.554326 -0.13591 0)
(0.510287 -0.149204 0)
(0.462298 -0.163011 0)
(0.410763 -0.178483 0)
(0.356284 -0.197814 0)
(0.299834 -0.225034 0)
(0.241965 -0.267496 0)
(0.185575 -0.33895 0)
(0.122624 -0.464513 0)
(0.0759944 -0.687065 0)
(-0.0344704 -1.03968 0)
(-0.0308681 -1.13658 0)
(-0.00667967 0.000522929 0)
(-0.0363391 0.0133087 0)
(-0.0570925 0.0395394 0)
(-0.065476 0.0742231 0)
(-0.0576497 0.115537 0)
(-0.0321051 0.161297 0)
(0.0100925 0.207582 0)
(0.0656491 0.249275 0)
(0.130496 0.282197 0)
(0.200519 0.304258 0)
(0.272055 0.315422 0)
(0.342253 0.316877 0)
(0.409127 0.31037 0)
(0.471429 0.297768 0)
(0.528468 0.280811 0)
(0.579946 0.260989 0)
(0.625824 0.239513 0)
(0.666236 0.217315 0)
(0.701419 0.195085 0)
(0.731664 0.173303 0)
(0.757275 0.152279 0)
(0.778549 0.132189 0)
(0.795752 0.113113 0)
(0.809119 0.0950591 0)
(0.818841 0.0779886 0)
(0.825072 0.0618351 0)
(0.827927 0.0465174 0)
(0.827484 0.0319503 0)
(0.823785 0.0180531 0)
(0.816847 0.00475225 0)
(0.806643 -0.00801267 0)
(0.793093 -0.020287 0)
(0.776148 -0.0321146 0)
(0.755749 -0.0435119 0)
(0.731824 -0.0544727 0)
(0.704307 -0.0649853 0)
(0.673161 -0.0750554 0)
(0.638388 -0.0847373 0)
(0.600048 -0.0941866 0)
(0.558266 -0.103753 0)
(0.513235 -0.114133 0)
(0.465223 -0.126629 0)
(0.4145 -0.143584 0)
(0.361503 -0.169164 0)
(0.30604 -0.210736 0)
(0.250313 -0.281557 0)
(0.184678 -0.404752 0)
(0.135495 -0.61914 0)
(0.0115593 -0.956694 0)
(-0.00181399 -1.17904 0)
(-0.0171218 0.032961 0)
(-0.0747964 0.049086 0)
(-0.111647 0.0626614 0)
(-0.129676 0.0804668 0)
(-0.127649 0.103463 0)
(-0.105828 0.130871 0)
(-0.0657568 0.160508 0)
(-0.0106682 0.189183 0)
(0.055429 0.213574 0)
(0.128561 0.231181 0)
(0.205107 0.241315 0)
(0.281794 0.244469 0)
(0.356122 0.241574 0)
(0.42639 0.233786 0)
(0.491547 0.222307 0)
(0.55102 0.208252 0)
(0.604572 0.192572 0)
(0.652203 0.176036 0)
(0.694064 0.159231 0)
(0.7304 0.142587 0)
(0.7615 0.126399 0)
(0.787668 0.110851 0)
(0.809201 0.0960458 0)
(0.826375 0.0820233 0)
(0.839435 0.0687817 0)
(0.848596 0.0562916 0)
(0.854038 0.0445079 0)
(0.85591 0.0333792 0)
(0.854333 0.022855 0)
(0.849404 0.0128916 0)
(0.841189 0.00345364 0)
(0.829807 -0.00547967 0)
(0.815162 -0.0139186 0)
(0.797316 -0.0219011 0)
(0.77635 -0.0294576 0)
(0.752342 -0.0366049 0)
(0.72538 -0.0433754 0)
(0.695566 -0.0498545 0)
(0.663017 -0.0562311 0)
(0.627842 -0.0628791 0)
(0.590106 -0.0704928 0)
(0.54978 -0.0803225 0)
(0.506599 -0.0945904 0)
(0.46015 -0.117259 0)
(0.408986 -0.155385 0)
(0.353781 -0.221659 0)
(0.283183 -0.337854 0)
(0.228213 -0.539204 0)
(0.0731118 -0.870502 0)
(0.0414343 -1.19749 0)
(-0.0353394 0.0984101 0)
(-0.125181 0.109849 0)
(-0.171077 0.0979124 0)
(-0.192301 0.0923243 0)
(-0.192193 0.0943371 0)
(-0.172083 0.102268 0)
(-0.133621 0.114677 0)
(-0.0797131 0.129305 0)
(-0.0140739 0.143487 0)
(0.0597394 0.155022 0)
(0.138539 0.162757 0)
(0.21909 0.166427 0)
(0.298488 0.166221 0)
(0.374692 0.162636 0)
(0.446362 0.156324 0)
(0.512674 0.147973 0)
(0.573186 0.138222 0)
(0.627746 0.12762 0)
(0.6764 0.116612 0)
(0.719326 0.105538 0)
(0.756782 0.0946449 0)
(0.789064 0.0840993 0)
(0.816483 0.0740054 0)
(0.839344 0.0644189 0)
(0.857936 0.0553607 0)
(0.872524 0.0468277 0)
(0.883348 0.038802 0)
(0.890621 0.0312582 0)
(0.894532 0.0241682 0)
(0.895248 0.0175058 0)
(0.892927 0.0112442 0)
(0.887681 0.00537563 0)
(0.87977 -0.000105253 0)
(0.869264 -0.00521281 0)
(0.856193 -0.00997735 0)
(0.840686 -0.0144419 0)
(0.822869 -0.0186609 0)
(0.802853 -0.0227207 0)
(0.780715 -0.0267841 0)
(0.756468 -0.031158 0)
(0.729992 -0.036399 0)
(0.700934 -0.0434996 0)
(0.668474 -0.0542302 0)
(0.631225 -0.0717889 0)
(0.585985 -0.101973 0)
(0.530374 -0.155479 0)
(0.449712 -0.251638 0)
(0.373008 -0.423769 0)
(0.15265 -0.740857 0)
(0.118102 -1.13973 0)
(-0.0728652 0.213873 0)
(-0.144651 0.159819 0)
(-0.141803 0.103313 0)
(-0.130666 0.0842226 0)
(-0.112592 0.0722579 0)
(-0.085274 0.0637119 0)
(-0.0474234 0.06053 0)
(0.00092527 0.0620131 0)
(0.0589101 0.0662205 0)
(0.125203 0.0716804 0)
(0.197669 0.0770774 0)
(0.273631 0.0812823 0)
(0.350545 0.0837663 0)
(0.426353 0.0844108 0)
(0.499507 0.0833357 0)
(0.568906 0.0807946 0)
(0.633825 0.0770989 0)
(0.69384 0.0725632 0)
(0.748766 0.0674721 0)
(0.798587 0.0620651 0)
(0.843405 0.0565318 0)
(0.883399 0.0510146 0)
(0.918791 0.0456146 0)
(0.949827 0.0403997 0)
(0.976754 0.0354117 0)
(0.999818 0.0306733 0)
(1.01925 0.0261933 0)
(1.03526 0.021972 0)
(1.04806 0.0180051 0)
(1.05782 0.0142854 0)
(1.06473 0.0108044 0)
(1.06893 0.00754893 0)
(1.07056 0.00451245 0)
(1.06981 0.00170417 0)
(1.06686 -0.000881478 0)
(1.06182 -0.00327058 0)
(1.05478 -0.00550092 0)
(1.04583 -0.00762853 0)
(1.03498 -0.00975558 0)
(1.02218 -0.0120735 0)
(1.00721 -0.0149246 0)
(0.989511 -0.0189091 0)
(0.967947 -0.025086 0)
(0.940464 -0.035342 0)
(0.902515 -0.0530651 0)
(0.848366 -0.0844458 0)
(0.757982 -0.141987 0)
(0.641518 -0.252061 0)
(0.335992 -0.495531 0)
(0.327936 -0.86215 0)
(0.238782 0.159771 0)
(0.357182 0.17261 0)
(0.470705 0.127629 0)
(0.571648 0.0910136 0)
(0.648 0.0667747 0)
(0.706937 0.0498577 0)
(0.756342 0.0374318 0)
(0.801031 0.0282428 0)
(0.844111 0.0216322 0)
(0.887703 0.0171798 0)
(0.932944 0.014453 0)
(0.980074 0.0129756 0)
(1.0287 0.0123016 0)
(1.07808 0.0120606 0)
(1.12733 0.0119755 0)
(1.17557 0.0118642 0)
(1.22204 0.0116269 0)
(1.26613 0.011225 0)
(1.3074 0.0106597 0)
(1.34557 0.00995455 0)
(1.38048 0.00914304 0)
(1.41206 0.00826015 0)
(1.44036 0.00733777 0)
(1.46544 0.00640289 0)
(1.48744 0.00547714 0)
(1.50649 0.00457675 0)
(1.52275 0.00371319 0)
(1.53639 0.00289451 0)
(1.54756 0.00212635 0)
(1.55642 0.00141223 0)
(1.56313 0.000753767 0)
(1.56784 0.000151107 0)
(1.57069 -0.000395722 0)
(1.57182 -0.000886706 0)
(1.57138 -0.00132143 0)
(1.56949 -0.00170379 0)
(1.56628 -0.00204213 0)
(1.56184 -0.00235069 0)
(1.5562 -0.00265677 0)
(1.54931 -0.00301143 0)
(1.54093 -0.00350451 0)
(1.53055 -0.00428913 0)
(1.51708 -0.00563281 0)
(1.49863 -0.00798298 0)
(1.4713 -0.012169 0)
(1.42964 -0.0194066 0)
(1.35665 -0.0331348 0)
(1.24349 -0.0573432 0)
(0.972345 -0.130189 0)
(0.997206 -0.299611 0)
)
;

boundaryField
{
    movingWall
    {
        type            fixedValue;
        value           uniform (2 0 0);
    }
    fixedWalls
    {
        type            fixedValue;
        value           uniform (0 0 0);
    }
    frontAndBack
    {
        type            empty;
    }
}


// ************************************************************************* //
