/*--------------------------------*- C++ -*----------------------------------*\
  =========                 |
  \\      /  F ield         | OpenFOAM: The Open Source CFD Toolbox
   \\    /   O peration     | Website:  https://openfoam.org
    \\  /    A nd           | Version:  7
     \\/     M anipulation  |
\*---------------------------------------------------------------------------*/
FoamFile
{
    version     2.0;
    format      ascii;
    class       surfaceScalarField;
    location    "400";
    object      phi;
}
// * * * * * * * * * * * * * * * * * * * * * * * * * * * * * * * * * * * * * //

dimensions      [0 3 -1 0 0 0 0];

internalField   nonuniform List<scalar> 
4900
(
5.41693e-07
-5.44845e-07
1.32302e-06
-7.81343e-07
1.85509e-06
-5.32077e-07
1.92439e-06
-6.93183e-08
1.47724e-06
4.47142e-07
5.28952e-07
9.48277e-07
-8.83653e-07
1.41259e-06
-2.72569e-06
1.84203e-06
-4.9727e-06
2.24699e-06
-7.61043e-06
2.63772e-06
-1.06303e-05
3.01983e-06
-1.4023e-05
3.39273e-06
-1.77725e-05
3.74949e-06
-2.18501e-05
4.07759e-06
-2.62101e-05
4.36001e-06
-3.07865e-05
4.57641e-06
-3.5491e-05
4.70447e-06
-4.02124e-05
4.72133e-06
-4.48176e-05
4.6052e-06
-4.91547e-05
4.33714e-06
-5.30577e-05
3.903e-06
-5.63532e-05
3.29543e-06
-5.88689e-05
2.51568e-06
-6.04441e-05
1.57526e-06
-6.09412e-05
4.97042e-07
-6.02567e-05
-6.8447e-07
-5.83322e-05
-1.92458e-06
-5.51631e-05
-3.16912e-06
-5.08053e-05
-4.35777e-06
-4.53775e-05
-5.42778e-06
-3.9059e-05
-6.31851e-06
-3.20826e-05
-6.97641e-06
-2.47228e-05
-7.35989e-06
-1.72792e-05
-7.44357e-06
-1.0058e-05
-7.22126e-06
-3.3509e-06
-6.70707e-06
2.58385e-06
-5.93476e-06
7.53871e-06
-4.95487e-06
1.13681e-05
-3.82938e-06
1.39941e-05
-2.62602e-06
1.5407e-05
-1.41288e-06
1.566e-05
-2.53061e-07
1.48616e-05
7.98366e-07
1.31674e-05
1.69428e-06
1.07777e-05
2.38965e-06
7.94443e-06
2.83327e-06
4.98878e-06
2.95564e-06
2.33165e-06
2.65713e-06
5.14855e-07
1.81679e-06
5.14854e-07
7.89882e-07
-1.33475e-06
1.67118e-06
-1.66267e-06
1.78632e-06
-6.47243e-07
7.51002e-07
9.65967e-07
-1.56223e-06
2.76035e-06
-5.14954e-06
4.53555e-06
-9.95576e-06
6.21877e-06
-1.59179e-05
7.80409e-06
-2.29821e-05
9.3112e-06
-3.11042e-05
1.07598e-05
-4.02404e-05
1.2156e-05
-5.03345e-05
1.34868e-05
-6.13048e-05
1.47197e-05
-7.30323e-05
1.58051e-05
-8.53525e-05
1.66801e-05
-9.80495e-05
1.72734e-05
-0.000110855
1.75097e-05
-0.00012345
1.73162e-05
-0.000135472
1.66277e-05
-0.000146528
1.53926e-05
-0.000156204
1.35796e-05
-0.000164091
1.11822e-05
-0.0001698
8.22424e-06
-0.000172987
4.76233e-06
-0.000173378
8.87932e-07
-0.000170789
-3.27346e-06
-0.000165145
-7.56848e-06
-0.000156494
-1.18203e-05
-0.000145013
-1.58382e-05
-0.000131012
-1.94291e-05
-0.000114921
-2.24092e-05
-9.72797e-05
-2.46182e-05
-7.87077e-05
-2.59319e-05
-5.9878e-05
-2.62733e-05
-4.14781e-05
-2.56212e-05
-2.41716e-05
-2.40137e-05
-8.55929e-06
-2.15471e-05
4.85464e-06
-1.83688e-05
1.56918e-05
-1.46666e-05
2.37183e-05
-1.06525e-05
2.88509e-05
-6.54547e-06
3.11557e-05
-2.55791e-06
3.08397e-05
1.11438e-06
2.82389e-05
4.29503e-06
2.38128e-05
6.81569e-06
1.81481e-05
8.49805e-06
1.19745e-05
9.12919e-06
6.18669e-06
8.44493e-06
1.83005e-06
6.17342e-06
2.3449e-06
4.87933e-07
-1.82269e-06
4.49992e-07
-1.62477e-06
-9.66251e-07
7.68968e-07
-4.1445e-06
4.14418e-06
-9.2129e-06
7.82871e-06
-1.61672e-05
1.14899e-05
-2.4948e-05
1.49995e-05
-3.54822e-05
1.83382e-05
-4.76977e-05
2.15266e-05
-6.15201e-05
2.45822e-05
-7.68601e-05
2.74959e-05
-9.35961e-05
3.02228e-05
-0.000111559
3.26824e-05
-0.000130518
3.47638e-05
-0.000150172
3.63343e-05
-0.000170148
3.72498e-05
-0.000190004
3.73651e-05
-0.000209234
3.65462e-05
-0.000227288
3.46815e-05
-0.000243588
3.16929e-05
-0.000257554
2.75461e-05
-0.000268631
2.22588e-05
-0.000276314
1.59068e-05
-0.000280178
8.62706e-06
-0.000279908
6.17333e-07
-0.000275315
-7.86648e-06
-0.000266359
-1.65245e-05
-0.000253158
-2.50215e-05
-0.000235992
-3.30042e-05
-0.000215302
-4.01191e-05
-0.000191678
-4.6033e-05
-0.000165841
-5.04555e-05
-0.000138613
-5.31593e-05
-0.000110887
-5.39998e-05
-8.35789e-05
-5.29292e-05
-5.7588e-05
-5.00046e-05
-3.37471e-05
-4.53881e-05
-1.27782e-05
-3.93377e-05
4.7453e-06
-3.21901e-05
1.84303e-05
-2.43375e-05
2.80831e-05
-1.61983e-05
3.37163e-05
-8.19107e-06
3.55457e-05
-7.1501e-07
3.39832e-05
5.85744e-06
2.96264e-05
1.11725e-05
2.32554e-05
1.48691e-05
1.58363e-05
1.65483e-05
8.52836e-06
1.57529e-05
2.69344e-06
1.20083e-05
5.03834e-06
-1.62103e-07
-1.66061e-06
-1.81103e-06
2.41196e-08
-5.58267e-06
4.54058e-06
-1.17298e-05
1.02912e-05
-2.03068e-05
1.64057e-05
-3.12748e-05
2.24578e-05
-4.45601e-05
2.82848e-05
-6.00802e-05
3.38583e-05
-7.77463e-05
3.91927e-05
-9.7452e-05
4.42879e-05
-0.000119055
4.90988e-05
-0.000142357
5.35252e-05
-0.00016709
5.74147e-05
-0.0001929
6.05736e-05
-0.000219347
6.27816e-05
-0.000245907
6.38099e-05
-0.000271981
6.34387e-05
-0.000296911
6.14763e-05
-0.000320005
5.77759e-05
-0.000340564
5.2251e-05
-0.000357906
4.48883e-05
-0.000371403
3.57562e-05
-0.000380507
2.50101e-05
-0.000384772
1.28929e-05
-0.000383887
-2.68494e-07
-0.000377684
-1.4069e-05
-0.000366161
-2.8048e-05
-0.000349481
-4.17008e-05
-0.000327984
-5.45016e-05
-0.000302177
-6.59266e-05
-0.000272728
-7.5482e-05
-0.00024045
-8.27329e-05
-0.000206277
-8.73326e-05
-0.000171227
-8.90499e-05
-0.000136365
-8.77914e-05
-0.000102754
-8.36154e-05
-7.1405e-05
-7.67369e-05
-4.32246e-05
-6.75182e-05
-1.89655e-05
-5.64493e-05
8.13391e-07
-4.41164e-05
1.57791e-05
-3.11641e-05
2.58446e-05
-1.82565e-05
3.1173e-05
-6.04342e-06
3.21761e-05
4.85435e-06
2.95024e-05
1.38462e-05
2.40294e-05
2.0342e-05
1.68584e-05
2.37193e-05
9.32029e-06
2.32909e-05
3.01734e-06
1.83113e-05
8.05568e-06
-1.03602e-06
-6.24601e-07
-4.7921e-06
3.78016e-06
-1.15387e-05
1.12871e-05
-2.12953e-05
2.00479e-05
-3.39799e-05
2.90902e-05
-4.94837e-05
3.79616e-05
-6.77022e-05
4.65033e-05
-8.85363e-05
5.46923e-05
-0.000111877
6.25332e-05
-0.000137581
6.99918e-05
-0.000165447
7.69647e-05
-0.000195194
8.32725e-05
-0.000226449
8.86697e-05
-0.000258739
9.2863e-05
-0.000291492
9.55353e-05
-0.000324054
9.63718e-05
-0.000355701
9.50851e-05
-0.000385664
9.144e-05
-0.000413163
8.52748e-05
-0.00043743
7.65177e-05
-0.000457742
6.51999e-05
-0.000473447
5.14619e-05
-0.000483992
3.55552e-05
-0.000488938
1.78389e-05
-0.000487981
-1.22634e-06
-0.000480963
-2.10869e-05
-0.000467885
-4.11257e-05
-0.000448913
-6.06728e-05
-0.000424384
-7.9031e-05
-0.000394807
-9.55035e-05
-0.000360863
-0.000109426
-0.000323391
-0.000120204
-0.000283376
-0.000127348
-0.000241914
-0.000130512
-0.000200179
-0.000129527
-0.000159371
-0.000124423
-0.000120666
-0.000115442
-8.51512e-05
-0.000103033
-5.37673e-05
-8.78331e-05
-2.72567e-05
-7.0627e-05
-6.11815e-06
-5.23027e-05
9.42383e-06
-3.37985e-05
1.94369e-05
-1.60565e-05
2.42799e-05
1.13007e-08
2.4598e-05
1.35281e-05
2.13058e-05
2.36342e-05
1.55814e-05
2.94437e-05
8.87056e-06
3.00017e-05
2.93353e-06
2.42483e-05
1.09892e-05
-2.06776e-06
1.44315e-06
-8.28918e-06
1.00015e-05
-1.84642e-05
2.14621e-05
-3.23018e-05
3.38854e-05
-4.95329e-05
4.63213e-05
-6.99501e-05
5.83788e-05
-9.34018e-05
6.9955e-05
-0.000119763
8.10539e-05
-0.000148899
9.16686e-05
-0.000180623
0.000101716
-0.000214671
0.000111013
-0.000250678
0.00011928
-0.000288171
0.000126162
-0.000326567
0.000131259
-0.000365187
0.000134156
-0.000403275
0.00013446
-0.000440024
0.000131833
-0.000474601
0.000126018
-0.000506185
0.000116858
-0.000533987
0.000104319
-0.00055728
8.84928e-05
-0.000575418
6.96003e-05
-0.000587854
4.79912e-05
-0.000594151
2.41358e-05
-0.000593993
-1.38458e-06
-0.000587197
-2.78825e-05
-0.000573723
-5.45998e-05
-0.000553683
-8.07129e-05
-0.000527355
-0.000105359
-0.000495191
-0.000127667
-0.000457828
-0.000146789
-0.000416084
-0.000161948
-0.000370952
-0.00017248
-0.000323576
-0.000177888
-0.000275222
-0.000177881
-0.000227224
-0.000172421
-0.000180927
-0.000161738
-0.00013762
-0.000146341
-9.84568e-05
-0.000126996
-6.43956e-05
-0.000104688
-3.61348e-05
-8.05635e-05
-1.40707e-05
-5.58626e-05
1.72846e-06
-3.18557e-05
1.15337e-05
-9.79394e-06
1.5949e-05
9.11282e-06
1.58903e-05
2.36929e-05
1.25754e-05
3.27586e-05
7.52116e-06
3.50559e-05
2.57279e-06
2.91967e-05
1.3562e-05
-3.21427e-06
4.6574e-06
-1.21526e-05
1.89399e-05
-2.60667e-05
3.53761e-05
-4.42978e-05
5.21165e-05
-6.6355e-05
6.83784e-05
-9.19107e-05
8.39345e-05
-0.000120754
9.8798e-05
-0.000152725
0.000113026
-0.000187656
0.000126599
-0.000225314
0.000139373
-0.00026537
0.000151068
-0.00030738
0.00016129
-0.000350781
0.000169564
-0.000394905
0.000175382
-0.000438992
0.000178243
-0.000482224
0.000177692
-0.00052375
0.000173359
-0.000562719
0.000164987
-0.000598305
0.000152445
-0.000629732
0.000135746
-0.000656289
0.000115049
-0.000677342
9.06532e-05
-0.000692344
6.29936e-05
-0.000700842
3.26337e-05
-0.000702481
2.54231e-07
-0.000697014
-3.33491e-05
-0.000684318
-6.7296e-05
-0.000664405
-0.000100626
-0.000637446
-0.000132318
-0.000603789
-0.000161325
-0.000563975
-0.000186603
-0.000518756
-0.000207167
-0.000469094
-0.000222142
-0.000416153
-0.000230828
-0.000361272
-0.000232762
-0.000305917
-0.000227776
-0.000251617
-0.000216037
-0.000199887
-0.000198071
-0.000152136
-0.000174747
-0.000109581
-0.000147243
-7.31693e-05
-0.000116976
-4.35139e-05
-8.5518e-05
-2.08569e-05
-5.45127e-05
-5.05217e-06
-2.55987e-05
4.42971e-06
-3.69068e-07
8.48556e-06
1.96371e-05
8.3476e-06
3.28966e-05
5.5727e-06
3.78308e-05
2.04347e-06
3.27259e-05
1.56055e-05
-4.43962e-06
9.09701e-06
-1.62533e-05
3.07535e-05
-3.40857e-05
5.32085e-05
-5.6873e-05
7.49037e-05
-8.38798e-05
9.53852e-05
-0.000114646
0.0001147
-0.000148892
0.000133044
-0.000186419
0.000150552
-0.000227017
0.000167198
-0.000270407
0.000182764
-0.000316199
0.00019686
-0.000363877
0.000208968
-0.00041281
0.000218497
-0.000462266
0.000224838
-0.00051144
0.000227417
-0.000559488
0.00022574
-0.000605553
0.000219424
-0.000648796
0.000208229
-0.000688414
0.000192063
-0.000723658
0.00017099
-0.000753838
0.000145229
-0.000778328
0.000115144
-0.000796573
8.12379e-05
-0.000808083
4.4144e-05
-0.000812446
4.61699e-06
-0.000809328
-3.64673e-05
-0.000798497
-7.81263e-05
-0.000779839
-0.000119284
-0.000753382
-0.000158776
-0.000719326
-0.000195381
-0.000678075
-0.000227854
-0.000630262
-0.000254981
-0.000576768
-0.000275636
-0.00051873
-0.000288866
-0.000457526
-0.000293967
-0.000394735
-0.000290567
-0.000332073
-0.000278699
-0.000271306
-0.000258838
-0.000214139
-0.000231914
-0.000162108
-0.000199274
-0.000116472
-0.000162611
-7.8126e-05
-0.000123864
-4.75407e-05
-8.50979e-05
-2.47383e-05
-4.84011e-05
-9.29422e-06
-1.58132e-05
-3.59215e-07
1.0702e-05
3.29889e-06
2.92384e-05
3.26101e-06
3.78687e-05
1.42812e-06
3.45588e-05
1.70336e-05
-5.70757e-06
1.48046e-05
-2.04641e-05
4.55099e-05
-4.22683e-05
7.50126e-05
-6.96302e-05
0.000102266
-0.00010156
0.000127315
-0.000137459
0.000150599
-0.000176975
0.00017256
-0.000219863
0.00019344
-0.000265874
0.000213208
-0.000314678
0.000231568
-0.00036583
0.000248011
-0.000418759
0.000261897
-0.000472784
0.000272522
-0.000527138
0.000279192
-0.000581001
0.00028128
-0.000633531
0.000278269
-0.000683891
0.000269784
-0.000731273
0.000255611
-0.000774909
0.000235699
-0.000814079
0.000210161
-0.000848116
0.000179265
-0.000876398
0.000143426
-0.000898354
0.000103194
-0.000913462
5.92516e-05
-0.000921248
1.24033e-05
-0.000921295
-3.64202e-05
-0.000913262
-8.61592e-05
-0.000896897
-0.000135649
-0.000872068
-0.000183605
-0.000838797
-0.000228652
-0.000797302
-0.00026935
-0.000748036
-0.000304246
-0.000691734
-0.000331939
-0.00062943
-0.00035117
-0.000562476
-0.000360921
-0.000492514
-0.000360529
-0.000421423
-0.00034979
-0.000351225
-0.000329037
-0.000283959
-0.00029918
-0.000221544
-0.000261689
-0.000165632
-0.000218524
-0.000117483
-0.000172013
-7.788e-05
-0.000124701
-4.70781e-05
-7.9203e-05
-2.4803e-05
-3.80883e-05
-1.02832e-05
-3.81779e-06
-2.29968e-06
2.1255e-05
7.46194e-07
3.48228e-05
7.81929e-07
3.4523e-05
1.78155e-05
-6.97832e-06
2.17829e-05
-2.46521e-05
6.31836e-05
-5.03576e-05
0.000100718
-8.2174e-05
0.000134082
-0.000118856
0.000163997
-0.000159668
0.00019141
-0.000204182
0.000217074
-0.000252105
0.000241364
-0.000303146
0.000264249
-0.000356928
0.00028535
-0.00041296
0.000304043
-0.000470631
0.000319567
-0.000529229
0.00033112
-0.000587976
0.000337939
-0.000646056
0.00033936
-0.000702648
0.000334861
-0.000756948
0.000324085
-0.000808186
0.000306849
-0.00085563
0.000283143
-0.000898592
0.000253122
-0.000936423
0.000217097
-0.000968517
0.00017552
-0.000994301
0.000128978
-0.00101323
7.81853e-05
-0.00102481
2.39809e-05
-0.00102856
-3.26748e-05
-0.00102404
-9.06738e-05
-0.00101089
-0.000148799
-0.000988813
-0.000205685
-0.000957627
-0.000259837
-0.000917324
-0.000309653
-0.000868115
-0.000353455
-0.000810494
-0.00038956
-0.0007453
-0.000416364
-0.000673752
-0.000432469
-0.000597464
-0.000436817
-0.000518407
-0.000428846
-0.00043883
-0.000408614
-0.000361121
-0.000376889
-0.000287636
-0.000335174
-0.000220512
-0.000285648
-0.000161488
-0.000231037
-0.000111766
-0.000174423
-7.19324e-05
-0.000119037
-4.19363e-05
-6.80844e-05
-2.11264e-05
-2.46277e-05
-8.31914e-06
8.44766e-06
-1.89156e-06
2.83953e-05
1.32943e-07
3.24985e-05
1.79485e-05
-8.20795e-06
2.99908e-05
-2.86775e-05
8.36531e-05
-5.80918e-05
0.000130132
-9.41102e-05
0.0001701
-0.000135241
0.000205128
-0.000180611
0.000236781
-0.00022972
0.000266183
-0.000282226
0.00029387
-0.000337792
0.000319815
-0.000396002
0.00034356
-0.000456327
0.000364368
-0.000518126
0.000381367
-0.000580676
0.000393669
-0.000643197
0.00040046
-0.000704892
0.000401055
-0.000764968
0.000394936
-0.000822653
0.00038177
-0.000877212
0.000361408
-0.000927949
0.00033388
-0.000974209
0.000299383
-0.00101538
0.000258267
-0.00105088
0.000211023
-0.00108017
0.000158271
-0.00110274
0.000100753
-0.00111809
3.93282e-05
-0.00112573
-2.50348e-05
-0.00112519
-9.12148e-05
-0.001116
-0.000157986
-0.00109773
-0.000223955
-0.00107
-0.00028757
-0.00103253
-0.000347117
-0.000985245
-0.000400745
-0.000928297
-0.000446508
-0.00086221
-0.000482451
-0.000787937
-0.000506741
-0.000706922
-0.000517832
-0.000621108
-0.000514661
-0.000532881
-0.000496841
-0.000444944
-0.000464826
-0.000360121
-0.000419996
-0.000281118
-0.000364651
-0.000210278
-0.000301878
-0.000149368
-0.000235332
-9.94415e-05
-0.000168963
-6.07806e-05
-0.000106745
-3.29257e-05
-5.24827e-05
-1.47646e-05
-9.71341e-06
-4.64781e-06
1.82784e-05
-5.1613e-07
2.83668e-05
1.74323e-05
-9.34964e-06
3.93404e-05
-3.23966e-05
0.0001067
-6.52091e-05
0.000162945
-0.000105053
0.000209944
-0.000150203
0.000250278
-0.000199656
0.000286234
-0.000252838
0.000319365
-0.000309356
0.000350387
-0.00036883
0.000379289
-0.000430807
0.000405537
-0.000494726
0.000428287
-0.000559928
0.000446569
-0.000625683
0.000459424
-0.00069122
0.000465997
-0.000755758
0.000465593
-0.000818526
0.000457705
-0.000878782
0.000442027
-0.000935823
0.000418449
-0.000988989
0.000387046
-0.00103767
0.000348064
-0.00108131
0.000301903
-0.00111939
0.000249104
-0.00115144
0.000190328
-0.00117703
0.000126344
-0.00119573
5.80244e-05
-0.00120709
-1.36707e-05
-0.00121066
-8.76484e-05
-0.00120593
-0.00016272
-0.00119235
-0.000237531
-0.00116937
-0.000310547
-0.00113646
-0.00038003
-0.00109318
-0.000444029
-0.00103929
-0.000500399
-0.000974869
-0.000546868
-0.000900458
-0.000581153
-0.000817148
-0.000601143
-0.00072667
-0.000605138
-0.000631395
-0.000592116
-0.000534235
-0.000561986
-0.000438449
-0.000515782
-0.000347365
-0.000455735
-0.000264052
-0.000385191
-0.000191012
-0.000308372
-0.000129943
-0.000230032
-8.16182e-05
-0.00015507
-4.58832e-05
-8.82177e-05
-2.17575e-05
-3.38392e-05
-7.58243e-06
4.10339e-06
-1.18334e-06
2.19677e-05
1.6249e-05
-1.03558e-05
4.96962e-05
-3.56674e-05
0.000132012
-7.14562e-05
0.000198734
-0.000114634
0.000253122
-0.000163263
0.000298906
-0.000216216
0.000339187
-0.000272843
0.000375992
-0.000332697
0.000410242
-0.000395358
0.00044195
-0.000460337
0.000470515
-0.000527045
0.000494995
-0.000594809
0.000514333
-0.000662893
0.000527509
-0.000730531
0.000533635
-0.000796952
0.000532014
-0.000861403
0.000522155
-0.000923162
0.000503786
-0.000981556
0.000476843
-0.00103597
0.000441461
-0.00108586
0.000397952
-0.00113075
0.00034679
-0.00117022
0.000288581
-0.00120394
0.000224045
-0.00123158
0.000153988
-0.00125285
7.92876e-05
-0.0012674
8.8538e-07
-0.00127485
-8.02012e-05
-0.00127471
-0.000162856
-0.00126641
-0.000245838
-0.00124923
-0.000327718
-0.00122243
-0.000406832
-0.00118522
-0.000481238
-0.00113693
-0.000548698
-0.00107709
-0.0006067
-0.00100569
-0.000652554
-0.000923272
-0.000683562
-0.00083113
-0.000697281
-0.000731387
-0.000691859
-0.000626974
-0.000666399
-0.000521468
-0.000621289
-0.000418796
-0.000558407
-0.000322839
-0.000481147
-0.000237004
-0.000394208
-0.000163846
-0.000303189
-0.000104841
-0.000214076
-6.0308e-05
-0.000132751
-2.95029e-05
-6.46443e-05
-1.08014e-05
-1.45981e-05
-1.90181e-06
1.30681e-05
1.43472e-05
-1.11806e-05
6.08768e-05
-3.8356e-05
0.000159187
-7.65984e-05
0.000236976
-0.00012252
0.000299044
-0.000173991
0.000350377
-0.000229766
0.000394962
-0.000289118
0.000435344
-0.000351545
0.000472669
-0.000416583
0.000506988
-0.000483706
0.000537638
-0.000552302
0.000563592
-0.00062168
0.000583711
-0.000691097
0.000596925
-0.000759781
0.00060232
-0.000826966
0.000599199
-0.000891907
0.000587095
-0.000953901
0.00056578
-0.00101231
0.000535254
-0.00106658
0.000495732
-0.00111625
0.000447623
-0.00116096
0.000391498
-0.00120044
0.000328059
-0.00123449
0.0002581
-0.00126298
0.000182475
-0.00128576
0.000102069
-0.00130266
1.77871e-05
-0.00131342
-6.94497e-05
-0.00131763
-0.000158644
-0.00131474
-0.000248729
-0.00130399
-0.000338464
-0.00128446
-0.000426364
-0.00125507
-0.000510625
-0.00121472
-0.000589049
-0.0011624
-0.000659024
-0.0010974
-0.000717554
-0.00101956
-0.000761403
-0.000929489
-0.000787347
-0.000828792
-0.000792556
-0.000720129
-0.000775062
-0.000607165
-0.000734252
-0.000494304
-0.000671268
-0.000386241
-0.00058921
-0.000287416
-0.000493033
-0.000201471
-0.000389134
-0.000130838
-0.000284709
-7.65431e-05
-0.000187045
-3.82442e-05
-0.000102943
-1.44352e-05
-3.84071e-05
-2.71345e-06
1.34632e-06
1.16337e-05
-1.17831e-05
7.26599e-05
-4.03439e-05
0.000187748
-8.04299e-05
0.000277062
-0.000128418
0.000347032
-0.000182015
0.000403973
-0.000239859
0.000452807
-0.000301144
0.000496629
-0.00036531
0.000536834
-0.000431843
0.000573521
-0.000500184
0.000605979
-0.000569692
0.0006331
-0.000639657
0.000653676
-0.000709318
0.000666587
-0.000777899
0.000670901
-0.000844626
0.000665926
-0.000908761
0.00065123
-0.000969628
0.000626647
-0.00102664
0.000592262
-0.00107931
0.000548404
-0.00112729
0.000495604
-0.00117036
0.000434566
-0.00120841
0.00036611
-0.00124143
0.000291124
-0.00126948
0.000210519
-0.00129259
0.000125188
-0.0013108
3.59918e-05
-0.001324
-5.62529e-05
-0.00133193
-0.000150711
-0.00133413
-0.000246528
-0.00132988
-0.000342718
-0.00131817
-0.000438073
-0.00129774
-0.000531049
-0.00126715
-0.000619646
-0.00122485
-0.000701322
-0.00116945
-0.000772951
-0.00109996
-0.000830893
-0.00101611
-0.000871201
-0.00091866
-0.000890003
-0.000809676
-0.000884046
-0.000692569
-0.000851358
-0.000571956
-0.000791882
-0.000453225
-0.000707942
-0.000341896
-0.000604362
-0.00024289
-0.00048814
-0.000159878
-0.000367721
-9.48872e-05
-0.000252036
-4.82134e-05
-0.000149617
-1.86177e-05
-6.80027e-05
-3.66044e-06
-1.36109e-05
7.97328e-06
-1.21294e-05
8.47892e-05
-4.15338e-05
0.000217152
-8.27835e-05
0.000318312
-0.000132096
0.000396344
-0.000187039
0.000458916
-0.000246144
0.000511912
-0.00030852
0.000559005
-0.00037354
0.000601854
-0.000440643
0.000640625
-0.00050923
0.000674566
-0.000578631
0.000702501
-0.000648111
0.000723156
-0.000716894
0.000735369
-0.000784187
0.000738194
-0.000849216
0.000730955
-0.000911256
0.00071327
-0.000969665
0.000685056
-0.00102392
0.000646516
-0.00107363
0.000598118
-0.00111858
0.000540553
-0.0011587
0.00047468
-0.00119404
0.000401458
-0.0012248
0.000321884
-0.00125122
0.000236932
-0.00127353
0.000147505
-0.00129196
5.44141e-05
-0.00130658
-4.16293e-05
-0.00131732
-0.000139971
-0.00132386
-0.000239986
-0.00132559
-0.000340987
-0.00132156
-0.000442108
-0.00131044
-0.000542169
-0.00129056
-0.000639519
-0.00126001
-0.000731875
-0.00121676
-0.000816202
-0.00115897
-0.000888678
-0.00108537
-0.000944802
-0.000995654
-0.000979722
-0.000890899
-0.000988801
-0.000773857
-0.0009684
-0.000648963
-0.000916776
-0.000522018
-0.000834886
-0.000399527
-0.000726852
-0.000287797
-0.000599871
-0.000192008
-0.00046351
-0.000115524
-0.000328521
-5.95918e-05
-0.000205549
-2.34628e-05
-0.000104132
-4.78045e-06
-3.22932e-05
3.19283e-06
-1.21952e-05
9.69845e-05
-4.18555e-05
0.000246812
-8.35378e-05
0.000359994
-0.000133383
0.000446189
-0.000188853
0.000514386
-0.000248376
0.000571434
-0.000310969
0.000621599
-0.000375938
0.000666823
-0.000442667
0.000707354
-0.000510518
0.000742417
-0.000578789
0.000770772
-0.000646722
0.00079109
-0.000713524
0.00080217
-0.000778393
0.000803063
-0.00084056
0.000793122
-0.000899327
0.000772037
-0.000954104
0.000739834
-0.00100445
0.000696862
-0.00105009
0.000643762
-0.00109095
0.000581405
-0.00112709
0.000510826
-0.00115877
0.000433135
-0.00118633
0.000349441
-0.00121018
0.000260784
-0.00123075
0.000168077
-0.00124842
7.20818e-05
-0.00126345
-2.65932e-05
-0.00127595
-0.00012747
-0.00128579
-0.000230151
-0.00129252
-0.000334254
-0.00129535
-0.000439284
-0.00129302
-0.000544493
-0.00128385
-0.000648689
-0.0012657
-0.00075003
-0.00123609
-0.00084581
-0.00119246
-0.000932306
-0.00113252
-0.00100475
-0.00105473
-0.00105751
-0.000958909
-0.00108462
-0.000846694
-0.00108062
-0.000721844
-0.00104163
-0.000590134
-0.000966597
-0.000458778
-0.000858208
-0.00033543
-0.000723219
-0.000226979
-0.000571961
-0.00013847
-0.000417029
-7.24778e-05
-0.000271541
-2.9049e-05
-0.000147561
-6.10428e-06
-5.5238e-05
-2.91145e-06
-1.19677e-05
0.000108952
-4.12695e-05
0.000276114
-8.26235e-05
0.000401348
-0.000132183
0.000495749
-0.000187341
0.000569544
-0.000246424
0.000630518
-0.000308358
0.000683533
-0.000372373
0.000730838
-0.000437797
0.000772778
-0.000503953
0.000808572
-0.000570111
0.00083693
-0.000635494
0.000856473
-0.000699297
0.000865973
-0.000760723
0.000864489
-0.000819024
0.000851423
-0.000873546
0.00082656
-0.000923774
0.000790062
-0.000969364
0.000742452
-0.00101017
0.000684565
-0.00104623
0.000617471
-0.00107779
0.000542385
-0.00110523
0.000460571
-0.00112903
0.000373247
-0.00114976
0.000281508
-0.00116796
0.000186277
-0.00118415
8.82698e-05
-0.00119874
-1.20027e-05
-0.00121199
-0.000114217
-0.00122396
-0.000218183
-0.00123442
-0.000323794
-0.00124278
-0.000430918
-0.00124803
-0.00053925
-0.00124859
-0.000648123
-0.00124235
-0.000756269
-0.00122663
-0.00086153
-0.00119835
-0.000960584
-0.00115436
-0.00104875
-0.00109189
-0.00111997
-0.0010093
-0.00116721
-0.000906738
-0.00118318
-0.000786762
-0.0011616
-0.000654549
-0.00109881
-0.000517559
-0.000995198
-0.000384563
-0.000856215
-0.000264214
-0.000692311
-0.000163544
-0.000517699
-8.68687e-05
-0.000348216
-3.54148e-05
-0.000199014
-7.65241e-06
-8.30004e-05
-1.05639e-05
-1.14461e-05
0.000120398
-3.97696e-05
0.000304438
-8.00263e-05
0.000441604
-0.000128477
0.0005442
-0.000182482
0.000623548
-0.000240277
0.000688313
-0.000300694
0.000743949
-0.000362881
0.000793025
-0.000426113
0.00083601
-0.000489674
0.000872134
-0.000552815
0.000900071
-0.000614749
0.000918406
-0.000674674
0.000925899
-0.000731816
0.00092163
-0.000785467
0.000905075
-0.000835041
0.000876134
-0.000880111
0.000835132
-0.000920447
0.000782787
-0.000956023
0.000720141
-0.000987018
0.000648466
-0.00101379
0.000569158
-0.00103684
0.000483619
-0.00105675
0.000393163
-0.00107418
0.000298931
-0.00108974
0.000201844
-0.00110405
0.000102575
-0.0011176
1.54878e-06
-0.00113078
-0.000101036
-0.0011438
-0.00020516
-0.00115665
-0.000310948
-0.00116899
-0.000418574
-0.0011801
-0.000528144
-0.0011887
-0.00063952
-0.0011929
-0.000752069
-0.00119009
-0.000864344
-0.00117697
-0.000973698
-0.0011498
-0.00107592
-0.00110478
-0.001165
-0.00103877
-0.00123322
-0.000950211
-0.00127174
-0.000839967
-0.00127185
-0.000711997
-0.00122678
-0.00057338
-0.00113381
-0.000433558
-0.000996036
-0.000302813
-0.000823055
-0.000190356
-0.000630157
-0.000102651
-0.000435921
-4.25529e-05
-0.000259113
-9.4336e-06
-0.00011612
-1.99975e-05
-1.0642e-05
0.00013104
-3.73833e-05
0.000331179
-7.57875e-05
0.000480009
-0.00012232
0.000590733
-0.000174351
0.000675579
-0.00023004
0.000744002
-0.00028812
0.000802029
-0.00034766
0.000852566
-0.000407881
0.000896231
-0.000468038
0.00093229
-0.00052737
0.000959403
-0.000585097
0.000976133
-0.00064044
0.000981242
-0.000692666
0.000973857
-0.000741134
0.000953543
-0.000785342
0.000920341
-0.000824969
0.000874759
-0.000859898
0.000817717
-0.000890226
0.000750469
-0.000916242
0.000674483
-0.000938404
0.000591319
-0.000957287
0.000502502
-0.000973539
0.000409416
-0.000987839
0.000313231
-0.00100085
0.000214856
-0.0010132
0.000114919
-0.00102542
1.37747e-05
-0.00103798
-8.84756e-05
-0.0010512
-0.000191941
-0.00106524
-0.00029691
-0.00108002
-0.000403795
-0.00109512
-0.000513037
-0.00110968
-0.000624967
-0.00112216
-0.000739582
-0.00113029
-0.000856215
-0.0011309
-0.000973096
-0.00111998
-0.00108684
-0.00109302
-0.00119195
-0.00104562
-0.00128062
-0.000974416
-0.00134294
-0.000878272
-0.00136799
-0.000759335
-0.00134572
-0.000623585
-0.00126956
-0.000480493
-0.00113913
-0.000341604
-0.000961945
-0.000218322
-0.000753438
-0.000119604
-0.000534639
-5.04101e-05
-0.000328307
-1.14455e-05
-0.000155084
-3.14429e-05
-9.57917e-06
0.000140619
-3.41705e-05
0.00035577
-7.00023e-05
0.00051584
-0.000113841
0.000634572
-0.000163116
0.000724853
-0.000215925
0.000796812
-0.000270909
0.000857013
-0.000327057
0.000908714
-0.00038354
0.000952714
-0.000439592
0.000988343
-0.000494457
0.00101427
-0.000547378
0.00102905
-0.000597623
0.00103149
-0.000644523
0.00102076
-0.000687521
0.000996541
-0.000726217
0.000959037
-0.000760401
0.000908943
-0.000790071
0.000847387
-0.000815428
0.000775826
-0.000836852
0.000695907
-0.000854864
0.000609332
-0.00087008
0.000517717
-0.000883162
0.000422498
-0.000894781
0.00032485
-0.00090558
0.000225655
-0.000916159
0.000125498
-0.000927056
2.46718e-05
-0.000938742
-7.67899e-05
-0.000951602
-0.00017908
-0.00096592
-0.000282592
-0.000981825
-0.00038789
-0.000999209
-0.000495653
-0.00101759
-0.000606583
-0.00103595
-0.000721227
-0.00105248
-0.000839683
-0.00106443
-0.000961149
-0.00106795
-0.00108332
-0.00105822
-0.00120168
-0.00102992
-0.00130892
-0.000978084
-0.00139478
-0.000899456
-0.00144662
-0.000793917
-0.00145126
-0.000665637
-0.00139784
-0.000523332
-0.00128143
-0.00037922
-0.00110606
-0.000246692
-0.000885966
-0.000137403
-0.000643928
-5.88894e-05
-0.00040682
-1.3676e-05
-0.000200298
-4.51189e-05
-8.29166e-06
0.000148911
-3.02209e-05
0.0003777
-6.28156e-05
0.000548435
-0.000103237
0.000674994
-0.000149027
0.000770643
-0.000198245
0.00084603
-0.000249447
0.000908215
-0.000301545
0.000960812
-0.000353666
0.00100484
-0.000405036
0.00103971
-0.000454917
0.00106415
-0.000502598
0.00107673
-0.000547412
0.0010763
-0.000588777
0.00106212
-0.000626236
0.001034
-0.000659499
0.0009923
-0.000688467
0.000937912
-0.000713243
0.000872163
-0.000734114
0.000796696
-0.000751519
0.000713313
-0.000766014
0.000623826
-0.000778216
0.000529919
-0.000788765
0.000433048
-0.000798288
0.000334373
-0.000807373
0.00023474
-0.00081656
0.000134685
-0.000826339
3.44505e-05
-0.000837154
-6.59756e-05
-0.000849402
-0.000166832
-0.000863434
-0.00026856
-0.000879525
-0.000371799
-0.000897813
-0.000477366
-0.000918185
-0.000586211
-0.000940105
-0.000699307
-0.000962369
-0.000817418
-0.000982827
-0.000940691
-0.000998121
-0.00106802
-0.00100358
-0.00119622
-0.000993422
-0.00131908
-0.000961487
-0.00142671
-0.000902516
-0.00150559
-0.000813898
-0.00153987
-0.000697388
-0.00151435
-0.000560127
-0.00141869
-0.00041422
-0.00125196
-0.000274599
-0.00102559
-0.00015564
-0.000762887
-6.78536e-05
-0.000494607
-1.61031e-05
-0.000252048
-6.1222e-05
-6.82235e-06
0.000155733
-2.56496e-05
0.000396527
-5.44158e-05
0.000577201
-9.07651e-05
0.000711343
-0.000132408
0.000812285
-0.000177397
0.000891019
-0.000224212
0.00095503
-0.000271699
0.0010083
-0.000318945
0.00105208
-0.000365178
0.00108594
-0.000409697
0.00110867
-0.000451854
0.00111889
-0.000491068
0.00111552
-0.000526857
0.00109791
-0.000558876
0.00106602
-0.000586946
0.00102037
-0.000611074
0.00096204
-0.00063145
0.000892538
-0.000648421
0.000813667
-0.000662463
0.000727355
-0.000674129
0.000635493
-0.000684011
0.000539802
-0.000692698
0.000441734
-0.000700745
0.00034242
-0.000708664
0.000242659
-0.000716912
0.000142934
-0.000725907
4.34457e-05
-0.000736037
-5.5846e-05
-0.000747672
-0.000155196
-0.00076118
-0.000255053
-0.000776914
-0.000356065
-0.000795182
-0.000459097
-0.000816162
-0.000565231
-0.000839752
-0.000675718
-0.000865336
-0.000791834
-0.000891469
-0.000914558
-0.000915513
-0.00104398
-0.000933328
-0.00117841
-0.000939208
-0.0013132
-0.000926301
-0.00143962
-0.000887729
-0.00154416
-0.000818417
-0.00160919
-0.000717312
-0.00161546
-0.00058921
-0.0015468
-0.000445218
-0.00139596
-0.000301132
-0.00116967
-0.00017385
-0.000890168
-7.71319e-05
-0.000591325
-1.86949e-05
-0.000310485
-7.99169e-05
-5.22057e-06
0.000160954
-2.05926e-05
0.000411899
-4.5028e-05
0.000601637
-7.67312e-05
0.000743047
-0.000113643
0.000849197
-0.000153844
0.000931221
-0.000195759
0.000996945
-0.00023817
0.00105071
-0.000280135
0.00109405
-0.000320895
0.0011267
-0.000359799
0.00114757
-0.000396278
0.00115537
-0.00042985
0.00114909
-0.000460145
0.00112821
-0.000486932
0.00109281
-0.000510143
0.00104358
-0.000529875
0.000981772
-0.000546385
0.000909048
-0.000560059
0.000827341
-0.000571377
0.000738672
-0.000580867
0.000644983
-0.000589071
0.000548006
-0.000596506
0.000449169
-0.000603644
0.000349558
-0.000610906
0.000249921
-0.000618663
0.000150691
-0.000627248
5.20305e-05
-0.000636977
-4.61167e-05
-0.000648171
-0.000144003
-0.000661173
-0.000242051
-0.00067636
-0.000340878
-0.000694134
-0.000441324
-0.000714866
-0.000544499
-0.000738791
-0.000651793
-0.000765803
-0.000764823
-0.000795149
-0.000885212
-0.000825014
-0.00101411
-0.000852072
-0.00115135
-0.000871146
-0.00129413
-0.00087528
-0.00143548
-0.00085652
-0.00156292
-0.000807635
-0.00165807
-0.000724631
-0.00169846
-0.000609352
-0.00166208
-0.000471006
-0.0015343
-0.000325408
-0.00131527
-0.000191543
-0.00102403
-8.65321e-05
-0.000696336
-2.14122e-05
-0.000375605
-0.000101329
-3.53959e-06
0.000164494
-1.52002e-05
0.00042356
-3.49053e-05
0.000621342
-6.1483e-05
0.000769624
-9.31657e-05
0.00088088
-0.000128106
0.000966161
-0.000164693
0.00103353
-0.000201659
0.00108768
-0.00023804
0.00113043
-0.000273095
0.00116176
-0.000306234
0.00118071
-0.000336979
0.00118612
-0.000364958
0.00117707
-0.000389915
0.00115316
-0.000411736
0.00111463
-0.000430448
0.00106229
-0.000446227
0.000997552
-0.000459375
0.000922197
-0.000470293
0.000838259
-0.000479442
0.000747821
-0.000487307
0.000652848
-0.000494359
0.000555058
-0.000501036
0.000455845
-0.000507721
0.000356244
-0.000514745
0.000256945
-0.000522392
0.000158337
-0.000530913
6.05514e-05
-0.000540551
-3.64789e-05
-0.000551563
-0.00013299
-0.000564248
-0.000229367
-0.000578963
-0.000326162
-0.000596139
-0.000424149
-0.000616251
-0.000524387
-0.000639755
-0.000628289
-0.000666934
-0.000737643
-0.000697631
-0.000854516
-0.000730839
-0.000980906
-0.000764175
-0.00111801
-0.000793335
-0.00126497
-0.000811801
-0.00141702
-0.000811186
-0.00156353
-0.000782628
-0.00168663
-0.000719342
-0.00176175
-0.000619858
-0.00176156
-0.000490665
-0.0016635
-0.000346653
-0.00145928
-0.00020825
-0.00116244
-9.58546e-05
-0.000808731
-2.42109e-05
-0.000447249
-0.00012554
-1.83413e-06
0.000166328
-9.63177e-06
0.000431357
-2.43206e-05
0.000636031
-4.53976e-05
0.000790702
-7.14465e-05
0.000906928
-0.000100738
0.000995452
-0.000131657
0.00106445
-0.000162897
0.00111891
-0.000193477
0.00116101
-0.000222683
0.00119097
-0.00024999
0.00120802
-0.000275015
0.00121114
-0.0002975
0.00119955
-0.000317307
0.00117297
-0.000334427
0.00113175
-0.000348976
0.00107684
-0.00036119
0.00100977
-0.000371397
0.000932404
-0.000379992
0.000846855
-0.000387401
0.00075523
-0.000394048
0.000659494
-0.000400329
0.000561339
-0.000406597
0.000462113
-0.000413149
0.000362796
-0.000420232
0.000264029
-0.000428052
0.000166157
-0.000436787
6.92863e-05
-0.000446613
-2.6653e-05
-0.000457725
-0.000121877
-0.000470367
-0.000216725
-0.000484852
-0.000311677
-0.000501591
-0.00040741
-0.00052109
-0.000504887
-0.000543921
-0.000605458
-0.000570619
-0.000710945
-0.000601479
-0.000823656
-0.000636195
-0.00094619
-0.000673321
-0.00108089
-0.000709611
-0.00122868
-0.000739412
-0.00138722
-0.000754542
-0.00154841
-0.000745169
-0.001696
-0.000702143
-0.00180477
-0.000620587
-0.00184312
-0.000503625
-0.00178046
-0.000364262
-0.00159865
-0.000223557
-0.00130314
-0.000104911
-0.000927378
-2.70458e-05
-0.000525114
-0.000152586
-1.58168e-07
0.000166486
-4.04964e-06
0.000435249
-1.35579e-05
0.000645539
-2.88718e-05
0.000806016
-4.89805e-05
0.000927037
-7.23238e-05
0.0010188
-9.73153e-05
0.00108944
-0.000122626
0.00114423
-0.000147266
0.00118565
-0.000170545
0.00121425
-0.000192007
0.00122948
-0.000211366
0.0012305
-0.000228476
0.00121666
-0.000243311
0.00118781
-0.000255962
0.0011444
-0.000266619
0.0010875
-0.000275563
0.00101871
-0.000283134
0.000939975
-0.000289705
0.000853425
-0.000295653
0.000761178
-0.000301336
0.000665177
-0.000307072
0.000567076
-0.000313131
0.000468171
-0.000319731
0.000369396
-0.000327046
0.000271344
-0.000335215
0.000174325
-0.000344356
7.84278e-05
-0.000354591
-1.64183e-05
-0.00036606
-0.000110408
-0.000378952
-0.000203834
-0.000393527
-0.000297102
-0.000410148
-0.000390789
-0.000429298
-0.000485737
-0.000451578
-0.000583178
-0.000477654
-0.000684869
-0.000508117
-0.000793192
-0.000543198
-0.000911109
-0.000582279
-0.0010418
-0.000623197
-0.00118776
-0.000661434
-0.00134898
-0.000689549
-0.00152029
-0.000697462
-0.00168809
-0.000674274
-0.00182796
-0.000611902
-0.00190549
-0.000509684
-0.00188268
-0.000377843
-0.00173049
-0.000237148
-0.00144384
-0.000113542
-0.00105098
-2.98758e-05
-0.00060878
-0.000182462
1.43711e-06
0.000165049
1.38526e-06
0.000435301
-2.9048e-06
0.000649829
-1.23133e-05
0.000815424
-2.62787e-05
0.000941003
-4.34614e-05
0.00103598
-6.23418e-05
0.00110832
-8.1589e-05
0.00116347
-0.000100207
0.00120427
-0.000117532
0.00123157
-0.000133172
0.00124512
-0.000146934
0.00124426
-0.000158778
0.00122851
-0.000168786
0.00119781
-0.000177135
0.00115274
-0.000184082
0.00109445
-0.00018994
0.00102457
-0.000195047
0.000945082
-0.000199748
0.000858126
-0.000204366
0.000765797
-0.00020919
0.000670001
-0.000214461
0.000572347
-0.000220374
0.000474084
-0.000227076
0.000376099
-0.000234681
0.000278948
-0.000243273
0.000182917
-0.000252927
8.80819e-05
-0.000263721
-5.62483e-06
-0.000275753
-9.83763e-05
-0.000289163
-0.000190423
-0.000304161
-0.000282104
-0.000321048
-0.000373902
-0.000340253
-0.000466532
-0.000362346
-0.000561085
-0.000388025
-0.00065919
-0.000418036
-0.000763182
-0.000452968
-0.000876177
-0.000492856
-0.00100192
-0.000536522
-0.00114409
-0.000580677
-0.00130482
-0.000619012
-0.00148196
-0.000641863
-0.00166524
-0.000637328
-0.0018325
-0.000594565
-0.00194825
-0.000508973
-0.00196827
-0.000387225
-0.00185224
-0.000248821
-0.00158224
-0.000121634
-0.00117817
-3.26687e-05
-0.000697745
-0.00021513
2.9066e-06
0.000162142
6.52115e-06
0.000431686
7.35317e-06
0.000648997
3.86548e-06
0.000818912
-3.85998e-06
0.000948728
-1.4757e-05
0.00104688
-2.74137e-05
0.00112098
-4.052e-05
0.00117658
-5.30815e-05
0.00121683
-6.44586e-05
0.00124295
-7.43149e-05
0.00125498
-8.25436e-05
0.00125249
-8.9204e-05
0.00123517
-9.44733e-05
0.00120308
-9.86115e-05
0.00115688
-0.00010193
0.00109777
-0.000104766
0.0010274
-0.000107452
0.000947768
-0.000110299
0.000860973
-0.000113577
0.000769075
-0.000117509
0.000673933
-0.000122266
0.000577104
-0.000127976
0.000479794
-0.000134728
0.000382851
-0.000142584
0.000286804
-0.000151589
0.000191922
-0.000161784
9.82769e-05
-0.000173216
5.80787e-06
-0.000185956
-8.56364e-05
-0.000200108
-0.000176272
-0.000215831
-0.000266381
-0.00023337
-0.000356363
-0.000253084
-0.000446818
-0.000275477
-0.000538692
-0.000301209
-0.000633459
-0.000331065
-0.000733325
-0.000365832
-0.00084141
-0.000405997
-0.000961751
-0.00045119
-0.0010989
-0.000499297
-0.00125672
-0.000545348
-0.0014359
-0.000580642
-0.00162994
-0.000593044
-0.0018201
-0.000569604
-0.00197169
-0.000501895
-0.00203598
-0.000392445
-0.00196169
-0.000258504
-0.00171618
-0.000129131
-0.00130754
-3.54062e-05
-0.00079147
-0.000250537
4.21051e-06
0.000157932
1.12176e-05
0.000424679
1.69441e-05
0.000643271
1.92598e-05
0.000816596
1.77545e-05
0.000950233
1.31777e-05
0.00105145
6.79028e-06
0.00112737
-1.45954e-07
0.00118352
-6.64954e-06
0.00122333
-1.21023e-05
0.0012484
-1.62153e-05
0.00125909
-1.89568e-05
0.00125523
-2.04746e-05
0.00123668
-2.1034e-05
0.00120364
-2.09681e-05
0.00115682
-2.06381e-05
0.00109744
-2.04012e-05
0.00102717
-2.05845e-05
0.000947952
-2.14673e-05
0.000861856
-2.32717e-05
0.000770879
-2.61615e-05
0.000676822
-3.02486e-05
0.000581191
-3.56026e-05
0.000485148
-4.22636e-05
0.000389512
-5.02543e-05
0.000294795
-5.95902e-05
0.000201258
-7.02897e-05
0.000108976
-8.23811e-05
1.78993e-05
-9.59144e-05
-7.21032e-05
-0.00011097
-0.000161216
-0.000127671
-0.00024968
-0.000146209
-0.000337825
-0.000166873
-0.000426154
-0.000190084
-0.000515481
-0.000216422
-0.000607121
-0.000246631
-0.000703116
-0.000281561
-0.00080648
-0.000321965
-0.000921347
-0.000368064
-0.0010528
-0.000418759
-0.00120602
-0.000470458
-0.00138421
-0.000515797
-0.0015846
-0.000543126
-0.00179277
-0.000538169
-0.00197665
-0.000489027
-0.00208512
-0.000393701
-0.00205701
-0.000266239
-0.00184364
-0.000136044
-0.00143774
-3.80885e-05
-0.000889425
-0.000288625
5.31577e-06
0.000152616
1.5349e-05
0.000414646
2.56104e-05
0.000633009
3.34708e-05
0.000808736
3.80469e-05
0.000945657
3.97373e-05
0.00104976
3.96029e-05
0.0011275
3.88219e-05
0.0011843
3.8351e-05
0.0012238
3.87906e-05
0.00124796
4.03891e-05
0.00125749
4.31152e-05
0.00125251
4.67429e-05
0.00123306
5.09281e-05
0.00119946
5.52704e-05
0.00115247
5.9362e-05
0.00109335
6.28243e-05
0.0010237
6.53331e-05
0.000945443
6.66331e-05
0.000860556
6.65415e-05
0.000770971
6.49418e-05
0.000678422
6.17718e-05
0.000584361
5.70077e-05
0.000489912
5.06484e-05
0.000395871
4.27014e-05
0.000302742
3.31724e-05
0.000210786
2.20578e-05
0.000120091
9.33914e-06
3.06179e-05
-5.02111e-06
-5.7743e-05
-2.10875e-05
-0.00014515
-3.89586e-05
-0.000231809
-5.87831e-05
-0.000318
-8.07864e-05
-0.00040415
-0.000105304
-0.000490964
-0.000132815
-0.00057961
-0.000163974
-0.000671957
-0.000199595
-0.000770859
-0.000240538
-0.000880404
-0.000287406
-0.00100593
-0.000339893
-0.00115354
-0.000395681
-0.00132842
-0.000448942
-0.00153134
-0.000489105
-0.0017526
-0.000501396
-0.00196436
-0.000471023
-0.00211549
-0.000391294
-0.00213674
-0.000272169
-0.00196277
-0.000142446
-0.00156746
-4.07373e-05
-0.000991133
-0.000329362
6.1956e-06
0.000146421
1.88049e-05
0.000402037
3.31154e-05
0.000618699
4.61186e-05
0.000795733
5.6503e-05
0.000935273
6.43028e-05
0.00104196
7.03383e-05
0.00112147
7.56656e-05
0.00117897
8.11927e-05
0.00121828
8.74956e-05
0.00124166
9.47907e-05
0.0012502
0.000102995
0.0012443
0.000111816
0.00122424
0.00012084
0.00119043
0.000129603
0.00114371
0.000137651
0.0010853
0.00014458
0.00101677
0.000150062
0.000939961
0.000153854
0.000856764
0.0001558
0.000769024
0.000155818
0.000678404
0.000153884
0.000586296
0.000150007
0.000493789
0.000144216
0.000401662
0.000136541
0.000310417
0.000127003
0.000220325
0.000115606
0.000131487
0.000102338
4.38856e-05
8.71665e-05
-4.25712e-05
7.00333e-05
-0.000128017
5.08576e-05
-0.000212634
2.95231e-05
-0.000296666
5.85963e-06
-0.000380487
-2.03873e-05
-0.000464717
-4.95943e-05
-0.000550403
-8.22971e-05
-0.000639254
-0.000119214
-0.000733942
-0.000161193
-0.000838425
-0.000209033
-0.000958092
-0.000262987
-0.00109958
-0.000321815
-0.00126959
-0.000381249
-0.00147191
-0.00043223
-0.00170162
-0.000460297
-0.00193629
-0.000448514
-0.00212728
-0.000385559
-0.0021997
-0.000276493
-0.00207183
-0.00014847
-0.00169549
-4.33989e-05
-0.0010962
-0.000372761
6.82881e-06
0.000139592
2.14891e-05
0.000387377
3.92411e-05
0.000600947
5.68416e-05
0.000778132
7.26232e-05
0.000919492
8.6264e-05
0.00102832
9.83128e-05
0.00110942
0.000109663
0.00116762
0.000121143
0.0012068
0.00013329
0.00122951
0.000146292
0.00123719
0.00016002
0.00123057
0.000174127
0.00121013
0.000188135
0.00117643
0.000201523
0.00113032
0.000213789
0.00107303
0.000224496
0.00100607
0.000233302
0.000931155
0.000239966
0.0008501
0.000244342
0.000764648
0.00024637
0.000676376
0.000246046
0.00058662
0.000243405
0.00049643
0.000238495
0.000406572
0.000231361
0.00031755
0.000222034
0.000229651
0.000210526
0.000142996
0.000196824
5.75874e-05
0.000180898
-2.66448e-05
0.000162694
-0.000109813
0.000142142
-0.000192081
0.000119148
-0.000273672
9.35845e-05
-0.000354924
6.52673e-05
-0.0004364
3.39206e-05
-0.000519056
-8.63093e-07
-0.000604471
-3.96656e-05
-0.00069514
-8.32509e-05
-0.00079484
-0.000132465
-0.000908878
-0.000187905
-0.00104414
-0.00024917
-0.00120832
-0.000313437
-0.00140764
-0.000373411
-0.00164165
-0.000415673
-0.00189403
-0.000422015
-0.00212093
-0.000376779
-0.00224493
-0.000279425
-0.00216919
-0.000154298
-0.00182061
-4.61464e-05
-0.00120436
-0.000418908
7.19809e-06
0.000132394
2.33155e-05
0.000371259
4.37847e-05
0.000580478
6.52924e-05
0.000756625
8.59167e-05
0.000898867
0.000105012
0.00100923
0.000122838
0.00109159
0.000140085
0.00115037
0.000157465
0.00118942
0.000175454
0.00121152
0.000194199
0.00121845
0.000213533
0.00121124
0.000233059
0.0011906
0.000252242
0.00115724
0.000270506
0.00111206
0.000287299
0.00105624
0.000302146
0.000991219
0.000314678
0.000918623
0.000324641
0.000840138
0.000331887
0.000757402
0.000336358
0.000671905
0.000338062
0.000584915
0.000337044
0.000497447
0.000333364
0.000410252
0.000327076
0.000323839
0.000318217
0.00023851
0.000306801
0.000154411
0.000292817
7.1571e-05
0.000276235
-1.00621e-05
0.000257003
-9.05814e-05
0.000235059
-0.000170137
0.000210326
-0.000248939
0.000182713
-0.000327311
0.000152094
-0.000405781
0.000118283
-0.000485245
8.09892e-05
-0.000567177
3.97808e-05
-0.000653931
-5.9639e-06
-0.000749095
-5.70297e-05
-0.000857812
-0.00011419
-0.000986982
-0.000177635
-0.00114488
-0.000245783
-0.00133949
-0.000313185
-0.00157425
-0.000368051
-0.00183916
-0.000391848
-0.00209714
-0.000365118
-0.00227166
-0.000281138
-0.00225317
-0.000160137
-0.00194161
-4.90823e-05
-0.00131541
-0.00046799
7.28677e-06
0.000125107
2.42011e-05
0.000354345
4.65485e-05
0.00055813
7.11293e-05
0.000732044
9.58951e-05
0.000874101
0.000119935
0.000985186
0.000143217
0.00106831
0.000166193
0.0011274
0.000189412
0.0011662
0.000213257
0.00118768
0.000237815
0.00119389
0.000262874
0.00118618
0.000287989
0.00116549
0.000312575
0.00113266
0.000336
0.00108864
0.000357661
0.00103458
0.000377038
0.000971841
0.000393727
0.000901934
0.000407445
0.00082642
0.000418027
0.00074682
0.000425406
0.000664526
0.000429584
0.000580738
0.000430606
0.000496426
0.000428534
0.000412324
0.000423425
0.000328947
0.000415321
0.000246614
0.000404237
0.000165496
0.000390162
8.56457e-05
0.000373064
7.03528e-06
0.0003529
-7.04168e-05
0.000329609
-0.000146846
0.000303132
-0.000222462
0.000273406
-0.000297585
0.000240358
-0.000372734
0.000203882
-0.000448769
0.000163802
-0.000527097
0.000119821
-0.00060995
7.14662e-05
-0.000700741
1.80804e-05
-0.000804427
-4.11273e-05
-0.000927775
-0.000106732
-0.00107927
-0.000178149
-0.00126808
-0.000251693
-0.0015007
-0.000317636
-0.00177322
-0.000358075
-0.0020567
-0.000350534
-0.0022792
-0.000281699
-0.002322
-0.000166202
-0.00205711
-5.23423e-05
-0.00142927
-0.000520332
7.07335e-06
0.000118034
2.40522e-05
0.000337366
4.73218e-05
0.000534861
7.3998e-05
0.000705368
0.000102058
0.000846041
0.000130408
0.000956837
0.000158737
0.00103998
0.000187229
0.00109891
0.000216222
0.0011372
0.000245958
0.00115794
0.000276433
0.00116342
0.000307375
0.00115524
0.000338286
0.00113458
0.000368531
0.00110241
0.000397424
0.00105974
0.000424311
0.00100769
0.000448621
0.000947531
0.000469905
0.000880651
0.000487842
0.000808483
0.000502236
0.000732426
0.000512996
0.000653766
0.000520106
0.000573627
0.000523602
0.00049293
0.000523538
0.000412388
0.000519971
0.000332514
0.000512939
0.000253646
0.000502461
0.000175974
0.000488527
9.95795e-05
0.000471107
2.44553e-05
0.000450161
-4.94716e-05
0.000425641
-0.000122325
0.000397499
-0.00019432
0.000365701
-0.000265787
0.00033022
-0.000337253
0.00029102
-0.00040957
0.000248029
-0.000484105
0.00020108
-0.000563002
0.000149853
-0.000649513
9.38124e-05
-0.000748386
3.22301e-05
-0.000866192
-3.565e-05
-0.00101139
-0.000109981
-0.00119375
-0.000188667
-0.00142202
-0.000264271
-0.00169762
-0.00032044
-0.00200053
-0.000332703
-0.00226694
-0.000280995
-0.00237371
-0.000172683
-0.00216542
-5.61014e-05
-0.00154585
-0.000576434
6.52251e-06
0.000111511
2.27416e-05
0.000321147
4.58492e-05
0.000511753
7.35006e-05
0.000677717
0.000103871
0.000815671
0.000135778
0.000924929
0.000168666
0.00100709
0.00020242
0.00106515
0.000237119
0.0011025
0.000272804
0.00112226
0.00030934
0.00112688
0.000346364
0.00111822
0.000383313
0.00109763
0.000419498
0.00106623
0.00045418
0.00102506
0.000486651
0.000975219
0.000516291
0.000917891
0.000542598
0.000854344
0.000565205
0.000785876
0.000583875
0.000713755
0.000598482
0.00063916
0.000608982
0.000563127
0.000615389
0.000486523
0.000617746
0.000410031
0.0006161
0.000334161
0.000610488
0.000259258
0.000600927
0.000185535
0.000587413
0.000113094
0.00056992
4.19476e-05
0.000548418
-2.79693e-05
0.000522869
-9.67762e-05
0.000493246
-0.000164697
0.000459541
-0.000232083
0.000421771
-0.000299482
0.000379961
-0.00036776
0.000334127
-0.000438271
0.00028422
-0.000513095
0.000230055
-0.000595348
0.000171232
-0.000689563
0.000107087
-0.000802048
3.67851e-05
-0.000941092
-4.02987e-05
-0.00111666
-0.000123391
-0.00133892
-0.000207398
-0.00161361
-0.000278312
-0.00192961
-0.000310936
-0.00223432
-0.000278642
-0.002406
-0.000179698
-0.00226437
-6.05839e-05
-0.00166497
-0.000637018
5.5697e-06
0.000105941
2.00714e-05
0.000306645
4.17813e-05
0.000490043
6.91461e-05
0.000650352
0.000100721
0.000784096
0.000135345
0.000890306
0.000172242
0.000970196
0.00021098
0.00102641
0.00025132
0.00106216
0.000293044
0.00108053
0.000335825
0.0010841
0.000379172
0.00107487
0.000422437
0.00105436
0.000464862
0.0010238
0.000505659
0.000984264
0.000544066
0.000936812
0.00057941
0.000882547
0.000611139
0.000822615
0.000638836
0.000758179
0.000662216
0.000690376
0.000681109
0.000620267
0.000695436
0.000548799
0.000705185
0.000476774
0.000710376
0.00040484
0.000711045
0.000333491
0.000707226
0.000263078
0.000698935
0.000193825
0.000686176
0.000125853
0.000668933
5.91906e-05
0.000647185
-6.2216e-06
0.00062092
-7.05108e-05
0.000590132
-0.000133909
0.000554844
-0.000196795
0.000515112
-0.00025975
0.000471017
-0.000323666
0.000422646
-0.000389899
0.00037004
-0.000460489
0.000313127
-0.000538435
0.000251619
-0.000628055
0.000184929
-0.000735357
0.000112163
-0.000868327
3.23755e-05
-0.00103687
-5.46353e-05
-0.00125191
-0.000145985
-0.00152226
-0.000230625
-0.00184497
-0.000284088
-0.00218085
-0.000273867
-0.00241622
-0.000187229
-0.002351
-6.60727e-05
-0.00178612
-0.00070309
4.09481e-06
0.000101847
1.57142e-05
0.000295026
3.45974e-05
0.00047116
6.02765e-05
0.000624673
9.18685e-05
0.000752504
0.00012832
0.000853854
0.000168661
0.000929855
0.000212111
0.000982963
0.000258055
0.00101622
0.000305944
0.00103264
0.0003552
0.00103484
0.000405155
0.00102491
0.000455042
0.00100448
0.000504028
0.000974816
0.000551263
0.000937029
0.000595937
0.000892138
0.000637329
0.000841155
0.000674837
0.000785106
0.000707995
0.00072502
0.00073647
0.000661902
0.000760045
0.000596692
0.000778605
0.00053024
0.000792101
0.000463278
0.000800533
0.000396408
0.000803922
0.000330102
0.000802296
0.000264704
0.000795677
0.000200445
0.000784077
0.000137454
0.000767499
7.57687e-05
0.000745939
1.53377e-05
0.000719417
-4.3988e-05
0.000687955
-0.000102448
0.000651613
-0.000160453
0.000610483
-0.00021862
0.00056469
-0.000277873
0.000514372
-0.000339581
0.000459631
-0.000405748
0.000400464
-0.000479268
0.000336656
-0.000564248
0.00026767
-0.000666371
0.00019257
-0.000793227
0.000110138
-0.000954443
1.94539e-05
-0.00116123
-7.84322e-05
-0.00142437
-0.000175796
-0.00174761
-0.000250459
-0.00210619
-0.000265367
-0.00240132
-0.000195015
-0.00242136
-7.29089e-05
-0.00190823
-0.000775999
1.87736e-06
9.99692e-05
9.11887e-06
0.000287784
2.34942e-05
0.000456785
4.59652e-05
0.000602202
7.63642e-05
0.000722105
0.000113792
0.000816427
0.000157067
0.00088658
0.000205018
0.000935013
0.000256585
0.000964653
0.000310822
0.000978406
0.000366831
0.000978834
0.000423718
0.000968027
0.000480564
0.00094763
0.000536438
0.000918941
0.000590427
0.000883041
0.000641673
0.000840893
0.000689413
0.000793415
0.000733004
0.000741515
0.000771936
0.000686088
0.000805832
0.000628006
0.000834433
0.00056809
0.000857585
0.000507088
0.000875209
0.000445654
0.00088728
0.000384337
0.000893808
0.000323574
0.000894818
0.000263693
0.000890341
0.000204922
0.000880406
0.000147389
0.000865042
9.11333e-05
0.000844276
3.61028e-05
0.000818157
-1.78687e-05
0.000786751
-7.1042e-05
0.000750152
-0.000123853
0.000708486
-0.000176954
0.000661907
-0.000231295
0.000610576
-0.00028825
0.000554616
-0.000349787
0.000494039
-0.000418692
0.000428647
-0.000498855
0.000357893
-0.000595617
0.000280778
-0.000716111
0.000195848
-0.000869514
0.000101569
-0.00106695
-2.4105e-06
-0.00132039
-0.000111601
-0.00163842
-0.000207665
-0.00201013
-0.000251113
-0.00235787
-0.00020239
-0.00247008
-8.14738e-05
-0.00202915
-0.000857473
-1.47831e-06
0.000101448
-6.27759e-07
0.000286934
7.23485e-06
0.000448922
2.48946e-05
0.000584542
5.29762e-05
0.000694023
9.06852e-05
0.000778718
0.000136554
0.000840711
0.000188935
0.000882632
0.000246256
0.000907331
0.000307101
0.000917561
0.000370197
0.000915738
0.000434375
0.00090385
0.000498532
0.000883473
0.000561622
0.000855851
0.000622663
0.000822
0.000680753
0.000782803
0.000735096
0.000739072
0.000785019
0.000691592
0.00082998
0.000641128
0.000869567
0.000588419
0.000903491
0.000534167
0.000931563
0.000479015
0.000953682
0.000423536
0.000969806
0.000368213
0.000979938
0.000313441
0.000984109
0.000259522
0.000982366
0.000206665
0.000974763
0.000154992
0.000961363
0.000104533
0.000942239
5.5227e-05
0.000917468
6.90254e-06
0.000887164
-4.07382e-05
0.000851452
-8.81412e-05
0.000810481
-0.000135983
0.000764412
-0.000185226
0.000713393
-0.000237232
0.000657519
-0.000293913
0.000596755
-0.000357928
0.000530839
-0.000432939
0.000459146
-0.000523924
0.000380549
-0.000637515
0.000293353
-0.000782317
0.00019548
-0.000969076
8.54158e-05
-0.00121033
-3.50209e-05
-0.00151798
-0.000152466
-0.00189268
-0.000228069
-0.00228226
-0.000207989
-0.00249016
-9.21393e-05
-0.002145
-0.000949612
-6.673e-06
0.000108121
-1.50002e-05
0.000295261
-1.60171e-05
0.000449939
-4.74471e-06
0.00057327
2.01512e-05
0.000669127
5.77853e-05
0.000741084
0.000106222
0.000792275
0.000163217
0.000825637
0.0002266
0.000843949
0.000294428
0.000849733
0.000365008
0.000845157
0.000436865
0.000831993
0.000508693
0.000811645
0.00057932
0.000785224
0.000647692
0.000753628
0.00071287
0.000717624
0.000774037
0.000677905
0.000830506
0.000635124
0.000881719
0.000589914
0.000927249
0.000542889
0.000966786
0.000494629
0.00100013
0.000445673
0.00102716
0.000396504
0.00104784
0.000347536
0.00106217
0.000299112
0.0010702
0.000251494
0.00107199
0.000204868
0.00106765
0.000159334
0.00105727
0.00011491
0.00104098
7.15242e-05
0.00101888
2.89979e-05
0.000991127
-1.29846e-05
0.000957864
-5.48779e-05
0.00091924
-9.73585e-05
0.000875391
-0.000141377
0.000826413
-0.000188253
0.000772312
-0.000239812
0.000712938
-0.000298554
0.000647885
-0.000367885
0.000576353
-0.000452392
0.000497006
-0.000558169
0.000407855
-0.000693166
0.000306311
-0.000867531
0.000189805
-0.00109382
5.80268e-05
-0.0013862
-8.06324e-05
-0.00175402
-0.000191863
-0.00217103
-0.0002093
-0.00247272
-0.000105127
-0.00224917
-0.00105474
-1.48944e-05
0.000123015
-3.62661e-05
0.000316633
-4.88351e-05
0.000462508
-4.52314e-05
0.000569666
-2.38367e-05
0.000647733
1.39563e-05
0.000703291
6.54554e-05
0.000740775
0.000127639
0.000763453
0.000197658
0.00077393
0.000273006
0.000774385
0.000351558
0.000766605
0.000431528
0.000752024
0.000511404
0.000731769
0.000589895
0.000706733
0.000665883
0.00067764
0.000738407
0.000645101
0.000806645
0.000609667
0.000869914
0.000571855
0.000927662
0.000532166
0.000979468
0.000491083
0.00102503
0.000449072
0.00106414
0.000406563
0.00109669
0.00036395
0.00112265
0.000321573
0.00114205
0.000279714
0.00115495
0.000238592
0.00116146
0.000198356
0.00116171
0.000159087
0.00115584
0.000120784
0.001144
8.33649e-05
0.00112635
4.66477e-05
0.00110303
1.03292e-05
0.0010742
-2.60498e-05
0.00103998
-6.31307e-05
0.00100042
-0.000101823
0.000955536
-0.000143367
0.000905184
-0.00018946
0.000849031
-0.000242401
0.000786441
-0.000305295
0.000716349
-0.0003823
0.00063711
-0.00047893
0.000546355
-0.000602412
0.00044096
-0.000762136
0.000317391
-0.000970255
0.000173362
-0.00124218
1.32011e-05
-0.00159386
-0.000136476
-0.00202136
-0.000202108
-0.00240709
-0.000120172
-0.0023311
-0.00117491
-2.80881e-05
0.000151103
-6.76376e-05
0.000356182
-9.43242e-05
0.000489195
-9.8809e-05
0.000574151
-8.01519e-05
0.000629075
-4.09752e-05
0.000664114
1.48793e-05
0.000684921
8.34311e-05
0.000694901
0.000161072
0.000696289
0.00024475
0.000690707
0.000331936
0.00067942
0.00042057
0.000663389
0.000508972
0.000643367
0.000595755
0.000619951
0.000679764
0.000593631
0.000760035
0.00056483
0.000835766
0.000533936
0.0009063
0.00050132
0.000971118
0.000467348
0.00102982
0.000432378
0.00108214
0.000396759
0.00112788
0.00036082
0.00116697
0.000324863
0.00119938
0.000289155
0.00122518
0.000253915
0.00124446
0.000219315
0.00125735
0.000185471
0.00126399
0.000152438
0.00126457
0.000120205
0.00125925
8.86848e-05
0.0012482
5.77028e-05
0.00123155
2.69769e-05
0.00120941
-3.91192e-06
0.00118184
-3.55533e-05
0.00114879
-6.87774e-05
0.00111013
-0.000104708
0.00106554
-0.000144866
0.00101443
-0.000191298
0.000955895
-0.000246755
0.000888505
-0.00031491
0.000810212
-0.000400637
0.000718172
-0.000510372
0.000608652
-0.000652616
0.000477174
-0.000838777
0.000319576
-0.00108458
0.000136407
-0.00141069
-5.37576e-05
-0.00183119
-0.000179554
-0.0022813
-0.000135926
-0.00237473
-0.00131084
-4.92238e-05
0.000200327
-0.000112962
0.000419921
-0.000154897
0.00053113
-0.000165665
0.000584918
-0.000146849
0.000610259
-0.000103293
0.000620558
-4.04359e-05
0.000622064
3.66571e-05
0.000617808
0.000123653
0.000609293
0.000217013
0.000597347
0.000313913
0.000582519
0.000412116
0.000565186
0.000509844
0.000545638
0.000605676
0.000524119
0.000698462
0.000500845
0.000787267
0.000476024
0.000871335
0.000449867
0.000950061
0.000422595
0.00102297
0.000394437
0.00108972
0.000365632
0.00115006
0.00033642
0.00120384
0.000307035
0.00125101
0.000277694
0.00129157
0.000248592
0.00132559
0.000219893
0.00135318
0.000191725
0.00137448
0.000164173
0.00138965
0.000137274
0.00139884
0.000111011
0.00140222
8.53032e-05
0.00139993
5.99964e-05
0.00139206
3.48435e-05
0.00137867
9.48483e-06
0.0013597
-1.65927e-05
0.00133502
-4.40964e-05
0.00130431
-7.39979e-05
0.00126704
-0.000107597
0.00122238
-0.000146637
0.00116908
-0.00019345
0.00110532
-0.000251151
0.00102858
-0.000323895
0.000935435
-0.00041723
0.000821456
-0.000538637
0.000681188
-0.000698509
0.000508707
-0.000912097
0.000300614
-0.0012026
6.79319e-05
-0.00159851
-0.000129322
-0.00208404
-0.000148478
-0.00235558
-0.00145931
-8.19816e-05
0.000282308
-0.000174628
0.000512567
-0.000227833
0.000584335
-0.000237597
0.000594682
-0.000211187
0.000583849
-0.00015677
0.000566142
-8.16402e-05
0.000546934
8.1221e-06
0.000528046
0.000107646
0.00050977
0.00021313
0.000491863
0.000321676
0.000473973
0.000431045
0.000455817
0.000539497
0.000437187
0.000645668
0.000417948
0.00074848
0.000398032
0.000847077
0.000377428
0.000940775
0.000356169
0.00102904
0.000334332
0.00111145
0.000312022
0.00118772
0.000289368
0.00125762
0.000266514
0.00132105
0.000243608
0.00137795
0.000220794
0.00142834
0.000198207
0.00147227
0.000175961
0.00150985
0.000154146
0.0015412
0.000132823
0.00156645
0.000112019
0.00158575
9.17144e-05
0.00159921
7.18446e-05
0.00160692
5.22833e-05
0.00160893
3.28304e-05
0.00160523
1.31936e-05
0.00159567
-7.03847e-06
0.00158001
-2.84334e-05
0.00155778
-5.17686e-05
0.00152826
-7.80831e-05
0.00149039
-0.000108763
0.0014426
-0.000145659
0.0013827
-0.000191251
0.00130767
-0.000248866
0.00121346
-0.000323023
0.00109482
-0.000419995
0.000945189
-0.000548876
0.000756902
-0.000723809
0.000522893
-0.00096859
0.000245836
-0.00132145
-2.99538e-05
-0.00180825
-0.000146849
-0.00223868
-0.00160616
-0.000128226
0.000410535
-0.000245634
0.000629974
-0.0002913
0.000630002
-0.000279713
0.000583094
-0.000228651
0.000532787
-0.000150055
0.000487546
-5.25184e-05
0.000449397
5.7379e-05
0.000418148
0.000174765
0.000392384
0.000296178
0.00037045
0.000419079
0.000351072
0.000541548
0.000333348
0.000662119
0.000316616
0.000779655
0.000300411
0.000893269
0.000284419
0.00100225
0.000268442
0.00110605
0.000252372
0.00120422
0.000236164
0.00129642
0.000219823
0.00138239
0.000203392
0.00146197
0.000186934
0.00153505
0.00017053
0.00160158
0.000154264
0.00166157
0.000138218
0.00171507
0.000122466
0.00176214
0.000107068
0.00180291
9.20629e-05
0.00183746
7.74664e-05
0.00186591
6.32639e-05
0.00188835
4.94051e-05
0.00190483
3.57959e-05
0.00191538
2.22879e-05
0.00191991
8.66415e-06
0.00191825
-5.37965e-06
0.00191007
-2.0257e-05
0.00189483
-3.65223e-05
0.00187166
-5.49212e-05
0.00183935
-7.64459e-05
0.0017961
-0.000102417
0.00173945
-0.0001346
0.00166597
-0.000175387
0.00157104
-0.000228089
0.00144852
-0.000297474
0.00129049
-0.000390848
0.0010871
-0.000520415
0.000827169
-0.000708663
0.000504087
-0.00099837
0.00014456
-0.00144873
-0.000107062
-0.00198706
-0.00171323
-0.000181415
0.00059195
-0.000280806
0.000729366
-0.000260765
0.00060996
-0.000180887
0.000503217
-7.22201e-05
0.00042412
5.32608e-05
0.000362065
0.000188163
0.000314495
0.000327281
0.00027903
0.000467506
0.000252159
0.000606889
0.000231067
0.000744072
0.00021389
0.000878054
0.000199365
0.00100808
0.000186594
0.00113354
0.000174949
0.00125395
0.000164003
0.00136892
0.000153476
0.0014781
0.00014319
0.00158122
0.000133042
0.00167807
0.000122982
0.00176846
0.000112997
0.00185229
0.000103101
0.0019295
9.33263e-05
0.00200005
8.37104e-05
0.00206397
7.42954e-05
0.00212132
6.51196e-05
0.00217217
5.62139e-05
0.00221664
4.75982e-05
0.00225483
3.92774e-05
0.00228685
3.12383e-05
0.00231281
2.34452e-05
0.00233277
1.58357e-05
0.00234675
8.31361e-06
0.00235467
7.39172e-07
0.00235637
-7.07654e-06
0.00235149
-1.53816e-05
0.00233948
-2.45078e-05
0.00231946
-3.48998e-05
0.00229015
-4.71439e-05
0.00224975
-6.20123e-05
0.00219568
-8.05329e-05
0.0021244
-0.000104101
0.00203099
-0.000134684
0.00190874
-0.000175223
0.0017484
-0.000230511
0.00153722
-0.000309233
0.00125759
-0.000429034
0.000888164
-0.000628941
0.000427818
-0.000988378
3.19783e-06
-0.00156244
-0.00171003
-0.000180255
0.000772205
-6.55584e-05
0.000614669
0.000153456
0.000390945
0.000367636
0.000289037
0.000567725
0.000224031
0.000755208
0.000174581
0.000929847
0.000139856
0.00109259
0.000116289
0.00124503
9.97161e-05
0.00138857
8.75309e-05
0.0015242
7.82537e-05
0.00165264
7.09232e-05
0.00177436
6.48741e-05
0.00188965
5.96587e-05
0.00199867
5.49837e-05
0.00210149
5.06585e-05
0.00219812
4.65612e-05
0.00228854
4.26174e-05
0.00237274
3.87859e-05
0.00245069
3.50483e-05
0.00252239
3.14009e-05
0.00258787
2.78495e-05
0.00264717
2.44049e-05
0.00270039
2.10795e-05
0.00274762
1.78845e-05
0.00278901
1.48284e-05
0.00282469
1.19147e-05
0.00285483
9.14078e-06
0.00287957
6.49651e-06
0.00289905
3.96264e-06
0.00291338
1.50873e-06
0.0029226
-9.08011e-07
0.00292668
-3.34373e-06
0.00292548
-5.8745e-06
0.0029187
-8.60099e-06
0.00290585
-1.16535e-05
0.00288615
-1.52009e-05
0.00285847
-1.94618e-05
0.00282117
-2.47189e-05
0.00277198
-3.13426e-05
0.00270772
-3.98334e-05
0.00262393
-5.09028e-05
0.00251436
-6.56487e-05
0.00236981
-8.59589e-05
0.00217609
-0.000115516
0.00190954
-0.000162488
0.0015284
-0.000247793
0.000970699
-0.000430681
0.000281364
-0.000873106
-0.00142866
0.000772205
0.00138687
0.00177782
0.00206686
0.00229089
0.00246547
0.00260532
0.00272161
0.00282133
0.00290886
0.00298711
0.00305804
0.00312291
0.00318257
0.00323755
0.00328821
0.00333477
0.00337739
0.00341618
0.00345123
0.00348263
0.00351048
0.00353488
0.00355596
0.00357384
0.00358867
0.00360059
0.00360973
0.00361622
0.00362019
0.0036217
0.00362079
0.00361744
0.00361157
0.00360297
0.00359132
0.00357611
0.00355665
0.00353193
0.00350059
0.00346076
0.00340985
0.00334421
0.00325825
0.00314273
0.00298024
0.00273245
0.00230177
0.00142866
)
;

boundaryField
{
    movingWall
    {
        type            calculated;
        value           uniform 0;
    }
    fixedWalls
    {
        type            calculated;
        value           uniform 0;
    }
    frontAndBack
    {
        type            empty;
        value           nonuniform 0();
    }
}


// ************************************************************************* //
