/*--------------------------------*- C++ -*----------------------------------*\
  =========                 |
  \\      /  F ield         | OpenFOAM: The Open Source CFD Toolbox
   \\    /   O peration     | Website:  https://openfoam.org
    \\  /    A nd           | Version:  7
     \\/     M anipulation  |
\*---------------------------------------------------------------------------*/
FoamFile
{
    version     2.0;
    format      ascii;
    class       surfaceScalarField;
    location    "578";
    object      phi;
}
// * * * * * * * * * * * * * * * * * * * * * * * * * * * * * * * * * * * * * //

dimensions      [0 3 -1 0 0 0 0];

internalField   nonuniform List<scalar> 
4900
(
5.4166e-07
-5.45304e-07
1.32352e-06
-7.81895e-07
1.85612e-06
-5.32634e-07
1.92587e-06
-6.97607e-08
1.479e-06
4.46862e-07
5.30808e-07
9.48187e-07
-8.81894e-07
1.4127e-06
-2.72422e-06
1.84232e-06
-4.9717e-06
2.24748e-06
-7.6101e-06
2.63839e-06
-1.06308e-05
3.0207e-06
-1.40246e-05
3.39378e-06
-1.77753e-05
3.75071e-06
-2.18542e-05
4.07898e-06
-2.62158e-05
4.36155e-06
-3.07938e-05
4.57807e-06
-3.55e-05
4.70622e-06
-4.02231e-05
4.72313e-06
-4.48301e-05
4.60699e-06
-4.9169e-05
4.33886e-06
-5.30735e-05
3.9046e-06
-5.63704e-05
3.29683e-06
-5.88872e-05
2.51682e-06
-6.04633e-05
1.57609e-06
-6.09608e-05
4.97507e-07
-6.02764e-05
-6.84408e-07
-5.83515e-05
-1.92493e-06
-5.51816e-05
-3.1699e-06
-5.08227e-05
-4.35895e-06
-4.53934e-05
-5.42932e-06
-3.90731e-05
-6.32036e-06
-3.20946e-05
-6.97848e-06
-2.47326e-05
-7.3621e-06
-1.72868e-05
-7.44582e-06
-1.00634e-05
-7.22345e-06
-3.35428e-06
-6.70911e-06
2.58226e-06
-5.93658e-06
7.53863e-06
-4.9564e-06
1.13692e-05
-3.83059e-06
1.39961e-05
-2.62689e-06
1.54095e-05
-1.41343e-06
1.56628e-05
-2.53305e-07
1.48644e-05
7.98387e-07
1.31699e-05
1.69451e-06
1.07798e-05
2.39006e-06
7.94602e-06
2.83379e-06
4.98982e-06
2.9562e-06
2.33216e-06
2.65766e-06
5.14984e-07
1.81718e-06
5.14983e-07
7.9023e-07
-1.33557e-06
1.67232e-06
-1.66402e-06
1.78826e-06
-6.48601e-07
7.53514e-07
9.64952e-07
-1.55953e-06
2.75988e-06
-5.14711e-06
4.53574e-06
-9.95407e-06
6.21964e-06
-1.59174e-05
7.80565e-06
-2.29834e-05
9.31346e-06
-3.11078e-05
1.07627e-05
-4.02467e-05
1.21596e-05
-5.0344e-05
1.34911e-05
-6.13179e-05
1.47246e-05
-7.30494e-05
1.58105e-05
-8.53738e-05
1.6686e-05
-9.80753e-05
1.72795e-05
-0.000110885
1.75161e-05
-0.000123485
1.73226e-05
-0.000135511
1.66338e-05
-0.000146571
1.53984e-05
-0.000156251
1.35848e-05
-0.000164141
1.11867e-05
-0.000169852
8.22766e-06
-0.00017304
4.7646e-06
-0.000173432
8.88916e-07
-0.000170843
-3.27383e-06
-0.000165197
-7.57024e-06
-0.000156544
-1.18234e-05
-0.00014506
-1.58426e-05
-0.000131055
-1.94346e-05
-0.00011496
-2.24156e-05
-9.7313e-05
-2.46254e-05
-7.87358e-05
-2.59394e-05
-5.99007e-05
-2.6281e-05
-4.14955e-05
-2.56287e-05
-2.4184e-05
-2.40207e-05
-8.56727e-06
-2.15534e-05
4.85057e-06
-1.83743e-05
1.5691e-05
-1.4671e-05
2.37199e-05
-1.06559e-05
2.88543e-05
-6.54779e-06
3.11602e-05
-2.55922e-06
3.08446e-05
1.11398e-06
2.82437e-05
4.2954e-06
2.3817e-05
6.81667e-06
1.81514e-05
8.49946e-06
1.19768e-05
9.13081e-06
6.18791e-06
8.44651e-06
1.83043e-06
6.17465e-06
2.34541e-06
4.88355e-07
-1.82395e-06
4.51158e-07
-1.62685e-06
-9.64494e-07
7.67011e-07
-4.14255e-06
4.14298e-06
-9.21132e-06
7.82863e-06
-1.61667e-05
1.14911e-05
-2.49493e-05
1.50022e-05
-3.5486e-05
1.83423e-05
-4.77048e-05
2.15322e-05
-6.15313e-05
2.45892e-05
-7.68759e-05
2.75042e-05
-9.36173e-05
3.02324e-05
-0.000111586
3.26932e-05
-0.000130551
3.47755e-05
-0.000150212
3.63469e-05
-0.000170195
3.72628e-05
-0.000190058
3.73782e-05
-0.000209294
3.65592e-05
-0.000227354
3.46938e-05
-0.00024366
3.17042e-05
-0.000257631
2.75559e-05
-0.000268711
2.22668e-05
-0.000276397
1.59128e-05
-0.000280263
8.63065e-06
-0.000279992
6.18355e-07
-0.000275398
-7.86812e-06
-0.00026644
-1.65287e-05
-0.000253235
-2.50284e-05
-0.000236064
-3.30134e-05
-0.000215368
-4.01303e-05
-0.000191738
-4.6046e-05
-0.000165893
-5.04697e-05
-0.000138659
-5.31743e-05
-0.000110925
-5.4015e-05
-8.36093e-05
-5.29441e-05
-5.76113e-05
-5.00187e-05
-3.37637e-05
-4.5401e-05
-1.27891e-05
-3.9349e-05
4.73946e-06
-3.21996e-05
1.84285e-05
-2.43449e-05
2.80844e-05
-1.62037e-05
3.37196e-05
-8.19447e-06
3.55502e-05
-7.16597e-07
3.39882e-05
5.85742e-06
2.9631e-05
1.11738e-05
2.32592e-05
1.48713e-05
1.5839e-05
1.6551e-05
8.52991e-06
1.57556e-05
2.69395e-06
1.20106e-05
5.03936e-06
-1.61781e-07
-1.66218e-06
-1.81033e-06
2.16711e-08
-5.58196e-06
4.53861e-06
-1.17296e-05
1.02906e-05
-2.0308e-05
1.64069e-05
-3.12782e-05
2.24613e-05
-4.45666e-05
2.82906e-05
-6.00907e-05
3.38664e-05
-7.77619e-05
3.92033e-05
-9.74735e-05
4.43008e-05
-0.000119083
4.91139e-05
-0.000142393
5.35423e-05
-0.000167134
5.74336e-05
-0.000192952
6.05938e-05
-0.000219408
6.28028e-05
-0.000245977
6.38315e-05
-0.000272059
6.34602e-05
-0.000296997
6.14971e-05
-0.000320099
5.77954e-05
-0.000340663
5.22685e-05
-0.00035801
4.49031e-05
-0.000371511
3.5768e-05
-0.000380617
2.50184e-05
-0.000384884
1.28973e-05
-0.000383997
-2.68113e-07
-0.000377793
-1.40728e-05
-0.000366266
-2.80557e-05
-0.000349582
-4.17125e-05
-0.000328079
-5.45168e-05
-0.000302264
-6.59449e-05
-0.000272807
-7.55028e-05
-0.000240521
-8.27556e-05
-0.000206339
-8.73565e-05
-0.00017128
-8.90743e-05
-0.000136409
-8.78154e-05
-0.000102789
-8.36384e-05
-7.14322e-05
-7.6758e-05
-4.32442e-05
-6.75369e-05
-1.89786e-05
-5.64653e-05
8.05781e-07
-4.41293e-05
1.57759e-05
-3.11739e-05
2.58447e-05
-1.82632e-05
3.11752e-05
-6.04719e-06
3.21795e-05
4.85316e-06
2.95061e-05
1.38471e-05
2.40328e-05
2.03446e-05
1.68609e-05
2.37229e-05
9.32178e-06
2.32948e-05
3.01786e-06
1.83145e-05
8.05721e-06
-1.03594e-06
-6.26257e-07
-4.79224e-06
3.77794e-06
-1.15397e-05
1.1286e-05
-2.1298e-05
2.00489e-05
-3.39851e-05
2.9094e-05
-4.94925e-05
3.79686e-05
-6.77156e-05
4.65137e-05
-8.85555e-05
5.47063e-05
-0.000111903
6.25506e-05
-0.000137615
7.00126e-05
-0.000165489
7.69885e-05
-0.000195246
8.32991e-05
-0.000226511
8.86985e-05
-0.000258811
9.28934e-05
-0.000291575
9.55667e-05
-0.000324147
9.64033e-05
-0.000355802
9.5116e-05
-0.000385775
9.14694e-05
-0.000413281
8.53016e-05
-0.000437554
7.65413e-05
-0.00045787
6.52196e-05
-0.00047358
5.1477e-05
-0.000484126
3.55652e-05
-0.000489073
1.78436e-05
-0.000488114
-1.22722e-06
-0.000481093
-2.10934e-05
-0.000468011
-4.11376e-05
-0.000449034
-6.06899e-05
-0.000424498
-7.90528e-05
-0.000394913
-9.55295e-05
-0.000360961
-0.000109456
-0.00032348
-0.000120236
-0.000283455
-0.000127382
-0.000241983
-0.000130547
-0.000200237
-0.000129561
-0.00015942
-0.000124456
-0.000120705
-0.000115473
-8.51812e-05
-0.000103061
-5.37894e-05
-8.78571e-05
-2.72718e-05
-7.06469e-05
-6.1275e-06
-5.23182e-05
9.41902e-06
-3.38097e-05
1.94354e-05
-1.60636e-05
2.42806e-05
7.93425e-09
2.45998e-05
1.35279e-05
2.13079e-05
2.36364e-05
1.55832e-05
2.94476e-05
8.87173e-06
3.00062e-05
2.93396e-06
2.42523e-05
1.09912e-05
-2.06802e-06
1.44174e-06
-8.29046e-06
1.00003e-05
-1.84675e-05
2.1463e-05
-3.23079e-05
3.38893e-05
-4.95431e-05
4.63291e-05
-6.99654e-05
5.83909e-05
-9.34234e-05
6.99717e-05
-0.000119793
8.10753e-05
-0.000148936
9.16945e-05
-0.00018067
0.000101746
-0.000214728
0.000111047
-0.000250747
0.000119317
-0.000288251
0.000126202
-0.000326658
0.000131301
-0.000365289
0.000134198
-0.000403388
0.000134502
-0.000440146
0.000131874
-0.000474733
0.000126056
-0.000506324
0.000116892
-0.000534131
0.000104349
-0.000557429
8.85169e-05
-0.00057557
6.96182e-05
-0.000588007
4.80026e-05
-0.000594304
2.41402e-05
-0.000594144
-1.38715e-06
-0.000587346
-2.7892e-05
-0.000573867
-5.46161e-05
-0.000553821
-8.07357e-05
-0.000527486
-0.000105388
-0.000495315
-0.000127701
-0.000457943
-0.000146828
-0.00041619
-0.00016199
-0.000371047
-0.000172525
-0.00032366
-0.000177933
-0.000275295
-0.000177927
-0.000227286
-0.000172465
-0.000180979
-0.00016178
-0.000137661
-0.000146379
-9.84888e-05
-0.000127029
-6.44193e-05
-0.000104716
-3.61513e-05
-8.05862e-05
-1.40814e-05
-5.58797e-05
1.72236e-06
-3.18673e-05
1.15309e-05
-9.80059e-06
1.59483e-05
9.11048e-06
1.58907e-05
2.3694e-05
1.25762e-05
3.27621e-05
7.52183e-06
3.50606e-05
2.57307e-06
2.9201e-05
1.35642e-05
-3.21494e-06
4.65666e-06
-1.21553e-05
1.89406e-05
-2.60725e-05
3.53802e-05
-4.4308e-05
5.21248e-05
-6.63707e-05
6.83918e-05
-9.19332e-05
8.39534e-05
-0.000120784
9.88227e-05
-0.000152765
0.000113056
-0.000187706
0.000126635
-0.000225375
0.000139415
-0.000265442
0.000151115
-0.000307465
0.000161339
-0.000350879
0.000169616
-0.000395014
0.000175436
-0.000439113
0.000178297
-0.000482355
0.000177744
-0.000523891
0.000173409
-0.000562868
0.000165033
-0.000598461
0.000152485
-0.000629893
0.000135781
-0.000656453
0.000115077
-0.000677509
9.06733e-05
-0.000692512
6.30057e-05
-0.000701009
3.26375e-05
-0.000702646
2.49757e-07
-0.000697176
-3.33618e-05
-0.000684476
-6.73166e-05
-0.000664558
-0.000100654
-0.000637592
-0.000132354
-0.000603927
-0.000161366
-0.000564104
-0.00018665
-0.000518876
-0.000207219
-0.000469203
-0.000222197
-0.000416252
-0.000230885
-0.000361359
-0.000232819
-0.000305992
-0.000227832
-0.000251681
-0.000216091
-0.00019994
-0.00019812
-0.000152179
-0.000174791
-0.000109614
-0.000147281
-7.31935e-05
-0.000117007
-4.35309e-05
-8.55423e-05
-2.08681e-05
-5.45301e-05
-5.05887e-06
-2.56098e-05
4.42621e-06
-3.746e-07
8.48412e-06
1.96361e-05
8.34728e-06
3.2899e-05
5.5728e-06
3.78351e-05
2.04358e-06
3.27302e-05
1.56078e-05
-4.44075e-06
9.09738e-06
-1.62574e-05
3.07572e-05
-3.40943e-05
5.3217e-05
-5.68874e-05
7.49179e-05
-8.39013e-05
9.54057e-05
-0.000114676
0.000114728
-0.000148931
0.000133078
-0.000186469
0.000150593
-0.000227079
0.000167246
-0.000270481
0.000182817
-0.000316285
0.000196918
-0.000363977
0.000209031
-0.000412922
0.000218562
-0.00046239
0.000224904
-0.000511576
0.000227482
-0.000559634
0.000225802
-0.000605708
0.000219483
-0.000648958
0.000208283
-0.000688582
0.00019211
-0.00072383
0.000171029
-0.000754012
0.000145259
-0.000778504
0.000115165
-0.000796749
8.12502e-05
-0.000808258
4.41468e-05
-0.000812619
4.61048e-06
-0.000809498
-3.6483e-05
-0.000798664
-7.8151e-05
-0.000780001
-0.000119317
-0.000753537
-0.000158817
-0.000719475
-0.000195429
-0.000678216
-0.000227909
-0.000630393
-0.000255041
-0.00057689
-0.000275701
-0.000518841
-0.000288933
-0.000457626
-0.000294035
-0.000394823
-0.000290635
-0.000332149
-0.000278764
-0.00027137
-0.0002589
-0.000214191
-0.000231969
-0.00016215
-0.000199322
-0.000116504
-0.000162652
-7.81495e-05
-0.000123897
-4.75571e-05
-8.51225e-05
-2.4749e-05
-4.84179e-05
-9.30063e-06
-1.5823e-05
-3.62621e-07
1.06981e-05
3.29739e-06
2.92389e-05
3.26054e-06
3.78719e-05
1.42807e-06
3.45627e-05
1.70359e-05
-5.70918e-06
1.48065e-05
-2.04697e-05
4.55176e-05
-4.22797e-05
7.5027e-05
-6.96489e-05
0.000102287
-0.000101587
0.000127344
-0.000137496
0.000150636
-0.000177023
0.000172605
-0.000219923
0.000193493
-0.000265946
0.000213269
-0.000314764
0.000231635
-0.000365929
0.000248083
-0.000418871
0.000261973
-0.000472909
0.0002726
-0.000527275
0.00027927
-0.000581148
0.000281356
-0.000633687
0.000278341
-0.000684054
0.000269851
-0.000731442
0.00025567
-0.000775082
0.00023575
-0.000814256
0.000210203
-0.000848294
0.000179297
-0.000876576
0.000143448
-0.000898532
0.000103206
-0.000913638
5.9253e-05
-0.000921423
1.23946e-05
-0.000921467
-3.64388e-05
-0.00091343
-8.61874e-05
-0.000897061
-0.000135686
-0.000872227
-0.000183651
-0.00083895
-0.000228706
-0.000797448
-0.000269411
-0.000748175
-0.000304314
-0.000691864
-0.000332012
-0.000629551
-0.000351247
-0.000562586
-0.000360999
-0.000492613
-0.000360608
-0.00042151
-0.000349867
-0.000351299
-0.00032911
-0.000284021
-0.000299247
-0.000221595
-0.000261749
-0.000165671
-0.000218576
-0.000117513
-0.000172056
-7.79015e-05
-0.000124734
-4.70927e-05
-7.92267e-05
-2.48122e-05
-3.81034e-05
-1.02885e-05
-3.82567e-06
-2.30229e-06
2.12528e-05
7.45198e-07
3.48244e-05
7.81731e-07
3.45262e-05
1.78176e-05
-6.98039e-06
2.17869e-05
-2.46591e-05
6.31963e-05
-5.03717e-05
0.00010074
-8.21968e-05
0.000134112
-0.000118889
0.000164036
-0.000159711
0.000191458
-0.000204237
0.000217131
-0.000252174
0.00024143
-0.000303227
0.000264323
-0.000357023
0.00028543
-0.000413069
0.000304129
-0.000470752
0.000319656
-0.000529363
0.00033121
-0.00058812
0.000338027
-0.000646209
0.000339445
-0.000702808
0.00033494
-0.000757115
0.000324157
-0.000808357
0.000306912
-0.000855803
0.000283196
-0.000898766
0.000253165
-0.000936598
0.000217129
-0.000968691
0.000175541
-0.000994473
0.000128988
-0.0010134
7.81846e-05
-0.00102498
2.39697e-05
-0.00102872
-3.26963e-05
-0.0010242
-9.07051e-05
-0.00101105
-0.00014884
-0.000988967
-0.000205735
-0.000957778
-0.000259896
-0.00091747
-0.000309719
-0.000868255
-0.000353529
-0.000810627
-0.00038964
-0.000745425
-0.000416449
-0.000673868
-0.000432556
-0.00059757
-0.000436907
-0.000518502
-0.000428935
-0.000438913
-0.000408699
-0.000361191
-0.000376969
-0.000287694
-0.000335246
-0.000220559
-0.000285712
-0.000161524
-0.000231091
-0.000111792
-0.000174465
-7.19508e-05
-0.000119068
-4.19482e-05
-6.8106e-05
-2.11335e-05
-2.46404e-05
-8.32277e-06
8.44206e-06
-1.89302e-06
2.83947e-05
1.32625e-07
3.25005e-05
1.79502e-05
-8.21046e-06
2.99973e-05
-2.86859e-05
8.36716e-05
-5.81084e-05
0.000130162
-9.41365e-05
0.00017014
-0.000135278
0.000205178
-0.00018066
0.00023684
-0.000229782
0.000266253
-0.000282301
0.000293949
-0.000337881
0.000319902
-0.000396105
0.000343654
-0.000456442
0.000364466
-0.000518253
0.000381467
-0.000580813
0.00039377
-0.000643344
0.000400558
-0.000705046
0.000401147
-0.000765127
0.000395021
-0.000822816
0.000381846
-0.000877377
0.000361473
-0.000928114
0.000333934
-0.000974374
0.000299425
-0.00101554
0.000258297
-0.00105104
0.000211041
-0.00108033
0.000158278
-0.0011029
0.00010075
-0.00111824
3.93139e-05
-0.00112588
-2.50592e-05
-0.00112533
-9.12488e-05
-0.00111615
-0.000158029
-0.00109787
-0.000224007
-0.00107014
-0.00028763
-0.00103267
-0.000347186
-0.000985378
-0.000400822
-0.000928426
-0.000446592
-0.000862333
-0.000482541
-0.000788054
-0.000506836
-0.000707031
-0.00051793
-0.000621207
-0.000514759
-0.00053297
-0.000496937
-0.000445021
-0.000464917
-0.000360186
-0.000420081
-0.000281171
-0.000364727
-0.000210319
-0.000301943
-0.000149399
-0.000235385
-9.94633e-05
-0.000169004
-6.07951e-05
-0.000106774
-3.29344e-05
-5.25011e-05
-1.47692e-05
-9.72315e-06
-4.64968e-06
1.82752e-05
-5.16548e-07
2.83674e-05
1.74337e-05
-9.35252e-06
3.93498e-05
-3.24061e-05
0.000106725
-6.52277e-05
0.000162983
-0.000105082
0.000209994
-0.000150244
0.000250339
-0.00019971
0.000286306
-0.000252905
0.000319448
-0.000309436
0.00035048
-0.000368924
0.00037939
-0.000430913
0.000405644
-0.000494844
0.000428397
-0.000560057
0.00044668
-0.000625821
0.000459533
-0.000691365
0.000466102
-0.000755908
0.00046569
-0.000818679
0.000457792
-0.000878936
0.000442103
-0.000935977
0.000418513
-0.00098914
0.000387097
-0.00103782
0.000348102
-0.00108145
0.00030193
-0.00111953
0.000249118
-0.00115158
0.00019033
-0.00117717
0.000126336
-0.00119586
5.80063e-05
-0.00120722
-1.36982e-05
-0.00121078
-8.76848e-05
-0.00120605
-0.000162765
-0.00119247
-0.000237584
-0.00116949
-0.000310608
-0.00113658
-0.000380099
-0.00109329
-0.000444106
-0.0010394
-0.000500484
-0.000974984
-0.00054696
-0.000900569
-0.00058125
-0.000817254
-0.000601245
-0.00072677
-0.000605243
-0.000631486
-0.000592221
-0.000534316
-0.000562088
-0.000438519
-0.000515878
-0.000347423
-0.000455823
-0.000264098
-0.000385268
-0.000191047
-0.000308436
-0.000129968
-0.000230082
-8.1635e-05
-0.000155108
-4.58934e-05
-8.82427e-05
-2.17629e-05
-3.38537e-05
-7.58468e-06
4.09695e-06
-1.18385e-06
2.19666e-05
1.62499e-05
-1.0359e-05
4.97087e-05
-3.56778e-05
0.000132044
-7.14763e-05
0.000198782
-0.000114666
0.000253184
-0.000163307
0.00029898
-0.000216273
0.000339272
-0.000272912
0.000376088
-0.00033278
0.000410347
-0.000395454
0.000442064
-0.000460444
0.000470634
-0.000527163
0.000495116
-0.000594936
0.000514453
-0.000663027
0.000527624
-0.000730669
0.000533744
-0.000797093
0.000532113
-0.000861543
0.000522243
-0.000923301
0.000503861
-0.000981692
0.000476904
-0.0010361
0.000441507
-0.00108598
0.000397985
-0.00113086
0.000346809
-0.00117033
0.000288589
-0.00120404
0.000224041
-0.00123168
0.000153974
-0.00125294
7.92648e-05
-0.00126749
8.54263e-07
-0.00127494
-8.02399e-05
-0.0012748
-0.000162902
-0.00126649
-0.000245891
-0.00124932
-0.000327778
-0.00122252
-0.000406899
-0.00118532
-0.000481312
-0.00113702
-0.00054878
-0.00107719
-0.00060679
-0.00100579
-0.000652651
-0.00092337
-0.000683665
-0.000831224
-0.000697388
-0.000731476
-0.000691969
-0.000627056
-0.000666509
-0.00052154
-0.000621394
-0.000418857
-0.000558506
-0.000322889
-0.000481235
-0.000237042
-0.000394284
-0.000163875
-0.00030325
-0.00010486
-0.000214122
-6.03198e-05
-0.000132783
-2.95092e-05
-6.46643e-05
-1.08041e-05
-1.46082e-05
-1.9024e-06
1.30649e-05
1.43475e-05
-1.1184e-05
6.08926e-05
-3.83669e-05
0.000159227
-7.66193e-05
0.000237034
-0.000122552
0.000299117
-0.000174036
0.000350463
-0.000229824
0.00039506
-0.000289188
0.000435452
-0.000351628
0.000472787
-0.000416677
0.000507113
-0.000483811
0.000537767
-0.000552416
0.000563721
-0.000621801
0.000583838
-0.000691221
0.000597045
-0.000759908
0.000602431
-0.000827093
0.000599298
-0.00089203
0.00058718
-0.000954019
0.00056585
-0.00101242
0.000535308
-0.00106669
0.000495771
-0.00111635
0.000447647
-0.00116105
0.000391509
-0.00120052
0.000328058
-0.00123457
0.000258089
-0.00126305
0.000182455
-0.00128582
0.00010204
-0.00130272
1.77519e-05
-0.00131347
-6.94908e-05
-0.00131768
-0.00015869
-0.00131479
-0.000248781
-0.00130405
-0.000338521
-0.00128452
-0.000426427
-0.00125513
-0.000510694
-0.00121479
-0.000589126
-0.00116247
-0.000659108
-0.00109748
-0.000717646
-0.00101964
-0.000761503
-0.000929572
-0.000787454
-0.000828873
-0.000792667
-0.000720206
-0.000775176
-0.000607237
-0.000734364
-0.000494367
-0.000671376
-0.000386293
-0.000589309
-0.000287457
-0.000493119
-0.000201502
-0.000389206
-0.000130859
-0.000284765
-7.65563e-05
-0.000187086
-3.82513e-05
-0.000102969
-1.44382e-05
-3.84213e-05
-2.71415e-06
1.34083e-06
1.16333e-05
-1.17865e-05
7.2679e-05
-4.03549e-05
0.000187795
-8.04511e-05
0.00027713
-0.000128451
0.000347117
-0.000182059
0.000404071
-0.000239916
0.000452917
-0.000301214
0.00049675
-0.000365391
0.000536963
-0.000431934
0.000573657
-0.000500284
0.000606117
-0.000569799
0.000633236
-0.000639768
0.000653807
-0.000709431
0.000666709
-0.000778011
0.00067101
-0.000844734
0.000666021
-0.000908864
0.00065131
-0.000969723
0.000626709
-0.00102672
0.000592308
-0.00107938
0.000548433
-0.00112735
0.000495618
-0.00117041
0.000434566
-0.00120845
0.000366098
-0.00124147
0.000291103
-0.0012695
0.00021049
-0.00129261
0.000125153
-0.00131081
3.59521e-05
-0.00132401
-5.62965e-05
-0.00133194
-0.000150758
-0.00133414
-0.000246578
-0.00132989
-0.000342772
-0.00131819
-0.000438131
-0.00129777
-0.000531111
-0.00126718
-0.000619715
-0.00122489
-0.000701398
-0.0011695
-0.000773035
-0.00110002
-0.000830986
-0.00101617
-0.000871302
-0.000918729
-0.000890111
-0.000809745
-0.00088416
-0.000692636
-0.000851473
-0.000572017
-0.000791995
-0.000453277
-0.000708048
-0.000341939
-0.000604458
-0.000242923
-0.000488222
-0.000159901
-0.000367787
-9.49017e-05
-0.000252085
-4.82213e-05
-0.00014965
-1.86211e-05
-6.80215e-05
-3.66124e-06
-1.3619e-05
7.97211e-06
-1.21327e-05
8.48117e-05
-4.15446e-05
0.000217207
-8.28042e-05
0.00031839
-0.000132128
0.00039644
-0.000187082
0.000459026
-0.000246199
0.000512034
-0.000308586
0.000559137
-0.000373616
0.000601994
-0.000440728
0.000640768
-0.000509322
0.000674711
-0.000578728
0.000702641
-0.00064821
0.000723289
-0.000716991
0.00073549
-0.000784281
0.0007383
-0.000849304
0.000731044
-0.000911335
0.000713341
-0.000969734
0.000685108
-0.00102398
0.000646549
-0.00107368
0.000598135
-0.00111861
0.000540555
-0.00115872
0.000474668
-0.00119405
0.000401436
-0.0012248
0.000321853
-0.00125121
0.000236894
-0.00127352
0.000147463
-0.00129193
5.43698e-05
-0.00130655
-4.16755e-05
-0.00131729
-0.000140018
-0.00132384
-0.000240034
-0.00132557
-0.000341036
-0.00132154
-0.000442159
-0.00131043
-0.000542224
-0.00129057
-0.000639579
-0.00126002
-0.00073194
-0.00121678
-0.000816275
-0.00115901
-0.000888759
-0.00108542
-0.000944893
-0.000995705
-0.000979823
-0.000890956
-0.000988909
-0.000773915
-0.000968514
-0.000649019
-0.000916892
-0.000522068
-0.000834999
-0.00039957
-0.000726956
-0.00028783
-0.000599962
-0.000192032
-0.000463585
-0.00011554
-0.000328578
-5.96005e-05
-0.000205589
-2.34666e-05
-0.000104156
-4.78136e-06
-3.23042e-05
3.19076e-06
-1.21983e-05
9.70099e-05
-4.18657e-05
0.000246874
-8.35574e-05
0.000360082
-0.000133413
0.000446296
-0.000188894
0.000514507
-0.000248427
0.000571567
-0.000311031
0.00062174
-0.000376009
0.000666971
-0.000442745
0.000707504
-0.0005106
0.000742566
-0.000578873
0.000770915
-0.000646806
0.000791222
-0.000713604
0.000802288
-0.000778466
0.000803163
-0.000840625
0.000793203
-0.000899381
0.000772097
-0.000954146
0.000739873
-0.00100448
0.000696882
-0.00105011
0.000643765
-0.00109095
0.000581393
-0.00112708
0.000510801
-0.00115874
0.000433101
-0.00118629
0.0003494
-0.00121013
0.000260738
-0.0012307
0.000168028
-0.00124836
7.20328e-05
-0.0012634
-2.6642e-05
-0.0012759
-0.000127518
-0.00128573
-0.000230198
-0.00129247
-0.0003343
-0.0012953
-0.00043933
-0.00129298
-0.00054454
-0.00128382
-0.000648738
-0.00126568
-0.000750084
-0.00123608
-0.000845871
-0.00119247
-0.000932375
-0.00113254
-0.00100482
-0.00105476
-0.0010576
-0.000958949
-0.00108472
-0.00084674
-0.00108072
-0.000721892
-0.00104174
-0.00059018
-0.000966711
-0.000458819
-0.000858317
-0.000335464
-0.000723317
-0.000227004
-0.000572045
-0.000138487
-0.000417095
-7.24873e-05
-0.000271588
-2.90532e-05
-0.00014759
-6.1053e-06
-5.52521e-05
-2.91452e-06
-1.19704e-05
0.00010898
-4.12787e-05
0.000276182
-8.26413e-05
0.000401444
-0.000132211
0.000495865
-0.000187378
0.000569674
-0.000246471
0.000630659
-0.000308414
0.000683683
-0.000372436
0.000730993
-0.000437865
0.000772934
-0.000504023
0.000808724
-0.000570181
0.000837073
-0.000635561
0.000856602
-0.000699358
0.000866085
-0.000760776
0.00086458
-0.000819066
0.000851493
-0.000873576
0.000826607
-0.00092379
0.000790087
-0.000969365
0.000742458
-0.00101015
0.000684553
-0.0010462
0.000617444
-0.00107775
0.000542347
-0.00110518
0.000460525
-0.00112897
0.000373195
-0.00114969
0.000281454
-0.00116788
0.000186223
-0.00118406
8.82164e-05
-0.00119865
-1.20538e-05
-0.0012119
-0.000114265
-0.00122387
-0.000218228
-0.00123434
-0.000323837
-0.00124271
-0.000430959
-0.00124796
-0.000539289
-0.00124853
-0.000648164
-0.00124231
-0.000756312
-0.0012266
-0.000861577
-0.00119833
-0.000960638
-0.00115435
-0.00104881
-0.0010919
-0.00112005
-0.00100932
-0.0011673
-0.000906768
-0.00118327
-0.000786798
-0.00116171
-0.000654587
-0.00109892
-0.000517596
-0.000995308
-0.000384595
-0.000856318
-0.000264238
-0.000692401
-0.000163561
-0.000517773
-8.68786e-05
-0.00034827
-3.54193e-05
-0.000199049
-7.65355e-06
-8.30179e-05
-1.05681e-05
-1.14484e-05
0.000120429
-3.97776e-05
0.000304512
-8.00418e-05
0.000441708
-0.000128502
0.000544325
-0.000182515
0.000623687
-0.000240318
0.000688463
-0.000300742
0.000744107
-0.000362934
0.000793185
-0.000426169
0.000836169
-0.000489732
0.000872286
-0.00055287
0.000900212
-0.000614799
0.000918531
-0.000674717
0.000926003
-0.000731848
0.000921712
-0.000785488
0.000905133
-0.000835048
0.000876168
-0.000880104
0.000835143
-0.000920424
0.000782778
-0.000955985
0.000720115
-0.000986967
0.000648426
-0.00101373
0.000569107
-0.00103676
0.000483562
-0.00105667
0.000393102
-0.00107409
0.00029887
-0.00108965
0.000201784
-0.00110395
0.000102518
-0.0011175
1.4957e-06
-0.00113068
-0.000101085
-0.0011437
-0.000205204
-0.00115655
-0.000310987
-0.0011689
-0.00041861
-0.00118001
-0.000528177
-0.00118862
-0.000639552
-0.00119283
-0.000752102
-0.00119003
-0.00086438
-0.00117693
-0.000973739
-0.00114977
-0.00107597
-0.00110476
-0.00116506
-0.00103877
-0.00123329
-0.000950224
-0.00127182
-0.00083999
-0.00127194
-0.000712026
-0.00122689
-0.00057341
-0.00113392
-0.000433586
-0.000996142
-0.000302836
-0.000823151
-0.000190373
-0.000630236
-0.000102662
-0.000435981
-4.25576e-05
-0.000259153
-9.43483e-06
-0.000116141
-2.00029e-05
-1.06438e-05
0.000131073
-3.73897e-05
0.000331258
-7.58004e-05
0.000480119
-0.00012234
0.000590865
-0.000174379
0.000675726
-0.000230074
0.000744159
-0.00028816
0.000802192
-0.000347704
0.000852729
-0.000407926
0.000896392
-0.000468082
0.000932442
-0.00052741
0.00095954
-0.00058513
0.000976251
-0.000640465
0.000981338
-0.00069268
0.000973927
-0.000741135
0.000953588
-0.000785329
0.000920361
-0.00082494
0.000874755
-0.000859855
0.000817693
-0.000890169
0.000750429
-0.000916173
0.00067443
-0.000938323
0.000591258
-0.000957196
0.000502435
-0.000973441
0.000409347
-0.000987735
0.000313164
-0.00100074
0.000214792
-0.00101308
0.000114859
-0.00102531
1.37202e-05
-0.00103787
-8.85243e-05
-0.00105109
-0.000191983
-0.00106513
-0.000296947
-0.00107991
-0.000403827
-0.00109502
-0.000513065
-0.00110958
-0.000624993
-0.00112208
-0.000739606
-0.00113022
-0.00085624
-0.00113083
-0.000973125
-0.00111993
-0.00108687
-0.00109299
-0.001192
-0.0010456
-0.00128068
-0.000974411
-0.00134301
-0.00087828
-0.00136807
-0.000759353
-0.00134581
-0.000623608
-0.00126967
-0.000480517
-0.00113923
-0.000341624
-0.000962044
-0.000218338
-0.000753523
-0.000119614
-0.000534705
-5.04149e-05
-0.000328352
-1.14468e-05
-0.000155109
-3.14496e-05
-9.58041e-06
0.000140653
-3.41752e-05
0.000355852
-7.00122e-05
0.000515956
-0.000113857
0.00063471
-0.000163138
0.000725006
-0.000215952
0.000796973
-0.00027094
0.00085718
-0.00032709
0.00090888
-0.000383573
0.000952875
-0.000439623
0.000988491
-0.000494482
0.0010144
-0.000547396
0.00102916
-0.000597631
0.00103157
-0.000644519
0.00102082
-0.000687504
0.000996573
-0.000726186
0.000959043
-0.000760356
0.000908926
-0.000790013
0.00084735
-0.000815357
0.000775773
-0.00083677
0.000695843
-0.000854772
0.00060926
-0.000869979
0.000517643
-0.000883055
0.000422423
-0.000894669
0.000324777
-0.000905465
0.000225588
-0.000916042
0.000125436
-0.000926938
2.46164e-05
-0.000938624
-7.68384e-05
-0.000951485
-0.000179122
-0.000965805
-0.000282627
-0.000981714
-0.000387919
-0.000999102
-0.000495677
-0.00101749
-0.000606603
-0.00103585
-0.000721244
-0.00105239
-0.0008397
-0.00106435
-0.000961168
-0.00106788
-0.00108334
-0.00105817
-0.00120171
-0.00102988
-0.00130897
-0.000978063
-0.00139483
-0.00089945
-0.00144669
-0.000793922
-0.00145134
-0.00066565
-0.00139794
-0.00052335
-0.00128153
-0.000379237
-0.00110616
-0.000246706
-0.000886054
-0.000137412
-0.000643999
-5.88942e-05
-0.00040687
-1.36774e-05
-0.000200326
-4.5127e-05
-8.2923e-06
0.000148945
-3.02238e-05
0.000377784
-6.28222e-05
0.000548554
-0.000103249
0.000675136
-0.000149042
0.0007708
-0.000198265
0.000846196
-0.000249469
0.000908383
-0.000301568
0.000960979
-0.000353688
0.00100499
-0.000405053
0.00103986
-0.000454928
0.00106427
-0.000502601
0.00107684
-0.000547405
0.00107638
-0.000588758
0.00106217
-0.000626205
0.00103402
-0.000659454
0.000992293
-0.00068841
0.000937881
-0.000713173
0.000872114
-0.000734032
0.000796632
-0.000751428
0.000713239
-0.000765915
0.000623747
-0.00077811
0.000529838
-0.000788655
0.000432968
-0.000798174
0.000334297
-0.000807257
0.00023467
-0.000816443
0.000134622
-0.000826221
3.43949e-05
-0.000837036
-6.60235e-05
-0.000849286
-0.000166872
-0.00086332
-0.000268593
-0.000879414
-0.000371825
-0.000897705
-0.000477386
-0.000918081
-0.000586227
-0.000940006
-0.00069932
-0.000962277
-0.000817429
-0.000982743
-0.000940702
-0.000998047
-0.00106804
-0.00100352
-0.00119624
-0.000993372
-0.00131911
-0.000961452
-0.00142675
-0.000902496
-0.00150564
-0.000813891
-0.00153995
-0.000697392
-0.00151444
-0.000560138
-0.00141879
-0.000414233
-0.00125206
-0.000274611
-0.00102568
-0.000155649
-0.000762961
-6.78581e-05
-0.000494661
-1.61044e-05
-0.000252079
-6.12313e-05
-6.8224e-06
0.000155768
-2.56507e-05
0.000396612
-5.44191e-05
0.000577323
-9.07714e-05
0.000711489
-0.000132417
0.000812445
-0.000177408
0.000891187
-0.000224225
0.0009552
-0.000271711
0.00100846
-0.000318955
0.00105224
-0.000365183
0.00108609
-0.000409695
0.00110879
-0.000451844
0.00111899
-0.000491048
0.00111558
-0.000526826
0.00109795
-0.000558833
0.00106603
-0.000586891
0.00102035
-0.000611008
0.000961999
-0.000631372
0.000892479
-0.000648334
0.000813594
-0.000662368
0.000727273
-0.000674028
0.000635407
-0.000683905
0.000539716
-0.000692588
0.000441651
-0.000700633
0.000342342
-0.00070855
0.000242587
-0.000716798
0.00014287
-0.000725793
4.33902e-05
-0.000735923
-5.58931e-05
-0.00074756
-0.000155235
-0.00076107
-0.000255084
-0.000776806
-0.000356089
-0.000795077
-0.000459115
-0.000816061
-0.000565243
-0.000839654
-0.000675726
-0.000865243
-0.00079184
-0.000891382
-0.000914563
-0.000915434
-0.00104399
-0.000933258
-0.00117842
-0.000939149
-0.00131322
-0.000926256
-0.00143964
-0.000887697
-0.0015442
-0.000818399
-0.00160924
-0.000717307
-0.00161553
-0.000589213
-0.00154688
-0.000445226
-0.00139605
-0.000301141
-0.00116976
-0.000173857
-0.000890245
-7.71361e-05
-0.000591382
-1.86962e-05
-0.000310519
-7.99275e-05
-5.22005e-06
0.000160988
-2.05919e-05
0.000411984
-4.5028e-05
0.000601759
-7.67327e-05
0.000743193
-0.000113646
0.000849359
-0.000153848
0.00093139
-0.000195763
0.000997115
-0.000238172
0.00105087
-0.000280134
0.0010942
-0.000320889
0.00112684
-0.000359786
0.00114768
-0.000396257
0.00115546
-0.000429819
0.00114914
-0.000460104
0.00112823
-0.000486881
0.0010928
-0.000510081
0.00104355
-0.000529803
0.000981721
-0.000546304
0.00090898
-0.00055997
0.00082726
-0.000571281
0.000738584
-0.000580767
0.000644892
-0.000588967
0.000547916
-0.000596399
0.000449083
-0.000603536
0.000349479
-0.000610798
0.000249849
-0.000618554
0.000150627
-0.00062714
5.19756e-05
-0.00063687
-4.61628e-05
-0.000648066
-0.00014404
-0.000661069
-0.000242081
-0.000676259
-0.000340899
-0.000694034
-0.000441339
-0.000714769
-0.000544508
-0.000738697
-0.000651798
-0.000765713
-0.000764825
-0.000795063
-0.000885213
-0.000824935
-0.00101411
-0.000851999
-0.00115135
-0.000871082
-0.00129413
-0.000875227
-0.0014355
-0.000856479
-0.00156295
-0.000807608
-0.00165811
-0.000724616
-0.00169852
-0.000609348
-0.00166215
-0.000471009
-0.00153439
-0.000325414
-0.00131536
-0.000191549
-0.00102411
-8.65356e-05
-0.000696395
-2.14134e-05
-0.000375641
-0.000101341
-3.53854e-06
0.000164526
-1.51978e-05
0.000423643
-3.49022e-05
0.000621463
-6.14799e-05
0.000769771
-9.31627e-05
0.000881041
-0.000128102
0.000966329
-0.000164689
0.0010337
-0.000201652
0.00108784
-0.000238029
0.00113058
-0.000273079
0.00116189
-0.000306212
0.00118082
-0.000336949
0.00118619
-0.000364918
0.00117711
-0.000389867
0.00115318
-0.000411678
0.00111461
-0.000430381
0.00106226
-0.000446152
0.000997492
-0.000459293
0.000922121
-0.000470205
0.000838173
-0.00047935
0.000747728
-0.00048721
0.000652753
-0.00049426
0.000554966
-0.000500935
0.000455758
-0.00050762
0.000356163
-0.000514644
0.000256873
-0.000522291
0.000158274
-0.000530812
6.04971e-05
-0.000540451
-3.6524e-05
-0.000551465
-0.000133026
-0.000564151
-0.000229394
-0.000578869
-0.000326182
-0.000596046
-0.000424162
-0.000616161
-0.000524394
-0.000639668
-0.000628291
-0.00066685
-0.000737643
-0.00069755
-0.000854513
-0.000730762
-0.000980902
-0.000764103
-0.00111801
-0.00079327
-0.00126497
-0.000811744
-0.00141703
-0.00081114
-0.00156355
-0.000782594
-0.00168666
-0.00071932
-0.0017618
-0.000619847
-0.00176162
-0.000490662
-0.00166357
-0.000346655
-0.00145936
-0.000208254
-0.00116251
-9.58574e-05
-0.000808792
-2.42119e-05
-0.000447287
-0.000125553
-1.83261e-06
0.000166359
-9.62783e-06
0.000431439
-2.43145e-05
0.00063615
-4.539e-05
0.000790847
-7.14377e-05
0.000907089
-0.000100728
0.00099562
-0.000131645
0.00106462
-0.000162882
0.00111907
-0.000193458
0.00116115
-0.000222658
0.00119109
-0.000249959
0.00120812
-0.000274977
0.00121121
-0.000297454
0.00119959
-0.000317253
0.00117298
-0.000334365
0.00113173
-0.000348908
0.0010768
-0.000361115
0.0010097
-0.000371317
0.000932323
-0.000379908
0.000846763
-0.000387313
0.000755134
-0.000393957
0.000659397
-0.000400237
0.000561245
-0.000406503
0.000462024
-0.000413055
0.000362715
-0.000420139
0.000263956
-0.000427959
0.000166093
-0.000436694
6.92327e-05
-0.000446521
-2.66971e-05
-0.000457635
-0.000121912
-0.000470278
-0.000216751
-0.000484766
-0.000311695
-0.000501507
-0.000407421
-0.000521008
-0.000504892
-0.000543841
-0.000605458
-0.000570542
-0.000710942
-0.000601404
-0.00082365
-0.000636123
-0.000946184
-0.000673253
-0.00108088
-0.000709548
-0.00122867
-0.000739355
-0.00138722
-0.000754493
-0.00154842
-0.00074513
-0.00169602
-0.000702115
-0.00180481
-0.000620571
-0.00184317
-0.000503618
-0.00178052
-0.000364261
-0.00159872
-0.000223559
-0.00130321
-0.000104913
-0.000927438
-2.70467e-05
-0.000525153
-0.0001526
-1.5625e-07
0.000166515
-4.04432e-06
0.000435327
-1.35491e-05
0.000645655
-2.88602e-05
0.000806158
-4.89664e-05
0.000927195
-7.23073e-05
0.00101896
-9.7296e-05
0.00108961
-0.000122603
0.00114438
-0.000147239
0.00118579
-0.000170513
0.00121437
-0.000191969
0.00122957
-0.000211322
0.00123057
-0.000228425
0.0012167
-0.000243255
0.00118781
-0.000255899
0.00114437
-0.000266551
0.00108745
-0.00027549
0.00101864
-0.000283057
0.00093989
-0.000289625
0.000853331
-0.000295571
0.00076108
-0.000301252
0.000665079
-0.000306988
0.000566981
-0.000313046
0.000468082
-0.000319646
0.000369315
-0.000326961
0.000271272
-0.00033513
0.000174262
-0.000344272
7.83749e-05
-0.000354508
-1.64614e-05
-0.000365979
-0.000110442
-0.000378872
-0.000203859
-0.000393448
-0.000297118
-0.000410071
-0.000390798
-0.000429223
-0.00048574
-0.000451505
-0.000583176
-0.000477584
-0.000684864
-0.000508049
-0.000793184
-0.000543132
-0.0009111
-0.000582217
-0.0010418
-0.000623138
-0.00118775
-0.000661379
-0.00134898
-0.0006895
-0.00152029
-0.000697421
-0.0016881
-0.000674243
-0.00182799
-0.000611881
-0.00190553
-0.000509673
-0.00188273
-0.000377839
-0.00173055
-0.000237148
-0.0014439
-0.000113543
-0.00105104
-2.98765e-05
-0.00060882
-0.000182476
1.43935e-06
0.000165076
1.39175e-06
0.000435374
-2.8937e-06
0.00064994
-1.22981e-05
0.000815562
-2.62598e-05
0.000941157
-4.34391e-05
0.00103614
-6.2316e-05
0.00110848
-8.15594e-05
0.00116363
-0.000100173
0.0012044
-0.000117494
0.00123169
-0.000133128
0.00124521
-0.000146885
0.00124432
-0.000158725
0.00122853
-0.000168727
0.00119781
-0.000177072
0.00115272
-0.000184016
0.00109439
-0.00018987
0.00102449
-0.000194975
0.000944995
-0.000199674
0.00085803
-0.000204291
0.000765697
-0.000209114
0.000669902
-0.000214385
0.000572251
-0.000220297
0.000473995
-0.000227
0.000376018
-0.000234605
0.000278876
-0.000243198
0.000182855
-0.000252853
8.80297e-05
-0.000263647
-5.6672e-06
-0.00027568
-9.84091e-05
-0.000289092
-0.000190447
-0.000304091
-0.00028212
-0.000320979
-0.00037391
-0.000340186
-0.000466534
-0.000362281
-0.000561081
-0.000387963
-0.000659183
-0.000417976
-0.000763172
-0.00045291
-0.000876166
-0.0004928
-0.00100191
-0.000536468
-0.00114408
-0.000580626
-0.00130482
-0.000618965
-0.00148196
-0.000641822
-0.00166525
-0.000637295
-0.00183252
-0.000594541
-0.00194828
-0.000508959
-0.00196832
-0.000387218
-0.00185229
-0.00024882
-0.0015823
-0.000121634
-0.00117823
-3.26691e-05
-0.000697784
-0.000215145
2.90908e-06
0.000162167
6.52859e-06
0.000431755
7.36627e-06
0.000649103
3.88395e-06
0.000819045
-3.83677e-06
0.000948878
-1.47295e-05
0.00104703
-2.73821e-05
0.00112114
-4.04843e-05
0.00117673
-5.30417e-05
0.00121696
-6.44145e-05
0.00124306
-7.42666e-05
0.00125506
-8.24913e-05
0.00125255
-8.9148e-05
0.00123519
-9.44141e-05
0.00120308
-9.85496e-05
0.00115685
-0.000101866
0.00109771
-0.0001047
0.00102733
-0.000107385
0.00094768
-0.000110232
0.000860876
-0.00011351
0.000768975
-0.000117441
0.000673833
-0.000122199
0.000577009
-0.000127909
0.000479705
-0.000134662
0.00038277
-0.000142518
0.000286733
-0.000151523
0.00019186
-0.000161719
9.82251e-05
-0.000173152
5.76615e-06
-0.000185893
-8.56685e-05
-0.000200045
-0.000176294
-0.00021577
-0.000266395
-0.00023331
-0.000356369
-0.000253026
-0.000446818
-0.00027542
-0.000538687
-0.000301154
-0.000633449
-0.000331012
-0.000733313
-0.000365781
-0.000841398
-0.000405948
-0.000961739
-0.000451142
-0.00109889
-0.00049925
-0.00125671
-0.000545304
-0.0014359
-0.000580603
-0.00162995
-0.00059301
-0.00182011
-0.000569579
-0.00197172
-0.000501878
-0.00203602
-0.000392436
-0.00196174
-0.0002585
-0.00171624
-0.000129131
-0.0013076
-3.54064e-05
-0.000791509
-0.000250552
4.21315e-06
0.000157954
1.12258e-05
0.000424742
1.69589e-05
0.00064337
1.92809e-05
0.000816722
1.77815e-05
0.000950377
1.32098e-05
0.0010516
6.82691e-06
0.00112752
-1.05053e-07
0.00118366
-6.60462e-06
0.00122346
-1.20536e-05
0.00124851
-1.61633e-05
0.00125917
-1.89019e-05
0.00125529
-2.04173e-05
0.00123671
-2.0975e-05
0.00120364
-2.0908e-05
0.00115678
-2.05774e-05
0.00109738
-2.03405e-05
0.00102709
-2.05241e-05
0.000947864
-2.14073e-05
0.00086176
-2.32123e-05
0.00077078
-2.61028e-05
0.000676724
-3.01905e-05
0.000581096
-3.55451e-05
0.000485059
-4.22067e-05
0.000389431
-5.01979e-05
0.000294724
-5.95343e-05
0.000201196
-7.02343e-05
0.000108925
-8.23264e-05
1.78581e-05
-9.58604e-05
-7.21346e-05
-0.000110916
-0.000161238
-0.000127618
-0.000249694
-0.000146158
-0.00033783
-0.000166823
-0.000426152
-0.000190036
-0.000515475
-0.000216375
-0.00060711
-0.000246586
-0.000703103
-0.000281517
-0.000806466
-0.000321922
-0.000921334
-0.000368022
-0.00105279
-0.000418719
-0.00120601
-0.000470419
-0.0013842
-0.000515761
-0.0015846
-0.000543094
-0.00179277
-0.000538143
-0.00197667
-0.000489009
-0.00208515
-0.00039369
-0.00205705
-0.000266235
-0.00184369
-0.000136043
-0.00143779
-3.80885e-05
-0.000889463
-0.00028864
5.3185e-06
0.000152635
1.53577e-05
0.000414703
2.56264e-05
0.000633101
3.34942e-05
0.000808855
3.8077e-05
0.000945795
3.97733e-05
0.00104991
3.9644e-05
0.00112765
3.88675e-05
0.00118444
3.84004e-05
0.00122393
3.88432e-05
0.00124807
4.04443e-05
0.00125757
4.31722e-05
0.00125256
4.6801e-05
0.00123308
5.09864e-05
0.00119945
5.53284e-05
0.00115244
5.94192e-05
0.00109329
6.28802e-05
0.00102363
6.53875e-05
0.000945356
6.66859e-05
0.000860461
6.65928e-05
0.000770873
6.49918e-05
0.000678325
6.18206e-05
0.000584267
5.70556e-05
0.000489824
5.06955e-05
0.000395791
4.27479e-05
0.000302671
3.32184e-05
0.000210726
2.21033e-05
0.00012004
9.38417e-06
3.05771e-05
-4.97661e-06
-5.7774e-05
-2.10436e-05
-0.000145172
-3.89153e-05
-0.000231822
-5.87406e-05
-0.000318005
-8.07448e-05
-0.000404148
-0.000105263
-0.000490956
-0.000132775
-0.000579598
-0.000163935
-0.000671943
-0.000199557
-0.000770844
-0.000240501
-0.00088039
-0.00028737
-0.00100592
-0.000339858
-0.00115353
-0.000395647
-0.00132841
-0.00044891
-0.00153134
-0.000489075
-0.00175261
-0.000501371
-0.00196437
-0.000471005
-0.00211552
-0.000391283
-0.00213678
-0.000272163
-0.00196281
-0.000142444
-0.00156751
-4.07371e-05
-0.00099117
-0.000329377
6.19835e-06
0.000146437
1.88139e-05
0.000402088
3.31323e-05
0.000618782
4.61437e-05
0.000795843
5.65357e-05
0.000935403
6.43422e-05
0.0010421
7.03832e-05
0.00112161
7.57152e-05
0.0011791
8.1246e-05
0.0012184
8.75517e-05
0.00124176
9.48486e-05
0.00125027
0.000103054
0.00124435
0.000111875
0.00122426
0.000120897
0.00119043
0.000129659
0.00114368
0.000137705
0.00108524
0.000144631
0.0010167
0.00015011
0.000939877
0.0001539
0.000856672
0.000155844
0.000768929
0.00015586
0.000678308
0.000153924
0.000586204
0.000150046
0.000493702
0.000144254
0.000401583
0.000136578
0.000310347
0.000127039
0.000220265
0.000115642
0.000131437
0.000102374
4.38451e-05
8.72013e-05
-4.26019e-05
7.00677e-05
-0.000128038
5.08916e-05
-0.000212646
2.95568e-05
-0.00029667
5.89277e-06
-0.000380484
-2.03547e-05
-0.000464709
-4.95623e-05
-0.00055039
-8.22658e-05
-0.00063924
-0.000119183
-0.000733927
-0.000161163
-0.000838411
-0.000209003
-0.00095808
-0.000262957
-0.00109957
-0.000321786
-0.00126958
-0.000381221
-0.00147191
-0.000432203
-0.00170163
-0.000460273
-0.0019363
-0.000448496
-0.00212729
-0.000385546
-0.00219973
-0.000276486
-0.00207187
-0.000148468
-0.00169553
-4.33985e-05
-0.00109624
-0.000372776
6.83152e-06
0.000139606
2.14981e-05
0.000387421
3.92585e-05
0.000601022
5.68679e-05
0.000778234
7.26578e-05
0.000919613
8.63061e-05
0.00102845
9.8361e-05
0.00110955
0.000109716
0.00116775
0.000121199
0.00120691
0.00013335
0.00122961
0.000146352
0.00123727
0.000160081
0.00123062
0.000174186
0.00121015
0.000188193
0.00117642
0.000201577
0.0011303
0.00021384
0.00107298
0.000224544
0.001006
0.000233346
0.000931075
0.000240006
0.000850012
0.000244379
0.000764556
0.000246403
0.000676283
0.000246077
0.00058653
0.000243434
0.000496345
0.000238523
0.000406495
0.000231388
0.000317481
0.000222061
0.000229592
0.000210552
0.000142946
0.00019685
5.75472e-05
0.000180923
-2.66753e-05
0.000162719
-0.000109834
0.000142166
-0.000192094
0.000119173
-0.000273676
9.36092e-05
-0.000354921
6.52919e-05
-0.000436392
3.3945e-05
-0.000519044
-8.3884e-07
-0.000604456
-3.96415e-05
-0.000695124
-8.32269e-05
-0.000794825
-0.000132441
-0.000908866
-0.000187881
-0.00104413
-0.000249146
-0.00120832
-0.000313412
-0.00140764
-0.000373388
-0.00164165
-0.000415652
-0.00189404
-0.000421998
-0.00212095
-0.000376767
-0.00224496
-0.000279418
-0.00216922
-0.000154295
-0.00182065
-4.6146e-05
-0.00120439
-0.000418922
7.20073e-06
0.000132405
2.33245e-05
0.000371297
4.38023e-05
0.000580544
6.53195e-05
0.000756717
8.59528e-05
0.000898979
0.000105056
0.00100935
0.000122889
0.00109172
0.000140141
0.0011505
0.000157525
0.00118953
0.000175516
0.00121162
0.000194262
0.00121852
0.000213596
0.00121129
0.000233119
0.00119063
0.0002523
0.00115724
0.00027056
0.00111204
0.000287348
0.00105619
0.00030219
0.000991157
0.000314717
0.000918548
0.000324675
0.000840054
0.000331917
0.000757314
0.000336385
0.000671816
0.000338086
0.000584829
0.000337066
0.000497365
0.000333384
0.000410177
0.000327094
0.000323771
0.000318234
0.000238452
0.000306818
0.000154362
0.000292834
7.15311e-05
0.000276251
-1.00925e-05
0.000257019
-9.06026e-05
0.000235075
-0.000170149
0.000210342
-0.000248944
0.000182729
-0.000327308
0.000152111
-0.000405773
0.0001183
-0.000485233
8.10068e-05
-0.000567163
3.97987e-05
-0.000653916
-5.9456e-06
-0.000749081
-5.7011e-05
-0.0008578
-0.00011417
-0.000986974
-0.000177615
-0.00114487
-0.000245763
-0.00133949
-0.000313164
-0.00157425
-0.000368032
-0.00183917
-0.000391832
-0.00209715
-0.000365106
-0.00227168
-0.000281131
-0.0022532
-0.000160134
-0.00194165
-4.90818e-05
-0.00131544
-0.000468003
7.28929e-06
0.000125116
2.421e-05
0.000354377
4.65661e-05
0.000558188
7.11566e-05
0.000732126
9.59321e-05
0.000874204
0.000119981
0.000985301
0.00014327
0.00106843
0.000166251
0.00112752
0.000189475
0.00116631
0.000213322
0.00118777
0.000237881
0.00119397
0.000262938
0.00118623
0.000288051
0.00116552
0.000312633
0.00113266
0.000336053
0.00108862
0.000357709
0.00103454
0.00037708
0.000971785
0.000393763
0.000901865
0.000407476
0.000826342
0.000418053
0.000746737
0.000425427
0.000664441
0.000429601
0.000580655
0.00043062
0.000496346
0.000428546
0.000412251
0.000423436
0.000328881
0.00041533
0.000246557
0.000404245
0.000165447
0.000390169
8.56063e-05
0.000373072
7.00507e-06
0.000352907
-7.04381e-05
0.000329617
-0.000146859
0.00030314
-0.000222467
0.000273415
-0.000297583
0.000240368
-0.000372727
0.000203893
-0.000448758
0.000163813
-0.000527083
0.000119833
-0.000609936
7.14794e-05
-0.000700727
1.80945e-05
-0.000804416
-4.11123e-05
-0.000927767
-0.000106716
-0.00107927
-0.000178132
-0.00126808
-0.000251675
-0.00150071
-0.000317619
-0.00177323
-0.00035806
-0.00205671
-0.000350522
-0.00227922
-0.000281692
-0.00232203
-0.000166199
-0.00205714
-5.23416e-05
-0.0014293
-0.000520345
7.07573e-06
0.00011804
2.40608e-05
0.000337392
4.7339e-05
0.00053491
7.40252e-05
0.00070544
0.000102096
0.000846133
0.000130454
0.000956943
0.000158792
0.00104009
0.000187289
0.00109902
0.000216287
0.00113731
0.000246026
0.00115803
0.000276501
0.00116349
0.000307442
0.00115529
0.00033835
0.00113461
0.00036859
0.00110242
0.000397478
0.00105973
0.000424359
0.00100766
0.000448663
0.000947481
0.00046994
0.000880588
0.00048787
0.000808411
0.000502259
0.000732348
0.000513013
0.000653687
0.000520119
0.000573549
0.000523611
0.000492855
0.000523544
0.000412318
0.000519974
0.000332451
0.00051294
0.00025359
0.000502461
0.000175927
0.000488526
9.95408e-05
0.000471106
2.44253e-05
0.000450161
-4.94931e-05
0.00042564
-0.000122339
0.000397499
-0.000194326
0.000365702
-0.000265786
0.000330222
-0.000337247
0.000291024
-0.00040956
0.000248034
-0.000484093
0.000201087
-0.000562989
0.000149861
-0.000649501
9.38224e-05
-0.000748377
3.22414e-05
-0.000866186
-3.56374e-05
-0.00101139
-0.000109967
-0.00119375
-0.000188652
-0.00142202
-0.000264256
-0.00169762
-0.000320426
-0.00200054
-0.000332692
-0.00226695
-0.000280989
-0.00237373
-0.00017268
-0.00216545
-5.61007e-05
-0.00154588
-0.000576446
6.52475e-06
0.000111515
2.27497e-05
0.000321167
4.58659e-05
0.000511794
7.35273e-05
0.000677779
0.000103908
0.000815753
0.000135825
0.000925025
0.000168722
0.0010072
0.000202483
0.00106526
0.000237186
0.0011026
0.000272874
0.00112234
0.000309411
0.00112695
0.000346434
0.00111827
0.00038338
0.00109766
0.00041956
0.00106624
0.000454236
0.00102505
0.000486701
0.000975192
0.000516333
0.000917849
0.000542633
0.000854289
0.000565233
0.000785811
0.000583896
0.000713685
0.000598496
0.000639087
0.000608991
0.000563054
0.000615394
0.000486452
0.000617747
0.000409965
0.000616098
0.0003341
0.000610483
0.000259205
0.000600921
0.000185489
0.000587406
0.000113056
0.000569913
4.19181e-05
0.000548411
-2.79909e-05
0.000522862
-9.67901e-05
0.00049324
-0.000164704
0.000459537
-0.000232084
0.000421768
-0.000299478
0.00037996
-0.000367752
0.000334128
-0.000438261
0.000284223
-0.000513084
0.00023006
-0.000595338
0.000171238
-0.000689555
0.000107095
-0.000802043
3.67949e-05
-0.000941091
-4.02875e-05
-0.00111667
-0.000123378
-0.00133893
-0.000207385
-0.00161362
-0.000278299
-0.00192962
-0.000310926
-0.00223433
-0.000278635
-0.00240602
-0.000179695
-0.00226439
-6.05832e-05
-0.00166499
-0.000637029
5.57178e-06
0.000105943
2.00791e-05
0.00030666
4.17972e-05
0.000490076
6.91721e-05
0.000650404
0.000100758
0.000784167
0.000135392
0.000890392
0.000172298
0.000970291
0.000211044
0.00102651
0.000251389
0.00106226
0.000293116
0.00108062
0.000335899
0.00108417
0.000379245
0.00107492
0.000422506
0.0010544
0.000464928
0.00102382
0.000505718
0.000984262
0.000544118
0.000936793
0.000579455
0.000882512
0.000611176
0.000822567
0.000638865
0.000758122
0.000662237
0.000690313
0.000681123
0.000620201
0.000695445
0.000548732
0.000705188
0.000476709
0.000710374
0.000404778
0.00071104
0.000333434
0.000707218
0.000263027
0.000698925
0.000193782
0.000686164
0.000125817
0.00066892
5.91617e-05
0.000647173
-6.24316e-06
0.000620908
-7.05253e-05
0.000590121
-0.000133917
0.000554835
-0.000196798
0.000515105
-0.000259748
0.000471012
-0.00032366
0.000422643
-0.000389892
0.00037004
-0.00046048
0.000313129
-0.000538428
0.000251623
-0.00062805
0.000184935
-0.000735355
0.000112171
-0.000868328
3.23848e-05
-0.00103688
-5.46247e-05
-0.00125192
-0.000145974
-0.00152227
-0.000230614
-0.00184498
-0.000284078
-0.00218086
-0.00027386
-0.00241624
-0.000187226
-0.00235102
-6.6072e-05
-0.00178614
-0.000703101
4.09675e-06
0.000101847
1.57214e-05
0.000295035
3.46126e-05
0.000471184
6.03014e-05
0.000624715
9.1904e-05
0.000752564
0.000128366
0.00085393
0.000168717
0.000929941
0.000212175
0.000983053
0.000258125
0.00101631
0.000306018
0.00103272
0.000355276
0.00103491
0.000405231
0.00102497
0.000455116
0.00100451
0.000504098
0.000974837
0.000551327
0.000937033
0.000595994
0.000892126
0.000637378
0.000841128
0.000674878
0.000785067
0.000708028
0.000724972
0.000736494
0.000661847
0.000760062
0.000596633
0.000778614
0.00053018
0.000792104
0.000463219
0.000800531
0.000396352
0.000803916
0.000330049
0.000802287
0.000264657
0.000795665
0.000200403
0.000784063
0.000137419
0.000767484
7.57407e-05
0.000745924
1.53164e-05
0.000719402
-4.4003e-05
0.000687942
-0.000102457
0.000651601
-0.000160457
0.000610473
-0.00021862
0.000564683
-0.00027787
0.000514367
-0.000339576
0.000459629
-0.000405742
0.000400464
-0.000479263
0.000336659
-0.000564245
0.000267675
-0.00066637
0.000192576
-0.000793229
0.000110147
-0.000954449
1.94633e-05
-0.00116124
-7.84219e-05
-0.00142438
-0.000175785
-0.00174762
-0.00025045
-0.0021062
-0.000265361
-0.00240133
-0.000195012
-0.00242137
-7.29081e-05
-0.00190825
-0.000776009
1.87917e-06
9.99676e-05
9.12561e-06
0.000287789
2.35084e-05
0.000456802
4.59888e-05
0.000602235
7.63983e-05
0.000722155
0.000113836
0.000816491
0.000157122
0.000886655
0.000205081
0.000935094
0.000256656
0.000964734
0.000310898
0.000978482
0.00036691
0.000978901
0.000423797
0.000968082
0.000480642
0.00094767
0.000536513
0.000918966
0.000590496
0.00088305
0.000641735
0.000840887
0.000689467
0.000793396
0.00073305
0.000741484
0.000771974
0.000686049
0.000805861
0.00062796
0.000834455
0.00056804
0.000857599
0.000507036
0.000875215
0.000445602
0.000887281
0.000384286
0.000893804
0.000323526
0.00089481
0.00026365
0.00089033
0.000204884
0.000880393
0.000147356
0.000865027
9.11067e-05
0.000844261
3.6082e-05
0.000818142
-1.7884e-05
0.000786737
-7.10521e-05
0.000750139
-0.000123859
0.000708475
-0.000176956
0.000661899
-0.000231294
0.000610571
-0.000288248
0.000554613
-0.000349784
0.000494039
-0.000418689
0.000428649
-0.000498854
0.000357898
-0.000595619
0.000280784
-0.000716116
0.000195856
-0.000869521
0.000101578
-0.00106696
-2.40103e-06
-0.0013204
-0.000111591
-0.00163843
-0.000207656
-0.00201013
-0.000251107
-0.00235788
-0.000202386
-0.00247009
-8.14729e-05
-0.00202916
-0.000857482
-1.47663e-06
0.000101444
-6.2154e-07
0.000286934
7.248e-06
0.000448932
2.49166e-05
0.000584566
5.30083e-05
0.000694063
9.07278e-05
0.000778772
0.000136607
0.000840776
0.000188997
0.000882703
0.000246327
0.000907405
0.000307178
0.000917631
0.000370278
0.000915801
0.000434457
0.000903903
0.000498613
0.000883514
0.000561702
0.000855878
0.000622738
0.000822014
0.000680822
0.000782803
0.000735158
0.00073906
0.000785072
0.00069157
0.000830025
0.000641096
0.000869603
0.000588381
0.000903518
0.000534125
0.000931583
0.000478971
0.000953694
0.000423491
0.000969812
0.000368169
0.000979939
0.0003134
0.000984106
0.000259484
0.000982358
0.000206631
0.000974752
0.000154962
0.000961351
0.000104508
0.000942226
5.52071e-05
0.000917455
6.88735e-06
0.000887151
-4.07491e-05
0.000851441
-8.81482e-05
0.000810472
-0.000135987
0.000764405
-0.000185227
0.000713389
-0.000237232
0.000657517
-0.000293912
0.000596756
-0.000357928
0.000530842
-0.000432941
0.000459151
-0.000523928
0.000380556
-0.000637521
0.000293361
-0.000782325
0.000195488
-0.000969086
8.54248e-05
-0.00121034
-3.50117e-05
-0.00151799
-0.000152458
-0.00189269
-0.000228063
-0.00228227
-0.000207986
-0.00249017
-9.21383e-05
-0.00214501
-0.00094962
-6.67147e-06
0.000108116
-1.49947e-05
0.000295257
-1.60052e-05
0.000449943
-4.72471e-06
0.000573286
2.01808e-05
0.000669158
5.78253e-05
0.000741128
0.000106273
0.000792329
0.000163278
0.000825698
0.000226669
0.000844013
0.000294504
0.000849796
0.00036509
0.000845215
0.00043695
0.000832043
0.000508778
0.000811685
0.000579404
0.000785253
0.000647772
0.000753645
0.000712945
0.00071763
0.000774106
0.000677899
0.000830568
0.000635109
0.000881773
0.000589891
0.000927294
0.00054286
0.000966823
0.000494596
0.00100016
0.000445637
0.00102718
0.000396466
0.00104785
0.000347499
0.00106218
0.000299076
0.0010702
0.000251461
0.00107199
0.000204837
0.00106765
0.000159307
0.00105727
0.000114888
0.00104097
7.15056e-05
0.00101887
2.89832e-05
0.000991119
-1.29957e-05
0.000957857
-5.48859e-05
0.000919234
-9.73639e-05
0.000875387
-0.00014138
0.000826411
-0.000188256
0.000772313
-0.000239814
0.000712942
-0.000298557
0.00064789
-0.000367889
0.000576359
-0.000452397
0.000497014
-0.000558176
0.000407864
-0.000693175
0.000306319
-0.000867542
0.000189814
-0.00109383
5.80357e-05
-0.00138621
-8.06241e-05
-0.00175403
-0.000191857
-0.00217104
-0.000209296
-0.00247273
-0.000105126
-0.00224918
-0.00105475
-1.48931e-05
0.000123009
-3.62614e-05
0.000316625
-4.88249e-05
0.000462506
-4.52139e-05
0.000569675
-2.38103e-05
0.000647754
1.39928e-05
0.000703324
6.55024e-05
0.000740819
0.000127697
0.000763504
0.000197725
0.000773985
0.000273082
0.000774439
0.00035164
0.000766657
0.000431614
0.000752069
0.000511492
0.000731807
0.000589983
0.000706762
0.000665969
0.000677659
0.000738489
0.00064511
0.000806722
0.000609667
0.000869984
0.000571847
0.000927725
0.00053215
0.000979523
0.000491062
0.00102507
0.000449046
0.00106417
0.000406535
0.00109672
0.00036392
0.00112268
0.000321543
0.00114207
0.000279685
0.00115496
0.000238564
0.00116147
0.000198331
0.00116171
0.000159064
0.00115584
0.000120764
0.001144
8.33482e-05
0.00112634
4.66339e-05
0.00110303
1.03183e-05
0.0010742
-2.60583e-05
0.00103998
-6.31372e-05
0.00100042
-0.000101828
0.000955539
-0.000143371
0.000905189
-0.000189464
0.000849037
-0.000242405
0.000786449
-0.0003053
0.000716358
-0.000382306
0.000637119
-0.000478937
0.000546365
-0.000602421
0.00044097
-0.000762146
0.0003174
-0.000970265
0.00017337
-0.00124218
1.32089e-05
-0.00159387
-0.000136469
-0.00202136
-0.000202104
-0.0024071
-0.000120171
-0.00233111
-0.00117492
-2.80872e-05
0.000151096
-6.76342e-05
0.000356172
-9.43165e-05
0.000489189
-9.8795e-05
0.000574153
-8.01297e-05
0.000629089
-4.09435e-05
0.000664138
1.49216e-05
0.000684954
8.34841e-05
0.000694941
0.000161135
0.000696333
0.000244822
0.000690753
0.000332016
0.000679463
0.000420656
0.000663429
0.000509061
0.000643401
0.000595845
0.000619978
0.000679854
0.00059365
0.000760122
0.000564841
0.000835849
0.00053394
0.000906378
0.000501318
0.000971189
0.000467339
0.00102989
0.000432364
0.00108219
0.000396741
0.00112793
0.000360799
0.00116701
0.000324841
0.00119942
0.000289132
0.00122521
0.000253892
0.00124448
0.000219293
0.00125736
0.00018545
0.00126401
0.000152419
0.00126458
0.000120188
0.00125926
8.86702e-05
0.00124821
5.76905e-05
0.00123156
2.69667e-05
0.00120942
-3.92029e-06
0.00118184
-3.55602e-05
0.0011488
-6.87831e-05
0.00111014
-0.000104714
0.00106555
-0.000144871
0.00101444
-0.000191303
0.000955906
-0.000246761
0.000888516
-0.000314917
0.000810224
-0.000400645
0.000718183
-0.00051038
0.000608662
-0.000652625
0.000477183
-0.000838786
0.000319584
-0.00108459
0.000136415
-0.0014107
-5.37516e-05
-0.0018312
-0.00017955
-0.0022813
-0.000135924
-0.00237474
-0.00131084
-4.92237e-05
0.00020032
-0.000112961
0.000419909
-0.000154893
0.000531121
-0.000165655
0.000584916
-0.000146832
0.000610266
-0.000103267
0.000620573
-4.04004e-05
0.000622087
3.67034e-05
0.000617838
0.00012371
0.000609327
0.000217079
0.000597383
0.000313988
0.000582555
0.000412198
0.000565219
0.000509932
0.000545668
0.000605766
0.000524143
0.000698553
0.000500864
0.000787357
0.000476037
0.000871423
0.000449874
0.000950144
0.000422596
0.00102305
0.000394433
0.00108979
0.000365624
0.00115012
0.000336409
0.0012039
0.000307021
0.00125106
0.000277679
0.00129162
0.000248576
0.00132563
0.000219877
0.00135322
0.000191709
0.00137451
0.000164157
0.00138967
0.000137259
0.00139886
0.000110997
0.00140224
8.52913e-05
0.00139995
5.99861e-05
0.00139208
3.48346e-05
0.00137868
9.47729e-06
0.00135972
-1.65992e-05
0.00133504
-4.4102e-05
0.00130433
-7.40031e-05
0.00126706
-0.000107602
0.0012224
-0.000146642
0.00116909
-0.000193455
0.00110533
-0.000251157
0.00102859
-0.000323902
0.000935447
-0.000417237
0.000821466
-0.000538644
0.000681197
-0.000698516
0.000508715
-0.000912103
0.00030062
-0.0012026
6.79371e-05
-0.00159851
-0.000129319
-0.00208404
-0.000148477
-0.00235558
-0.00145932
-8.19825e-05
0.000282302
-0.000174629
0.000512556
-0.000227833
0.000584325
-0.000237594
0.000594676
-0.000211178
0.00058385
-0.000156754
0.000566149
-8.16145e-05
0.000546948
8.15806e-06
0.000528065
0.000107692
0.000509793
0.000213187
0.000491888
0.000321742
0.000473999
0.000431119
0.000455842
0.000539576
0.00043721
0.000645751
0.000417968
0.000748566
0.000398049
0.000847164
0.00037744
0.000940861
0.000356177
0.00102912
0.000334336
0.00111153
0.000312022
0.00118779
0.000289365
0.00125769
0.000266508
0.00132111
0.0002436
0.00137801
0.000220785
0.00142839
0.000198196
0.00147232
0.000175949
0.00150989
0.000154134
0.00154123
0.000132812
0.00156649
0.000112008
0.00158578
9.17046e-05
0.00159923
7.18357e-05
0.00160695
5.22754e-05
0.00160896
3.28234e-05
0.00160525
1.31875e-05
0.00159569
-7.04382e-06
0.00158003
-2.84382e-05
0.0015578
-5.17731e-05
0.00152828
-7.80874e-05
0.00149041
-0.000108767
0.00144262
-0.000145664
0.00138272
-0.000191256
0.00130768
-0.000248872
0.00121348
-0.000323029
0.00109483
-0.000420001
0.000945198
-0.000548881
0.000756909
-0.000723814
0.000522898
-0.000968593
0.00024584
-0.00132145
-2.99509e-05
-0.00180825
-0.000146847
-0.00223868
-0.00160616
-0.000128229
0.000410531
-0.000245638
0.000629966
-0.000291306
0.000629993
-0.000279718
0.000583088
-0.000228652
0.000532784
-0.00015005
0.000487547
-5.25062e-05
0.000449403
5.74001e-05
0.000418158
0.000174795
0.000392397
0.000296218
0.000370465
0.000419128
0.000351089
0.000541605
0.000333365
0.000662182
0.000316632
0.000779725
0.000300426
0.000893342
0.000284431
0.00100233
0.000268452
0.00110613
0.000252379
0.00120429
0.000236168
0.00129649
0.000219825
0.00138247
0.000203391
0.00146204
0.000186932
0.00153512
0.000170526
0.00160164
0.000154258
0.00166163
0.000138211
0.00171512
0.000122459
0.00176219
0.000107061
0.00180295
9.20558e-05
0.0018375
7.74595e-05
0.00186594
6.32575e-05
0.00188838
4.93992e-05
0.00190486
3.57906e-05
0.0019154
2.22832e-05
0.00191993
8.65998e-06
0.00191827
-5.38337e-06
0.00191009
-2.02604e-05
0.00189485
-3.65255e-05
0.00187168
-5.49243e-05
0.00183936
-7.64491e-05
0.00179612
-0.00010242
0.00173947
-0.000134604
0.00166599
-0.000175391
0.00157105
-0.000228092
0.00144853
-0.000297477
0.0012905
-0.000390852
0.0010871
-0.000520417
0.000827173
-0.000708665
0.000504089
-0.000998371
0.000144562
-0.00144872
-0.000107061
-0.00198706
-0.00171323
-0.000181418
0.000591948
-0.000280813
0.000729361
-0.000260774
0.000609954
-0.000180898
0.000503212
-7.22301e-05
0.000424116
5.32535e-05
0.000362063
0.000188161
0.000314496
0.000327285
0.000279034
0.000467517
0.000252165
0.000606907
0.000231074
0.000744098
0.000213898
0.000878088
0.000199374
0.00100812
0.000186604
0.00113359
0.000174957
0.00125401
0.00016401
0.00136898
0.000153482
0.00147816
0.000143195
0.00158128
0.000133046
0.00167813
0.000122984
0.00176852
0.000112997
0.00185235
0.000103101
0.00192955
9.33244e-05
0.0020001
8.37078e-05
0.00206402
7.42922e-05
0.00212136
6.5116e-05
0.00217222
5.62102e-05
0.00221668
4.75945e-05
0.00225486
3.92738e-05
0.00228688
3.12349e-05
0.00231284
2.34421e-05
0.0023328
1.5833e-05
0.00234677
8.31116e-06
0.00235469
7.37009e-07
0.00235639
-7.07847e-06
0.00235151
-1.53833e-05
0.0023395
-2.45095e-05
0.00231947
-3.49015e-05
0.00229017
-4.71455e-05
0.00224976
-6.20141e-05
0.00219569
-8.05348e-05
0.00212441
-0.000104103
0.002031
-0.000134686
0.00190875
-0.000175225
0.00174841
-0.000230513
0.00153723
-0.000309234
0.0012576
-0.000429034
0.000888165
-0.000628941
0.000427818
-0.000988378
3.19829e-06
-0.00156244
-0.00171003
-0.000180257
0.000772205
-6.55634e-05
0.000614667
0.000153448
0.000390943
0.000367625
0.000289035
0.000567712
0.000224029
0.000755195
0.00017458
0.000929835
0.000139856
0.00109258
0.00011629
0.00124503
9.97178e-05
0.00138857
8.75334e-05
0.00152421
7.82566e-05
0.00165266
7.09264e-05
0.00177438
6.48773e-05
0.00188968
5.96617e-05
0.0019987
5.49864e-05
0.00210152
5.06607e-05
0.00219816
4.65628e-05
0.00228858
4.26185e-05
0.00237278
3.87865e-05
0.00245073
3.50483e-05
0.00252243
3.14005e-05
0.0025879
2.78488e-05
0.00264721
2.44039e-05
0.00270042
2.10783e-05
0.00274766
1.78832e-05
0.00278904
1.48271e-05
0.00282472
1.19134e-05
0.00285485
9.1396e-06
0.00287959
6.49544e-06
0.00289907
3.9617e-06
0.0029134
1.50792e-06
0.00292262
-9.08693e-07
0.0029267
-3.34431e-06
0.0029255
-5.87501e-06
0.00291871
-8.60145e-06
0.00290586
-1.16539e-05
0.00288616
-1.52014e-05
0.00285848
-1.94623e-05
0.00282118
-2.47194e-05
0.00277199
-3.13432e-05
0.00270772
-3.9834e-05
0.00262394
-5.09034e-05
0.00251436
-6.56492e-05
0.00236981
-8.59592e-05
0.00217609
-0.000115516
0.00190954
-0.000162488
0.0015284
-0.000247792
0.000970699
-0.000430681
0.000281364
-0.000873105
-0.00142866
0.000772205
0.00138687
0.00177782
0.00206685
0.00229088
0.00246546
0.00260532
0.00272161
0.00282132
0.00290886
0.00298711
0.00305804
0.00312292
0.00318258
0.00323756
0.00328823
0.00333479
0.00337741
0.00341619
0.00345124
0.00348264
0.00351049
0.00353489
0.00355597
0.00357386
0.00358868
0.0036006
0.00360974
0.00361623
0.00362019
0.0036217
0.00362079
0.00361745
0.00361157
0.00360297
0.00359132
0.00357612
0.00355665
0.00353193
0.00350059
0.00346076
0.00340985
0.00334421
0.00325825
0.00314273
0.00298024
0.00273245
0.00230177
0.00142866
)
;

boundaryField
{
    movingWall
    {
        type            calculated;
        value           uniform 0;
    }
    fixedWalls
    {
        type            calculated;
        value           uniform 0;
    }
    frontAndBack
    {
        type            empty;
        value           nonuniform 0();
    }
}


// ************************************************************************* //
