/*--------------------------------*- C++ -*----------------------------------*\
  =========                 |
  \\      /  F ield         | OpenFOAM: The Open Source CFD Toolbox
   \\    /   O peration     | Website:  https://openfoam.org
    \\  /    A nd           | Version:  7
     \\/     M anipulation  |
\*---------------------------------------------------------------------------*/
FoamFile
{
    version     2.0;
    format      ascii;
    class       surfaceScalarField;
    location    "1950";
    object      phi;
}
// * * * * * * * * * * * * * * * * * * * * * * * * * * * * * * * * * * * * * //

dimensions      [0 3 -1 0 0 0 0];

internalField   nonuniform List<scalar> 
4900
(
1.69925e-06
-1.70421e-06
6.22361e-06
-4.52439e-06
1.17163e-05
-5.49266e-06
1.65022e-05
-4.78597e-06
1.97496e-05
-3.24742e-06
2.13888e-05
-1.63913e-06
2.17673e-05
-3.78569e-07
2.12619e-05
5.05439e-07
2.00156e-05
1.24622e-06
1.78647e-05
2.15096e-06
1.44158e-05
3.44885e-06
9.18219e-06
5.23358e-06
1.67279e-06
7.50938e-06
-8.56437e-06
1.02371e-05
-2.18786e-05
1.33143e-05
-3.84327e-05
1.65541e-05
-5.81308e-05
1.96981e-05
-8.05372e-05
2.24064e-05
-0.000104813
2.42761e-05
-0.000129702
2.48888e-05
-0.000153576
2.38739e-05
-0.000174549
2.09725e-05
-0.000190638
1.60895e-05
-0.00019997
9.33177e-06
-0.000201024
1.05398e-06
-0.00019286
-8.16436e-06
-0.000175233
-1.76266e-05
-0.000148666
-2.65667e-05
-0.000114455
-3.42118e-05
-7.46238e-05
-3.98308e-05
-3.1826e-05
-4.27978e-05
1.08231e-05
-4.26491e-05
5.00669e-05
-3.92438e-05
8.3055e-05
-3.29881e-05
0.000107612
-2.45573e-05
0.000122475
-1.48631e-05
0.000127531
-5.05601e-06
0.000123863
3.66826e-06
0.000113469
1.03943e-05
9.87404e-05
1.47284e-05
8.20208e-05
1.67195e-05
6.52473e-05
1.67736e-05
4.97647e-05
1.54825e-05
3.63068e-05
1.34579e-05
2.51006e-05
1.12062e-05
1.60379e-05
9.06264e-06
8.89202e-06
7.14591e-06
3.59351e-06
5.2985e-06
5.04918e-07
3.08859e-06
5.04917e-07
4.47452e-06
-6.17876e-06
1.38483e-05
-1.38982e-05
2.43104e-05
-1.59547e-05
3.28987e-05
-1.33743e-05
3.80015e-05
-8.35026e-06
3.92284e-05
-2.86597e-06
3.68609e-05
1.98881e-06
3.12062e-05
6.1602e-06
2.2156e-05
1.02963e-05
9.08266e-06
1.52243e-05
-9.01087e-06
2.15423e-05
-3.32252e-05
2.94479e-05
-6.446e-05
3.87441e-05
-0.000103155
4.89318e-05
-0.00014908
5.92392e-05
-0.000201175
6.86493e-05
-0.000257494
7.60168e-05
-0.000315326
8.02385e-05
-0.000371474
8.04246e-05
-0.000422604
7.60186e-05
-0.000465577
6.68469e-05
-0.000497714
5.3109e-05
-0.000516961
3.53366e-05
-0.000521978
1.43495e-05
-0.000512221
-8.70321e-06
-0.00048778
-3.26057e-05
-0.000449292
-5.61145e-05
-0.000397964
-7.78946e-05
-0.000335625
-9.65509e-05
-0.000264747
-0.000110709
-0.000188421
-0.000119124
-0.000110224
-0.000120846
-3.40371e-05
-0.00011543
3.6066e-05
-0.000103091
9.63953e-05
-8.48866e-05
0.000144136
-6.2604e-05
0.000177366
-3.82864e-05
0.000195297
-1.42627e-05
0.000198524
7.1678e-06
0.000189145
2.41075e-05
0.000170309
3.55553e-05
0.000145608
4.14747e-05
0.00011845
4.26399e-05
9.1602e-05
4.03063e-05
6.69289e-05
3.58794e-05
4.54176e-05
3.05739e-05
2.7458e-05
2.51055e-05
1.33342e-05
1.94224e-05
3.75509e-06
1.26677e-05
4.26e-06
5.98711e-06
-1.21659e-05
1.73369e-05
-2.5248e-05
2.88014e-05
-2.74193e-05
3.68224e-05
-2.13954e-05
3.95383e-05
-1.10661e-05
3.63602e-05
3.1207e-07
2.72252e-05
1.11238e-05
1.19262e-05
2.14592e-05
-1.03015e-05
3.2524e-05
-4.07346e-05
4.56574e-05
-8.07328e-05
6.15405e-05
-0.000131219
7.99344e-05
-0.000192259
9.97842e-05
-0.000262749
0.000119422
-0.000340343
0.000136833
-0.000421685
0.000149991
-0.000502858
0.00015719
-0.000579909
0.00015729
-0.000649295
0.00014981
-0.000708153
0.000134876
-0.000754393
0.000113087
-0.000786662
8.53776e-05
-0.000804201
5.28756e-05
-0.000806658
1.68059e-05
-0.000793888
-2.14727e-05
-0.00076591
-6.05842e-05
-0.000723042
-9.89818e-05
-0.00066602
-0.000134917
-0.000596074
-0.000166497
-0.00051505
-0.000191733
-0.000425476
-0.000208699
-0.00033055
-0.000215772
-0.000234054
-0.000211926
-0.000140124
-0.000197021
-5.29907e-05
-0.00017202
2.33827e-05
-0.000138977
8.60254e-05
-0.000100929
0.000133146
-6.13833e-05
0.000163778
-2.34642e-05
0.000178065
9.82029e-06
0.000177546
3.60741e-05
0.000165025
5.39963e-05
0.000144049
6.36156e-05
0.000118301
6.60543e-05
9.10409e-05
6.31395e-05
6.47424e-05
5.68723e-05
4.1064e-05
4.87838e-05
2.1207e-05
3.92794e-05
6.60685e-06
2.72678e-05
1.08668e-05
6.50862e-06
-1.86745e-05
1.75972e-05
-3.63367e-05
2.69529e-05
-3.6775e-05
3.0761e-05
-2.52035e-05
2.72153e-05
-7.52052e-06
1.56228e-05
1.19046e-05
-4.55182e-06
3.12984e-05
-3.43223e-05
5.12296e-05
-7.52114e-05
7.34131e-05
-0.000128696
9.9142e-05
-0.000195507
0.000128351
-0.000275063
0.000159491
-0.000365241
0.000189962
-0.000462552
0.000216733
-0.000562685
0.000236966
-0.000661191
0.000248497
-0.000754092
0.000250091
-0.000838253
0.00024145
-0.000911464
0.000223022
-0.000972314
0.000195726
-0.00101997
0.000160746
-0.00105396
0.000119364
-0.00107393
7.28434e-05
-0.00107954
2.24151e-05
-0.0010704
-3.0613e-05
-0.00104622
-8.47608e-05
-0.00100686
-0.000138344
-0.00095236
-0.000189413
-0.00088314
-0.000235717
-0.000800142
-0.000274732
-0.000705001
-0.000303839
-0.0006002
-0.000320573
-0.000489156
-0.00032297
-0.000376146
-0.000310031
-0.000266006
-0.00028216
-0.000163587
-0.000241397
-7.32053e-05
-0.000191311
1.86706e-06
-0.000136456
6.00572e-05
-8.16544e-05
0.000101062
-3.11844e-05
0.000125136
1.19998e-05
0.000133571
4.55612e-05
0.000128873
6.83136e-05
0.000114339
8.05889e-05
9.35506e-05
8.39275e-05
6.98711e-05
8.05519e-05
4.61163e-05
7.25387e-05
2.46362e-05
6.07595e-05
7.92821e-06
4.39757e-05
1.87951e-05
6.20573e-06
-2.48803e-05
1.48973e-05
-4.50283e-05
1.921e-05
-4.10877e-05
1.54828e-05
-2.14763e-05
2.16889e-06
5.79341e-06
-2.16157e-05
3.56891e-05
-5.70474e-05
6.67301e-05
-0.000105852
0.000100035
-0.000169655
0.000137216
-0.000249018
0.000178505
-0.000342758
0.000222092
-0.000447859
0.000264592
-0.000559941
0.000302043
-0.000674061
0.000330853
-0.000785544
0.000348449
-0.000890566
0.000353519
-0.0009864
0.000345925
-0.00107133
0.000326385
-0.0011444
0.00029609
-0.00120511
0.000256434
-0.00125323
0.000208865
-0.00128862
0.000154752
-0.00131111
9.53344e-05
-0.00132053
3.18339e-05
-0.00131664
-3.45055e-05
-0.00129908
-0.000102317
-0.00126735
-0.000170077
-0.00122086
-0.000235902
-0.00115911
-0.000297469
-0.00108181
-0.000352024
-0.000989207
-0.000396446
-0.000882382
-0.000427398
-0.000763644
-0.000441708
-0.000636696
-0.000436979
-0.000506598
-0.000412257
-0.000379379
-0.000368616
-0.000261242
-0.000309448
-0.000157485
-0.000240212
-7.16332e-05
-0.000167506
-5.1245e-06
-9.76932e-05
4.25834e-05
-3.5708e-05
7.27353e-05
1.54093e-05
8.69349e-05
5.4114e-05
8.77103e-05
7.98135e-05
7.82705e-05
9.33673e-05
6.21279e-05
9.66946e-05
4.27428e-05
9.19237e-05
2.34095e-05
8.00928e-05
7.60359e-06
5.97816e-05
2.63987e-05
4.89948e-06
-2.97798e-05
8.88433e-06
-4.90132e-05
5.2974e-06
-3.75008e-05
-8.9115e-06
-7.26747e-06
-3.50868e-05
3.19686e-05
-7.43909e-05
7.49932e-05
-0.000128542
0.000120881
-0.000199289
0.000170782
-0.000287191
0.000225117
-0.000390726
0.000282039
-0.000506248
0.000337614
-0.000628697
0.000387042
-0.000752625
0.000425971
-0.000873125
0.000451354
-0.000986392
0.000461715
-0.00108986
0.000456991
-0.00118206
0.000438122
-0.00126227
0.000406597
-0.00133029
0.000364108
-0.00138625
0.000312394
-0.00143049
0.000253109
-0.00146342
0.000187672
-0.00148541
0.000117325
-0.00149682
4.32515e-05
-0.00149779
-3.35383e-05
-0.00148803
-0.000112079
-0.00146689
-0.000191212
-0.00143338
-0.000269418
-0.00138611
-0.000344736
-0.0013235
-0.00041463
-0.0012441
-0.000475855
-0.00114701
-0.000524487
-0.00103245
-0.000556263
-0.000902297
-0.000567135
-0.000760501
-0.000554054
-0.000613199
-0.000515918
-0.000468178
-0.000454469
-0.000333692
-0.000374698
-0.000216804
-0.000284394
-0.000121822
-0.000192676
-4.96987e-05
-0.000107831
1.20153e-06
-3.5491e-05
3.34807e-05
2.18348e-05
4.96901e-05
6.36041e-05
5.27888e-05
9.02685e-05
4.61913e-05
0.000103292
3.36004e-05
0.000104515
1.88768e-05
9.48164e-05
6.1151e-06
7.25434e-05
3.25137e-05
2.27661e-06
-3.20564e-05
-9.07901e-07
-4.58287e-05
-1.49932e-05
-2.34156e-05
-4.21717e-05
1.99111e-05
-8.36267e-05
7.34235e-05
-0.000140792
0.000132159
-0.000215368
0.000195458
-0.000308035
0.000263449
-0.000417258
0.00033434
-0.000539094
0.000403876
-0.000667997
0.000466517
-0.000798035
0.000517079
-0.000923937
0.000551873
-0.00104168
0.000569098
-0.00114861
0.000568645
-0.00124325
0.00055163
-0.00132502
0.00051989
-0.00139398
0.00047556
-0.00145071
0.000420834
-0.00149613
0.000357819
-0.00153136
0.000288336
-0.00155752
0.000213832
-0.0015757
0.000135503
-0.00158675
5.43043e-05
-0.00159112
-2.9168e-05
-0.00158878
-0.000114419
-0.00157924
-0.000200756
-0.00156135
-0.000287311
-0.00153325
-0.000372835
-0.00149248
-0.000455402
-0.00143618
-0.000532147
-0.00136146
-0.000599208
-0.00126592
-0.000651806
-0.0011485
-0.00068455
-0.00101042
-0.000692135
-0.000855856
-0.000670484
-0.000692212
-0.000618113
-0.000529536
-0.000537374
-0.000378847
-0.000435082
-0.000249625
-0.000321898
-0.000147343
-0.000210113
-7.24597e-05
-0.000110375
-2.16693e-05
-2.89556e-05
9.35004e-06
3.25847e-05
2.44561e-05
7.51624e-05
2.74329e-05
0.000100315
2.22376e-05
0.00010971
1.30504e-05
0.000104004
4.21421e-06
8.13795e-05
3.6728e-05
-1.91401e-06
-3.01424e-05
-1.46446e-05
-3.30982e-05
-4.13085e-05
3.24826e-06
-8.31972e-05
6.17997e-05
-0.000141323
0.000131549
-0.000217083
0.000207919
-0.000311263
0.000289638
-0.000422583
0.000374768
-0.000547151
0.000458908
-0.000679165
0.00053589
-0.000812238
0.00059959
-0.000940608
0.000645449
-0.00105983
0.000671093
-0.00116693
0.000676203
-0.00126029
0.000662007
-0.00133938
0.000630715
-0.00140451
0.000585021
-0.00145669
0.000527738
-0.00149742
0.000461567
-0.00152848
0.000388877
-0.00155165
0.000311512
-0.00156866
0.000230837
-0.00158098
0.000147827
-0.0015897
6.30233e-05
-0.00159549
-2.33752e-05
-0.00159866
-0.000111255
-0.00159897
-0.000200441
-0.0015955
-0.000290779
-0.00158655
-0.000381789
-0.00156958
-0.000472369
-0.00154117
-0.000560559
-0.00149709
-0.000643294
-0.00143275
-0.000716144
-0.00134402
-0.000773273
-0.00122833
-0.000807833
-0.00108591
-0.0008129
-0.000921077
-0.000782946
-0.000742697
-0.000715754
-0.000563519
-0.00061426
-0.000397914
-0.000487503
-0.000258273
-0.000349754
-0.000151366
-0.000217282
-7.68319e-05
-0.000103489
-2.92044e-05
-1.50428e-05
-2.05485e-06
4.80128e-05
9.98705e-06
8.82734e-05
1.17386e-05
0.000107958
7.79572e-06
0.000107946
2.60224e-06
8.6573e-05
3.93302e-05
-7.74034e-06
-2.24021e-05
-3.18876e-05
-8.95096e-06
-7.24794e-05
4.38401e-05
-0.000129775
0.000119095
-0.000204595
0.000206369
-0.000297672
0.000300996
-0.000408115
0.000400081
-0.000532419
0.000499071
-0.000664811
0.0005913
-0.00079856
0.000669639
-0.000927352
0.000728383
-0.00104617
0.000764267
-0.00115159
0.000776515
-0.00124173
0.000766339
-0.00131602
0.000736302
-0.00137503
0.000689723
-0.00142018
0.000630165
-0.00145349
0.000561054
-0.00147731
0.000485387
-0.00149395
0.000405513
-0.00150551
0.000323075
-0.00151383
0.00023915
-0.00152031
0.00015431
-0.00152597
6.86868e-05
-0.00153156
-1.77907e-05
-0.00153752
-0.000105294
-0.00154389
-0.000194066
-0.00155027
-0.000284406
-0.00155565
-0.000376406
-0.00155821
-0.000469805
-0.00155499
-0.000563783
-0.00154172
-0.000656563
-0.00151294
-0.000744927
-0.00146238
-0.000823835
-0.00138392
-0.000886293
-0.00127312
-0.0009237
-0.00112907
-0.000926992
-0.000956137
-0.000888687
-0.000764826
-0.000805571
-0.000571027
-0.000681302
-0.000392964
-0.000527816
-0.000246171
-0.000364075
-0.000138383
-0.000211278
-6.76908e-05
-8.5735e-05
-2.58851e-05
6.20715e-06
-4.30302e-06
6.66913e-05
3.87594e-06
9.97793e-05
4.2852e-06
0.000107537
1.7156e-06
8.91426e-05
4.10458e-05
-1.49303e-05
-7.47181e-06
-5.16554e-05
2.77742e-05
-0.000106473
9.8658e-05
-0.00017871
0.000191331
-0.000268717
0.000296376
-0.000375955
0.000408234
-0.000497558
0.000521684
-0.000628131
0.000629645
-0.000760822
0.000723991
-0.000888809
0.000797626
-0.00100643
0.000846003
-0.00110969
0.000867525
-0.00119633
0.000863155
-0.0012657
0.000835712
-0.00131854
0.000789142
-0.00135667
0.000727852
-0.00138262
0.000656119
-0.00139923
0.000577663
-0.00140923
0.000495384
-0.00141498
0.000411263
-0.00141839
0.000326485
-0.00142089
0.000241652
-0.00142347
0.000156894
-0.00142685
7.20601e-05
-0.00143155
-1.30861e-05
-0.00143797
-9.88716e-05
-0.00144635
-0.000185686
-0.00145683
-0.000273933
-0.00146925
-0.000363986
-0.00148288
-0.000456172
-0.00149606
-0.000550606
-0.00150577
-0.000646845
-0.00150731
-0.000743393
-0.00149408
-0.000837064
-0.00145808
-0.000922292
-0.00139105
-0.000990731
-0.00128644
-0.0010316
-0.00114197
-0.00103316
-0.000962096
-0.000985444
-0.000759346
-0.000884052
-0.000553296
-0.000733865
-0.000366416
-0.000550955
-0.000217183
-0.000360511
-0.000113327
-0.000189591
-5.0177e-05
-5.69431e-05
-1.63298e-05
3.2844e-05
-1.28429e-06
8.47338e-05
2.75116e-06
0.000103502
1.6491e-06
9.02446e-05
4.26949e-05
-2.29852e-05
1.55134e-05
-7.2439e-05
7.7228e-05
-0.000140698
0.000166917
-0.000226251
0.000276884
-0.000328574
0.0003987
-0.000445544
0.000525204
-0.000572495
0.000648635
-0.000702793
0.000759943
-0.000829282
0.00085048
-0.000945653
0.000913997
-0.00104724
0.000947594
-0.00113131
0.00095159
-0.00119698
0.000928829
-0.00124508
0.000883811
-0.00127776
0.000821816
-0.00129801
0.000748102
-0.00130914
0.00066725
-0.00131426
0.000582786
-0.00131595
0.000497073
-0.00131611
0.000411428
-0.00131605
0.000326417
-0.00131651
0.000242119
-0.00131794
0.000158325
-0.00132061
7.47315e-05
-0.00132474
-8.9656e-06
-0.00133053
-9.30811e-05
-0.00133829
-0.000177918
-0.00134846
-0.000263764
-0.00136146
-0.000350993
-0.00137753
-0.000440097
-0.00139649
-0.000531645
-0.00141721
-0.000626133
-0.00143695
-0.00072365
-0.00145079
-0.000823223
-0.00145123
-0.000921848
-0.00142853
-0.00101343
-0.00137206
-0.00108807
-0.00127294
-0.00113228
-0.00112751
-0.00113088
-0.000940617
-0.00107094
-0.000727452
-0.000947031
-0.000512008
-0.000766399
-0.000321269
-0.00055125
-0.000175837
-0.000335023
-8.16071e-05
-0.000151173
-2.96099e-05
-1.91532e-05
-5.3894e-06
6.05133e-05
2.49518e-06
9.56171e-05
2.18192e-06
9.05579e-05
4.48768e-05
-3.11632e-05
4.66766e-05
-9.24259e-05
0.000138491
-0.000172419
0.000246911
-0.000268673
0.000373138
-0.000379532
0.000509558
-0.000501312
0.000646984
-0.000628023
0.000775346
-0.000752489
0.000884409
-0.000867866
0.000965857
-0.000968767
0.0010149
-0.00105181
0.00103063
-0.00111572
0.0010155
-0.00116123
0.000974337
-0.00119067
0.000913251
-0.00120743
0.000838574
-0.00121525
0.000755925
-0.00121762
0.000669621
-0.00121733
0.000582495
-0.00121631
0.000496051
-0.0012157
0.000410818
-0.00121603
0.000326751
-0.00121744
0.000243529
-0.00121988
0.000160767
-0.00122328
7.81243e-05
-0.00122757
-4.67086e-06
-0.00123284
-8.7815e-05
-0.0012393
-0.000171451
-0.00124737
-0.000255693
-0.00125763
-0.000340738
-0.0012708
-0.000426924
-0.00128765
-0.000514797
-0.00130862
-0.000605162
-0.00133328
-0.000698988
-0.00135948
-0.000797025
-0.00138234
-0.000898986
-0.00139356
-0.00100222
-0.00138156
-0.00110007
-0.00133322
-0.00118061
-0.00123721
-0.00122689
-0.00108864
-0.00121952
-0.000893472
-0.0011422
-0.00067067
-0.000989201
-0.000449623
-0.000772298
-0.000261709
-0.000522937
-0.000127791
-0.00028509
-4.91488e-05
-9.77954e-05
-1.12711e-05
2.26356e-05
2.16094e-06
8.21851e-05
2.88176e-06
8.9837e-05
4.77586e-05
-3.85894e-05
8.5266e-05
-0.000109887
0.000209789
-0.00019915
0.000336174
-0.000302838
0.000476826
-0.000418096
0.000624816
-0.000539967
0.000768856
-0.000661711
0.00089709
-0.00077621
0.000998908
-0.000877382
0.00106703
-0.00096106
0.00109858
-0.00102535
0.00109493
-0.00107063
0.00106078
-0.0010992
0.0010029
-0.00111466
0.000928711
-0.00112113
0.000845053
-0.00112249
0.000757277
-0.00112175
0.000668887
-0.00112094
0.000581682
-0.0011211
0.000496212
-0.00112258
0.000412298
-0.00112529
0.000329464
-0.00112897
0.000247204
-0.00113331
0.00016511
-0.00113809
8.29005e-05
-0.00114316
4.01142e-07
-0.00114851
-8.24659e-05
-0.00115424
-0.000165722
-0.00116058
-0.00024935
-0.00116796
-0.00033336
-0.00117704
-0.000417843
-0.00118877
-0.00050307
-0.0012043
-0.00058963
-0.00122474
-0.000678549
-0.00125047
-0.000771291
-0.00128007
-0.000869391
-0.00130886
-0.000973422
-0.0013278
-0.00108113
-0.00132336
-0.00118505
-0.00127964
-0.00127061
-0.00118288
-0.00131628
-0.00102759
-0.00129749
-0.000822193
-0.00119459
-0.000591074
-0.00100342
-0.000369995
-0.000744017
-0.000193736
-0.000461349
-7.99894e-05
-0.000211542
-2.19448e-05
-3.54091e-05
2.50191e-07
5.99901e-05
3.27398e-06
8.68132e-05
5.10326e-05
-4.44961e-05
0.000129762
-0.000123393
0.000288685
-0.000218974
0.000431755
-0.000326565
0.000584416
-0.000442228
0.000740479
-0.000560153
0.00088678
-0.00067339
0.00101033
-0.000775347
0.00110086
-0.000861014
0.0011527
-0.000927647
0.00116521
-0.000974959
0.00114224
-0.0010049
0.00109072
-0.00102107
0.00101907
-0.00102784
0.000935477
-0.00102941
0.000846625
-0.00102913
0.000756998
-0.00102916
0.000668921
-0.00103056
0.000583078
-0.00103354
0.000499197
-0.00103788
0.000416635
-0.00104316
0.000334741
-0.00104897
0.000253019
-0.00105502
0.000171156
-0.00106109
8.8976e-05
-0.0010671
6.40254e-06
-0.00107299
-7.657e-05
-0.00107881
-0.000159908
-0.00108461
-0.000243547
-0.00109057
-0.0003274
-0.00109702
-0.000411391
-0.00110458
-0.000495509
-0.00111427
-0.000579944
-0.00112754
-0.000665281
-0.00114608
-0.000752749
-0.00117113
-0.00084434
-0.00120209
-0.000942465
-0.00123455
-0.00104867
-0.00125851
-0.00116109
-0.00125817
-0.00127095
-0.00121465
-0.00135981
-0.00111205
-0.00140009
-0.000945551
-0.00136109
-0.000728141
-0.00122083
-0.000491772
-0.000980386
-0.000279077
-0.000674044
-0.000125359
-0.000365259
-3.96761e-05
-0.000121092
-4.38975e-06
2.47037e-05
3.03273e-06
7.93907e-05
5.40653e-05
-4.83124e-05
0.000178074
-0.000131958
0.000372332
-0.00023071
0.000530506
-0.000338764
0.00069247
-0.00045134
0.000853055
-0.000562213
0.000997654
-0.000664677
0.00111279
-0.000752986
0.00118917
-0.000823398
0.00122311
-0.000874667
0.00121648
-0.000908034
0.0011756
-0.000926755
0.00110944
-0.000935228
0.00102754
-0.00093795
0.000938199
-0.000938619
0.000847294
-0.000939666
0.000758045
-0.000942247
0.000671502
-0.000946564
0.000587394
-0.000952284
0.000504917
-0.000958901
0.000423251
-0.000965953
0.000341792
-0.000973113
0.00026018
-0.000980194
0.000178238
-0.000987114
9.58956e-05
-0.000993851
1.31403e-05
-0.00100041
-7.00114e-05
-0.00100679
-0.000153526
-0.00101298
-0.000237355
-0.00101898
-0.000321409
-0.0010248
-0.000405567
-0.00103063
-0.000489677
-0.00103695
-0.000573628
-0.00104473
-0.000657499
-0.00105563
-0.000741843
-0.00107191
-0.000828069
-0.00109563
-0.000918745
-0.00112699
-0.00101731
-0.00116167
-0.00112641
-0.00118835
-0.00124427
-0.00118839
-0.00135977
-0.0011397
-0.00144878
-0.0010251
-0.00147569
-0.000842657
-0.00140327
-0.000613018
-0.00121002
-0.000377934
-0.000909128
-0.000185677
-0.000557516
-6.59166e-05
-0.000240853
-1.23342e-05
-2.88787e-05
2.04231e-06
6.50142e-05
5.61076e-05
-4.97085e-05
0.000227783
-0.000135093
0.000457716
-0.000233932
0.000629345
-0.000339365
0.000797904
-0.000446059
0.000959749
-0.00054777
0.00109936
-0.000638365
0.00120339
-0.000713146
0.00126395
-0.000769703
0.00127966
-0.000808208
0.00125498
-0.000831175
0.00119857
-0.000842712
0.00112098
-0.00084744
0.00103227
-0.000849422
0.000940181
-0.000851474
0.000849347
-0.000855008
0.000761579
-0.000860314
0.000676808
-0.000867034
0.000594114
-0.000874596
0.000512479
-0.00088249
0.000431146
-0.000890378
0.00034968
-0.000898094
0.000267896
-0.000905599
0.000185742
-0.000912919
0.000103216
-0.000920106
2.03272e-05
-0.000927202
-6.29153e-05
-0.000934221
-0.000146507
-0.000941137
-0.000230438
-0.000947878
-0.000314668
-0.000954332
-0.000399113
-0.000960387
-0.000483622
-0.000966032
-0.000567983
-0.000971561
-0.000651971
-0.000977871
-0.000735533
-0.000986777
-0.000819163
-0.00100103
-0.000904487
-0.00102355
-0.000994791
-0.00105522
-0.00109474
-0.00109139
-0.0012081
-0.0011186
-0.00133256
-0.00111457
-0.0014528
-0.00105413
-0.00153613
-0.00092064
-0.00153676
-0.000718626
-0.00141204
-0.000480265
-0.00114749
-0.000258247
-0.000779535
-0.000101487
-0.000397612
-2.37467e-05
-0.000106619
3.09491e-07
4.0958e-05
5.64171e-05
-4.85975e-05
0.00027638
-0.000132767
0.000541885
-0.000228875
0.000725453
-0.000329116
0.000898145
-0.000427886
0.00105852
-0.000519239
0.00119072
-0.000597832
0.00128198
-0.00066009
0.00132621
-0.000704867
0.00132444
-0.000733535
0.00128365
-0.00074949
0.00121453
-0.000757179
0.00112867
-0.000760932
0.00103602
-0.000764025
0.000943274
-0.000768286
0.000853608
-0.000774247
0.00076754
-0.000781621
0.000684183
-0.000789811
0.000602304
-0.000798259
0.000520927
-0.000806601
0.000439488
-0.000814679
0.000357758
-0.00082248
0.000275697
-0.00083007
0.000193331
-0.000837539
0.000110685
-0.000844973
2.7761e-05
-0.000852434
-5.54539e-05
-0.000859952
-0.00013899
-0.000867518
-0.000222872
-0.000875075
-0.000307112
-0.000882497
-0.00039169
-0.00088959
-0.00047653
-0.00089611
-0.000561462
-0.000901876
-0.000646206
-0.000906992
-0.000730416
-0.000912262
-0.000813894
-0.000919659
-0.00089709
-0.000932503
-0.000981947
-0.00095453
-0.00107271
-0.000987028
-0.0011756
-0.0010242
-0.00129539
-0.00104922
-0.00142778
-0.00103536
-0.00154999
-0.000955221
-0.0016169
-0.000796167
-0.00157109
-0.00057434
-0.00136932
-0.000337231
-0.00101664
-0.000146123
-0.000588721
-3.90032e-05
-0.000213739
-2.30554e-06
4.26033e-06
5.41115e-05
-4.50986e-05
0.000321479
-0.000125321
0.000622107
-0.000216269
0.000816401
-0.000309315
0.000991192
-0.000398824
0.00114803
-0.000479378
0.00127127
-0.00054653
0.00134913
-0.000597791
0.00137747
-0.000633102
0.00135975
-0.000654709
0.00130526
-0.000666452
0.00122627
-0.000672658
0.00113488
-0.000677021
0.00104039
-0.000681905
0.000948159
-0.000688262
0.000859965
-0.000696014
0.000775292
-0.000704602
0.000692771
-0.000713431
0.000611134
-0.000722096
0.000529592
-0.000730421
0.000447813
-0.000738401
0.000365739
-0.000746124
0.00028342
-0.000753705
0.000200912
-0.000761252
0.000118233
-0.000768852
3.53609e-05
-0.000776568
-4.77381e-05
-0.000784433
-0.000131124
-0.000792459
-0.000214846
-0.00080062
-0.000298951
-0.000808836
-0.000383474
-0.000816951
-0.000468415
-0.000824708
-0.000553705
-0.00083176
-0.000639154
-0.000837764
-0.000724412
-0.000842661
-0.000808997
-0.0008472
-0.000892551
-0.000853608
-0.000975539
-0.000865869
-0.00106045
-0.000888499
-0.00115297
-0.000922646
-0.00126124
-0.000960025
-0.0013904
-0.000978754
-0.00153127
-0.000947206
-0.00164844
-0.000838417
-0.00167988
-0.000649547
-0.00155819
-0.000414652
-0.00125154
-0.000197777
-0.000805596
-5.87646e-05
-0.000352752
-5.87495e-06
-4.86294e-05
4.82366e-05
-3.94845e-05
0.000360964
-0.000113354
0.000695977
-0.000197155
0.000900201
-0.000281555
0.00107559
-0.000361065
0.00122754
-0.000430932
0.00134114
-0.000487623
0.00140582
-0.000529609
0.00141946
-0.00055766
0.0013878
-0.000574533
0.00132213
-0.000584105
0.00123584
-0.000590248
0.00114102
-0.000595866
0.001046
-0.000602479
0.000954771
-0.000610388
0.000867873
-0.000619186
0.00078409
-0.000628279
0.000701863
-0.000637206
0.000620061
-0.000645748
0.000538134
-0.000653888
0.000455952
-0.000661719
0.00037357
-0.000669371
0.000291072
-0.000676967
0.000208509
-0.000684609
0.000125874
-0.000692368
4.31197e-05
-0.000700297
-3.98089e-05
-0.000708427
-0.000122994
-0.000716776
-0.000206498
-0.000725339
-0.000290388
-0.000734082
-0.000374731
-0.000742915
-0.000459582
-0.000751662
-0.000544958
-0.000760019
-0.000630797
-0.000767547
-0.000716884
-0.000773765
-0.000802778
-0.000778489
-0.000887828
-0.000782503
-0.000971525
-0.000788456
-0.0010545
-0.000801189
-0.00114024
-0.000825857
-0.00123657
-0.000862393
-0.00135386
-0.000897895
-0.00149576
-0.00090362
-0.00164272
-0.000844174
-0.00173933
-0.000698628
-0.00170373
-0.000482279
-0.00146789
-0.000252365
-0.00103551
-8.31782e-05
-0.000521938
-1.03789e-05
-0.000121429
3.78577e-05
-3.21268e-05
0.00039309
-9.76155e-05
0.000761466
-0.000172718
0.000975303
-0.000247502
0.00115038
-0.000316733
0.00129677
-0.000376385
0.00140079
-0.000423775
0.00145321
-0.000458155
0.00145384
-0.000480833
0.00141048
-0.000494726
0.00133602
-0.000503432
0.00124455
-0.000510181
0.00114777
-0.000517094
0.00105292
-0.000525014
0.000962692
-0.000533847
0.000876706
-0.00054308
0.000793323
-0.000552213
0.000710997
-0.000560962
0.000628809
-0.000569265
0.000546438
-0.000577208
0.000463895
-0.000584928
0.00038129
-0.000592561
0.000298705
-0.000600216
0.000216164
-0.000607978
0.000133636
-0.000615905
5.10469e-05
-0.000624042
-3.16724e-05
-0.000632411
-0.000114624
-0.000641028
-0.000197881
-0.000649897
-0.000281518
-0.000659006
-0.000365622
-0.000668313
-0.000450275
-0.00067772
-0.000535551
-0.000687032
-0.000621484
-0.000695902
-0.000708014
-0.000703802
-0.000794878
-0.000710129
-0.0008815
-0.00071463
-0.000967025
-0.000718292
-0.00105084
-0.000724483
-0.00113405
-0.000739103
-0.00122195
-0.000767424
-0.00132554
-0.0008062
-0.00145699
-0.000835044
-0.00161387
-0.000817456
-0.00175691
-0.000718694
-0.00180249
-0.000533496
-0.00165308
-0.000304599
-0.00126441
-0.000111232
-0.000715305
-1.58204e-05
-0.00021684
2.20372e-05
-2.34492e-05
0.000416539
-7.89091e-05
0.000816926
-0.000144157
0.00104055
-0.000208746
0.00121497
-0.000267734
0.00135576
-0.000317822
0.00145088
-0.000357073
0.00149246
-0.000385305
0.00148207
-0.000404083
0.00142926
-0.000416191
0.00134813
-0.000424738
0.0012531
-0.000432258
0.00115529
-0.000440188
0.00106085
-0.000448906
0.00097141
-0.000458124
0.000885924
-0.000467368
0.000802567
-0.000476286
0.000719915
-0.000484748
0.000637271
-0.000492802
0.000554492
-0.000500581
0.000471674
-0.000508231
0.000388939
-0.000515873
0.000306347
-0.000523602
0.000223893
-0.000531487
0.000141522
-0.000539581
5.91407e-05
-0.000547923
-2.33302e-05
-0.000556531
-0.000106017
-0.000565415
-0.000188997
-0.000574577
-0.000272356
-0.000584011
-0.000356189
-0.000593693
-0.000440593
-0.000603574
-0.00052567
-0.000613546
-0.000611512
-0.000623389
-0.000698171
-0.0006327
-0.000785567
-0.000640853
-0.000873346
-0.000647145
-0.000960733
-0.000651359
-0.00104662
-0.000654959
-0.00113045
-0.000662432
-0.00121448
-0.000680808
-0.00130717
-0.000714149
-0.00142365
-0.000752732
-0.00157529
-0.000765691
-0.00174396
-0.000711002
-0.00185718
-0.000564454
-0.00179963
-0.000349436
-0.00147943
-0.00014093
-0.000923811
-2.20974e-05
-0.000335673
-6.0153e-08
-1.38928e-05
0.000430432
-5.80336e-05
0.000861067
-0.000112597
0.00109511
-0.000166701
0.00126907
-0.000215674
0.00140473
-0.000256894
0.0014921
-0.000289044
0.00152461
-0.0003123
0.00150533
-0.000328234
0.00144519
-0.000339285
0.00135918
-0.000347962
0.00126177
-0.000356128
0.00116345
-0.000364691
0.00106941
-0.00037374
0.000980459
-0.000382947
0.000895131
-0.000391941
0.000811561
-0.000400517
0.00072849
-0.00040866
0.000645414
-0.000416475
0.000562308
-0.00042411
0.000479309
-0.000431698
0.000396527
-0.000439344
0.000313994
-0.000447128
0.000231677
-0.000455115
0.000149509
-0.000463358
6.73834e-05
-0.000471898
-1.47905e-05
-0.000480748
-9.71667e-05
-0.000489915
-0.000179829
-0.000499396
-0.000262874
-0.00050918
-0.000346405
-0.000519246
-0.000430527
-0.000529563
-0.000515352
-0.000540072
-0.000601004
-0.000550644
-0.000687599
-0.00056102
-0.000775191
-0.00057072
-0.000863646
-0.000579009
-0.000952444
-0.000585118
-0.00104051
-0.000589059
-0.00112651
-0.000593207
-0.00121033
-0.000603643
-0.00129673
-0.000628034
-0.00139925
-0.000666296
-0.00153703
-0.000697621
-0.00171263
-0.000679901
-0.0018749
-0.000574326
-0.00190521
-0.000383164
-0.00167059
-0.000169693
-0.00113728
-2.94208e-05
-0.000475945
-2.9481e-05
-3.87738e-06
0.00043431
-3.57534e-05
0.000892943
-7.90484e-05
0.00113841
-0.00012257
0.00131259
-0.00016184
0.001444
-0.000194836
0.00152509
-0.000220733
0.00155051
-0.00023988
0.00152447
-0.000253665
0.00145898
-0.000264039
0.00136956
-0.000272871
0.0012706
-0.000281436
0.00117202
-0.000290252
0.00107823
-0.000299265
0.000989472
-0.000308188
0.000904054
-0.000316778
0.000820152
-0.000324949
0.000736661
-0.000332757
0.000653222
-0.000340331
0.000569882
-0.000347811
0.000486789
-0.000355314
0.000404031
-0.000362931
0.000321611
-0.000370734
0.000239479
-0.000378785
0.000157561
-0.000387148
7.5746e-05
-0.000395867
-6.07077e-06
-0.00040496
-8.80741e-05
-0.000414429
-0.00017036
-0.000424262
-0.000253041
-0.000434443
-0.000336224
-0.000444947
-0.000420022
-0.000455747
-0.000504552
-0.000466801
-0.00058995
-0.000478032
-0.000676368
-0.000489279
-0.000763944
-0.000500219
-0.000852707
-0.000510266
-0.000942397
-0.00051857
-0.00103221
-0.000524395
-0.00112068
-0.00052833
-0.0012064
-0.000534291
-0.00129077
-0.000550214
-0.00138333
-0.000582454
-0.00150479
-0.000621518
-0.00167357
-0.000631431
-0.00186499
-0.000564836
-0.0019718
-0.000403896
-0.00183153
-0.000195079
-0.0013461
-3.78542e-05
-0.00063317
-6.73351e-05
6.05971e-06
0.00042825
-1.27374e-05
0.00091174
-4.44008e-05
0.00117007
-7.73435e-05
0.00134553
-0.00010723
0.00147389
-0.000132535
0.0015504
-0.000152808
0.00157078
-0.00016843
0.0015401
-0.000180469
0.00147102
-0.000190307
0.00137939
-0.000199187
0.00127948
-0.000207879
0.00118071
-0.000216628
0.00108697
-0.000225332
0.000998176
-0.000233791
0.000912513
-0.000241879
0.00082824
-0.000249599
0.000744381
-0.000257047
0.000660669
-0.000264353
0.000577188
-0.000271642
0.000494078
-0.000279017
0.000411406
-0.00028656
0.000329153
-0.000294336
0.000247255
-0.000302409
0.000165635
-0.000310856
8.41927e-05
-0.000319731
2.80409e-06
-0.000329059
-7.87454e-05
-0.000338842
-0.000160578
-0.000349057
-0.000242825
-0.000359682
-0.000325599
-0.000370689
-0.000409016
-0.000382046
-0.000493195
-0.000393718
-0.000578278
-0.000405649
-0.000664437
-0.000417735
-0.000751858
-0.00042976
-0.000840682
-0.000441305
-0.000930852
-0.000451653
-0.00102186
-0.000459869
-0.00111247
-0.000465472
-0.0012008
-0.000470224
-0.00128602
-0.000480322
-0.00137323
-0.00050483
-0.00148028
-0.000543996
-0.0016344
-0.000571982
-0.001837
-0.000539404
-0.00200438
-0.000411529
-0.0019594
-0.000215324
-0.0015423
-4.69729e-05
-0.00080152
-0.000114308
1.531e-05
0.00041294
1.03746e-05
0.000916675
-9.39054e-06
0.00118984
-3.18341e-05
0.00136798
-5.26047e-05
0.00149466
-7.06052e-05
0.0015684
-8.56624e-05
0.00158584
-9.80971e-05
0.00155253
-0.000108573
0.00148149
-0.000117872
0.00138869
-0.000126638
0.00128825
-0.000135211
0.00118928
-0.000143648
0.00109541
-0.000151851
0.00100638
-0.000159719
0.000920381
-0.000167231
0.000835752
-0.000174451
0.000751602
-0.000181495
0.000667713
-0.000188484
0.000584178
-0.00019553
0.000501124
-0.000202723
0.000418599
-0.00021014
0.00033657
-0.000217845
0.00025496
-0.000225902
0.000173691
-0.000234393
9.26842e-05
-0.000243394
1.18051e-05
-0.000252945
-6.91938e-05
-0.000263046
-0.000150477
-0.000273666
-0.000232206
-0.000284773
-0.000314492
-0.000296338
-0.00039745
-0.00030833
-0.000481203
-0.000320712
-0.000565896
-0.000333438
-0.000651711
-0.000346428
-0.000738868
-0.000359531
-0.000827579
-0.000372448
-0.000917935
-0.000384635
-0.00100967
-0.000395238
-0.00110186
-0.000403353
-0.00119268
-0.000409213
-0.00128016
-0.000416654
-0.00136579
-0.000434493
-0.00146244
-0.000469489
-0.00159941
-0.000507259
-0.00179923
-0.000502214
-0.00200943
-0.000407332
-0.00205428
-0.000229559
-0.00172008
-5.62366e-05
-0.000974843
-0.000170545
2.34519e-05
0.000389488
3.28458e-05
0.000907281
2.53869e-05
0.0011973
1.32878e-05
0.00138008
1.42911e-06
0.00150652
-9.4732e-06
0.0015793
-1.95111e-05
0.00159588
-2.88852e-05
0.00156191
-3.78196e-05
0.00149043
-4.64925e-05
0.00139737
-5.4977e-05
0.00129673
-6.32374e-05
0.00119754
-7.11849e-05
0.00110336
-7.87517e-05
0.00101395
-8.59342e-05
0.000927564
-9.27998e-05
0.000842618
-9.94599e-05
0.000758262
-0.000106037
0.00067429
-0.000112646
0.000590786
-0.000119383
0.000507861
-0.000126333
0.000425549
-0.000133571
0.000343808
-0.000141163
0.000262552
-0.000149169
0.000181697
-0.000157671
0.000101187
-0.000166769
2.09031e-05
-0.000176528
-5.94347e-05
-0.000186942
-0.000140063
-0.000197973
-0.000221175
-0.000209586
-0.000302879
-0.000221755
-0.000385281
-0.00023445
-0.000468507
-0.000247636
-0.00055271
-0.000261265
-0.000638082
-0.000275271
-0.000724862
-0.000289535
-0.000813315
-0.000303835
-0.000903635
-0.000317761
-0.000995749
-0.000330623
-0.001089
-0.000341483
-0.00118182
-0.000349768
-0.00127187
-0.000357254
-0.00135831
-0.000370858
-0.00144884
-0.000400344
-0.00156992
-0.000441721
-0.00175786
-0.000457443
-0.0019937
-0.0003934
-0.00211833
-0.000237708
-0.00187577
-6.49628e-05
-0.00114759
-0.000235507
3.02058e-05
0.000359282
5.38817e-05
0.000883605
5.93459e-05
0.00119183
5.75987e-05
0.00138182
5.44391e-05
0.00150968
5.05138e-05
0.00158323
4.54824e-05
0.00160091
3.92316e-05
0.00156816
3.19555e-05
0.0014977
2.40574e-05
0.00140526
1.60081e-05
0.00130478
8.20118e-06
0.00120535
8.59969e-07
0.0011107
-5.97495e-06
0.00102078
-1.23915e-05
0.000933981
-1.85361e-05
0.000848762
-2.45601e-05
0.000764286
-3.05934e-05
0.000680324
-3.67419e-05
0.000596935
-4.30957e-05
0.000514215
-4.97358e-05
0.000432189
-5.67398e-05
0.000350812
-6.41809e-05
0.000269993
-7.21234e-05
0.00018964
-8.06379e-05
0.000109701
-8.98137e-05
3.0079e-05
-9.97467e-05
-4.95015e-05
-0.000110442
-0.000129368
-0.000121865
-0.000209751
-0.000133986
-0.000290759
-0.000146788
-0.00037248
-0.000160244
-0.000455051
-0.000174318
-0.000538637
-0.00018896
-0.000623439
-0.000204109
-0.000709713
-0.000219662
-0.000797762
-0.00023544
-0.000887856
-0.000251126
-0.000980064
-0.000266178
-0.00107395
-0.000279786
-0.00116821
-0.000291101
-0.00126056
-0.000300517
-0.00134889
-0.000312597
-0.00143676
-0.000337294
-0.00154522
-0.000378421
-0.00171673
-0.000408752
-0.00196337
-0.000372152
-0.00215493
-0.000240273
-0.00200765
-7.25727e-05
-0.00131529
-0.00030808
3.53598e-05
0.000323922
7.27982e-05
0.000846167
9.17553e-05
0.00117288
0.000100582
0.001373
0.000106064
0.00150419
0.00010913
0.00158016
0.000109237
0.0016008
0.000106312
0.00157108
0.000100915
0.0015031
9.39858e-05
0.00141219
8.6515e-05
0.00131225
7.92554e-05
0.00121261
7.25833e-05
0.00111737
6.65361e-05
0.00102683
6.09502e-05
0.000939566
5.56041e-05
0.000854108
5.03038e-05
0.000769586
4.49062e-05
0.000685721
3.93068e-05
0.000602534
3.34187e-05
0.000520103
2.71599e-05
0.000438448
2.04479e-05
0.000357524
1.32e-05
0.000277241
5.33827e-06
0.000197502
-3.20588e-06
0.000118246
-1.24858e-05
3.93591e-05
-2.25609e-05
-3.94263e-05
-3.34738e-05
-0.000118454
-4.52382e-05
-0.000197987
-5.78462e-05
-0.00027815
-7.12878e-05
-0.000359038
-8.55431e-05
-0.000440795
-0.000100575
-0.000523604
-0.000116335
-0.000607679
-0.000132755
-0.000693293
-0.00014974
-0.000780777
-0.000167135
-0.000870461
-0.000184683
-0.000962516
-0.000201957
-0.00105667
-0.0002183
-0.00115187
-0.000232877
-0.00124598
-0.000245359
-0.00133641
-0.000258263
-0.00142385
-0.000280011
-0.00152347
-0.000319106
-0.00167763
-0.00035902
-0.00192346
-0.000345951
-0.002168
-0.000238133
-0.00211547
-7.87396e-05
-0.00147468
-0.00038682
3.87757e-05
0.000285147
8.89928e-05
0.00079595
0.000121897
0.00113997
0.000141726
0.00135317
0.000155916
0.00149
0.000166078
0.00157
0.000171592
0.00159529
0.000172347
0.00157033
0.000169171
0.00150628
0.000163471
0.00141789
0.000156733
0.00131899
0.000150087
0.00121926
0.000144107
0.00112335
0.00013887
0.00103206
0.000134162
0.000944274
0.000129692
0.000858579
0.000125213
0.000774066
0.000120556
0.000690378
0.000115608
0.000607483
0.000110278
0.000525432
0.000104481
0.000444245
9.81272e-05
0.000363878
9.11236e-05
0.000284245
8.3388e-05
0.000205238
7.48771e-05
0.000126757
6.55665e-05
4.86698e-05
5.54071e-05
-2.92668e-05
4.43022e-05
-0.000107349
3.2199e-05
-0.000185884
1.90806e-05
-0.000265032
4.95374e-06
-0.000344911
-1.01613e-05
-0.00042568
-2.62309e-05
-0.000507535
-4.3205e-05
-0.000590705
-6.10157e-05
-0.000675482
-7.95703e-05
-0.000762222
-9.87307e-05
-0.000851301
-0.000118283
-0.000942964
-0.000137887
-0.00103707
-0.000157017
-0.00113274
-0.000174962
-0.00122804
-0.000191132
-0.00132024
-0.000206612
-0.00140837
-0.000227613
-0.00150247
-0.000264488
-0.00164076
-0.000310292
-0.00187766
-0.000316877
-0.00216141
-0.000232358
-0.00219998
-8.34231e-05
-0.00162362
-0.000470243
4.04189e-05
0.000244728
0.000101927
0.000734442
0.000148988
0.00109291
0.000180429
0.00132173
0.000203568
0.00146686
0.000221011
0.00155256
0.000232295
0.00158401
0.00023721
0.00156541
0.000236719
0.00150677
0.000232601
0.00142201
0.000226796
0.0013248
0.000220836
0.00122522
0.000215552
0.00112864
0.000211123
0.00103649
0.000207325
0.000948072
0.000203805
0.000862098
0.000200256
0.000777615
0.000196464
0.00069417
0.000192294
0.000611653
0.000187648
0.000530079
0.000182432
0.00044946
0.000176554
0.000369757
0.000169917
0.000290882
0.000162437
0.000212719
0.000154062
0.000135131
0.00014477
5.79625e-05
0.000134519
-1.90162e-05
0.000123206
-9.60364e-05
0.000110742
-0.000173419
9.70835e-05
-0.000251374
8.22276e-05
-0.000330055
6.61866e-05
-0.000409639
4.899e-05
-0.000490338
3.06879e-05
-0.000572403
1.13519e-05
-0.000656146
-8.92179e-06
-0.000741948
-3.00077e-05
-0.000830215
-5.17267e-05
-0.000921245
-7.38071e-05
-0.00101499
-9.58403e-05
-0.00111071
-0.00011726
-0.00120662
-0.000137465
-0.00130004
-0.000156711
-0.00138913
-0.000179055
-0.00148013
-0.000214573
-0.00160524
-0.000263873
-0.00182836
-0.000286626
-0.00213866
-0.000224074
-0.00226254
-8.68303e-05
-0.00176086
-0.000557073
4.03654e-05
0.000204363
0.00011115
0.000663657
0.000172173
0.00103189
0.000215932
0.00127797
0.000248485
0.00143431
0.000273494
0.00152755
0.000290977
0.00156652
0.00030064
0.00155575
0.000303431
0.00150398
0.000301367
0.00142408
0.000296783
0.00132938
0.000291622
0.00123038
0.000287042
0.00113322
0.000283399
0.00104014
0.000280517
0.000950954
0.000278007
0.000864608
0.000275492
0.00078013
0.000272699
0.000696963
0.000269451
0.0006149
0.000265629
0.000533902
0.000261131
0.000453959
0.00025586
0.000375028
0.000249717
0.000297024
0.000242616
0.00021982
0.000234488
0.000143259
0.000225285
6.71652e-05
0.000214951
-8.68211e-06
0.000203403
-8.44884e-05
0.000190551
-0.000160567
0.000176328
-0.000237151
0.000160712
-0.000314439
0.000143704
-0.000392631
0.000125323
-0.000471957
0.000105612
-0.000552693
8.46423e-05
-0.000635176
6.25052e-05
-0.000719811
3.9322e-05
-0.000807032
1.52523e-05
-0.000897175
-9.48602e-06
-0.000990251
-3.45911e-05
-0.0010856
-5.96396e-05
-0.00118157
-8.41233e-05
-0.00127555
-0.000107916
-0.00136533
-0.00013336
-0.00145469
-0.000168962
-0.00156964
-0.000220477
-0.00177684
-0.000256489
-0.00210265
-0.000214352
-0.00230467
-8.93464e-05
-0.00188587
-0.00064642
3.87992e-05
0.000165563
0.000116343
0.000586114
0.000190555
0.000957675
0.000247287
0.00122124
0.000289951
0.00139165
0.000322951
0.00149455
0.000347115
0.00154236
0.000362195
0.00154067
0.000369002
0.00149717
0.000369621
0.00142346
0.000366682
0.00133232
0.000362531
0.00123453
0.000358705
0.00113704
0.000355829
0.00104301
0.000353849
0.000952933
0.000352382
0.000866075
0.000350992
0.000781521
0.00034933
0.000698626
0.000347159
0.000617071
0.00034432
0.000536741
0.000340692
0.000457586
0.000336168
0.000379552
0.000330646
0.000302546
0.00032403
0.000226436
0.000316236
0.000151053
0.000307194
7.62077e-05
0.00029683
1.6818e-06
0.000285072
-7.27305e-05
0.000271833
-0.000147327
0.000257031
-0.000222349
0.000240628
-0.000298036
0.00022261
-0.000374613
0.000202989
-0.000452335
0.000181801
-0.000531505
0.000159112
-0.000612487
0.000135008
-0.000695708
0.000109597
-0.00078162
8.30043e-05
-0.000870583
5.53914e-05
-0.000962638
2.69804e-05
-0.00105719
-1.90789e-06
-0.00115268
-3.09039e-05
-0.00124656
-5.97824e-05
-0.00133646
-8.9701e-05
-0.00142477
-0.000127032
-0.00153231
-0.000180356
-0.00172352
-0.000227356
-0.00205565
-0.000204134
-0.0023279
-9.14602e-05
-0.00199854
-0.00073788
3.60003e-05
0.000129563
0.000117369
0.000504745
0.000203267
0.000871776
0.000273349
0.00115115
0.000327006
0.00133799
0.000368617
0.00145294
0.000400005
0.00151097
0.00042122
0.00151945
0.000432895
0.00148549
0.000437008
0.00141935
0.000436334
0.00133299
0.000433566
0.0012373
0.000430651
0.00113996
0.000428565
0.0010451
0.00042747
0.000954028
0.000427054
0.000866492
0.00042685
0.000781724
0.000426434
0.000699041
0.000425491
0.000618015
0.000423802
0.00053843
0.00042121
0.000460178
0.000417588
0.000383174
0.000412823
0.000307311
0.000406808
0.00023245
0.000399446
0.000158416
0.000390647
8.5006e-05
0.000380325
1.20041e-05
0.000368406
-6.08117e-05
0.0003548
-0.000133721
0.000339423
-0.000206972
0.000322221
-0.000280833
0.000303169
-0.000355561
0.000282268
-0.000431434
0.000259548
-0.000508785
0.000235066
-0.000588005
0.000208898
-0.00066954
0.000181134
-0.000753856
0.000151866
-0.000841314
0.000121192
-0.000931964
8.9244e-05
-0.00102524
5.62184e-05
-0.00111965
2.23948e-05
-0.00121273
-1.19825e-05
-0.00130208
-4.74051e-05
-0.00138934
-8.80903e-05
-0.00149162
-0.000143444
-0.00166816
-0.000199763
-0.00199933
-0.000194179
-0.00233348
-9.37002e-05
-0.00209902
-0.00083158
3.2314e-05
9.7249e-05
0.000114325
0.000422734
0.000209583
0.000776518
0.000292836
0.0010679
0.000358401
0.00127243
0.000409466
0.00140187
0.000448724
0.00147171
0.00047682
0.00149136
0.000494304
0.00146801
0.000502903
0.00141075
0.000505353
0.00133054
0.000504578
0.00123807
0.000502917
0.00114162
0.000501756
0.00104626
0.000501568
0.000954217
0.000502199
0.00086586
0.000503211
0.000780713
0.000504124
0.000698128
0.000504539
0.0006176
0.00050416
0.000538809
0.000502776
0.000461563
0.000500222
0.000385728
0.000496364
0.000311169
0.000491083
0.000237732
0.000484266
0.000165233
0.000475809
9.34626e-05
0.000465614
2.21993e-05
0.000453598
-4.87962e-05
0.000439668
-0.000119791
0.000423737
-0.000191042
0.000405744
-0.00026284
0.000385653
-0.000335469
0.000363456
-0.000409237
0.000339173
-0.000484503
0.00031285
-0.000561682
0.000284547
-0.000641237
0.000254322
-0.000723631
0.000222222
-0.000809214
0.000188279
-0.000898021
0.000152531
-0.000989495
0.000115069
-0.00108219
7.60734e-05
-0.00117374
3.57707e-05
-0.00126178
-5.95355e-06
-0.00134762
-5.14599e-05
-0.00144612
-0.000109468
-0.00161016
-0.000173937
-0.00193486
-0.000185031
-0.00232239
-9.65815e-05
-0.00218747
-0.000928161
2.81066e-05
6.91424e-05
0.000107581
0.00034326
0.000209057
0.000675042
0.000304463
0.000972494
0.000382613
0.00119428
0.000444152
0.00134033
0.000492083
0.00142378
0.000527841
0.0014556
0.000552117
0.00144373
0.000566348
0.00139652
0.000573042
0.00132385
0.000575173
0.00123594
0.000575389
0.0011414
0.000575497
0.00104615
0.000576354
0.00095336
0.000578066
0.000864148
0.000580307
0.000778472
0.000582593
0.000695843
0.000584457
0.000615736
0.000585521
0.000537744
0.000585501
0.000461583
0.000584181
0.000387048
0.000581391
0.000313959
0.000576988
0.000242135
0.000570844
0.000171377
0.000562842
0.000101465
0.000552872
3.21691e-05
0.000540842
-3.67664e-05
0.000526653
-0.000105601
0.000510218
-0.000174607
0.00049147
-0.000244092
0.000470364
-0.000314364
0.000446885
-0.000385758
0.000421041
-0.000458658
0.000392857
-0.000533498
0.000362365
-0.000610745
0.000329583
-0.00069085
0.0002945
-0.00077413
0.000257067
-0.000860589
0.000217227
-0.000949655
0.000174963
-0.00103993
0.000130382
-0.00112916
8.37378e-05
-0.00121513
3.51352e-05
-0.00129902
-1.65233e-05
-0.00139446
-7.80233e-05
-0.00154866
-0.000149829
-0.00186305
-0.000176981
-0.00229523
-0.000100556
-0.00226389
-0.00102872
2.3718e-05
4.54244e-05
9.7792e-05
0.000269185
0.000201672
0.000571163
0.00030714
0.000867027
0.000397941
0.00110348
0.000470971
0.0012673
0.000528558
0.00136619
0.000572839
0.00141132
0.000604906
0.00141167
0.000626009
0.00137541
0.000638297
0.00131156
0.000644587
0.00122965
0.000647671
0.00113832
0.000649713
0.00104411
0.000651987
0.000951086
0.000654945
0.000861189
0.000658471
0.000774946
0.000662157
0.000692157
0.000665519
0.000612374
0.000668114
0.000535149
0.00066958
0.000460118
0.000669636
0.000386992
0.000668064
0.000315531
0.000664686
0.000245512
0.000659354
0.00017671
0.000651932
0.000108886
0.000642302
4.17989e-05
0.000630361
-2.48247e-05
0.000616004
-9.12437e-05
0.000599145
-0.000157749
0.000579712
-0.000224659
0.000557653
-0.000292305
0.000532941
-0.000361046
0.000505566
-0.000431283
0.000475525
-0.000503457
0.00044281
-0.000578029
0.000407379
-0.000655419
0.000369148
-0.000735899
0.00032798
-0.000819421
0.000283715
-0.00090539
0.00023624
-0.000992451
0.000185601
-0.00107852
0.000132106
-0.00116164
7.61735e-05
-0.00124309
1.74113e-05
-0.0013357
-4.86266e-05
-0.00148262
-0.000127127
-0.00178455
-0.000170017
-0.00225235
-0.000105956
-0.00232795
-0.00113467
1.94293e-05
2.5995e-05
8.58582e-05
0.000202757
0.000187959
0.000469062
0.000300226
0.000754759
0.000402722
0.00100098
0.000487909
0.00118211
0.000556232
0.00129787
0.000610019
0.00135753
0.000650902
0.00137078
0.000680152
0.00134616
0.000699551
0.00129216
0.00071157
0.00121763
0.000718928
0.00113096
0.000724
0.00103904
0.000728432
0.000946653
0.000733068
0.000856554
0.000738089
0.000769924
0.000743264
0.000686982
0.000748169
0.000607469
0.000752341
0.000530977
0.000755365
0.000457093
0.000756898
0.000385459
0.000756663
0.000315766
0.000754442
0.000247733
0.000750054
0.000181098
0.000743345
0.000115595
0.000734183
5.09611e-05
0.000722451
-1.30936e-05
0.000708045
-7.6837e-05
0.000690874
-0.000140578
0.00067086
-0.000204645
0.000647943
-0.000269387
0.000622077
-0.00033518
0.000593226
-0.000402432
0.000561346
-0.000471578
0.00052637
-0.000543053
0.000488183
-0.000617233
0.000446612
-0.000694327
0.00040142
-0.000774229
0.000352349
-0.000856319
0.000299199
-0.000939302
0.000241988
-0.00102131
0.000181116
-0.00110077
0.000117342
-0.00117931
5.09471e-05
-0.0012693
-2.07061e-05
-0.00141096
-0.000105281
-0.00169997
-0.000163771
-0.00219386
-0.000112923
-0.0023788
-0.0012476
1.5458e-05
1.05371e-05
7.28353e-05
0.000145379
0.000169036
0.000372861
0.000283775
0.00064002
0.000395638
0.000889118
0.000492817
0.00108493
0.000572789
0.0012179
0.000637176
0.00129314
0.000687969
0.00131999
0.000726651
0.00130748
0.000754749
0.00126407
0.0007743
0.00119808
0.000787732
0.00111753
0.000797415
0.00102936
0.000805239
0.00093883
0.000812404
0.000849389
0.000819444
0.000762884
0.000826392
0.000680034
0.000832977
0.000600885
0.000838797
0.000525157
0.000843432
0.000452458
0.000846501
0.000382391
0.000847683
0.000314584
0.000846715
0.000248701
0.000843382
0.000184431
0.000837507
0.00012147
0.000828941
5.95272e-05
0.000817551
-1.70294e-06
0.00080323
-6.2516e-05
0.000785879
-0.000123228
0.000765411
-0.000184176
0.000741747
-0.000245724
0.000714819
-0.000308251
0.000684546
-0.00037216
0.00065083
-0.000437862
0.000613528
-0.000505751
0.000572435
-0.00057614
0.000527277
-0.000649169
0.000477714
-0.000724666
0.000423393
-0.000801997
0.000364056
-0.000879965
0.000299732
-0.000956981
0.000230969
-0.001032
0.000158889
-0.00110723
8.45171e-05
-0.00119493
6.45577e-06
-0.0013329
-8.35446e-05
-0.00160997
-0.00015748
-0.00211992
-0.000121333
-0.00241495
-0.00136893
1.19849e-05
-1.44788e-06
5.98048e-05
9.75593e-05
0.00014652
0.000286146
0.000258675
0.000527865
0.000376052
0.000771741
0.000483726
0.00097726
0.000575643
0.00112598
0.000651659
0.00121713
0.000713546
0.0012581
0.000762974
0.00125805
0.000801372
0.00122567
0.000830369
0.00116908
0.000851958
0.00109594
0.000868281
0.00101303
0.000881267
0.000925844
0.00089236
0.000838296
0.000902422
0.000752821
0.000911799
0.000670657
0.000920458
0.000592226
0.000928145
0.000517469
0.000934512
0.000446092
0.000939193
0.000377709
0.000941856
0.000311921
0.000942211
0.000248346
0.000940018
0.000186624
0.000935074
0.000126414
0.000927213
6.73885e-05
0.000916284
9.2255e-06
0.000902175
-4.84065e-05
0.000884769
-0.000105823
0.000863961
-0.000163368
0.000839648
-0.00022141
0.000811717
-0.000280321
0.000780035
-0.000340478
0.00074443
-0.000402256
0.000704669
-0.00046599
0.000660446
-0.000531918
0.000611379
-0.000600102
0.000557026
-0.000670313
0.000496956
-0.000741928
0.00043089
-0.000813899
0.000358929
-0.00088502
0.000281831
-0.000954905
0.000201132
-0.00102653
0.000118571
-0.00111237
3.37471e-05
-0.00124808
-6.10173e-05
-0.00151521
-0.000149922
-0.00203101
-0.000130683
-0.00243419
-0.00149961
9.20044e-06
-1.06483e-05
4.77318e-05
5.9028e-05
0.000122281
0.000211597
0.000226585
0.00042356
0.000344249
0.000654077
0.000459239
0.00086227
0.000562236
0.00102299
0.000650476
0.00112889
0.000724625
0.00118395
0.000786171
0.00119651
0.000836467
0.00117537
0.000876828
0.00112872
0.000908778
0.00106399
0.000934068
0.000987743
0.000954451
0.00090546
0.000971433
0.000821314
0.000986103
0.000738152
0.000999095
0.000657665
0.00101066
0.000580664
0.00102076
0.000507369
0.0010292
0.000437652
0.0010357
0.000371204
0.00103998
0.000307644
0.00104175
0.000246572
0.00104078
0.000187598
0.00103685
0.000130349
0.00102977
7.4465e-05
0.00101939
1.96035e-05
0.00100557
-3.45904e-05
0.000988187
-8.84352e-05
0.000967095
-0.000142276
0.000942153
-0.000196469
0.000913198
-0.000251365
0.000880026
-0.000307306
0.000842377
-0.000364608
0.000799922
-0.000423534
0.000752247
-0.000484243
0.000698863
-0.000546717
0.00063924
-0.000610691
0.000572902
-0.00067559
0.000499599
-0.000740596
0.000419576
-0.000804996
0.000333874
-0.000869203
0.000244474
-0.000937133
0.00015376
-0.00102165
6.22401e-05
-0.00115656
-3.65607e-05
-0.00141641
-0.000139295
-0.00192828
-0.000139955
-0.00243353
-0.00163957
7.22113e-06
-1.78695e-05
3.72413e-05
2.90078e-05
9.79591e-05
0.000150879
0.000189532
0.000331987
0.000301387
0.000542222
0.000418843
0.000744815
0.000530468
0.000911362
0.000630586
0.00102877
0.000717856
0.00109668
0.000792881
0.00112148
0.000856683
0.00111157
0.000910275
0.00107513
0.000954757
0.00101951
0.000991423
0.000951077
0.0010217
0.000875187
0.00104695
0.000796056
0.00106835
0.000716754
0.00108673
0.000639292
0.00110257
0.000564816
0.00111611
0.000493828
0.00112736
0.000426408
0.00113619
0.000362375
0.00114242
0.000301416
0.00114583
0.000243157
0.00114622
0.000187205
0.0011434
0.000133175
0.00113717
8.06898e-05
0.00112738
2.93925e-05
0.00111388
-2.10823e-05
0.00109649
-7.10502e-05
0.00107506
-0.000120847
0.00104939
-0.000170802
0.00101926
-0.000221233
0.000984383
-0.000272427
0.000944408
-0.000324633
0.000898906
-0.000378032
0.000847363
-0.0004327
0.000789199
-0.000488553
0.000723828
-0.000545319
0.000650776
-0.000602538
0.000569891
-0.000659711
0.000481634
-0.00071674
0.000387387
-0.000774956
0.000289571
-0.000839317
0.000191114
-0.000923197
9.32884e-05
-0.00105873
-8.85325e-06
-0.00131427
-0.000123158
-0.00181398
-0.000147515
-0.00240917
-0.00178708
5.87138e-06
-2.37408e-05
2.80846e-05
6.79454e-06
7.40699e-05
0.000104894
0.000148971
0.000257086
0.000248932
0.000442261
0.000362893
0.000630854
0.000479089
0.000795166
0.000589385
0.000918474
0.000689882
0.000996188
0.000779484
0.00103188
0.000858333
0.00103272
0.000926946
0.00100652
0.000985994
0.00096046
0.00103632
0.000900747
0.00107897
0.000832545
0.00111503
0.000759988
0.0011456
0.000686191
0.00117155
0.000613335
0.00119358
0.000542792
0.0012121
0.000475303
0.00122736
0.00041115
0.00123943
0.000350311
0.00124826
0.000292577
0.00125378
0.000237637
0.00125586
0.000185134
0.00125433
0.000134698
0.00124906
8.59611e-05
0.00123989
3.85683e-05
0.00122664
-7.83678e-06
0.00120915
-5.35633e-05
0.00118722
-9.89149e-05
0.0011606
-0.000144183
0.001129
-0.000189636
0.00109207
-0.000235497
0.00104938
-0.000281937
0.0010004
-0.000329055
0.000944551
-0.000376849
0.000881197
-0.000425199
0.000809751
-0.000473873
0.000729815
-0.000522603
0.000641411
-0.000571307
0.000545267
-0.000620596
0.000443094
-0.000672782
0.000337665
-0.000733889
0.000232284
-0.000817815
0.000128821
-0.000955271
2.3545e-05
-0.00120899
-9.86792e-05
-0.00169175
-0.000151185
-0.00235667
-0.00193827
4.146e-06
-2.78869e-05
1.8032e-05
-7.09147e-06
4.84825e-05
7.44432e-05
0.000104157
0.000201411
0.000187377
0.00035904
0.000292004
0.000526227
0.000407778
0.000679391
0.000525214
0.000801039
0.000637915
0.000883486
0.000742518
0.000927277
0.000837629
0.000937608
0.000922854
0.000921292
0.00099828
0.000885034
0.00106429
0.000834735
0.00112152
0.000775321
0.00117076
0.000710748
0.00121289
0.000644057
0.00124877
0.000577459
0.00127912
0.000512439
0.00130452
0.000449896
0.0013254
0.000390278
0.001342
0.00033371
0.00135447
0.000280105
0.00136286
0.000229243
0.00136716
0.000180834
0.00136731
0.000134554
0.0013632
9.00682e-05
0.00135472
4.70519e-05
0.0013417
5.18338e-06
0.00132397
-3.58395e-05
0.00130131
-7.62572e-05
0.00127345
-0.000116316
0.00124003
-0.000156222
0.00120067
-0.000196128
0.00115485
-0.000236126
0.00110204
-0.000276239
0.0010416
-0.000316416
0.000972946
-0.000356541
0.000895561
-0.000396488
0.000809217
-0.000436259
0.000714168
-0.000476259
0.000611405
-0.000517832
0.000502858
-0.000564235
0.000391415
-0.000622446
0.000280408
-0.000706809
0.000171931
-0.000846794
6.29327e-05
-0.00109999
-6.3138e-05
-0.00156568
-0.000148247
-0.00227156
-0.00208651
-6.32663e-07
-2.72542e-05
1.48625e-06
-9.2104e-06
1.47783e-05
6.11512e-05
5.02487e-05
0.000165941
0.000114458
0.000294831
0.000205802
0.000434883
0.000316673
0.00056852
0.00043759
0.000680123
0.000560375
0.000760701
0.000679369
0.000808283
0.00079121
0.000825767
0.00089413
0.000818372
0.000987332
0.000791832
0.00107062
0.000751451
0.00114418
0.000701753
0.00120851
0.000646419
0.00126425
0.000588318
0.00131213
0.000529585
0.00135285
0.000471719
0.00138705
0.000415693
0.00141527
0.000362062
0.0014379
0.000311072
0.00145526
0.000262747
0.00146754
0.00021697
0.00147484
0.000173532
0.00147721
0.000132179
0.00147464
9.26375e-05
0.00146706
5.46329e-05
0.00145434
1.79031e-05
0.00143633
-1.78253e-05
0.0014128
-5.27292e-05
0.00138348
-8.69943e-05
0.00134801
-0.000120758
0.00130599
-0.000154106
0.00125693
-0.000187065
0.0012003
-0.000219612
0.00113558
-0.000251687
0.00106227
-0.000283238
0.00098009
-0.000314305
0.000889032
-0.000345201
0.000789589
-0.000376816
0.000682911
-0.000411154
0.00057092
-0.000452244
0.000456255
-0.000507781
0.000341774
-0.000592328
0.000229047
-0.000734067
0.000114913
-0.000985859
-1.34453e-05
-0.00143732
-0.000134047
-0.00215096
-0.00222056
-1.33992e-05
-1.3855e-05
-3.09134e-05
8.30378e-06
-3.76727e-05
6.79105e-05
-2.18572e-05
0.000150125
2.41074e-05
0.000248867
0.000101676
0.000357314
0.000205521
0.000464676
0.000327018
0.000558625
0.00045731
0.000630408
0.000589046
0.000676548
0.000716965
0.000697847
0.000837691
0.000697647
0.000949264
0.000680259
0.00105071
0.000650006
0.0011417
0.000610757
0.00122237
0.000565754
0.00129311
0.000517582
0.00135448
0.000468211
0.00140713
0.000419071
0.00145169
0.000371134
0.00148874
0.000325007
0.0015188
0.000281014
0.00154227
0.000239274
0.00155949
0.000199758
0.00157067
0.000162348
0.00157598
0.00012687
0.00157549
9.31238e-05
0.00156922
6.09037e-05
0.00155711
3.00161e-05
0.00153902
2.64215e-07
0.0015148
-2.85114e-05
0.00148421
-5.64076e-05
0.00144697
-8.35106e-05
0.00140272
-0.000109858
0.0013511
-0.00013545
0.00129175
-0.00016026
0.00122434
-0.000184273
0.00114864
-0.000207538
0.00106461
-0.000230283
0.00097251
-0.000253096
0.000872933
-0.000277239
0.000766945
-0.000305167
0.000656095
-0.000341394
0.000542341
-0.000394027
0.0004276
-0.000477586
0.000312286
-0.000618754
0.000192102
-0.000865675
5.64248e-05
-0.00130164
-9.82942e-05
-0.00199624
-0.00231885
-4.09726e-05
2.71176e-05
-9.01811e-05
5.75122e-05
-0.000121107
9.88362e-05
-0.000123161
0.00015218
-9.1355e-05
0.000217061
-2.47112e-05
0.00029067
7.31731e-05
0.000366792
0.000194539
0.000437259
0.000330391
0.000494556
0.000472693
0.000534246
0.000614882
0.000555659
0.000752183
0.000560346
0.000881437
0.000551005
0.00100077
0.000530669
0.00110925
0.000502286
0.00120654
0.000468462
0.00129276
0.000431357
0.0013683
0.000392675
0.00143368
0.00035369
0.0014895
0.000315313
0.00153636
0.000278147
0.00157482
0.000242554
0.00160538
0.000208714
0.00162846
0.000176675
0.00164441
0.000146399
0.00165349
0.000117787
0.0016559
9.0717e-05
0.00165175
6.50518e-05
0.0016411
4.0663e-05
0.00162393
1.74408e-05
0.00160013
-4.71552e-06
0.00156961
-2.589e-05
0.00153225
-4.61444e-05
0.00148789
-6.54987e-05
0.0014364
-8.39621e-05
0.00137769
-0.000101546
0.00131171
-0.000118299
0.00123854
-0.00013437
0.00115837
-0.000150111
0.00107153
-0.000166254
0.000978492
-0.0001842
0.000879846
-0.000206521
0.000776251
-0.000237799
0.000668362
-0.000286137
0.000556565
-0.00036579
0.000439897
-0.000502086
0.000312798
-0.000738576
0.000159773
-0.00114862
-2.67622e-05
-0.0018097
-0.00234562
-9.01055e-05
0.000117223
-0.000183176
0.000150583
-0.000240252
0.000155912
-0.000257488
0.000169415
-0.000234983
0.000194555
-0.000174205
0.000229892
-7.9421e-05
0.000272008
4.25648e-05
0.000315273
0.00018315
0.000353971
0.000333833
0.000383562
0.000487629
0.000401863
0.000638879
0.000409097
0.000783527
0.000406356
0.000918919
0.000395278
0.00104347
0.000377731
0.00115641
0.000355528
0.0012575
0.000330263
0.00134692
0.00030326
0.00142505
0.000275556
0.00149244
0.000247925
0.00154967
0.000220913
0.00159735
0.000194876
0.00163604
0.000170023
0.00166627
0.000146452
0.00168848
0.000124185
0.00170308
0.000103191
0.00171038
8.34097e-05
0.00171067
6.47661e-05
0.00170415
4.71826e-05
0.001691
3.05898e-05
0.00167136
1.49212e-05
0.00164529
1.87288e-07
0.00161277
-1.36309e-05
0.00157394
-2.66614e-05
0.00152893
-3.89549e-05
0.00147792
-5.05358e-05
0.0014211
-6.14838e-05
0.00135871
-7.19794e-05
0.00129099
-8.23832e-05
0.00121811
-9.33822e-05
0.00114015
-0.00010624
0.00105687
-0.00012324
0.000967529
-0.000148454
0.000870587
-0.000189196
0.00076338
-0.000258583
0.000641557
-0.000380263
0.00049744
-0.000594458
0.00031225
-0.00096343
8.51061e-05
-0.00158256
-0.00226051
-0.000160372
0.000277595
-0.000293334
0.000283545
-0.00036268
0.000225258
-0.000384804
0.000191539
-0.000365768
0.00017552
-0.000308234
0.000172358
-0.000216426
0.0001802
-9.66701e-05
0.000195517
4.41941e-05
0.000213107
0.000198543
0.000229213
0.000358725
0.000241681
0.000518839
0.000248983
0.000674405
0.00025079
0.000822181
0.000247502
0.000960035
0.000239877
0.00108672
0.000228837
0.00120168
0.000215312
0.00130479
0.000200148
0.00139629
0.000184056
0.00147661
0.000167605
0.0015463
0.000151221
0.00160597
0.000135207
0.00165623
0.000119764
0.00169767
0.000105014
0.00173083
9.10152e-05
0.00175624
7.77879e-05
0.00177432
6.53227e-05
0.0017855
5.35942e-05
0.00179011
4.25697e-05
0.00178848
3.22147e-05
0.00178091
2.24953e-05
0.00176773
1.33693e-05
0.00174926
4.83821e-06
0.00172565
-3.05124e-06
0.00169705
-1.03604e-05
0.00166371
-1.71909e-05
0.00162586
-2.36334e-05
0.00158371
-2.98274e-05
0.00153736
-3.60394e-05
0.00148675
-4.27682e-05
0.00143143
-5.09227e-05
0.00137033
-6.2141e-05
0.00130124
-7.93595e-05
0.00121994
-0.000107897
0.00111885
-0.000157494
0.000984957
-0.000246369
0.000799302
-0.000408803
0.000541159
-0.000705287
0.000229435
-0.00127083
-0.00203108
-0.00022397
0.000501565
-0.000284701
0.000344277
-0.000270994
0.00021155
-0.00024255
0.000163096
-0.000199577
0.000132547
-0.00013608
0.000108861
-5.02922e-05
9.44124e-05
5.72489e-05
8.79762e-05
0.000183326
8.70293e-05
0.000323328
8.92119e-05
0.000472358
9.265e-05
0.000625403
9.59385e-05
0.000778094
9.80994e-05
0.000926945
9.86501e-05
0.00106936
9.7466e-05
0.00120353
9.46668e-05
0.00132833
9.05123e-05
0.00144316
8.5318e-05
0.00154781
7.93981e-05
0.00164239
7.3034e-05
0.00172715
6.64595e-05
0.0018025
5.98572e-05
0.0018689
5.3362e-05
0.00192684
4.70681e-05
0.00197682
4.10367e-05
0.00201931
3.53038e-05
0.00205474
2.98875e-05
0.00208354
2.47936e-05
0.00210609
2.00205e-05
0.00212274
1.55616e-05
0.00213383
1.14086e-05
0.00213965
7.55038e-06
0.00214052
3.97258e-06
0.00213679
6.72869e-07
0.00212878
-2.34585e-06
0.00211669
-5.10109e-06
0.0021007
-7.64196e-06
0.00208092
-1.00489e-05
0.00205734
-1.24636e-05
0.00202971
-1.51395e-05
0.00199732
-1.85257e-05
0.00195859
-2.34116e-05
0.00191041
-3.11794e-05
0.00184674
-4.42278e-05
0.00175608
-6.68416e-05
0.00161636
-0.000106641
0.00138894
-0.000181384
0.00101735
-0.000333703
0.000489554
-0.000743037
-0.00154152
0.000501565
0.000845841
0.00105739
0.00122049
0.00135303
0.00146189
0.00155631
0.00164428
0.00173131
0.00182052
0.00191317
0.00200911
0.00210721
0.00220586
0.00230333
0.002398
0.00248851
0.00257383
0.00265322
0.00272626
0.00279272
0.00285257
0.00290594
0.002953
0.00299404
0.00302935
0.00305923
0.00308403
0.00310405
0.00311961
0.00313102
0.00313857
0.00314254
0.00314321
0.00314087
0.00313577
0.00312812
0.00311808
0.00310561
0.00309047
0.00307195
0.00304853
0.00301736
0.00297313
0.00290629
0.00279965
0.00261826
0.00228456
0.00154152
)
;

boundaryField
{
    movingWall
    {
        type            calculated;
        value           uniform 0;
    }
    fixedWalls
    {
        type            calculated;
        value           uniform 0;
    }
    frontAndBack
    {
        type            empty;
        value           nonuniform 0();
    }
}


// ************************************************************************* //
