/*--------------------------------*- C++ -*----------------------------------*\
  =========                 |
  \\      /  F ield         | OpenFOAM: The Open Source CFD Toolbox
   \\    /   O peration     | Website:  https://openfoam.org
    \\  /    A nd           | Version:  7
     \\/     M anipulation  |
\*---------------------------------------------------------------------------*/
FoamFile
{
    version     2.0;
    format      ascii;
    class       surfaceScalarField;
    location    "800";
    object      phi;
}
// * * * * * * * * * * * * * * * * * * * * * * * * * * * * * * * * * * * * * //

dimensions      [0 3 -1 0 0 0 0];

internalField   nonuniform List<scalar> 
4900
(
1.69719e-06
-1.70726e-06
6.22387e-06
-4.52679e-06
1.17174e-05
-5.49355e-06
1.65034e-05
-4.78607e-06
1.97506e-05
-3.24715e-06
2.13893e-05
-1.63873e-06
2.17674e-05
-3.78147e-07
2.12613e-05
5.05972e-07
2.00142e-05
1.2471e-06
1.78616e-05
2.15248e-06
1.44103e-05
3.45126e-06
9.17315e-06
5.2371e-06
1.65886e-06
7.51423e-06
-8.58475e-06
1.02436e-05
-2.19073e-05
1.33225e-05
-3.84716e-05
1.65642e-05
-5.81819e-05
1.97103e-05
-8.06027e-05
2.24208e-05
-0.000104895
2.42926e-05
-0.000129803
2.49073e-05
-0.000153697
2.38942e-05
-0.000174691
2.09943e-05
-0.000190804
1.61122e-05
-0.000200158
9.35464e-06
-0.000201234
1.0758e-06
-0.000193089
-8.14469e-06
-0.000175479
-1.76102e-05
-0.000148924
-2.65551e-05
-0.000114718
-3.42067e-05
-7.48845e-05
-3.9833e-05
-3.20767e-05
-4.28078e-05
1.05906e-05
-4.26673e-05
4.98599e-05
-3.92693e-05
8.28786e-05
-3.30187e-05
0.00010747
-2.45912e-05
0.000122367
-1.48977e-05
0.000127456
-5.08855e-06
0.000123816
3.64035e-06
0.000113443
1.03724e-05
9.87304e-05
1.47128e-05
8.20207e-05
1.67096e-05
6.52525e-05
1.67682e-05
4.97721e-05
1.54804e-05
3.63143e-05
1.34578e-05
2.5107e-05
1.12072e-05
1.60429e-05
9.06409e-06
8.89547e-06
7.14747e-06
3.59547e-06
5.3e-06
5.05598e-07
3.08987e-06
5.05598e-07
4.47356e-06
-6.18096e-06
1.38481e-05
-1.39015e-05
2.43105e-05
-1.5956e-05
3.28981e-05
-1.33738e-05
3.79993e-05
-8.34846e-06
3.92239e-05
-2.8634e-06
3.68536e-05
1.99206e-06
3.11948e-05
6.16456e-06
2.21391e-05
1.03026e-05
9.05792e-06
1.52335e-05
-9.04641e-06
2.15554e-05
-3.3275e-05
2.94655e-05
-6.45277e-05
3.87667e-05
-0.000103244
4.89596e-05
-0.000149194
5.92721e-05
-0.000201316
6.86865e-05
-0.000257663
7.60576e-05
-0.000315525
8.02821e-05
-0.000371702
8.04697e-05
-0.000422859
7.6064e-05
-0.000465857
6.68926e-05
-0.000498018
5.31554e-05
-0.000517288
3.5382e-05
-0.000522325
1.43913e-05
-0.000512584
-8.66536e-06
-0.000488158
-3.25706e-05
-0.000449683
-5.60846e-05
-0.000398363
-7.78753e-05
-0.000336025
-9.65446e-05
-0.000265143
-0.000110715
-0.000188807
-0.000119144
-0.000110592
-0.000120882
-3.43797e-05
-0.000115482
3.57574e-05
-0.000103156
9.61256e-05
-8.49595e-05
0.000143909
-6.2681e-05
0.000177183
-3.8363e-05
0.000195158
-1.43343e-05
0.000198425
7.10548e-06
0.00018908
2.40574e-05
0.000170272
3.55182e-05
0.00014559
4.14497e-05
0.000118445
4.26251e-05
9.16041e-05
4.02991e-05
6.69341e-05
3.58773e-05
4.54233e-05
3.05749e-05
2.74626e-05
2.51081e-05
1.33371e-05
1.94255e-05
3.75621e-06
1.26707e-05
4.26181e-06
5.98706e-06
-1.21681e-05
1.73362e-05
-2.52508e-05
2.87991e-05
-2.7419e-05
3.68173e-05
-2.1392e-05
3.9529e-05
-1.10603e-05
3.63455e-05
3.19931e-07
2.72036e-05
1.11339e-05
1.18953e-05
2.14727e-05
-1.0345e-05
3.25428e-05
-4.07949e-05
4.56833e-05
-8.08144e-05
6.15747e-05
-0.000131326
7.99773e-05
-0.000192395
9.98354e-05
-0.000262915
0.00011948
-0.000340539
0.000136896
-0.000421907
0.000150055
-0.000503104
0.000157254
-0.000580175
0.000157353
-0.000649574
0.000149869
-0.00070844
0.00013493
-0.000754689
0.000113142
-0.000786967
8.5433e-05
-0.00080451
5.29251e-05
-0.000806968
1.6849e-05
-0.000794206
-2.14272e-05
-0.000766241
-6.05357e-05
-0.000723384
-9.8942e-05
-0.000666366
-0.000134893
-0.000596426
-0.000166485
-0.000515408
-0.000191733
-0.000425835
-0.000208717
-0.000330901
-0.000215816
-0.000234391
-0.000211992
-0.00014044
-0.000197107
-5.32794e-05
-0.00017212
2.31269e-05
-0.000139087
8.5805e-05
-0.000101041
0.000132962
-6.14917e-05
0.000163631
-2.35637e-05
0.000177955
9.73423e-06
0.000177468
3.60046e-05
0.000164974
5.39442e-05
0.000144019
6.35798e-05
0.000118286
6.60324e-05
9.10347e-05
6.31281e-05
6.47412e-05
5.68684e-05
4.10649e-05
4.87844e-05
2.12081e-05
3.92823e-05
6.60746e-06
2.72714e-05
1.08693e-05
6.50824e-06
-1.86765e-05
1.75945e-05
-3.63372e-05
2.69461e-05
-3.67707e-05
3.07483e-05
-2.51944e-05
2.71952e-05
-7.50734e-06
1.55934e-05
1.19217e-05
-4.59334e-06
3.13204e-05
-3.43797e-05
5.1259e-05
-7.52894e-05
7.34523e-05
-0.000128799
9.91928e-05
-0.000195638
0.000128413
-0.000275224
0.000159563
-0.000365429
0.00019004
-0.000462763
0.000216814
-0.000562911
0.000237044
-0.000661424
0.000248569
-0.000754327
0.000250157
-0.000838481
0.000241507
-0.000911677
0.000223065
-0.000972514
0.000195767
-0.00102017
0.000160793
-0.00105414
0.000119408
-0.00107409
7.28756e-05
-0.0010797
2.24548e-05
-0.00107057
-3.05545e-05
-0.0010464
-8.47019e-05
-0.00100704
-0.000138301
-0.000952559
-0.000189378
-0.000883362
-0.000235682
-0.000800386
-0.000274709
-0.000705259
-0.000303845
-0.000600466
-0.000320608
-0.000489427
-0.000323032
-0.000376415
-0.000310119
-0.000266264
-0.000282271
-0.000163825
-0.000241526
-7.34179e-05
-0.000191448
1.68267e-06
-0.000136592
5.9901e-05
-8.1782e-05
0.000100934
-3.12984e-05
0.000125036
1.19026e-05
0.000133496
4.54832e-05
0.000128821
6.82553e-05
0.000114305
8.05486e-05
9.35303e-05
8.39026e-05
6.986e-05
8.05386e-05
4.61109e-05
7.25335e-05
2.4634e-05
6.07592e-05
7.92768e-06
4.39777e-05
1.87969e-05
6.20431e-06
-2.48808e-05
1.48911e-05
-4.50243e-05
1.91966e-05
-4.10763e-05
1.54603e-05
-2.14582e-05
2.13535e-06
5.81748e-06
-2.16629e-05
3.57198e-05
-5.71121e-05
6.67695e-05
-0.000105939
0.000100086
-0.000169767
0.00013728
-0.000249157
0.000178583
-0.000342922
0.000222179
-0.000448043
0.000264684
-0.000560135
0.000302133
-0.000674255
0.000330933
-0.000785725
0.000348514
-0.000890728
0.000353571
-0.000986535
0.000345964
-0.00107143
0.000326403
-0.00114446
0.000296097
-0.00120515
0.000256451
-0.00125324
0.000208885
-0.00128859
0.000154757
-0.00131106
9.5346e-05
-0.00132049
3.18823e-05
-0.0013166
-3.44403e-05
-0.00129904
-0.000102265
-0.00126731
-0.000170027
-0.00122086
-0.000235833
-0.00115915
-0.000297395
-0.00108188
-0.000351971
-0.000989306
-0.000396423
-0.000882514
-0.0004274
-0.000763808
-0.000441738
-0.000636882
-0.000437044
-0.000506795
-0.000412358
-0.000379575
-0.000368746
-0.000261427
-0.000309596
-0.000157653
-0.000240366
-7.17796e-05
-0.000167656
-5.24864e-06
-9.78294e-05
4.24802e-05
-3.58263e-05
7.26526e-05
1.53109e-05
8.68716e-05
5.40362e-05
8.76644e-05
7.97558e-05
7.82393e-05
9.33277e-05
6.2108e-05
9.66699e-05
4.27313e-05
9.19101e-05
2.34039e-05
8.00867e-05
7.60186e-06
5.97797e-05
2.63988e-05
4.89645e-06
-2.97774e-05
8.87354e-06
-4.90015e-05
5.27618e-06
-3.74792e-05
-8.94502e-06
-7.23718e-06
-3.51348e-05
3.20071e-05
-7.44564e-05
7.50413e-05
-0.000128629
0.000120942
-0.0001994
0.000170856
-0.000287325
0.000225205
-0.000390877
0.000282136
-0.000506409
0.000337711
-0.000628856
0.000387131
-0.000752768
0.000426044
-0.000873237
0.000451402
-0.000986463
0.00046174
-0.00108989
0.000456996
-0.00118203
0.000438103
-0.00126218
0.000406555
-0.00133015
0.000364069
-0.00138607
0.00031237
-0.00143026
0.000253074
-0.00146314
0.000187635
-0.00148512
0.000117333
-0.00149654
4.32992e-05
-0.00149749
-3.3496e-05
-0.00148772
-0.000112033
-0.00146662
-0.000191128
-0.00143314
-0.000269305
-0.00138591
-0.000344628
-0.00132334
-0.000414541
-0.00124399
-0.000475778
-0.00114696
-0.000524427
-0.00103246
-0.000556235
-0.000902356
-0.000567151
-0.0007606
-0.000554115
-0.000613326
-0.00051602
-0.000468319
-0.000454603
-0.000333834
-0.000374851
-0.000216936
-0.000284554
-0.000121936
-0.000192829
-4.97946e-05
-0.000107967
1.12204e-06
-3.56058e-05
3.34165e-05
2.17418e-05
4.96404e-05
6.35319e-05
5.27524e-05
9.02156e-05
4.61665e-05
0.000103256
3.3585e-05
0.000104492
1.88689e-05
9.48027e-05
6.11258e-06
7.2536e-05
3.25114e-05
2.27156e-06
-3.2049e-05
-9.23822e-07
-4.58063e-05
-1.50224e-05
-2.33808e-05
-4.22158e-05
1.99561e-05
-8.36875e-05
7.34787e-05
-0.000140872
0.000132226
-0.000215468
0.000195538
-0.000308154
0.000263541
-0.000417388
0.000334439
-0.000539224
0.000403972
-0.000668113
0.000466599
-0.00079812
0.000517137
-0.000923975
0.000551899
-0.00104166
0.000569088
-0.00114852
0.000568603
-0.00124309
0.000551562
-0.00132478
0.000519794
-0.00139368
0.000475452
-0.00145035
0.00042074
-0.00149571
0.000357728
-0.00153087
0.000288237
-0.001557
0.000213771
-0.00157517
0.000135501
-0.00158619
5.43151e-05
-0.00159053
-2.91521e-05
-0.00158821
-0.000114352
-0.00157871
-0.000200633
-0.00156084
-0.000287172
-0.00153277
-0.000372699
-0.00149205
-0.000455258
-0.00143584
-0.000531997
-0.00136119
-0.000599071
-0.00126572
-0.000651703
-0.00114838
-0.000684491
-0.00101037
-0.000692124
-0.000855871
-0.000670522
-0.000692277
-0.000618197
-0.000529631
-0.000537498
-0.000378952
-0.000435233
-0.000249726
-0.000322056
-0.000147432
-0.000210262
-7.2533e-05
-0.000110505
-2.17289e-05
-2.90623e-05
9.30251e-06
3.25004e-05
2.442e-05
7.50982e-05
2.74071e-05
0.000100269
2.22211e-05
0.000109678
1.30418e-05
0.000103982
4.21152e-06
8.13663e-05
3.67229e-05
-1.92123e-06
-3.01279e-05
-1.46652e-05
-3.30625e-05
-4.13443e-05
3.2981e-06
-8.32488e-05
6.18605e-05
-0.000141391
0.000131621
-0.000217168
0.000208003
-0.000311362
0.000289731
-0.000422686
0.000374866
-0.000547247
0.000459
-0.000679236
0.000535961
-0.000812267
0.00059963
-0.000940578
0.000645448
-0.00105972
0.000671045
-0.00116675
0.000676111
-0.00126002
0.000661879
-0.00133902
0.000630556
-0.00140406
0.000584839
-0.00145617
0.000527557
-0.00149683
0.000461399
-0.00152781
0.000388708
-0.00155094
0.000311365
-0.00156792
0.000230752
-0.0015802
0.000147782
-0.00158887
6.29901e-05
-0.00159467
-2.33557e-05
-0.00159786
-0.00011116
-0.00159819
-0.000200306
-0.00159473
-0.000290628
-0.00158582
-0.000381611
-0.00156892
-0.000472158
-0.00154058
-0.000560335
-0.00149657
-0.00064308
-0.00143232
-0.000715957
-0.00134369
-0.000773121
-0.00122809
-0.000807724
-0.00108577
-0.000812841
-0.00092102
-0.000782947
-0.000742703
-0.000715815
-0.000563569
-0.000614367
-0.000397987
-0.000487638
-0.00025835
-0.000349899
-0.000151434
-0.000217421
-7.68871e-05
-0.000103609
-2.92477e-05
-1.51389e-05
-2.08794e-06
4.79384e-05
9.96331e-06
8.82174e-05
1.17234e-05
0.000107917
7.78789e-06
0.000107918
2.5999e-06
8.65543e-05
3.93228e-05
-7.74932e-06
-2.23786e-05
-3.19113e-05
-8.90077e-06
-7.25184e-05
4.39051e-05
-0.000129828
0.00011917
-0.000204662
0.000206454
-0.000297748
0.000301089
-0.000408192
0.000400175
-0.000532482
0.000499156
-0.000664842
0.00059136
-0.000798541
0.00066966
-0.000927266
0.000728355
-0.001046
0.000764183
-0.00115133
0.000776375
-0.00124137
0.000766151
-0.00131557
0.000736077
-0.00137448
0.000689467
-0.00141954
0.000629896
-0.00145277
0.000560793
-0.00147651
0.000485136
-0.00149308
0.000405277
-0.0015046
0.000322887
-0.00151287
0.000239019
-0.0015193
0.000154211
-0.00152494
6.86352e-05
-0.00153054
-1.77598e-05
-0.0015365
-0.000105199
-0.00154287
-0.000193934
-0.00154927
-0.000284231
-0.00155471
-0.000376175
-0.00155733
-0.000469534
-0.00155417
-0.000563496
-0.00154097
-0.000656276
-0.00151228
-0.000744649
-0.00146182
-0.000823578
-0.00138348
-0.00088607
-0.00127279
-0.000923531
-0.00112885
-0.000926889
-0.000956009
-0.000888651
-0.000764781
-0.000805594
-0.000571042
-0.000681377
-0.000393012
-0.000527929
-0.000246228
-0.000364205
-0.000138434
-0.000211403
-6.77311e-05
-8.58418e-05
-2.59152e-05
6.12246e-06
-4.32404e-06
6.66263e-05
3.86281e-06
9.97305e-05
4.27869e-06
0.000107502
1.71379e-06
8.91192e-05
4.10366e-05
-1.494e-05
-7.4387e-06
-5.16794e-05
2.78385e-05
-0.00010651
9.87358e-05
-0.000178757
0.000191417
-0.00026877
0.000296467
-0.000376005
0.000408324
-0.000497591
0.000521762
-0.00062813
0.000629695
-0.000760766
0.000723997
-0.000888681
0.000797574
-0.00100621
0.000845886
-0.00110937
0.000867342
-0.00119591
0.000862911
-0.00126518
0.000835419
-0.00131791
0.000788813
-0.00135595
0.000727499
-0.00138181
0.00065576
-0.00139833
0.000577316
-0.00140825
0.000495054
-0.00141394
0.000410965
-0.0014173
0.000326246
-0.00141974
0.000241464
-0.00142229
0.000156757
-0.00142565
7.20004e-05
-0.00143035
-1.30638e-05
-0.00143676
-9.87898e-05
-0.00144515
-0.000185546
-0.00145566
-0.000273722
-0.00146812
-0.00036371
-0.0014818
-0.000455852
-0.00149504
-0.00055026
-0.00150483
-0.000646482
-0.00150646
-0.000743022
-0.00149334
-0.000836701
-0.00145745
-0.000921961
-0.00139053
-0.000990452
-0.00128603
-0.00103138
-0.00114168
-0.001033
-0.000961921
-0.000985356
-0.000759262
-0.000884036
-0.000553279
-0.000733912
-0.00036644
-0.000551044
-0.000217222
-0.00036062
-0.000113364
-0.0001897
-5.02053e-05
-5.70366e-05
-1.63492e-05
3.27702e-05
-1.29598e-06
8.46773e-05
2.7456e-06
0.00010346
1.64765e-06
9.02172e-05
4.26842e-05
-2.29942e-05
1.55554e-05
-7.24594e-05
7.73035e-05
-0.000140727
0.000167003
-0.000226283
0.000276972
-0.000328601
0.000398785
-0.000445552
0.000525275
-0.000572468
0.000648677
-0.000702712
0.000759938
-0.000829128
0.000850412
-0.000945409
0.000913856
-0.0010469
0.000947377
-0.00113086
0.000951301
-0.00119642
0.000928478
-0.00124442
0.000883411
-0.00127699
0.000821384
-0.00129714
0.000747652
-0.00130818
0.000666801
-0.00131322
0.000582353
-0.00131483
0.000496666
-0.00131493
0.000411068
-0.00131481
0.000326117
-0.00131522
0.000241878
-0.00131662
0.000158158
-0.00131927
7.46528e-05
-0.00132337
-8.96423e-06
-0.00132916
-9.30048e-05
-0.00133694
-0.000177759
-0.00134715
-0.000263521
-0.00136018
-0.000350681
-0.0013763
-0.000439732
-0.00139532
-0.000531237
-0.00141611
-0.00062569
-0.00143595
-0.000723188
-0.00144988
-0.000822765
-0.00145043
-0.000921416
-0.00142784
-0.00101304
-0.00137149
-0.00108773
-0.0012725
-0.00113199
-0.00112718
-0.00113067
-0.000940402
-0.00107081
-0.000727335
-0.000946979
-0.000511968
-0.000766411
-0.000321276
-0.000551312
-0.000175863
-0.000335113
-8.16337e-05
-0.000151266
-2.96293e-05
-1.92343e-05
-5.40128e-06
6.04493e-05
2.48949e-06
9.55693e-05
2.18039e-06
9.05263e-05
4.48646e-05
-3.11695e-05
4.67248e-05
-9.24383e-05
0.000138572
-0.000172433
0.000246998
-0.000268681
0.00037322
-0.000379521
0.000509625
-0.000501268
0.000647022
-0.000627927
0.000775336
-0.000752322
0.000884333
-0.000867611
0.000965701
-0.000968412
0.00101466
-0.00105134
0.00103031
-0.00111515
0.00101511
-0.00116055
0.000973877
-0.00118988
0.000912746
-0.00120654
0.00083804
-0.00121427
0.000755378
-0.00121655
0.00066908
-0.00121617
0.000581976
-0.00121507
0.000495569
-0.00121439
0.000410391
-0.00121467
0.000326388
-0.00121603
0.000243241
-0.00121844
0.000160567
-0.0012218
7.80172e-05
-0.00122608
-4.68765e-06
-0.00123135
-8.77368e-05
-0.00123783
-0.000171275
-0.00124593
-0.000255426
-0.00125621
-0.000340393
-0.00126944
-0.000426511
-0.00128635
-0.000514323
-0.0013074
-0.00060464
-0.00133215
-0.000698441
-0.00135843
-0.000796476
-0.0013814
-0.000898452
-0.00139273
-0.00100171
-0.00138086
-0.0010996
-0.00133263
-0.00118022
-0.00123674
-0.00122657
-0.00108829
-0.00121927
-0.000893237
-0.00114203
-0.000670538
-0.00098911
-0.00044957
-0.00077228
-0.000261706
-0.000522977
-0.000127809
-0.000285163
-4.91678e-05
-9.78754e-05
-1.12844e-05
2.25659e-05
2.15394e-06
8.21309e-05
2.87963e-06
8.98006e-05
4.77443e-05
-3.8591e-05
8.53157e-05
-0.000109888
0.000209869
-0.000199144
0.000336254
-0.000302815
0.000476891
-0.000418041
0.000624852
-0.000539864
0.000768845
-0.000661541
0.000897013
-0.000775958
0.000998749
-0.000877034
0.00106678
-0.000960608
0.00109823
-0.00102479
0.0010945
-0.00106997
0.00106028
-0.00109842
0.00100233
-0.00111378
0.000928102
-0.00112016
0.000844418
-0.00112141
0.000756634
-0.00112059
0.000668254
-0.00111969
0.000581078
-0.00111977
0.000495653
-0.00112118
0.000411801
-0.00112383
0.000329041
-0.00112746
0.000246868
-0.00113177
0.000164872
-0.00113651
8.27645e-05
-0.00114157
3.70438e-07
-0.00114692
-8.23869e-05
-0.00115266
-0.000165536
-0.00115902
-0.000249063
-0.00116644
-0.000332981
-0.00117557
-0.000417378
-0.00118736
-0.000502531
-0.00120297
-0.000589034
-0.00122349
-0.00067792
-0.00124932
-0.000770646
-0.00127902
-0.000868747
-0.00130793
-0.0009728
-0.00132698
-0.00108056
-0.00132265
-0.00118454
-0.00127905
-0.00127017
-0.00118241
-0.00131591
-0.00102723
-0.0012972
-0.000821952
-0.00119439
-0.000590935
-0.0010033
-0.000369937
-0.000743975
-0.000193729
-0.000461372
-8.00027e-05
-0.000211602
-2.19587e-05
-3.54781e-05
2.41543e-07
5.99307e-05
3.27094e-06
8.67712e-05
5.10152e-05
-4.44916e-05
0.000129807
-0.000123379
0.000288757
-0.000218944
0.000431818
-0.000326506
0.000584453
-0.000442126
0.000740471
-0.000559991
0.00088671
-0.000673152
0.00101017
-0.000775018
0.00110062
-0.000860586
0.00115235
-0.000927117
0.00116476
-0.000974323
0.0011417
-0.00100416
0.00109011
-0.00102022
0.0010184
-0.00102689
0.000934767
-0.00102836
0.000845891
-0.00102799
0.000756259
-0.00102793
0.000668196
-0.00102924
0.000582387
-0.00103215
0.00049856
-0.00103641
0.000416068
-0.00104163
0.000334259
-0.0010474
0.000252636
-0.00105341
0.00017088
-0.00105946
8.88134e-05
-0.00106544
6.35829e-06
-0.00107134
-7.6494e-05
-0.00107716
-0.000159715
-0.00108298
-0.000243241
-0.00108897
-0.000326988
-0.00109547
-0.000410879
-0.00110309
-0.000494913
-0.00111285
-0.00057928
-0.0011262
-0.000664567
-0.00114484
-0.000752003
-0.00117
-0.000843586
-0.00120107
-0.000941732
-0.00123364
-0.00104798
-0.00125772
-0.00116046
-0.0012575
-0.00127039
-0.00121408
-0.00135933
-0.00111159
-0.00139969
-0.000945203
-0.00136078
-0.000727904
-0.0012206
-0.000491639
-0.00098024
-0.000279026
-0.000673985
-0.000125355
-0.000365273
-3.96868e-05
-0.000121147
-4.39925e-06
2.4643e-05
3.02888e-06
7.93431e-05
5.40441e-05
-4.83009e-05
0.000178108
-0.000131929
0.000372385
-0.000230654
0.000530543
-0.000338669
0.000692468
-0.000451192
0.000852994
-0.000561997
0.000997514
-0.000664378
0.00111256
-0.000752595
0.00118883
-0.000822909
0.00122266
-0.000874078
0.00121593
-0.000907344
0.00117497
-0.000925964
0.00110873
-0.000934337
0.00102677
-0.000936958
0.000937388
-0.000937528
0.000846461
-0.000938479
0.00075721
-0.00094097
0.000670687
-0.000945202
0.00058662
-0.000950847
0.000504204
-0.000957397
0.000422618
-0.000964392
0.000341254
-0.000971506
0.00025975
-0.000978551
0.000177925
-0.000985446
9.57079e-05
-0.000992169
1.30813e-05
-0.000998722
-6.99408e-05
-0.00100511
-0.000153328
-0.00101132
-0.000237032
-0.00101734
-0.000320967
-0.0010232
-0.000405016
-0.00102908
-0.00048903
-0.00103547
-0.0005729
-0.00104333
-0.000656706
-0.00105433
-0.000741005
-0.0010707
-0.000827213
-0.00109453
-0.000917899
-0.00112602
-0.0010165
-0.00116082
-0.00112566
-0.00118761
-0.0012436
-0.00118776
-0.00135919
-0.00113916
-0.00144829
-0.00102467
-0.00147528
-0.00084233
-0.00140293
-0.000612802
-0.00120977
-0.000377821
-0.000908966
-0.00018564
-0.000557453
-6.59173e-05
-0.00024087
-1.23423e-05
-2.8932e-05
2.03803e-06
6.49627e-05
5.60821e-05
-4.96899e-05
0.000227798
-0.000135048
0.000457743
-0.000233851
0.000629346
-0.000339238
0.000797855
-0.000445871
0.000959628
-0.000547508
0.00109915
-0.000638019
0.00120307
-0.000712709
0.00126352
-0.000769171
0.00127912
-0.000807581
0.00125434
-0.000830452
0.00119784
-0.000841892
0.00112017
-0.000846522
0.0010314
-0.000848405
0.000939271
-0.00085036
0.000848416
-0.0008538
0.00076065
-0.000859018
0.000675905
-0.000865658
0.000593259
-0.000873148
0.000511695
-0.00088098
0.00043045
-0.000888815
0.000349089
-0.000896488
0.000267423
-0.000903958
0.000185396
-0.000911255
0.000103004
-0.000918426
2.02529e-05
-0.000925516
-6.28506e-05
-0.000932539
-0.000146305
-0.00093947
-0.000230101
-0.000946235
-0.000314202
-0.000952722
-0.000398529
-0.000958822
-0.000482931
-0.000964525
-0.000567197
-0.000970123
-0.000651108
-0.000976514
-0.000734614
-0.000985515
-0.000818212
-0.000999884
-0.00090353
-0.00102253
-0.000993856
-0.00105432
-0.00109386
-0.00109061
-0.00120731
-0.00111792
-0.00133187
-0.001114
-0.00145221
-0.00105365
-0.00153563
-0.000920244
-0.00153633
-0.000718331
-0.00141168
-0.000480079
-0.00114722
-0.000258161
-0.000779371
-0.000101468
-0.000397562
-2.37504e-05
-0.000106649
3.05295e-07
4.0907e-05
5.63874e-05
-4.85725e-05
0.00027637
-0.000132707
0.000541877
-0.000228773
0.000725412
-0.000328961
0.000898043
-0.000427665
0.00105833
-0.000518942
0.00119043
-0.000597453
0.00128158
-0.000659624
0.00132569
-0.000704312
0.00132381
-0.00073289
0.00128292
-0.000748753
0.0012137
-0.000756349
0.00112777
-0.000760007
0.00103506
-0.000763005
0.000942269
-0.000767172
0.000852583
-0.000773043
0.000766521
-0.000780334
0.000683196
-0.000788449
0.000601374
-0.00079683
0.000520076
-0.000805115
0.000438735
-0.000813144
0.000357119
-0.000820905
0.000275183
-0.000828462
0.000192953
-0.000835908
0.00011045
-0.000843326
2.76713e-05
-0.000850781
-5.53959e-05
-0.000858301
-0.000138785
-0.000865878
-0.000222524
-0.000873455
-0.000306626
-0.000880907
-0.000391076
-0.000888039
-0.000475799
-0.000894609
-0.000560627
-0.000900433
-0.000645284
-0.00090562
-0.000729426
-0.000910976
-0.000812856
-0.000918475
-0.000896031
-0.000931433
-0.000980898
-0.000953583
-0.00107171
-0.00098621
-0.00117468
-0.0010235
-0.00129458
-0.00104863
-0.00142709
-0.00103485
-0.00154941
-0.000954781
-0.0016164
-0.000795808
-0.00157065
-0.000574083
-0.00136894
-0.000337087
-0.00101637
-0.000146072
-0.000588578
-3.89989e-05
-0.000213722
-2.30901e-06
4.21705e-06
5.40784e-05
-4.50686e-05
0.000321439
-0.00012525
0.000622058
-0.00021615
0.000816313
-0.00030914
0.000991032
-0.000398581
0.00114777
-0.00047906
0.00127091
-0.000546133
0.00134865
-0.000597312
0.00137687
-0.00063254
0.00135904
-0.000654063
0.00130444
-0.000665721
0.00122536
-0.000671838
0.00113389
-0.000676109
0.00103933
-0.000680902
0.000947062
-0.000687171
0.000858851
-0.000694838
0.000774189
-0.000703349
0.000691707
-0.00071211
0.000610135
-0.000720714
0.00052868
-0.000728986
0.000447007
-0.000736921
0.000365054
-0.000744606
0.000282868
-0.000752156
0.000200503
-0.00075968
0.000117974
-0.000767265
3.52557e-05
-0.000774973
-4.76878e-05
-0.000782839
-0.000130919
-0.000790873
-0.000214489
-0.00079905
-0.000298449
-0.000807292
-0.000382835
-0.000815441
-0.00046765
-0.000823241
-0.000552827
-0.000830344
-0.00063818
-0.000836411
-0.00072336
-0.000841381
-0.000807886
-0.000846005
-0.000891407
-0.000852513
-0.00097439
-0.000864892
-0.00105933
-0.000887654
-0.00115192
-0.00092193
-0.0012603
-0.000959421
-0.0013896
-0.000978234
-0.0015306
-0.000946751
-0.00164788
-0.000838024
-0.00167938
-0.000649236
-0.00155773
-0.00041445
-0.00125115
-0.000197686
-0.000805341
-5.87469e-05
-0.000352662
-5.87666e-06
-4.86533e-05
4.82017e-05
-3.94512e-05
0.00036089
-0.000113276
0.000695883
-0.000197025
0.000900062
-0.000281366
0.00107537
-0.000360809
0.00122722
-0.000430605
0.0013407
-0.000487222
0.00140526
-0.000529132
0.00141878
-0.000557108
0.00138701
-0.000573903
0.00132124
-0.000583395
0.00123485
-0.000589454
0.00113994
-0.000594987
0.00104486
-0.000601514
0.000953589
-0.00060934
0.000866678
-0.000618063
0.000782912
-0.000627086
0.00070073
-0.000635951
0.000619
-0.000644438
0.000537167
-0.000652529
0.000455098
-0.000660317
0.000372843
-0.000667934
0.000290485
-0.000675501
0.000208071
-0.00068312
0.000125593
-0.000690863
4.29985e-05
-0.000698783
-3.97676e-05
-0.000706911
-0.00012279
-0.000715265
-0.000206135
-0.000723842
-0.000289872
-0.000732607
-0.00037407
-0.000741469
-0.000458787
-0.000750254
-0.000544043
-0.000758657
-0.000629777
-0.000766238
-0.000715778
-0.000772519
-0.000801605
-0.000777315
-0.000886611
-0.000781414
-0.00097029
-0.000787472
-0.00105328
-0.000800325
-0.00113907
-0.000825121
-0.00123551
-0.000861779
-0.00135294
-0.000897381
-0.001495
-0.000903174
-0.00164209
-0.000843777
-0.00173878
-0.000698287
-0.00170322
-0.000482027
-0.00146741
-0.000252228
-0.00103514
-8.31399e-05
-0.00052175
-1.03779e-05
-0.000121415
3.78238e-05
-3.20923e-05
0.000392982
-9.75328e-05
0.000761323
-0.000172583
0.000975111
-0.000247309
0.0011501
-0.000316476
0.00129638
-0.000376061
0.00140029
-0.000423383
0.00145259
-0.000457695
0.00145309
-0.000480304
0.00140962
-0.000494126
0.00133506
-0.000502758
0.00124348
-0.00050943
0.00114662
-0.000516264
0.0010517
-0.000524107
0.000961432
-0.000532865
0.000875436
-0.000542029
0.000792076
-0.000551101
0.000709802
-0.000559793
0.000627693
-0.000568047
0.000545421
-0.000575946
0.000462996
-0.000583627
0.000380524
-0.000591226
0.000298084
-0.000598853
0.000215698
-0.000606593
0.000133333
-0.000614504
5.09094e-05
-0.00062263
-3.16414e-05
-0.000630995
-0.000114425
-0.000639615
-0.000197515
-0.000648495
-0.000280992
-0.000657621
-0.000364944
-0.000666952
-0.000449456
-0.000676391
-0.000534603
-0.000685744
-0.000620425
-0.00069466
-0.000706862
-0.000702614
-0.000793652
-0.000709003
-0.000880222
-0.000713576
-0.000965717
-0.000717324
-0.00104953
-0.000723617
-0.00113278
-0.000738357
-0.00122077
-0.000766807
-0.00132449
-0.000805698
-0.00145611
-0.000834621
-0.00161317
-0.000817074
-0.00175633
-0.000718344
-0.00180195
-0.000533209
-0.00165255
-0.000304419
-0.00126393
-0.000111167
-0.000715002
-1.58158e-05
-0.000216767
2.2008e-05
-2.34158e-05
0.000416398
-7.88269e-05
0.000816734
-0.000144023
0.00104031
-0.000208556
0.00121463
-0.000267485
0.00135531
-0.000317512
0.00145031
-0.000356702
0.00149178
-0.000384874
0.00148127
-0.00040359
0.00142834
-0.000415635
0.0013471
-0.000424115
0.00125196
-0.000431565
0.00115407
-0.000439425
0.00105956
-0.000448074
0.000970081
-0.000457227
0.000884589
-0.00046641
0.00080126
-0.000475273
0.000718665
-0.000483686
0.000636105
-0.000491695
0.000553431
-0.000499434
0.000470735
-0.000507048
0.000388138
-0.000514659
0.000305695
-0.000522362
0.0002234
-0.000530226
0.000141197
-0.000538303
5.89869e-05
-0.000546634
-2.33104e-05
-0.000555235
-0.000105823
-0.000564119
-0.000188631
-0.000573288
-0.000271823
-0.000582734
-0.000355497
-0.000592436
-0.000439754
-0.000602343
-0.000524695
-0.000612349
-0.000610419
-0.000622233
-0.000696978
-0.00063159
-0.000784294
-0.000639797
-0.000872015
-0.000646148
-0.000959366
-0.000650431
-0.00104524
-0.000654116
-0.00112909
-0.000661695
-0.00121319
-0.000680193
-0.00130599
-0.000713655
-0.00142264
-0.000752328
-0.00157449
-0.000765333
-0.00174332
-0.000710664
-0.00185662
-0.000564154
-0.00179906
-0.000349223
-0.00147886
-0.000140837
-0.000923388
-2.20879e-05
-0.000335516
-7.99394e-08
-1.38628e-05
0.000430261
-5.79559e-05
0.000860827
-0.00011247
0.00109482
-0.000166522
0.00126868
-0.000215441
0.00140423
-0.000256607
0.00149148
-0.000288704
0.00152387
-0.000311907
0.00150447
-0.000327788
0.00144422
-0.000338784
0.0013581
-0.000347402
0.00126058
-0.000355507
0.00116217
-0.000364009
0.00106806
-0.000372999
0.000979071
-0.000382149
0.00089374
-0.000391092
0.000810202
-0.00039962
0.000727193
-0.000407719
0.000644204
-0.000415495
0.000561207
-0.000423094
0.000478334
-0.00043065
0.000395694
-0.000438268
0.000313314
-0.000446028
0.00023116
-0.000453995
0.000149164
-0.000462221
6.72134e-05
-0.000470749
-1.47828e-05
-0.000479591
-9.69807e-05
-0.000488755
-0.000179467
-0.000498238
-0.00026234
-0.000508029
-0.000345706
-0.00051811
-0.000429673
-0.000528448
-0.000514357
-0.000538983
-0.000599883
-0.000549589
-0.000686372
-0.000560005
-0.000773878
-0.00056975
-0.00086227
-0.00057809
-0.000951027
-0.000584255
-0.00103908
-0.000588264
-0.00112508
-0.000592497
-0.00120896
-0.000603039
-0.00129545
-0.000627547
-0.00139814
-0.000665912
-0.00153613
-0.0006973
-0.00171193
-0.000679598
-0.00187432
-0.000574036
-0.00190462
-0.000382932
-0.00166997
-0.000169573
-0.00113675
-2.94037e-05
-0.000475685
-2.94837e-05
-3.8529e-06
0.000434114
-3.56843e-05
0.000892658
-7.89332e-05
0.00113807
-0.000122408
0.00131216
-0.000161631
0.00144345
-0.000194581
0.00152443
-0.000220432
0.00154973
-0.000239535
0.00152357
-0.000253276
0.00145796
-0.000263602
0.00136842
-0.000272385
0.00126937
-0.0002809
0.00117069
-0.000289664
0.00107682
-0.000298627
0.000988034
-0.000307504
0.000902617
-0.000316051
0.000818749
-0.000324181
0.000735324
-0.000331952
0.000651975
-0.000339492
0.000568747
-0.00034694
0.000485783
-0.000354415
0.000403169
-0.000362008
0.000320906
-0.000369788
0.000238941
-0.00037782
0.000157196
-0.000386167
7.55604e-05
-0.000394874
-6.07575e-06
-0.000403957
-8.78975e-05
-0.00041342
-0.000170004
-0.000423251
-0.000252508
-0.000433435
-0.000335522
-0.000443948
-0.00041916
-0.000454762
-0.000503543
-0.000465836
-0.000588809
-0.000477093
-0.000675114
-0.000488373
-0.000762598
-0.00049935
-0.000851293
-0.000509439
-0.000940938
-0.000517789
-0.00103073
-0.000523668
-0.0011192
-0.000527669
-0.00120495
-0.000533716
-0.0012894
-0.000549746
-0.00138211
-0.000582097
-0.00150378
-0.00062124
-0.00167279
-0.000631175
-0.00186439
-0.000564572
-0.00197122
-0.000403659
-0.00183088
-0.000194937
-0.00134547
-3.7826e-05
-0.000632796
-6.73097e-05
6.07648e-06
0.000428037
-1.26803e-05
0.000911415
-4.43025e-05
0.00116969
-7.72048e-05
0.00134506
-0.000107051
0.0014733
-0.000132318
0.0015497
-0.000152553
0.00156996
-0.00016814
0.00153916
-0.000180143
0.00146996
-0.000189944
0.00137823
-0.000198785
0.00127821
-0.000207437
0.00117934
-0.000216145
0.00108553
-0.00022481
0.000996699
-0.000233231
0.000911038
-0.000241285
0.000826802
-0.000248972
0.000743011
-0.000256388
0.000659392
-0.000263666
0.000576024
-0.000270928
0.000493046
-0.000278279
0.00041052
-0.0002858
0.000328427
-0.000293556
0.000246698
-0.000301613
0.000165253
-0.000310044
8.39922e-05
-0.000318906
2.78614e-06
-0.000328223
-7.85797e-05
-0.000337997
-0.00016023
-0.000348207
-0.000242298
-0.00035883
-0.000324899
-0.000369839
-0.000408151
-0.000381204
-0.000492178
-0.000392889
-0.000577124
-0.000404839
-0.000663164
-0.000416949
-0.000750488
-0.000429003
-0.000839238
-0.000440582
-0.000929359
-0.000450967
-0.00102034
-0.000459224
-0.00111095
-0.000464878
-0.0011993
-0.000469696
-0.00128458
-0.000479884
-0.00137192
-0.000504498
-0.00147916
-0.000543749
-0.00163354
-0.000571765
-0.00183637
-0.000539173
-0.00200382
-0.0004113
-0.00195875
-0.000215167
-0.0015416
-4.69318e-05
-0.000801032
-0.000114241
1.53177e-05
0.00041272
1.04164e-05
0.000916316
-9.31301e-06
0.00118942
-3.1723e-05
0.00136747
-5.24615e-05
0.00149404
-7.04314e-05
0.00156767
-8.54601e-05
0.00158499
-9.78676e-05
0.00155157
-0.000108317
0.00148041
-0.000117589
0.0013875
-0.000126327
0.00128694
-0.000134871
0.00118788
-0.000143279
0.00109394
-0.000151452
0.00100487
-0.000159292
0.000918878
-0.000166778
0.000834287
-0.000173973
0.000750206
-0.000180992
0.000666411
-0.000187958
0.000582991
-0.000194982
0.00050007
-0.000202155
0.000417693
-0.000209552
0.000335825
-0.000217241
0.000254386
-0.000225282
0.000173295
-0.000233759
9.24696e-05
-0.000242747
1.17741e-05
-0.000252286
-6.90402e-05
-0.000262376
-0.00015014
-0.000272986
-0.000231687
-0.000284087
-0.000313798
-0.00029565
-0.000396588
-0.000307643
-0.000480185
-0.000320031
-0.000564736
-0.000332768
-0.000650428
-0.000345773
-0.000737482
-0.000358897
-0.000826115
-0.000371839
-0.000916417
-0.000384054
-0.00100813
-0.000394688
-0.00110031
-0.000402839
-0.00119115
-0.000408747
-0.00127868
-0.000416256
-0.00136441
-0.000434184
-0.00146123
-0.000469268
-0.00159846
-0.000507083
-0.00179855
-0.000502027
-0.00200887
-0.000407126
-0.00205365
-0.000229398
-0.00171933
-5.61824e-05
-0.000974247
-0.000170424
2.34501e-05
0.000389269
3.28696e-05
0.000906897
2.54408e-05
0.00119685
1.33678e-05
0.00137954
1.5331e-06
0.00150587
-9.34697e-06
0.00157855
-1.93646e-05
0.00159501
-2.87205e-05
0.00156092
-3.76378e-05
0.00148933
-4.62942e-05
0.00139615
-5.47619e-05
0.00129541
-6.3005e-05
0.00119613
-7.09347e-05
0.00110187
-7.84832e-05
0.00101242
-8.56474e-05
0.000926043
-9.24946e-05
0.000841135
-9.91364e-05
0.000756848
-0.000105696
0.000672971
-0.000112287
0.000589582
-0.000119007
0.00050679
-0.000125941
0.000424627
-0.000133163
0.000343048
-0.00014074
0.000261963
-0.000148732
0.000181287
-0.000157221
0.000100959
-0.000166306
2.08592e-05
-0.000176052
-5.92941e-05
-0.000186453
-0.000139738
-0.000197472
-0.000220668
-0.000209075
-0.000302195
-0.000221236
-0.000384427
-0.000233927
-0.000467494
-0.000247112
-0.000551551
-0.000260744
-0.000636796
-0.000274757
-0.000723469
-0.000289033
-0.000811839
-0.000303348
-0.000902102
-0.000317293
-0.000994184
-0.000330176
-0.00108743
-0.000341061
-0.00118026
-0.000349378
-0.00127036
-0.000356911
-0.00135688
-0.000370587
-0.00144756
-0.000400161
-0.00156888
-0.000441597
-0.00175712
-0.000457311
-0.00199316
-0.000393229
-0.00211773
-0.000237551
-0.00187501
-6.48973e-05
-0.0011469
-0.000235321
3.0195e-05
0.000359074
5.38858e-05
0.000883206
5.93736e-05
0.00119136
5.76454e-05
0.00138127
5.45016e-05
0.00150902
5.059e-05
0.00158246
4.55702e-05
0.00160003
3.9329e-05
0.00156716
3.20605e-05
0.0014966
2.41684e-05
0.00140405
1.61245e-05
0.00130346
8.32297e-06
0.00120393
9.87943e-07
0.0011092
-5.83961e-06
0.00101925
-1.22475e-05
0.000932451
-1.83824e-05
0.00084727
-2.43957e-05
0.000762862
-3.04176e-05
0.000678993
-3.65543e-05
0.000595719
-4.2896e-05
0.000513132
-4.95239e-05
0.000431255
-5.65155e-05
0.00035004
-6.39442e-05
0.000269393
-7.18742e-05
0.000189218
-8.0376e-05
0.000109461
-8.95387e-05
3.00224e-05
-9.94579e-05
-4.93745e-05
-0.000110139
-0.000129057
-0.000121548
-0.000209258
-0.000133656
-0.000290087
-0.000146446
-0.000371637
-0.000159892
-0.000454047
-0.000173958
-0.000537485
-0.000188596
-0.000622157
-0.000203744
-0.000708322
-0.000219299
-0.000796284
-0.000235083
-0.000886317
-0.000250777
-0.000978489
-0.000265842
-0.00107236
-0.000279463
-0.00116664
-0.000290797
-0.00125903
-0.000300242
-0.00134743
-0.000312376
-0.00143542
-0.00033715
-0.00154411
-0.000378339
-0.00171593
-0.000408668
-0.00196283
-0.00037202
-0.00215438
-0.000240128
-0.0020069
-7.24998e-05
-0.00131453
-0.000307821
3.53411e-05
0.000323733
7.27822e-05
0.000845765
9.1755e-05
0.00117239
0.000100594
0.00137243
0.000106083
0.00150353
0.000109155
0.00157939
0.000109265
0.00159992
0.000106341
0.00157009
0.000100942
0.001502
9.40086e-05
0.00141098
8.65319e-05
0.00131093
7.92659e-05
0.00121119
7.25883e-05
0.00111588
6.65374e-05
0.0010253
6.09502e-05
0.000938038
5.5605e-05
0.000852615
5.03077e-05
0.000768159
4.49146e-05
0.000684386
3.93211e-05
0.000601313
3.34401e-05
0.000519013
2.71895e-05
0.000437506
2.04868e-05
0.000356743
1.32492e-05
0.000276631
5.39889e-06
0.000197069
-3.13284e-06
0.000117994
-1.23995e-05
3.92897e-05
-2.24604e-05
-3.9313e-05
-3.33583e-05
-0.000118158
-4.51072e-05
-0.000197509
-5.76996e-05
-0.000277494
-7.11258e-05
-0.00035821
-8.53663e-05
-0.000439806
-0.000100385
-0.000522466
-0.000116133
-0.000606409
-0.000132544
-0.000691911
-0.000149522
-0.000779305
-0.000166913
-0.000868926
-0.000184459
-0.000960943
-0.000201734
-0.00105509
-0.00021808
-0.0011503
-0.000232664
-0.00124444
-0.00024516
-0.00133494
-0.000258095
-0.00142249
-0.000279899
-0.00152231
-0.000319053
-0.00167677
-0.000358976
-0.00192291
-0.000345859
-0.0021675
-0.000238008
-0.00211475
-7.86637e-05
-0.00147387
-0.000386485
3.87507e-05
0.000284983
8.89578e-05
0.000795558
0.000121868
0.00113948
0.000141703
0.0013526
0.000155892
0.00148934
0.000166051
0.00156923
0.000171559
0.00159441
0.000172307
0.00156934
0.00016912
0.00150519
0.000163406
0.00141669
0.000156652
0.00131769
0.000149988
0.00121786
0.00014399
0.00112188
0.000138738
0.00103055
0.000134019
0.000942757
0.000129541
0.000857094
0.000125057
0.000772644
0.000120397
0.000689046
0.000115449
0.000606262
0.000110121
0.000524341
0.000104328
0.000443299
9.79806e-05
0.000363091
9.09853e-05
0.000283626
8.32601e-05
0.000204794
7.47612e-05
0.000126493
6.54638e-05
4.85876e-05
5.53186e-05
-2.91674e-05
4.42292e-05
-0.000107068
3.21429e-05
-0.000185422
1.90425e-05
-0.000264393
4.93443e-06
-0.000344102
-1.01614e-05
-0.00042471
-2.62118e-05
-0.000506416
-4.31674e-05
-0.000589453
-6.09607e-05
-0.000674117
-7.94994e-05
-0.000760766
-9.8646e-05
-0.000849779
-0.000118187
-0.000941402
-0.000137781
-0.00103549
-0.000156904
-0.00113117
-0.000174844
-0.0012265
-0.000191013
-0.00131877
-0.000206505
-0.001407
-0.000227541
-0.00150127
-0.000264468
-0.00163985
-0.000310292
-0.00187708
-0.000316831
-0.00216096
-0.000232259
-0.00219932
-8.33487e-05
-0.00162278
-0.000469833
4.03899e-05
0.000244593
0.000101875
0.000734073
0.000148931
0.00109242
0.00018037
0.00132116
0.000203502
0.00146621
0.000220933
0.0015518
0.000232203
0.00158314
0.000237103
0.00156444
0.000236593
0.0015057
0.000232451
0.00142084
0.000226619
0.00132352
0.00022063
0.00122385
0.000215317
0.00112719
0.000210862
0.00103501
0.000207042
0.000946578
0.000203504
0.000860631
0.000199941
0.000776207
0.00019614
0.000692847
0.000191964
0.000610438
0.000187314
0.000528992
0.000182098
0.000448515
0.000176223
0.000368967
0.000169592
0.000290257
0.00016212
0.000212267
0.000153757
0.000134856
0.000144477
5.78676e-05
0.000134241
-1.89309e-05
0.000122944
-9.57714e-05
0.000110498
-0.000172976
9.68603e-05
-0.000250755
8.20266e-05
-0.000329268
6.60092e-05
-0.000408692
4.88375e-05
-0.000489244
3.05607e-05
-0.000571176
1.125e-05
-0.000654806
-8.99905e-06
-0.000740517
-3.00616e-05
-0.000828717
-5.17588e-05
-0.000919705
-7.38194e-05
-0.00101343
-9.58347e-05
-0.00110916
-0.000117239
-0.0012051
-0.000137432
-0.00129857
-0.000156674
-0.00138775
-0.000179037
-0.00147891
-0.000214599
-0.00160428
-0.000263923
-0.00182776
-0.000286629
-0.00213825
-0.000224006
-0.00226195
-8.67626e-05
-0.00176003
-0.000556596
4.03347e-05
0.000204258
0.000111084
0.000663323
0.000172091
0.00103142
0.00021584
0.00127741
0.000248377
0.00143367
0.000273367
0.00152681
0.000290829
0.00156568
0.000300468
0.0015548
0.000303233
0.00150293
0.000301136
0.00142293
0.000296516
0.00132814
0.000291316
0.00122905
0.000286696
0.00113181
0.000283015
0.00103869
0.000280101
0.000949493
0.000277562
0.000863169
0.000275025
0.000778744
0.000272214
0.000695658
0.000268954
0.000613699
0.000265122
0.000532823
0.000260619
0.000453018
0.000255346
0.00037424
0.000249207
0.000296397
0.000242112
0.000219362
0.000233994
0.000142975
0.000224803
6.70582e-05
0.000214484
-8.61129e-06
0.000202953
-8.42405e-05
0.000190121
-0.000160143
0.000175921
-0.000236555
0.000160331
-0.000313677
0.000143351
-0.000391712
0.000125
-0.000470892
0.000105322
-0.000551498
8.43846e-05
-0.000633869
6.22809e-05
-0.000718413
3.91307e-05
-0.000805566
1.50929e-05
-0.000895667
-9.61512e-06
-0.000988725
-3.4692e-05
-0.00108408
-5.97144e-05
-0.00118008
-8.41749e-05
-0.00127411
-0.000107951
-0.00136398
-0.000133395
-0.00145346
-0.000169024
-0.00156866
-0.000220561
-0.00177622
-0.000256534
-0.00210228
-0.000214319
-0.00230416
-8.92899e-05
-0.00188506
-0.000645886
3.87692e-05
0.000165489
0.000116267
0.000585825
0.00019045
0.000957234
0.000247163
0.0012207
0.000289805
0.00139103
0.00032278
0.00149383
0.000346915
0.00154154
0.000361963
0.00153975
0.000368735
0.00149616
0.000369315
0.00142235
0.000366331
0.00133112
0.000362132
0.00123325
0.000358256
0.00113569
0.000355332
0.00104161
0.000353308
0.000951516
0.000351803
0.000864674
0.000350381
0.000780167
0.000348692
0.000697347
0.000346501
0.00061589
0.000343646
0.000535678
0.000340008
0.000456657
0.000335479
0.000378769
0.000329956
0.00030192
0.000323344
0.000225974
0.000315558
0.000150761
0.000306527
7.60894e-05
0.000296178
1.73795e-06
0.000284438
-7.25007e-05
0.000271221
-0.000146926
0.000256445
-0.000221779
0.00024007
-0.000297303
0.000222085
-0.000373726
0.0002025
-0.000451307
0.00018135
-0.000530349
0.000158702
-0.00061122
0.00013464
-0.000694352
0.000109271
-0.000780197
8.27204e-05
-0.000869117
5.51481e-05
-0.000961153
2.67761e-05
-0.00105571
-2.07555e-06
-0.00115122
-3.10376e-05
-0.00124515
-5.9886e-05
-0.00133513
-8.97855e-05
-0.00142356
-0.000127123
-0.00153132
-0.000180467
-0.00172288
-0.000227438
-0.00205531
-0.000204136
-0.00232746
-9.14181e-05
-0.00199777
-0.000737304
3.59728e-05
0.000129516
0.000117289
0.000504509
0.000203145
0.000871378
0.000273197
0.00115065
0.000326825
0.0013374
0.000368404
0.00145225
0.000399757
0.00151019
0.000420933
0.00151858
0.000432567
0.00148453
0.000436633
0.00141829
0.000435907
0.00133185
0.000433083
0.00123607
0.000430109
0.00113866
0.000427965
0.00104376
0.000426815
0.000952666
0.00042635
0.000865139
0.000426105
0.000780413
0.000425654
0.000697797
0.000424683
0.000616862
0.000422971
0.000537389
0.000420363
0.000459265
0.000416731
0.000382402
0.000411961
0.00030669
0.000405947
0.000231988
0.00039859
0.000158119
0.000389802
8.48778e-05
0.000379494
1.20457e-05
0.000367594
-6.06008e-05
0.000354012
-0.000133343
0.000338663
-0.000206429
0.000321493
-0.000280133
0.000302478
-0.000354711
0.000281618
-0.000430447
0.000258943
-0.000507674
0.000234509
-0.000586786
0.000208392
-0.000668235
0.000180679
-0.000752484
0.000151462
-0.000839899
0.000120839
-0.00093053
8.894e-05
-0.00102381
5.59613e-05
-0.00111825
2.21824e-05
-0.00121137
-1.21536e-05
-0.00130079
-4.7543e-05
-0.00138817
-8.82178e-05
-0.00149064
-0.000143586
-0.00166751
-0.000199884
-0.00199901
-0.000194218
-0.00233313
-9.3675e-05
-0.00209832
-0.000830979
3.22905e-05
9.72256e-05
0.000114245
0.000422555
0.000209449
0.000776174
0.000292661
0.00106744
0.000358191
0.00127187
0.000409217
0.00140123
0.000448433
0.00147097
0.000476484
0.00149053
0.00049392
0.00146709
0.000502467
0.00140974
0.00050486
0.00132946
0.000504022
0.00123691
0.000502295
0.00114039
0.000501067
0.00104498
0.000500814
0.000952919
0.000501387
0.000864567
0.000502347
0.000779453
0.000503215
0.000696929
0.000503594
0.000616484
0.000503186
0.000537797
0.000501778
0.000460672
0.000499209
0.000384971
0.000495342
0.000310557
0.000490057
0.000237273
0.000483242
0.000164934
0.000474794
9.33259e-05
0.000464613
2.22268e-05
0.000452618
-4.86048e-05
0.000438712
-0.000119437
0.000422812
-0.00019053
0.000404855
-0.000262176
0.000384805
-0.000334661
0.000362655
-0.000408296
0.000338423
-0.000483443
0.000312156
-0.000560518
0.00028391
-0.000639989
0.000253745
-0.000722319
0.000221706
-0.00080786
0.000187822
-0.000896647
0.000152134
-0.000988121
0.000114727
-0.00108084
7.57865e-05
-0.00117243
3.55348e-05
-0.00126054
-6.14517e-06
-0.00134649
-5.16266e-05
-0.00144516
-0.00010964
-0.0016095
-0.000174092
-0.00193456
-0.000185105
-0.00232212
-9.65758e-05
-0.00218685
-0.000927555
2.80878e-05
6.91378e-05
0.000107507
0.000343136
0.000208919
0.000674761
0.000304273
0.000972082
0.000382378
0.00119376
0.000443873
0.00133973
0.000491756
0.00142309
0.000527464
0.00145482
0.000551686
0.00144287
0.00056586
0.00139557
0.000572492
0.00132282
0.000574555
0.00123484
0.000574699
0.00114025
0.000574733
0.00104495
0.000575517
0.000952135
0.000577161
0.000862923
0.00057934
0.000777274
0.000581572
0.000694697
0.00058339
0.000614666
0.000584418
0.00053677
0.000584368
0.000460722
0.000583026
0.000386313
0.000580222
0.000313362
0.000575811
0.000241684
0.000569667
0.000171078
0.000561672
0.000101322
0.000551715
3.21834e-05
0.000539705
-3.65948e-05
0.000525542
-0.000105274
0.00050914
-0.000174128
0.000490432
-0.000243467
0.000469372
-0.000313601
0.000445944
-0.000384869
0.000420157
-0.000457655
0.000392035
-0.000532396
0.000361608
-0.000609563
0.000328895
-0.000689606
0.000293879
-0.000772845
0.000256516
-0.000859283
0.000216743
-0.000948349
0.000174544
-0.00103864
0.000130028
-0.00112791
8.34442e-05
-0.00121396
3.4897e-05
-0.00129795
-1.67199e-05
-0.00139355
-7.82115e-05
-0.001548
-0.000150006
-0.00186276
-0.000177087
-0.00229504
-0.000100571
-0.00226336
-0.00102813
2.37039e-05
4.54338e-05
9.77266e-05
0.000269113
0.000201538
0.00057095
0.000306942
0.000866678
0.000397689
0.00110302
0.000470668
0.00126675
0.000528203
0.00136556
0.000572428
0.00141059
0.000604436
0.00141086
0.000625478
0.00137452
0.0006377
0.0013106
0.000643919
0.00122863
0.000646927
0.00113724
0.00064889
0.00104299
0.000651084
0.00094994
0.000653967
0.000860041
0.000657422
0.000773819
0.000661045
0.000691074
0.000664352
0.000611359
0.000666901
0.000534221
0.000668329
0.000459294
0.000668357
0.000386286
0.000666765
0.000314954
0.000663376
0.000245073
0.00065804
0.000176414
0.000650623
0.000108739
0.000641006
4.1801e-05
0.000629084
-2.46729e-05
0.000614754
-9.09441e-05
0.000597931
-0.000157305
0.00057854
-0.000224076
0.000556531
-0.000291592
0.000531875
-0.000360213
0.000504562
-0.000430342
0.00047459
-0.000502424
0.000441946
-0.000576919
0.00040659
-0.00065425
0.000368435
-0.00073469
0.000327343
-0.000818191
0.000283154
-0.000904159
0.000235753
-0.00099124
0.000185187
-0.00107735
0.000131763
-0.00116053
7.58958e-05
-0.00124208
1.71888e-05
-0.00133484
-4.88252e-05
-0.00148199
-0.00012732
-0.00178427
-0.000170149
-0.00225221
-0.000105989
-0.00232752
-0.00113411
1.94197e-05
2.60142e-05
8.58046e-05
0.000202728
0.000187836
0.000468918
0.000300032
0.000754483
0.000402463
0.00100059
0.000487591
0.00118162
0.000555856
0.00129729
0.000609583
0.00135687
0.000650404
0.00137004
0.000679588
0.00134534
0.000698918
0.00129127
0.000710864
0.00121668
0.000718143
0.00112996
0.000723133
0.001038
0.000727482
0.000945591
0.000732035
0.000855488
0.000736978
0.000768875
0.000742082
0.000685971
0.000746923
0.000606518
0.000751041
0.000530103
0.000754021
0.000456314
0.000755518
0.000384788
0.000755258
0.000315214
0.00075302
0.00024731
0.000748625
0.00018081
0.000741918
0.000115446
0.000732766
5.09524e-05
0.000721055
-1.29613e-05
0.000706676
-7.65655e-05
0.000689542
-0.000140171
0.000669573
-0.000204107
0.000646709
-0.000268727
0.000620904
-0.000334408
0.00059212
-0.000401558
0.000560313
-0.000470617
0.000525414
-0.00054202
0.000487308
-0.000616144
0.000445819
-0.0006932
0.000400711
-0.000773082
0.000351722
-0.000855171
0.000298654
-0.000938173
0.000241524
-0.00102022
0.000180731
-0.00109974
0.000117031
-0.00117838
5.06997e-05
-0.00126851
-2.09173e-05
-0.00141037
-0.000105488
-0.0016997
-0.000163926
-0.00219377
-0.000112975
-0.00237847
-0.00124709
1.5452e-05
1.05621e-05
7.27947e-05
0.000145386
0.000168931
0.000372782
0.000283593
0.00063982
0.000395382
0.000888799
0.000492494
0.00108451
0.000572402
0.00121738
0.000636725
0.00129254
0.000687453
0.00131931
0.000726065
0.00130673
0.000754092
0.00126325
0.000773568
0.0011972
0.00078692
0.00111661
0.00079652
0.0010284
0.000804258
0.000937854
0.000811337
0.000848409
0.000818294
0.000761918
0.000825165
0.000679101
0.000831679
0.000600003
0.000837438
0.000524344
0.000842021
0.000451731
0.000845047
0.000381761
0.000846198
0.000314064
0.000845208
0.0002483
0.000841864
0.000184154
0.000835988
0.000121322
0.000827431
5.95097e-05
0.000816059
-1.58916e-06
0.000801766
-6.22728e-05
0.000784453
-0.000122859
0.000764032
-0.000183686
0.000740424
-0.00024512
0.000713559
-0.000307543
0.000683357
-0.000371357
0.000649718
-0.000436978
0.000612497
-0.000504799
0.00057149
-0.000575137
0.00052642
-0.00064813
0.000476945
-0.000723608
0.000422713
-0.000800939
0.000363465
-0.000878924
0.000299229
-0.00095598
0.000230552
-0.00103106
0.000158554
-0.00110638
8.42531e-05
-0.00119421
6.23896e-06
-0.00133236
-8.37536e-05
-0.00160971
-0.00015765
-0.00211987
-0.000121402
-0.00241472
-0.00136849
1.19819e-05
-1.41974e-06
5.97763e-05
9.75911e-05
0.000146436
0.000286122
0.000258514
0.000527742
0.000375811
0.000771502
0.00048341
0.000976911
0.000575256
0.00112554
0.000651204
0.00121659
0.000713023
0.00125749
0.000762379
0.00125737
0.000800704
0.00122492
0.000829624
0.00116828
0.000851133
0.0010951
0.000867372
0.00101216
0.000880272
0.000924954
0.000891277
0.000837403
0.000901255
0.000751941
0.00091055
0.000669805
0.000919133
0.00059142
0.000926753
0.000516725
0.000933061
0.000445423
0.000937695
0.000377128
0.00094032
0.000311439
0.000940649
0.000247971
0.00093844
0.000186362
0.000933491
0.000126271
0.000925636
6.73647e-05
0.000914725
9.32213e-06
0.000900643
-4.81909e-05
0.000883276
-0.000105491
0.000862516
-0.000162925
0.000838259
-0.000220863
0.000810393
-0.000279677
0.000778785
-0.000339749
0.000743259
-0.000401452
0.000703583
-0.000465123
0.000659449
-0.000531003
0.000610473
-0.000599154
0.000556213
-0.000669348
0.000496238
-0.000740963
0.000430266
-0.000812953
0.000358399
-0.000884113
0.000281394
-0.000954059
0.000200784
-0.00102577
0.000118302
-0.00111172
3.35352e-05
-0.00124759
-6.12143e-05
-0.00151496
-0.000150094
-0.00203099
-0.000130764
-0.00243405
-0.00149926
9.19913e-06
-1.06188e-05
4.77129e-05
5.90774e-05
0.000122217
0.000211618
0.000226452
0.000423507
0.000344034
0.00065392
0.000458943
0.000862003
0.000561862
0.00102262
0.00065003
0.00112843
0.000724107
0.00118341
0.00078558
0.0011959
0.000835802
0.0011747
0.000876084
0.001128
0.000907954
0.00106323
0.000933159
0.000986954
0.000953457
0.000904656
0.000970353
0.000820508
0.000984936
0.000737357
0.000997845
0.000656896
0.00100933
0.000579936
0.00101936
0.000506695
0.00102774
0.000437045
0.00103419
0.000370676
0.00103842
0.000307203
0.00104017
0.000246228
0.00103917
0.000187356
0.00103523
0.000130213
0.00102816
7.44376e-05
0.00101779
1.96851e-05
0.001004
-3.4401e-05
0.000986654
-8.81408e-05
0.000965609
-0.00014188
0.000940725
-0.000195978
0.000911835
-0.000250788
0.000878737
-0.00030665
0.000841169
-0.000363884
0.0007988
-0.000422754
0.000751216
-0.000483419
0.000697925
-0.000545864
0.000638399
-0.000609822
0.00057216
-0.000674724
0.000498956
-0.000739749
0.000419032
-0.000804189
0.000333429
-0.000868456
0.000244122
-0.000936467
0.000153492
-0.00102109
6.20358e-05
-0.00115614
-3.67442e-05
-0.00141618
-0.000139462
-0.00192828
-0.000140042
-0.00243347
-0.0016393
7.22014e-06
-1.7839e-05
3.72281e-05
2.90695e-05
9.79122e-05
0.000150934
0.000189426
0.000331993
0.000301205
0.000542141
0.000418578
0.00074463
0.000530122
0.000911073
0.000630162
0.00102839
0.000717358
0.00109622
0.000792308
0.00112095
0.000856034
0.00111097
0.000909548
0.00107449
0.000953948
0.00101883
0.000990531
0.000950372
0.00102072
0.000874467
0.00104589
0.000795335
0.0010672
0.000716044
0.00108549
0.000638607
0.00110126
0.000564166
0.00111473
0.000493227
0.00112591
0.000425866
0.00113469
0.000361902
0.00114087
0.000301021
0.00114425
0.000242847
0.00114462
0.000186986
0.00114178
0.00013305
0.00113556
8.06617e-05
0.00112578
2.94616e-05
0.0011123
-2.09169e-05
0.00109495
-7.07909e-05
0.00107356
-0.000120497
0.00104795
-0.000170368
0.00101788
-0.00022072
0.000983079
-0.000271844
0.000943184
-0.000323989
0.000897769
-0.000377339
0.000846318
-0.000431968
0.00078825
-0.000487796
0.000722977
-0.00054455
0.000650027
-0.000601773
0.000569245
-0.000658968
0.000481092
-0.000716036
0.000386945
-0.00077431
0.000289225
-0.000838747
0.000190853
-0.000922721
9.30934e-05
-0.00105838
-9.02113e-06
-0.00131406
-0.000123318
-0.00181398
-0.000147605
-0.00240918
-0.0017869
5.86871e-06
-2.37077e-05
2.80718e-05
6.8664e-06
7.40334e-05
0.000104973
0.00014889
0.000257136
0.000248786
0.000442245
0.000362669
0.000630747
0.000478784
0.000794958
0.000589001
0.00091817
0.00068942
0.0009958
0.000778945
0.00103142
0.000857716
0.0010322
0.00092625
0.00100595
0.000985216
0.000959862
0.00103546
0.000900125
0.00107802
0.000831911
0.001114
0.000759352
0.00114448
0.000685566
0.00117036
0.00061273
0.0011923
0.00054222
0.00121076
0.000474774
0.00122595
0.000410674
0.00123796
0.000349895
0.00124675
0.000292229
0.00125223
0.000237364
0.00125428
0.00018494
0.00125274
0.000134587
0.00124747
8.5935e-05
0.0012383
3.86276e-05
0.00122508
-7.69273e-06
0.00120762
-5.33368e-05
0.00118573
-9.86092e-05
0.00115917
-0.000143803
0.00112764
-0.000189186
0.00109078
-0.000234986
0.00104816
-0.000281374
0.00099927
-0.000328448
0.000943512
-0.000376209
0.000880255
-0.000424539
0.00080891
-0.000473205
0.000729078
-0.000521942
0.00064078
-0.00057067
0.000544741
-0.000619997
0.00044267
-0.000672239
0.000337338
-0.000733415
0.000232041
-0.000817424
0.000128644
-0.00095498
2.34048e-05
-0.00120882
-9.88174e-05
-0.00169176
-0.000151274
-0.00235673
-0.00193818
4.13974e-06
-2.78474e-05
1.80151e-05
-7.00885e-06
4.84497e-05
7.45381e-05
0.000104095
0.000201491
0.000187267
0.000359074
0.000291828
0.000526185
0.000407527
0.000679259
0.000524883
0.000800814
0.000637506
0.000883178
0.00074203
0.000926897
0.000837061
0.000937171
0.000922206
0.00092081
0.00099755
0.000884518
0.00106348
0.000834197
0.00112062
0.000774771
0.00116977
0.000710196
0.00121182
0.000643515
0.00124762
0.000576935
0.00127789
0.000511944
0.00130323
0.000449439
0.00132404
0.000389866
0.00134058
0.000333351
0.001353
0.000279805
0.00136136
0.000229008
0.00136563
0.000180668
0.00136576
0.000134459
0.00136165
9.00464e-05
0.00135317
4.71038e-05
0.00134017
5.30842e-06
0.00132248
-3.56433e-05
0.00129986
-7.59928e-05
0.00127205
-0.000115987
0.00123869
-0.000155834
0.0011994
-0.000195688
0.00115366
-0.000235641
0.00110093
-0.000275718
0.00104059
-0.000315869
0.000972032
-0.000355978
0.00089475
-0.000395923
0.000808512
-0.000435705
0.00071357
-0.000475728
0.000610912
-0.000517339
0.000502465
-0.000563793
0.000391116
-0.000622065
0.00028019
-0.000706498
0.000171777
-0.000846567
6.28232e-05
-0.00109987
-6.324e-05
-0.00156569
-0.000148321
-0.00227165
-0.0020865
-6.4223e-07
-2.72051e-05
1.46586e-06
-9.11682e-06
1.4748e-05
6.1256e-05
5.02026e-05
0.000166037
0.000114381
0.000294895
0.000205677
0.00043489
0.000316485
0.000568451
0.000437328
0.00067997
0.000560036
0.000760469
0.00067895
0.000807983
0.00079071
0.000825411
0.000893548
0.000817973
0.000986666
0.0007914
0.00106987
0.000750997
0.00114335
0.000701288
0.00120759
0.000645952
0.00126325
0.000587858
0.00131104
0.000529141
0.00135169
0.0004713
0.00138582
0.000415306
0.00141397
0.000361715
0.00143655
0.000310769
0.00145386
0.000262496
0.0014661
0.000216773
0.00147337
0.000173393
0.00147573
0.000132101
0.00147315
9.26214e-05
0.00146558
5.4679e-05
0.00145288
1.80109e-05
0.00143489
-1.76574e-05
0.0014114
-5.25042e-05
0.00138213
-8.67158e-05
0.00134673
-0.000120431
0.00130477
-0.000153735
0.00125579
-0.000186658
0.00119925
-0.000219178
0.00113461
-0.000251234
0.00106141
-0.000282774
0.000979331
-0.000313843
0.000888378
-0.000344752
0.000789041
-0.000376391
0.000682466
-0.000410763
0.00057057
-0.000451897
0.000455992
-0.000507488
0.000341586
-0.000592092
0.000228919
-0.0007339
0.000114825
-0.000985777
-1.35216e-05
-0.00143735
-0.000134103
-0.00215106
-0.0022206
-1.34081e-05
-1.37969e-05
-3.09293e-05
8.40446e-06
-3.76914e-05
6.80182e-05
-2.18803e-05
0.000150226
2.40697e-05
0.000248945
0.000101607
0.000357352
0.000205403
0.000464655
0.000326838
0.000558536
0.000457059
0.000630249
0.000588716
0.000676326
0.000716553
0.000697573
0.000837195
0.000697331
0.000948682
0.000679913
0.00105004
0.000649639
0.00114095
0.000610379
0.00122153
0.000565373
0.00129218
0.000517206
0.00135347
0.000467849
0.00140604
0.000418728
0.00145053
0.000370818
0.00148752
0.000324724
0.00151752
0.000280769
0.00154095
0.00023907
0.00155812
0.0001996
0.00156928
0.000162238
0.00157457
0.00012681
0.00157408
9.31142e-05
0.00156781
6.0945e-05
0.00155571
3.01075e-05
0.00153765
4.04359e-07
0.00151347
-2.83254e-05
0.00148294
-5.61791e-05
0.00144575
-8.32433e-05
0.00140157
-0.000109557
0.00135003
-0.000135122
0.00129077
-0.000159914
0.00122345
-0.000183913
0.00114785
-0.000207173
0.00106393
-0.000229924
0.000971928
-0.000252751
0.000872452
-0.000276915
0.000766559
-0.000304871
0.000655797
-0.000341136
0.000542122
-0.000393812
0.000427446
-0.000477416
0.000312184
-0.000618638
0.000192037
-0.000865629
5.63695e-05
-0.00130168
-9.83412e-05
-0.00199635
-0.00231894
-4.09741e-05
2.71772e-05
-9.01771e-05
5.76076e-05
-0.000121095
9.89357e-05
-0.000123143
0.000152274
-9.13398e-05
0.000217142
-2.47124e-05
0.000290725
7.31381e-05
0.000366805
0.000194453
0.00043722
0.000330241
0.000494462
0.000472469
0.000534098
0.000614576
0.000555466
0.000751792
0.000560116
0.000880958
0.000550747
0.00100021
0.000530392
0.00110859
0.000501997
0.00120579
0.000468169
0.00129193
0.000431068
0.00136738
0.000392395
0.00143269
0.000353426
0.00148843
0.00031507
0.00153523
0.000277929
0.00157363
0.000242366
0.00160414
0.000208559
0.00162719
0.000176556
0.00164311
0.000146317
0.00165217
0.000117745
0.00165457
9.07137e-05
0.00165043
6.50879e-05
0.0016398
4.07376e-05
0.00162265
1.7552e-05
0.0015989
-4.57029e-06
0.00156843
-2.57133e-05
0.00153113
-4.59391e-05
0.00148684
-6.52693e-05
0.00143543
-8.37154e-05
0.00137681
-0.000101288
0.00131093
-0.000118033
0.00123785
-0.000134101
0.00115778
-0.000149851
0.00107104
-0.000166009
0.000978092
-0.00018397
0.00087953
-0.000206309
0.000776012
-0.000237619
0.000668194
-0.000285994
0.000556453
-0.000365675
0.000439827
-0.000502012
0.000312764
-0.000738566
0.000159756
-0.00114867
-2.67881e-05
-0.00180981
-0.00234573
-9.00901e-05
0.000117267
-0.000183136
0.000150654
-0.000240189
0.000155989
-0.000257408
0.000169493
-0.000234895
0.000194629
-0.000174122
0.000229952
-7.93607e-05
0.000272043
4.25852e-05
0.000315274
0.000183115
0.000353932
0.000333729
0.000383484
0.000487447
0.000401748
0.000638611
0.000408951
0.000783171
0.000406187
0.000918471
0.000395091
0.00104293
0.000377534
0.00115578
0.000355325
0.00125678
0.000330061
0.00134612
0.000303064
0.00142417
0.00027537
0.00149149
0.000247755
0.00154865
0.000220761
0.00159628
0.000194745
0.00163492
0.000169915
0.0016651
0.00014637
0.00168729
0.00012413
0.00170187
0.000103164
0.00170918
8.34103e-05
0.00170947
6.47945e-05
0.00170297
4.72378e-05
0.00168985
3.06702e-05
0.00167026
1.50242e-05
0.00164423
3.09775e-07
0.00161178
-1.34901e-05
0.00157302
-2.65044e-05
0.00152809
-3.87884e-05
0.00147717
-5.03655e-05
0.00142044
-6.1308e-05
0.00135814
-7.1799e-05
0.0012905
-8.22115e-05
0.00121772
-9.32281e-05
0.00113985
-0.000106094
0.00105663
-0.000123098
0.000967353
-0.000148338
0.000870476
-0.000189116
0.000763321
-0.00025852
0.000641529
-0.00038022
0.000497438
-0.000594475
0.000312272
-0.000963505
8.51182e-05
-0.00158266
-0.00226061
-0.00016034
0.000277608
-0.000293262
0.000283576
-0.000362571
0.000225297
-0.000384663
0.000191585
-0.000365607
0.000175572
-0.000308064
0.00017241
-0.000216265
0.000180244
-9.65353e-05
0.000195544
4.42859e-05
0.000213111
0.000198576
0.000229194
0.000358686
0.000241637
0.00051872
0.000248918
0.0006742
0.000250707
0.000821887
0.000247404
0.000959651
0.000239769
0.00108625
0.000228724
0.00120112
0.000215197
0.00130415
0.000200034
0.00139557
0.000183948
0.00147582
0.000167504
0.00154545
0.000151131
0.00160506
0.000135129
0.00165528
0.000119701
0.00169668
0.000104966
0.00172983
9.09833e-05
0.00175522
7.77721e-05
0.00177331
6.53232e-05
0.00178449
5.36112e-05
0.00178913
4.26027e-05
0.00178753
3.22624e-05
0.00178
2.25553e-05
0.00176687
1.34399e-05
0.00174846
4.91958e-06
0.00172492
-2.96021e-06
0.0016964
-1.02657e-05
0.00166313
-1.70982e-05
0.00162536
-2.35374e-05
0.00158328
-2.97232e-05
0.00153701
-3.59413e-05
0.00148647
-4.26902e-05
0.00143123
-5.08496e-05
0.00137019
-6.20587e-05
0.00130115
-7.92931e-05
0.0012199
-0.00010787
0.00111886
-0.00015748
0.000984992
-0.000246353
0.000799344
-0.000408826
0.000541202
-0.000705366
0.000229467
-0.00127092
-0.00203115
-0.000223951
0.000501558
-0.000284652
0.000344278
-0.00027091
0.000211555
-0.00024243
0.000163105
-0.000199421
0.000132563
-0.000135893
0.000108882
-5.00851e-05
9.44355e-05
5.74605e-05
8.79988e-05
0.000183523
8.7048e-05
0.000323494
8.92232e-05
0.000472479
9.2652e-05
0.000625466
9.59305e-05
0.000778091
9.80816e-05
0.000926872
9.86237e-05
0.00106921
9.74328e-05
0.0012033
9.46287e-05
0.00132803
9.04713e-05
0.00144279
8.5276e-05
0.00154738
7.9357e-05
0.00164189
7.29953e-05
0.00172659
6.64242e-05
0.0018019
5.98264e-05
0.00186826
5.3337e-05
0.00192618
4.70495e-05
0.00197614
4.10245e-05
0.00201861
3.52981e-05
0.00205404
2.98884e-05
0.00208285
2.48014e-05
0.00210542
2.00349e-05
0.0021221
1.5582e-05
0.00213322
1.14336e-05
0.00213908
7.57897e-06
0.00214
4.00593e-06
0.00213633
7.11227e-07
0.00212837
-2.30696e-06
0.00211634
-5.06584e-06
0.0021004
-7.60641e-06
0.00208069
-1.0008e-05
0.00205717
-1.24256e-05
0.0020296
-1.51149e-05
0.00199725
-1.85056e-05
0.00195858
-2.33831e-05
0.00191044
-3.11563e-05
0.0018468
-4.42293e-05
0.00175618
-6.68545e-05
0.00161647
-0.000106646
0.00138904
-0.000181399
0.00101742
-0.000333747
0.000489592
-0.000743088
-0.00154155
0.000501558
0.000845836
0.00105739
0.0012205
0.00135306
0.00146194
0.00155638
0.00164438
0.00173142
0.00182065
0.0019133
0.00200923
0.00210731
0.00220593
0.00230337
0.002398
0.00248847
0.00257374
0.0026531
0.0027261
0.00279252
0.00285235
0.00290568
0.00295273
0.00299376
0.00302906
0.00305894
0.00308374
0.00310378
0.00311936
0.0031308
0.00313837
0.00314238
0.00314309
0.00314078
0.00313572
0.00312811
0.0031181
0.00310568
0.00309056
0.00307206
0.00304867
0.00301752
0.00297329
0.00290643
0.00279979
0.00261839
0.00228464
0.00154155
)
;

boundaryField
{
    movingWall
    {
        type            calculated;
        value           uniform 0;
    }
    fixedWalls
    {
        type            calculated;
        value           uniform 0;
    }
    frontAndBack
    {
        type            empty;
        value           nonuniform 0();
    }
}


// ************************************************************************* //
