/*--------------------------------*- C++ -*----------------------------------*\
  =========                 |
  \\      /  F ield         | OpenFOAM: The Open Source CFD Toolbox
   \\    /   O peration     | Website:  https://openfoam.org
    \\  /    A nd           | Version:  7
     \\/     M anipulation  |
\*---------------------------------------------------------------------------*/
FoamFile
{
    version     2.0;
    format      ascii;
    class       volVectorField;
    location    "800";
    object      U;
}
// * * * * * * * * * * * * * * * * * * * * * * * * * * * * * * * * * * * * * //

dimensions      [0 1 -1 0 0 0 0];

internalField   nonuniform List<vector> 
2500
(
(0.000207133 -0.000201735 0)
(0.00186555 -0.000571566 0)
(0.00447456 -0.000697804 0)
(0.00716368 -0.000600169 0)
(0.00922972 -0.000419013 0)
(0.0104509 -0.000264372 0)
(0.0109305 -0.000188074 0)
(0.0108812 -0.000185974 0)
(0.0104505 -0.00021997 0)
(0.00963359 -0.000245518 0)
(0.00828125 -0.00022873 0)
(0.00616104 -0.000150756 0)
(0.00301559 -2.54872e-06 0)
(-0.0013989 0.000221272 0)
(-0.00728715 0.00052385 0)
(-0.0147818 0.00090874 0)
(-0.0239052 0.00137597 0)
(-0.0345276 0.00191392 0)
(-0.0463309 0.00248938 0)
(-0.0587893 0.00304004 0)
(-0.0711741 0.00347612 0)
(-0.0825918 0.00369298 0)
(-0.092053 0.00359212 0)
(-0.0985749 0.00310829 0)
(-0.101292 0.0022357 0)
(-0.0995297 0.00103235 0)
(-0.0930196 -0.000371026 0)
(-0.0818344 -0.00180878 0)
(-0.0664412 -0.00310733 0)
(-0.0476964 -0.00409971 0)
(-0.0268184 -0.00464093 0)
(-0.00528978 -0.00460844 0)
(0.0153635 -0.00393961 0)
(0.0336711 -0.00278887 0)
(0.0483259 -0.00137606 0)
(0.0583708 0.000121007 0)
(0.0634247 0.00149273 0)
(0.0636994 0.00253096 0)
(0.06 0.0031097 0)
(0.0534918 0.00322369 0)
(0.0454067 0.00298606 0)
(0.0368485 0.00254968 0)
(0.0286545 0.00204902 0)
(0.0213453 0.00157474 0)
(0.0151508 0.00117461 0)
(0.0100825 0.000863749 0)
(0.00603092 0.000631515 0)
(0.00290232 0.000436254 0)
(0.000795902 0.000192979 0)
(-8.19207e-05 -8.7312e-05 0)
(0.000566056 -0.00181981 0)
(0.00437436 -0.00431797 0)
(0.00958191 -0.00511765 0)
(0.0146038 -0.00444071 0)
(0.0181609 -0.00299806 0)
(0.0197669 -0.00145739 0)
(0.0194604 -0.000191971 0)
(0.0174525 0.000766271 0)
(0.0138282 0.00162626 0)
(0.00839834 0.00266676 0)
(0.000725785 0.00410506 0)
(-0.00974589 0.00604706 0)
(-0.0235459 0.00849693 0)
(-0.0410367 0.0113876 0)
(-0.0622985 0.0145806 0)
(-0.0870237 0.0178503 0)
(-0.114454 0.020876 0)
(-0.143395 0.0232655 0)
(-0.172324 0.0246098 0)
(-0.199559 0.0245519 0)
(-0.223445 0.0228446 0)
(-0.242501 0.0193883 0)
(-0.255528 0.0142471 0)
(-0.26167 0.00765357 0)
(-0.260451 -2.60332e-06 0)
(-0.251804 -0.00820538 0)
(-0.235924 -0.0163842 0)
(-0.213258 -0.0239853 0)
(-0.184572 -0.0304458 0)
(-0.150955 -0.0352317 0)
(-0.113815 -0.0378804 0)
(-0.0748515 -0.0380482 0)
(-0.0359731 -0.0355901 0)
(0.000885567 -0.0306882 0)
(0.033879 -0.023841 0)
(0.0613298 -0.0157742 0)
(0.08192 -0.00730911 0)
(0.0949274 0.000671836 0)
(0.100217 0.00732507 0)
(0.0984003 0.0120679 0)
(0.0909327 0.014702 0)
(0.0795996 0.0154289 0)
(0.0662273 0.0147126 0)
(0.0524142 0.0131069 0)
(0.0393388 0.0111176 0)
(0.0276964 0.00911132 0)
(0.0177757 0.00724998 0)
(0.0096839 0.00543583 0)
(0.0037271 0.00334424 0)
(0.000329454 0.000919033 0)
(0.000785937 -0.00449638 0)
(0.00568837 -0.0096965 0)
(0.0117175 -0.0109176 0)
(0.0169052 -0.00900511 0)
(0.0197611 -0.00542259 0)
(0.0197081 -0.0014678 0)
(0.0166638 0.00215511 0)
(0.0106259 0.00542647 0)
(0.00136868 0.00878559 0)
(-0.01164 0.0127989 0)
(-0.0291134 0.0178525 0)
(-0.0516791 0.0240232 0)
(-0.0796424 0.0310994 0)
(-0.112773 0.0386172 0)
(-0.150197 0.0458961 0)
(-0.190437 0.0521171 0)
(-0.231604 0.0564565 0)
(-0.271663 0.0582281 0)
(-0.308689 0.0569859 0)
(-0.341056 0.0525639 0)
(-0.367529 0.0450617 0)
(-0.387262 0.0347947 0)
(-0.399742 0.0222357 0)
(-0.404711 0.00796484 0)
(-0.402092 -0.00736776 0)
(-0.391863 -0.0230799 0)
(-0.37406 -0.0384607 0)
(-0.348953 -0.0527221 0)
(-0.317026 -0.0650291 0)
(-0.279046 -0.0745423 0)
(-0.236105 -0.0804879 0)
(-0.189636 -0.0822561 0)
(-0.1414 -0.0795159 0)
(-0.093401 -0.072322 0)
(-0.0477508 -0.0612213 0)
(-0.00644468 -0.047219 0)
(0.0287944 -0.0316064 0)
(0.0566074 -0.0158313 0)
(0.0763015 -0.00118391 0)
(0.0876043 0.0111391 0)
(0.0907763 0.0202293 0)
(0.0870706 0.0257225 0)
(0.0781921 0.0278499 0)
(0.0660304 0.0273008 0)
(0.052386 0.0249739 0)
(0.0387203 0.0217245 0)
(0.0260342 0.0181233 0)
(0.0149686 0.0142408 0)
(0.00625694 0.00958472 0)
(0.000705315 0.0035877 0)
(0.000917733 -0.00772796 0)
(0.006068 -0.0155934 0)
(0.0115445 -0.0165373 0)
(0.0151601 -0.0124494 0)
(0.0154115 -0.00572989 0)
(0.01174 0.00170457 0)
(0.00392075 0.00894891 0)
(-0.0083954 0.0161121 0)
(-0.0258741 0.0239572 0)
(-0.0493309 0.0332352 0)
(-0.079403 0.0442255 0)
(-0.116187 0.0565867 0)
(-0.159015 0.0694426 0)
(-0.206432 0.0815697 0)
(-0.256397 0.0916391 0)
(-0.306627 0.098465 0)
(-0.354948 0.1012 0)
(-0.399552 0.0994225 0)
(-0.439106 0.0931194 0)
(-0.472734 0.0825927 0)
(-0.499914 0.0683433 0)
(-0.520346 0.050969 0)
(-0.533837 0.0310985 0)
(-0.540224 0.00936813 0)
(-0.539349 -0.0135606 0)
(-0.531027 -0.0369578 0)
(-0.515128 -0.0599769 0)
(-0.491627 -0.0816542 0)
(-0.460628 -0.100923 0)
(-0.422451 -0.116642 0)
(-0.377718 -0.127674 0)
(-0.327438 -0.133019 0)
(-0.273083 -0.131983 0)
(-0.216591 -0.124359 0)
(-0.160275 -0.110578 0)
(-0.106616 -0.0917521 0)
(-0.0579633 -0.0695806 0)
(-0.0161885 -0.0460663 0)
(0.0175135 -0.023124 0)
(0.0425518 -0.00249753 0)
(0.0588651 0.0145762 0)
(0.066712 0.0271732 0)
(0.0672036 0.0349178 0)
(0.0618948 0.038151 0)
(0.0525751 0.0377764 0)
(0.0410359 0.0349293 0)
(0.0288286 0.0305673 0)
(0.0171884 0.0250326 0)
(0.00742092 0.0177415 0)
(0.000862082 0.00736695 0)
(0.000999739 -0.0110188 0)
(0.00560965 -0.0208274 0)
(0.00922523 -0.0203455 0)
(0.00967088 -0.0128966 0)
(0.00560853 -0.00192838 0)
(-0.00348075 0.0101365 0)
(-0.018062 0.0223981 0)
(-0.0388912 0.0353005 0)
(-0.0669023 0.0497834 0)
(-0.102747 0.066372 0)
(-0.146321 0.0846927 0)
(-0.19655 0.103514 0)
(-0.251492 0.121105 0)
(-0.308698 0.13567 0)
(-0.365664 0.145725 0)
(-0.420209 0.150319 0)
(-0.47069 0.149086 0)
(-0.516023 0.142151 0)
(-0.55558 0.12997 0)
(-0.589036 0.113164 0)
(-0.616236 0.0924026 0)
(-0.637094 0.0683475 0)
(-0.651546 0.0416343 0)
(-0.659514 0.0128898 0)
(-0.660895 -0.0172331 0)
(-0.655557 -0.0480063 0)
(-0.643284 -0.0785738 0)
(-0.623798 -0.107926 0)
(-0.596811 -0.134881 0)
(-0.56209 -0.158082 0)
(-0.519584 -0.176056 0)
(-0.469584 -0.187339 0)
(-0.4129 -0.190672 0)
(-0.351013 -0.185281 0)
(-0.286124 -0.171148 0)
(-0.221066 -0.149203 0)
(-0.159008 -0.121335 0)
(-0.102954 -0.0901473 0)
(-0.0551914 -0.0584939 0)
(-0.0169107 -0.028894 0)
(0.0117616 -0.00312398 0)
(0.0312059 0.0176137 0)
(0.0419751 0.0326487 0)
(0.0452729 0.0418265 0)
(0.0426188 0.0456849 0)
(0.0357388 0.0452918 0)
(0.026396 0.0417564 0)
(0.0162487 0.0355993 0)
(0.00710897 0.026158 0)
(0.000796381 0.0113837 0)
(0.000995561 -0.013923 0)
(0.00415943 -0.0242919 0)
(0.0045749 -0.0208721 0)
(0.000385125 -0.0087167 0)
(-0.00948287 0.00767253 0)
(-0.0255918 0.0256145 0)
(-0.0486852 0.0445084 0)
(-0.0797433 0.0650274 0)
(-0.119479 0.0878274 0)
(-0.167709 0.112594 0)
(-0.223086 0.13787 0)
(-0.283306 0.161503 0)
(-0.3456 0.181271 0)
(-0.407276 0.195397 0)
(-0.466112 0.202812 0)
(-0.520527 0.203172 0)
(-0.569545 0.1967 0)
(-0.612662 0.183977 0)
(-0.649684 0.165749 0)
(-0.680614 0.142795 0)
(-0.705577 0.115872 0)
(-0.724772 0.0856788 0)
(-0.738422 0.0528655 0)
(-0.746722 0.0180397 0)
(-0.749779 -0.0182075 0)
(-0.747594 -0.0552634 0)
(-0.739967 -0.0924219 0)
(-0.726466 -0.1288 0)
(-0.706475 -0.16329 0)
(-0.679224 -0.194508 0)
(-0.643915 -0.22079 0)
(-0.599903 -0.240263 0)
(-0.546948 -0.251034 0)
(-0.485494 -0.251505 0)
(-0.416949 -0.240756 0)
(-0.34385 -0.218938 0)
(-0.269773 -0.18756 0)
(-0.198905 -0.149477 0)
(-0.135297 -0.10846 0)
(-0.0819537 -0.0683874 0)
(-0.0401681 -0.0323805 0)
(-0.00956594 -0.00230481 0)
(0.0110198 0.0211068 0)
(0.0227801 0.0375733 0)
(0.0271432 0.0473101 0)
(0.0257726 0.0510985 0)
(0.0204585 0.0499325 0)
(0.0130743 0.0443167 0)
(0.00574775 0.0334764 0)
(0.000590837 0.0148941 0)
(0.000839485 -0.0158628 0)
(0.00148027 -0.0247637 0)
(-0.0026041 -0.0166834 0)
(-0.0127002 0.0014651 0)
(-0.0295924 0.0244236 0)
(-0.0539555 0.0495959 0)
(-0.0866892 0.0766736 0)
(-0.128552 0.10612 0)
(-0.179417 0.137685 0)
(-0.237853 0.169822 0)
(-0.301333 0.200048 0)
(-0.366823 0.225732 0)
(-0.431409 0.244756 0)
(-0.492727 0.255863 0)
(-0.549122 0.25866 0)
(-0.599599 0.25343 0)
(-0.643683 0.240877 0)
(-0.681277 0.221915 0)
(-0.712561 0.197517 0)
(-0.737924 0.16863 0)
(-0.757893 0.136121 0)
(-0.77306 0.100744 0)
(-0.784001 0.0631309 0)
(-0.791197 0.0238035 0)
(-0.794973 -0.0167989 0)
(-0.795476 -0.058272 0)
(-0.792617 -0.100175 0)
(-0.785954 -0.141911 0)
(-0.774733 -0.182648 0)
(-0.757868 -0.221206 0)
(-0.734008 -0.255977 0)
(-0.701653 -0.284925 0)
(-0.659382 -0.305694 0)
(-0.606222 -0.315848 0)
(-0.542102 -0.313271 0)
(-0.468291 -0.296735 0)
(-0.387686 -0.266494 0)
(-0.304776 -0.224695 0)
(-0.225095 -0.175352 0)
(-0.154115 -0.123698 0)
(-0.0958389 -0.0749249 0)
(-0.051729 -0.0328308 0)
(-0.0207733 0.000829128 0)
(-0.000764437 0.0259173 0)
(0.0102936 0.0427659 0)
(0.0143034 0.0519968 0)
(0.0132007 0.0544066 0)
(0.00900921 0.050348 0)
(0.00399914 0.038924 0)
(0.000362067 0.0174913 0)
(0.000464427 -0.0160934 0)
(-0.00257817 -0.0209628 0)
(-0.012295 -0.00660183 0)
(-0.0292495 0.0186788 0)
(-0.0539721 0.0492963 0)
(-0.0872145 0.0829068 0)
(-0.1297 0.119158 0)
(-0.181435 0.157701 0)
(-0.241095 0.196982 0)
(-0.306089 0.23429 0)
(-0.373181 0.266576 0)
(-0.439203 0.291301 0)
(-0.50155 0.306905 0)
(-0.558381 0.312853 0)
(-0.608584 0.309437 0)
(-0.651653 0.297491 0)
(-0.687563 0.278142 0)
(-0.716675 0.252636 0)
(-0.739641 0.222205 0)
(-0.757306 0.187975 0)
(-0.770595 0.150898 0)
(-0.780411 0.111719 0)
(-0.787556 0.070975 0)
(-0.792663 0.0290278 0)
(-0.796193 -0.0138846 0)
(-0.798411 -0.0575933 0)
(-0.79936 -0.101957 0)
(-0.798731 -0.146742 0)
(-0.795893 -0.191503 0)
(-0.789807 -0.23545 0)
(-0.778978 -0.277324 0)
(-0.761454 -0.315308 0)
(-0.734957 -0.346971 0)
(-0.697196 -0.369349 0)
(-0.646336 -0.379259 0)
(-0.581624 -0.373875 0)
(-0.504067 -0.351489 0)
(-0.416945 -0.312346 0)
(-0.325833 -0.259267 0)
(-0.237889 -0.197679 0)
(-0.160305 -0.134662 0)
(-0.0982651 -0.0770601 0)
(-0.053336 -0.0294212 0)
(-0.023596 0.00683338 0)
(-0.00557355 0.032421 0)
(0.00360504 0.0482729 0)
(0.00645199 0.0552334 0)
(0.00528579 0.0535779 0)
(0.00248615 0.0423705 0)
(0.000209123 0.0191548 0)
(-0.000172756 -0.0137805 0)
(-0.00797098 -0.0118157 0)
(-0.0241321 0.0102222 0)
(-0.0484536 0.0435293 0)
(-0.0812531 0.0826684 0)
(-0.123166 0.125421 0)
(-0.17433 0.170858 0)
(-0.23367 0.217379 0)
(-0.29872 0.262132 0)
(-0.366142 0.301665 0)
(-0.432518 0.332916 0)
(-0.49494 0.353874 0)
(-0.551295 0.363737 0)
(-0.600284 0.362729 0)
(-0.641329 0.351796 0)
(-0.674461 0.332313 0)
(-0.70021 0.305856 0)
(-0.719484 0.274014 0)
(-0.733412 0.23824 0)
(-0.74319 0.19975 0)
(-0.749954 0.159465 0)
(-0.754696 0.118015 0)
(-0.758211 0.0757682 0)
(-0.7611 0.0328939 0)
(-0.763815 -0.0105623 0)
(-0.766665 -0.0546357 0)
(-0.769767 -0.0994241 0)
(-0.773039 -0.14499 0)
(-0.776165 -0.191254 0)
(-0.778471 -0.237897 0)
(-0.778779 -0.284226 0)
(-0.775292 -0.328982 0)
(-0.765557 -0.370138 0)
(-0.746566 -0.404799 0)
(-0.715066 -0.42929 0)
(-0.668193 -0.439521 0)
(-0.604369 -0.431697 0)
(-0.524277 -0.403386 0)
(-0.4316 -0.354742 0)
(-0.333156 -0.28942 0)
(-0.237988 -0.214627 0)
(-0.15524 -0.139771 0)
(-0.0912682 -0.0736738 0)
(-0.0474187 -0.0215749 0)
(-0.0204416 0.0157729 0)
(-0.00548109 0.0400903 0)
(0.00119903 0.0527613 0)
(0.00267077 0.0543747 0)
(0.0016048 0.0441938 0)
(0.000183861 0.0201651 0)
(-0.00107363 -0.00815636 0)
(-0.0144218 0.00342604 0)
(-0.0373779 0.0341672 0)
(-0.0690575 0.0760729 0)
(-0.109516 0.124163 0)
(-0.159006 0.175977 0)
(-0.216783 0.229541 0)
(-0.280687 0.281894 0)
(-0.347444 0.329223 0)
(-0.41344 0.367859 0)
(-0.475449 0.395175 0)
(-0.531027 0.409924 0)
(-0.578628 0.412143 0)
(-0.617557 0.402833 0)
(-0.64787 0.38362 0)
(-0.670255 0.356448 0)
(-0.685858 0.323317 0)
(-0.696077 0.286067 0)
(-0.702345 0.246217 0)
(-0.705965 0.204895 0)
(-0.708013 0.162843 0)
(-0.709315 0.120475 0)
(-0.710456 0.0779537 0)
(-0.711841 0.0352759 0)
(-0.713778 -0.00765637 0)
(-0.716516 -0.051003 0)
(-0.720189 -0.0949652 0)
(-0.724912 -0.139744 0)
(-0.730706 -0.185501 0)
(-0.737383 -0.232316 0)
(-0.744388 -0.280062 0)
(-0.75061 -0.328197 0)
(-0.754159 -0.375501 0)
(-0.752197 -0.419806 0)
(-0.740978 -0.457771 0)
(-0.716238 -0.484873 0)
(-0.673991 -0.495837 0)
(-0.611702 -0.485616 0)
(-0.529646 -0.450879 0)
(-0.432017 -0.39169 0)
(-0.327141 -0.312834 0)
(-0.226237 -0.223895 0)
(-0.140494 -0.13723 0)
(-0.0771329 -0.0638649 0)
(-0.036604 -0.00934541 0)
(-0.0137903 0.0267772 0)
(-0.00263219 0.0471282 0)
(0.00130049 0.0532357 0)
(0.00144591 0.0450097 0)
(0.000288162 0.0209422 0)
(-0.00218078 0.00132569 0)
(-0.0214319 0.0250498 0)
(-0.0510303 0.0650942 0)
(-0.0895113 0.115777 0)
(-0.13656 0.172645 0)
(-0.191819 0.232589 0)
(-0.253587 0.292353 0)
(-0.318859 0.347813 0)
(-0.383964 0.394662 0)
(-0.445385 0.429483 0)
(-0.500317 0.450371 0)
(-0.546906 0.456984 0)
(-0.584271 0.450263 0)
(-0.61244 0.432037 0)
(-0.632215 0.404632 0)
(-0.644956 0.37051 0)
(-0.652315 0.331951 0)
(-0.655952 0.290828 0)
(-0.657318 0.248498 0)
(-0.657541 0.205819 0)
(-0.657407 0.163235 0)
(-0.657411 0.120896 0)
(-0.657828 0.0787731 0)
(-0.6588 0.0367418 0)
(-0.660437 -0.00536685 0)
(-0.662878 -0.0477335 0)
(-0.666227 -0.0905369 0)
(-0.670675 -0.133969 0)
(-0.676441 -0.178263 0)
(-0.683718 -0.223684 0)
(-0.692573 -0.270471 0)
(-0.702747 -0.318708 0)
(-0.713358 -0.368108 0)
(-0.722555 -0.417637 0)
(-0.727241 -0.465048 0)
(-0.723016 -0.506481 0)
(-0.704544 -0.536393 0)
(-0.666558 -0.548068 0)
(-0.60547 -0.534896 0)
(-0.52123 -0.492448 0)
(-0.418796 -0.420878 0)
(-0.30839 -0.326746 0)
(-0.203735 -0.222928 0)
(-0.117986 -0.125444 0)
(-0.0584677 -0.0474158 0)
(-0.0236535 0.00621115 0)
(-0.00619537 0.0377367 0)
(0.000676289 0.050373 0)
(0.00180885 0.0453441 0)
(0.000485735 0.0218693 0)
(-0.00335881 0.0148985 0)
(-0.0283544 0.0528533 0)
(-0.0639697 0.102377 0)
(-0.108206 0.161556 0)
(-0.16027 0.226394 0)
(-0.219086 0.292831 0)
(-0.282132 0.356355 0)
(-0.34589 0.412041 0)
(-0.406658 0.455557 0)
(-0.461272 0.484084 0)
(-0.507505 0.496639 0)
(-0.544205 0.493895 0)
(-0.571275 0.477769 0)
(-0.589546 0.450937 0)
(-0.60054 0.416354 0)
(-0.606135 0.376811 0)
(-0.608212 0.334602 0)
(-0.608376 0.291369 0)
(-0.607811 0.2481 0)
(-0.607266 0.205262 0)
(-0.60713 0.162964 0)
(-0.607543 0.121122 0)
(-0.608504 0.0795724 0)
(-0.609948 0.0381371 0)
(-0.611829 -0.00334939 0)
(-0.614193 -0.0450159 0)
(-0.617098 -0.0869639 0)
(-0.620687 -0.129301 0)
(-0.625206 -0.172189 0)
(-0.630991 -0.215865 0)
(-0.638445 -0.260659 0)
(-0.647922 -0.306986 0)
(-0.659506 -0.355235 0)
(-0.672665 -0.405463 0)
(-0.685766 -0.456894 0)
(-0.695564 -0.507255 0)
(-0.696986 -0.552134 0)
(-0.68354 -0.584729 0)
(-0.6486 -0.596463 0)
(-0.587523 -0.578815 0)
(-0.500131 -0.52624 0)
(-0.392632 -0.439506 0)
(-0.27777 -0.328033 0)
(-0.172108 -0.209294 0)
(-0.0903 -0.1036 0)
(-0.0383301 -0.0253045 0)
(-0.0113438 0.0228819 0)
(-0.000158435 0.0453468 0)
(0.00229554 0.0453408 0)
(0.000720465 0.0231511 0)
(-0.00444379 0.0324092 0)
(-0.0345368 0.0861712 0)
(-0.0751392 0.144959 0)
(-0.123716 0.211903 0)
(-0.17893 0.28337 0)
(-0.239027 0.354227 0)
(-0.300901 0.418916 0)
(-0.360859 0.472131 0)
(-0.415438 0.5099 0)
(-0.462003 0.530265 0)
(-0.499026 0.53332 0)
(-0.526155 0.520848 0)
(-0.544128 0.495765 0)
(-0.554527 0.461512 0)
(-0.559401 0.421458 0)
(-0.560837 0.378422 0)
(-0.560609 0.334415 0)
(-0.559985 0.290619 0)
(-0.559701 0.247542 0)
(-0.560068 0.205248 0)
(-0.561115 0.163575 0)
(-0.56273 0.122293 0)
(-0.564755 0.0811852 0)
(-0.567036 0.040085 0)
(-0.569467 -0.00112398 0)
(-0.572051 -0.0425034 0)
(-0.57481 -0.0840834 0)
(-0.5778 -0.125884 0)
(-0.581183 -0.16795 0)
(-0.585226 -0.210386 0)
(-0.590332 -0.253416 0)
(-0.597039 -0.297446 0)
(-0.605961 -0.343076 0)
(-0.617578 -0.391008 0)
(-0.631793 -0.441722 0)
(-0.647255 -0.494819 0)
(-0.660626 -0.548027 0)
(-0.666159 -0.596191 0)
(-0.656096 -0.630854 0)
(-0.622334 -0.641116 0)
(-0.559287 -0.616228 0)
(-0.467162 -0.549744 0)
(-0.35426 -0.4441 0)
(-0.236649 -0.313373 0)
(-0.133887 -0.18128 0)
(-0.0609113 -0.0724521 0)
(-0.0200629 -0.000228406 0)
(-0.00227313 0.0369207 0)
(0.0024677 0.0446145 0)
(0.000939732 0.0247482 0)
(-0.00528746 0.0532954 0)
(-0.0394184 0.123944 0)
(-0.0836814 0.191465 0)
(-0.134974 0.265084 0)
(-0.191421 0.341498 0)
(-0.250721 0.414552 0)
(-0.309457 0.477953 0)
(-0.364034 0.526406 0)
(-0.411424 0.556612 0)
(-0.449639 0.567671 0)
(-0.477929 0.560874 0)
(-0.496772 0.539149 0)
(-0.507665 0.506337 0)
(-0.512735 0.466423 0)
(-0.514244 0.422867 0)
(-0.514148 0.378189 0)
(-0.513836 0.333874 0)
(-0.51408 0.290535 0)
(-0.515149 0.248211 0)
(-0.516996 0.206661 0)
(-0.519425 0.165573 0)
(-0.522224 0.124675 0)
(-0.525207 0.083779 0)
(-0.528236 0.0427661 0)
(-0.531223 0.00157741 0)
(-0.534172 -0.0398014 0)
(-0.537101 -0.0813583 0)
(-0.540001 -0.123066 0)
(-0.542931 -0.164892 0)
(-0.546005 -0.206823 0)
(-0.549443 -0.248916 0)
(-0.55364 -0.291371 0)
(-0.55922 -0.334629 0)
(-0.56702 -0.379463 0)
(-0.577889 -0.42694 0)
(-0.592192 -0.478042 0)
(-0.608931 -0.532782 0)
(-0.62467 -0.588811 0)
(-0.632829 -0.639941 0)
(-0.624179 -0.675493 0)
(-0.589118 -0.681593 0)
(-0.521494 -0.645051 0)
(-0.42279 -0.559303 0)
(-0.304615 -0.43044 0)
(-0.187269 -0.279814 0)
(-0.0928347 -0.138966 0)
(-0.0339658 -0.0352102 0)
(-0.0065077 0.0231496 0)
(0.00200989 0.0422953 0)
(0.00111607 0.0264101 0)
(-0.00576858 0.076651 0)
(-0.0425873 0.16484 0)
(-0.0890233 0.240351 0)
(-0.141366 0.319327 0)
(-0.197264 0.398879 0)
(-0.254052 0.472008 0)
(-0.308254 0.532021 0)
(-0.356576 0.573971 0)
(-0.396544 0.595473 0)
(-0.426887 0.59683 0)
(-0.447645 0.58059 0)
(-0.460044 0.550769 0)
(-0.466142 0.511928 0)
(-0.468307 0.468273 0)
(-0.468684 0.423012 0)
(-0.468833 0.378103 0)
(-0.469621 0.334382 0)
(-0.471329 0.291922 0)
(-0.473868 0.250413 0)
(-0.476987 0.209457 0)
(-0.480428 0.168718 0)
(-0.483991 0.127971 0)
(-0.487555 0.0870936 0)
(-0.491042 0.0460257 0)
(-0.494416 0.00474964 0)
(-0.497709 -0.0367272 0)
(-0.500948 -0.0783816 0)
(-0.504102 -0.120185 0)
(-0.507164 -0.162083 0)
(-0.510129 -0.204015 0)
(-0.513035 -0.24592 0)
(-0.516023 -0.287792 0)
(-0.519432 -0.329782 0)
(-0.523909 -0.372359 0)
(-0.530464 -0.416473 0)
(-0.540318 -0.463575 0)
(-0.554318 -0.515208 0)
(-0.571778 -0.571835 0)
(-0.589008 -0.630842 0)
(-0.598329 -0.68441 0)
(-0.588793 -0.718742 0)
(-0.54937 -0.716291 0)
(-0.474105 -0.66163 0)
(-0.367227 -0.549841 0)
(-0.245267 -0.393977 0)
(-0.13332 -0.226063 0)
(-0.0540373 -0.085845 0)
(-0.0133534 0.00161739 0)
(0.000770486 0.0372032 0)
(0.00125335 0.0277782 0)
(-0.00581174 0.101342 0)
(-0.0438115 0.207377 0)
(-0.090902 0.290039 0)
(-0.142725 0.372982 0)
(-0.196553 0.453933 0)
(-0.24955 0.525297 0)
(-0.298382 0.580302 0)
(-0.340186 0.614618 0)
(-0.373111 0.626949 0)
(-0.396603 0.618886 0)
(-0.411411 0.594204 0)
(-0.419333 0.557841 0)
(-0.422715 0.514779 0)
(-0.423857 0.469099 0)
(-0.424536 0.42347 0)
(-0.42579 0.379148 0)
(-0.427981 0.336348 0)
(-0.431024 0.294732 0)
(-0.434639 0.253806 0)
(-0.438529 0.213155 0)
(-0.442479 0.172509 0)
(-0.446371 0.131732 0)
(-0.450164 0.0907684 0)
(-0.453847 0.0496055 0)
(-0.457426 0.00824443 0)
(-0.46096 -0.0333054 0)
(-0.464489 -0.0750298 0)
(-0.467987 -0.116921 0)
(-0.471427 -0.158945 0)
(-0.474758 -0.201046 0)
(-0.477919 -0.243133 0)
(-0.480864 -0.285098 0)
(-0.483631 -0.326872 0)
(-0.486477 -0.368548 0)
(-0.490049 -0.410602 0)
(-0.495518 -0.454172 0)
(-0.504467 -0.501172 0)
(-0.518196 -0.553802 0)
(-0.536233 -0.612906 0)
(-0.554329 -0.675139 0)
(-0.563223 -0.730072 0)
(-0.549936 -0.759574 0)
(-0.502435 -0.74179 0)
(-0.41641 -0.660172 0)
(-0.300976 -0.51495 0)
(-0.179274 -0.331173 0)
(-0.0805015 -0.154848 0)
(-0.0231575 -0.0304741 0)
(-0.00128388 0.0280069 0)
(0.00137098 0.0284756 0)
(-0.0053938 0.126126 0)
(-0.0430353 0.250047 0)
(-0.0893372 0.33904 0)
(-0.13926 0.424627 0)
(-0.18982 0.505453 0)
(-0.238179 0.57361 0)
(-0.281288 0.622522 0)
(-0.316791 0.648674 0)
(-0.34346 0.651967 0)
(-0.361391 0.635286 0)
(-0.371892 0.603515 0)
(-0.377093 0.562261 0)
(-0.379349 0.516597 0)
(-0.380659 0.470178 0)
(-0.382307 0.424968 0)
(-0.384824 0.381526 0)
(-0.388196 0.339569 0)
(-0.392138 0.298524 0)
(-0.396329 0.257866 0)
(-0.400531 0.217254 0)
(-0.40462 0.176524 0)
(-0.408565 0.135623 0)
(-0.412392 0.094549 0)
(-0.41613 0.0533113 0)
(-0.419803 0.0119129 0)
(-0.423485 -0.0296467 0)
(-0.427225 -0.0713676 0)
(-0.431008 -0.113266 0)
(-0.434811 -0.155338 0)
(-0.438591 -0.197558 0)
(-0.442269 -0.239865 0)
(-0.445727 -0.282151 0)
(-0.448842 -0.324264 0)
(-0.451557 -0.366059 0)
(-0.454043 -0.407557 0)
(-0.456941 -0.449258 0)
(-0.461592 -0.492555 0)
(-0.469965 -0.539949 0)
(-0.483791 -0.594382 0)
(-0.502554 -0.656877 0)
(-0.520867 -0.722483 0)
(-0.527222 -0.776556 0)
(-0.506484 -0.795075 0)
(-0.446696 -0.751906 0)
(-0.347586 -0.632407 0)
(-0.225898 -0.448088 0)
(-0.112306 -0.242525 0)
(-0.0363963 -0.0761196 0)
(-0.00422687 0.0132063 0)
(0.00146041 0.0280927 0)
(-0.00453957 0.149764 0)
(-0.0403516 0.291416 0)
(-0.0845716 0.386033 0)
(-0.131456 0.473118 0)
(-0.177877 0.552605 0)
(-0.221128 0.616562 0)
(-0.258539 0.65882 0)
(-0.288276 0.676812 0)
(-0.309682 0.671672 0)
(-0.323376 0.647504 0)
(-0.331029 0.610106 0)
(-0.33486 0.565467 0)
(-0.337016 0.518453 0)
(-0.339061 0.472097 0)
(-0.341791 0.427622 0)
(-0.345344 0.384995 0)
(-0.349485 0.343612 0)
(-0.353879 0.30282 0)
(-0.358262 0.262166 0)
(-0.362492 0.221425 0)
(-0.366536 0.180531 0)
(-0.37043 0.139492 0)
(-0.374233 0.0983305 0)
(-0.37799 0.0570597 0)
(-0.381724 0.0156732 0)
(-0.385505 -0.0258427 0)
(-0.389391 -0.0675003 0)
(-0.393373 -0.109334 0)
(-0.397436 -0.151361 0)
(-0.401559 -0.19359 0)
(-0.405684 -0.236005 0)
(-0.409712 -0.278545 0)
(-0.413486 -0.321083 0)
(-0.416816 -0.363416 0)
(-0.419555 -0.40532 0)
(-0.421799 -0.44675 0)
(-0.424213 -0.488269 0)
(-0.428371 -0.531654 0)
(-0.436679 -0.580204 0)
(-0.451194 -0.637691 0)
(-0.470885 -0.704758 0)
(-0.488348 -0.773202 0)
(-0.48906 -0.821802 0)
(-0.456131 -0.819214 0)
(-0.379961 -0.736826 0)
(-0.267874 -0.568317 0)
(-0.146884 -0.345926 0)
(-0.0533852 -0.137531 0)
(-0.00822397 -0.00883063 0)
(0.00147364 0.0261739 0)
(-0.00331173 0.171114 0)
(-0.0359627 0.330186 0)
(-0.0769983 0.429908 0)
(-0.119957 0.517596 0)
(-0.161666 0.594887 0)
(-0.199643 0.654095 0)
(-0.231635 0.689613 0)
(-0.256305 0.69988 0)
(-0.273473 0.687228 0)
(-0.284119 0.65684 0)
(-0.290071 0.615197 0)
(-0.293437 0.568391 0)
(-0.296015 0.520868 0)
(-0.298921 0.47496 0)
(-0.302544 0.431218 0)
(-0.306774 0.389172 0)
(-0.311296 0.348061 0)
(-0.315819 0.30727 0)
(-0.320173 0.266461 0)
(-0.324311 0.225523 0)
(-0.328265 0.184461 0)
(-0.332101 0.143313 0)
(-0.335893 0.102106 0)
(-0.339682 0.0608433 0)
(-0.343483 0.0195054 0)
(-0.34735 -0.0219341 0)
(-0.35135 -0.0634949 0)
(-0.355478 -0.105223 0)
(-0.359717 -0.14715 0)
(-0.364064 -0.189305 0)
(-0.36849 -0.231706 0)
(-0.372933 -0.274346 0)
(-0.377277 -0.317163 0)
(-0.381336 -0.36001 0)
(-0.384856 -0.402624 0)
(-0.387616 -0.444691 0)
(-0.389665 -0.486115 0)
(-0.391759 -0.527624 0)
(-0.395808 -0.571627 0)
(-0.404726 -0.622531 0)
(-0.420668 -0.684851 0)
(-0.441232 -0.757577 0)
(-0.455734 -0.826441 0)
(-0.446153 -0.860619 0)
(-0.395544 -0.821287 0)
(-0.300651 -0.683016 0)
(-0.180694 -0.459382 0)
(-0.0735762 -0.215063 0)
(-0.0135212 -0.0398876 0)
(0.00138909 0.0222386 0)
(-0.00179927 0.189195 0)
(-0.0301401 0.365242 0)
(-0.067091 0.469784 0)
(-0.105475 0.557464 0)
(-0.142143 0.632061 0)
(-0.174891 0.686377 0)
(-0.201889 0.715461 0)
(-0.222233 0.71875 0)
(-0.236095 0.699675 0)
(-0.244654 0.66432 0)
(-0.249708 0.61961 0)
(-0.253117 0.571528 0)
(-0.256284 0.523977 0)
(-0.259924 0.478609 0)
(-0.264144 0.435433 0)
(-0.268715 0.393702 0)
(-0.273337 0.352624 0)
(-0.277804 0.311678 0)
(-0.282038 0.27065 0)
(-0.286061 0.229517 0)
(-0.289937 0.188322 0)
(-0.293743 0.14711 0)
(-0.297548 0.1059 0)
(-0.301388 0.064679 0)
(-0.305264 0.0234152 0)
(-0.309217 -0.0179282 0)
(-0.313322 -0.0593748 0)
(-0.317577 -0.10098 0)
(-0.321958 -0.142782 0)
(-0.326468 -0.184821 0)
(-0.331094 -0.227135 0)
(-0.335807 -0.269752 0)
(-0.340539 -0.312672 0)
(-0.345161 -0.355832 0)
(-0.349453 -0.399048 0)
(-0.353109 -0.441981 0)
(-0.35584 -0.484217 0)
(-0.357698 -0.525656 0)
(-0.359647 -0.567398 0)
(-0.364109 -0.612897 0)
(-0.374532 -0.66803 0)
(-0.392594 -0.737468 0)
(-0.413098 -0.81587 0)
(-0.420674 -0.878536 0)
(-0.394451 -0.882342 0)
(-0.32134 -0.784684 0)
(-0.210171 -0.575838 0)
(-0.095373 -0.306677 0)
(-0.0203426 -0.0816391 0)
(0.00124899 0.0158034 0)
(-0.000106376 0.203233 0)
(-0.0231903 0.39566 0)
(-0.0553474 0.504985 0)
(-0.0887089 0.592346 0)
(-0.120195 0.664079 0)
(-0.147891 0.713706 0)
(-0.17037 0.736962 0)
(-0.187078 0.734217 0)
(-0.19841 0.709858 0)
(-0.205586 0.670675 0)
(-0.210241 0.623832 0)
(-0.213909 0.575058 0)
(-0.217613 0.527692 0)
(-0.22176 0.48279 0)
(-0.22629 0.439964 0)
(-0.230948 0.398327 0)
(-0.235499 0.357126 0)
(-0.239824 0.315959 0)
(-0.243917 0.274714 0)
(-0.247835 0.233421 0)
(-0.251656 0.192141 0)
(-0.255451 0.150909 0)
(-0.25928 0.109729 0)
(-0.263175 0.0685769 0)
(-0.267127 0.0274079 0)
(-0.271163 -0.0138231 0)
(-0.275371 -0.0551412 0)
(-0.279754 -0.096612 0)
(-0.284274 -0.138277 0)
(-0.288935 -0.180182 0)
(-0.293731 -0.222375 0)
(-0.298646 -0.264903 0)
(-0.303646 -0.307805 0)
(-0.308656 -0.351086 0)
(-0.31353 -0.394666 0)
(-0.318009 -0.438307 0)
(-0.321727 -0.481563 0)
(-0.324357 -0.523917 0)
(-0.326037 -0.565386 0)
(-0.32813 -0.607831 0)
(-0.333779 -0.656394 0)
(-0.346796 -0.718612 0)
(-0.367167 -0.797397 0)
(-0.384814 -0.87806 0)
(-0.378939 -0.919986 0)
(-0.329007 -0.868212 0)
(-0.232565 -0.688282 0)
(-0.116622 -0.408384 0)
(-0.0286883 -0.135232 0)
(0.00111564 0.00635731 0)
(0.00165727 0.212668 0)
(-0.0154299 0.420709 0)
(-0.0422498 0.535023 0)
(-0.0703034 0.622034 0)
(-0.0965926 0.691022 0)
(-0.119478 0.736433 0)
(-0.137896 0.754677 0)
(-0.151552 0.746943 0)
(-0.160946 0.718406 0)
(-0.167212 0.676372 0)
(-0.17173 0.62809 0)
(-0.175685 0.578971 0)
(-0.179775 0.531828 0)
(-0.184191 0.487248 0)
(-0.188799 0.444577 0)
(-0.193376 0.40288 0)
(-0.197764 0.361482 0)
(-0.201914 0.320088 0)
(-0.205866 0.278657 0)
(-0.209692 0.237252 0)
(-0.213466 0.195932 0)
(-0.21725 0.154716 0)
(-0.221097 0.113594 0)
(-0.225037 0.0725326 0)
(-0.229057 0.0314792 0)
(-0.233166 -0.00962011 0)
(-0.237471 -0.0507907 0)
(-0.241989 -0.0921105 0)
(-0.24666 -0.133624 0)
(-0.251487 -0.175383 0)
(-0.256464 -0.217439 0)
(-0.261578 -0.259848 0)
(-0.266811 -0.302667 0)
(-0.27212 -0.345945 0)
(-0.27742 -0.389685 0)
(-0.282535 -0.433771 0)
(-0.287156 -0.47787 0)
(-0.290861 -0.521393 0)
(-0.293321 -0.563752 0)
(-0.294917 -0.605366 0)
(-0.29769 -0.649563 0)
(-0.305682 -0.703987 0)
(-0.32234 -0.777116 0)
(-0.343688 -0.865427 0)
(-0.352562 -0.936943 0)
(-0.324459 -0.931208 0)
(-0.246359 -0.790853 0)
(-0.135271 -0.515143 0)
(-0.0381683 -0.200441 0)
(0.000966944 -0.00656834 0)
(0.00338576 0.217192 0)
(-0.00716765 0.439804 0)
(-0.0282468 0.559552 0)
(-0.050821 0.646441 0)
(-0.0719743 0.713034 0)
(-0.090302 0.754902 0)
(-0.105054 0.769083 0)
(-0.116117 0.757438 0)
(-0.12399 0.725749 0)
(-0.129628 0.681674 0)
(-0.134107 0.632447 0)
(-0.138278 0.583157 0)
(-0.142575 0.536185 0)
(-0.147057 0.491773 0)
(-0.151576 0.449108 0)
(-0.155967 0.407265 0)
(-0.160142 0.365651 0)
(-0.164105 0.324055 0)
(-0.167914 0.282486 0)
(-0.171646 0.241014 0)
(-0.175366 0.19969 0)
(-0.179125 0.158519 0)
(-0.18297 0.117478 0)
(-0.186938 0.0765303 0)
(-0.191011 0.0356169 0)
(-0.195177 -0.00532444 0)
(-0.199572 -0.0463218 0)
(-0.20423 -0.0874655 0)
(-0.209065 -0.128808 0)
(-0.21408 -0.170402 0)
(-0.219263 -0.212304 0)
(-0.224605 -0.254573 0)
(-0.230088 -0.297275 0)
(-0.235687 -0.340482 0)
(-0.241351 -0.38425 0)
(-0.246969 -0.428559 0)
(-0.252323 -0.473222 0)
(-0.257044 -0.517757 0)
(-0.260658 -0.561397 0)
(-0.262932 -0.603635 0)
(-0.264746 -0.645895 0)
(-0.269191 -0.694122 0)
(-0.281049 -0.758996 0)
(-0.301501 -0.846591 0)
(-0.319275 -0.937607 0)
(-0.309722 -0.973748 0)
(-0.251302 -0.879434 0)
(-0.14984 -0.621824 0)
(-0.0480529 -0.275505 0)
(0.000663029 -0.0234174 0)
(0.00493764 0.216617 0)
(0.00129123 0.452604 0)
(-0.0137375 0.578317 0)
(-0.0307424 0.665553 0)
(-0.0468534 0.730281 0)
(-0.0608493 0.769412 0)
(-0.0722449 0.78055 0)
(-0.0810395 0.76606 0)
(-0.0876559 0.732153 0)
(-0.09281 0.6867 0)
(-0.0972523 0.636871 0)
(-0.101527 0.58748 0)
(-0.105868 0.540586 0)
(-0.110257 0.496205 0)
(-0.114572 0.453449 0)
(-0.11871 0.411422 0)
(-0.122642 0.369608 0)
(-0.126403 0.327853 0)
(-0.13006 0.286191 0)
(-0.133683 0.244693 0)
(-0.137328 0.203398 0)
(-0.141039 0.162297 0)
(-0.14486 0.121361 0)
(-0.148833 0.0805494 0)
(-0.152944 0.0398059 0)
(-0.157149 -0.000940395 0)
(-0.161618 -0.0417349 0)
(-0.166418 -0.0826675 0)
(-0.17143 -0.123808 0)
(-0.176651 -0.165212 0)
(-0.182071 -0.206937 0)
(-0.187675 -0.249042 0)
(-0.193448 -0.2916 0)
(-0.19937 -0.334694 0)
(-0.205406 -0.378408 0)
(-0.211485 -0.422794 0)
(-0.217459 -0.46778 0)
(-0.223052 -0.513042 0)
(-0.227825 -0.55788 0)
(-0.231295 -0.601386 0)
(-0.233516 -0.643552 0)
(-0.236275 -0.687991 0)
(-0.244015 -0.744767 0)
(-0.261107 -0.826235 0)
(-0.282718 -0.926935 0)
(-0.287446 -0.99776 0)
(-0.248165 -0.951776 0)
(-0.159593 -0.723933 0)
(-0.0575105 -0.357665 0)
(-5.3684e-06 -0.0446145 0)
(0.00615817 0.211172 0)
(0.00958377 0.458666 0)
(0.000953827 0.591226 0)
(-0.0104676 0.679381 0)
(-0.0216358 0.742915 0)
(-0.0314756 0.780194 0)
(-0.039729 0.789336 0)
(-0.0464572 0.773036 0)
(-0.0519573 0.737758 0)
(-0.0566727 0.691476 0)
(-0.0610282 0.641286 0)
(-0.0652928 0.591805 0)
(-0.0695427 0.54489 0)
(-0.0737249 0.500433 0)
(-0.0777571 0.457526 0)
(-0.0815965 0.415314 0)
(-0.0852581 0.373333 0)
(-0.0887966 0.331466 0)
(-0.092279 0.289755 0)
(-0.0957673 0.248268 0)
(-0.0993109 0.20703 0)
(-0.102948 0.166026 0)
(-0.106721 0.125219 0)
(-0.110676 0.0845685 0)
(-0.114806 0.0440265 0)
(-0.119036 0.00351754 0)
(-0.123563 -0.037037 0)
(-0.128497 -0.0777138 0)
(-0.133696 -0.118613 0)
(-0.13914 -0.159791 0)
(-0.144819 -0.201304 0)
(-0.15072 -0.243215 0)
(-0.156826 -0.285596 0)
(-0.16312 -0.328538 0)
(-0.169573 -0.372144 0)
(-0.176134 -0.416507 0)
(-0.182699 -0.461644 0)
(-0.189069 -0.50737 0)
(-0.194896 -0.553141 0)
(-0.199679 -0.597991 0)
(-0.203046 -0.6411 0)
(-0.205685 -0.683968 0)
(-0.210836 -0.734405 0)
(-0.223985 -0.807322 0)
(-0.245774 -0.909534 0)
(-0.260363 -1.00628 0)
(-0.238368 -1.00728 0)
(-0.164481 -0.817989 0)
(-0.065816 -0.443774 0)
(-0.0011555 -0.0704003 0)
(0.006954 0.201359 0)
(0.0173279 0.457581 0)
(0.0155008 0.59813 0)
(0.0096899 0.688023 0)
(0.00335731 0.751061 0)
(-0.00244479 0.787416 0)
(-0.00766982 0.795606 0)
(-0.012421 0.778486 0)
(-0.0168466 0.742612 0)
(-0.0211049 0.695976 0)
(-0.0253023 0.645609 0)
(-0.0294575 0.596023 0)
(-0.0335179 0.54899 0)
(-0.0374139 0.504374 0)
(-0.0411075 0.461283 0)
(-0.0446098 0.4189 0)
(-0.047971 0.376795 0)
(-0.0512576 0.334862 0)
(-0.0545338 0.293146 0)
(-0.0578546 0.251704 0)
(-0.0612648 0.210554 0)
(-0.064801 0.169676 0)
(-0.0685021 0.129027 0)
(-0.0724191 0.0885632 0)
(-0.0765513 0.0482474 0)
(-0.0807986 0.00800763 0)
(-0.0853635 -0.0322592 0)
(-0.0904169 -0.0726234 0)
(-0.0958081 -0.113231 0)
(-0.101482 -0.154134 0)
(-0.107438 -0.19539 0)
(-0.113665 -0.237061 0)
(-0.120146 -0.27922 0)
(-0.126864 -0.321964 0)
(-0.133791 -0.365407 0)
(-0.140887 -0.409673 0)
(-0.148073 -0.454839 0)
(-0.1552 -0.500827 0)
(-0.162003 -0.547246 0)
(-0.168057 -0.593238 0)
(-0.172866 -0.637657 0)
(-0.176417 -0.680507 0)
(-0.180612 -0.726867 0)
(-0.190512 -0.791157 0)
(-0.210389 -0.889083 0)
(-0.230901 -1.00276 0)
(-0.223594 -1.04663 0)
(-0.164949 -0.901649 0)
(-0.0724953 -0.530841 0)
(-0.0027402 -0.100708 0)
(0.00731154 0.1878 0)
(0.0242002 0.449289 0)
(0.0295347 0.598717 0)
(0.029458 0.691517 0)
(0.0278822 0.754817 0)
(0.0260474 0.791135 0)
(0.0238222 0.799401 0)
(0.0210537 0.782428 0)
(0.0177407 0.746703 0)
(0.0140032 0.700154 0)
(0.0100408 0.649771 0)
(0.00607173 0.600064 0)
(0.00226799 0.552835 0)
(-0.0012871 0.507997 0)
(-0.00459872 0.464706 0)
(-0.007727 0.422176 0)
(-0.0107516 0.379989 0)
(-0.0137484 0.338037 0)
(-0.0167792 0.296356 0)
(-0.0198939 0.254995 0)
(-0.023135 0.213967 0)
(-0.0265398 0.173245 0)
(-0.0301473 0.132782 0)
(-0.0340124 0.0925283 0)
(-0.0381494 0.0524566 0)
(-0.0424175 0.0125177 0)
(-0.0469923 -0.0274007 0)
(-0.0521334 -0.0673911 0)
(-0.0577092 -0.107653 0)
(-0.0636132 -0.148235 0)
(-0.0698548 -0.189182 0)
(-0.0764296 -0.230556 0)
(-0.0833225 -0.272436 0)
(-0.0905134 -0.314923 0)
(-0.0979764 -0.358143 0)
(-0.105674 -0.402239 0)
(-0.11354 -0.447333 0)
(-0.121459 -0.493428 0)
(-0.129224 -0.540256 0)
(-0.136499 -0.587106 0)
(-0.142815 -0.632787 0)
(-0.147835 -0.67645 0)
(-0.1524 -0.720753 0)
(-0.160355 -0.777765 0)
(-0.177616 -0.868082 0)
(-0.200966 -0.990517 0)
(-0.205505 -1.07131 0)
(-0.161733 -0.973626 0)
(-0.077371 -0.616353 0)
(-0.00458855 -0.13514 0)
(0.00725782 0.171242 0)
(0.0299325 0.433938 0)
(0.0426659 0.59269 0)
(0.0485609 0.689797 0)
(0.0517258 0.754242 0)
(0.053829 0.791364 0)
(0.0546489 0.800667 0)
(0.0539571 0.784769 0)
(0.0518705 0.749922 0)
(0.0487618 0.703909 0)
(0.04512 0.653693 0)
(0.0413954 0.603867 0)
(0.0378847 0.556373 0)
(0.0346965 0.511255 0)
(0.0317947 0.467747 0)
(0.0290756 0.425095 0)
(0.026429 0.382871 0)
(0.0237666 0.340951 0)
(0.0210258 0.299354 0)
(0.0181588 0.258123 0)
(0.0151232 0.217267 0)
(0.011878 0.176761 0)
(0.00837992 0.136557 0)
(0.00457458 0.0966069 0)
(0.00043123 0.0568828 0)
(-0.00387107 0.0173314 0)
(-0.00843382 -0.0222462 0)
(-0.0136145 -0.0618922 0)
(-0.0193467 -0.101801 0)
(-0.0254705 -0.142029 0)
(-0.031997 -0.18262 0)
(-0.0389314 -0.223641 0)
(-0.0462636 -0.26518 0)
(-0.0539736 -0.307348 0)
(-0.062032 -0.35028 0)
(-0.0704004 -0.394136 0)
(-0.0790205 -0.439068 0)
(-0.087795 -0.485141 0)
(-0.0965597 -0.532185 0)
(-0.105049 -0.579616 0)
(-0.112873 -0.626323 0)
(-0.119613 -0.671068 0)
(-0.125448 -0.714749 0)
(-0.13286 -0.766401 0)
(-0.147807 -0.847891 0)
(-0.1719 -0.972395 0)
(-0.185554 -1.08323 0)
(-0.155686 -1.03349 0)
(-0.0805289 -0.698394 0)
(-0.00648835 -0.173048 0)
(0.00684435 0.152534 0)
(0.0343158 0.411895 0)
(0.0544991 0.579783 0)
(0.0666937 0.682709 0)
(0.0746775 0.74935 0)
(0.080727 0.78808 0)
(0.0846901 0.799306 0)
(0.086243 0.785368 0)
(0.0855668 0.752121 0)
(0.0832437 0.70711 0)
(0.0800274 0.657275 0)
(0.0765995 0.607362 0)
(0.0734 0.559548 0)
(0.0705875 0.514088 0)
(0.0681132 0.470338 0)
(0.0658366 0.427573 0)
(0.0636148 0.385347 0)
(0.0613412 0.343502 0)
(0.0589464 0.302034 0)
(0.0563814 0.260978 0)
(0.0536029 0.220342 0)
(0.0505664 0.180104 0)
(0.0472257 0.14022 0)
(0.0435268 0.10064 0)
(0.0394193 0.0613251 0)
(0.0350233 0.0222073 0)
(0.0303791 -0.0169593 0)
(0.025189 -0.0562187 0)
(0.0193547 -0.0957032 0)
(0.0130288 -0.135492 0)
(0.00622003 -0.175641 0)
(-0.00108414 -0.216233 0)
(-0.00888201 -0.257364 0)
(-0.017153 -0.299148 0)
(-0.0258617 -0.341726 0)
(-0.0349661 -0.385268 0)
(-0.0444131 -0.429954 0)
(-0.0541195 -0.475894 0)
(-0.0639503 -0.522991 0)
(-0.0736945 -0.570765 0)
(-0.0830418 -0.618205 0)
(-0.0916047 -0.663956 0)
(-0.099249 -0.707825 0)
(-0.107323 -0.755976 0)
(-0.120849 -0.828933 0)
(-0.144529 -0.950574 0)
(-0.16491 -1.08438 0)
(-0.147652 -1.08143 0)
(-0.0822491 -0.775636 0)
(-0.00826111 -0.213675 0)
(0.00614637 0.132565 0)
(0.0372066 0.383773 0)
(0.064637 0.559814 0)
(0.0834935 0.66999 0)
(0.096497 0.740072 0)
(0.106552 0.781219 0)
(0.113792 0.795166 0)
(0.117816 0.784026 0)
(0.118801 0.75311 0)
(0.117477 0.709622 0)
(0.114825 0.660446 0)
(0.111757 0.610528 0)
(0.10888 0.562367 0)
(0.106438 0.516504 0)
(0.104395 0.472467 0)
(0.102587 0.429577 0)
(0.100837 0.387364 0)
(0.0990123 0.345625 0)
(0.0970275 0.304324 0)
(0.0948272 0.263479 0)
(0.0923652 0.223099 0)
(0.0895949 0.183161 0)
(0.0864682 0.143622 0)
(0.082935 0.104427 0)
(0.0789441 0.065516 0)
(0.0745463 0.0268191 0)
(0.0698325 -0.0118579 0)
(0.0645822 -0.050595 0)
(0.0586269 -0.0895266 0)
(0.0520793 -0.128754 0)
(0.0449544 -0.168347 0)
(0.0372344 -0.208397 0)
(0.0289264 -0.249006 0)
(0.0200518 -0.290294 0)
(0.0106422 -0.332409 0)
(0.000739515 -0.37554 0)
(-0.00960721 -0.419886 0)
(-0.0203252 -0.465586 0)
(-0.0313006 -0.512591 0)
(-0.0423673 -0.5605 0)
(-0.0532864 -0.608388 0)
(-0.0637376 -0.6549 0)
(-0.0734938 -0.69926 0)
(-0.0831342 -0.745373 0)
(-0.0963647 -0.810971 0)
(-0.119249 -0.926561 0)
(-0.144432 -1.07666 0)
(-0.138391 -1.11802 0)
(-0.0829292 -0.847261 0)
(-0.00980888 -0.256306 0)
(0.00525935 0.112216 0)
(0.0385373 0.350449 0)
(0.0726913 0.532758 0)
(0.0985187 0.651299 0)
(0.116875 0.726239 0)
(0.131071 0.770664 0)
(0.14175 0.788047 0)
(0.148515 0.780475 0)
(0.151478 0.752633 0)
(0.151432 0.711249 0)
(0.149538 0.6631 0)
(0.146925 0.61334 0)
(0.144391 0.564847 0)
(0.142307 0.518528 0)
(0.140688 0.474143 0)
(0.139364 0.431094 0)
(0.138128 0.388893 0)
(0.136813 0.347285 0)
(0.135309 0.30619 0)
(0.133545 0.265604 0)
(0.131468 0.225528 0)
(0.129029 0.185942 0)
(0.126179 0.146801 0)
(0.122869 0.108045 0)
(0.11905 0.0695996 0)
(0.114718 0.0313849 0)
(0.109965 -0.0067553 0)
(0.104636 -0.0449174 0)
(0.098543 -0.0832304 0)
(0.0917623 -0.121813 0)
(0.0843108 -0.160758 0)
(0.0761655 -0.200158 0)
(0.0673252 -0.240125 0)
(0.0578075 -0.280795 0)
(0.0476408 -0.32233 0)
(0.036865 -0.364932 0)
(0.025534 -0.408813 0)
(0.013719 -0.454134 0)
(0.00151212 -0.500886 0)
(-0.0109642 -0.548726 0)
(-0.0235336 -0.596794 0)
(-0.0359478 -0.643762 0)
(-0.0479973 -0.688582 0)
(-0.0598238 -0.733616 0)
(-0.073871 -0.793378 0)
(-0.0961431 -0.901248 0)
(-0.124701 -1.06166 0)
(-0.128535 -1.14401 0)
(-0.0830131 -0.912851 0)
(-0.0111319 -0.300379 0)
(0.00428855 0.0922976 0)
(0.0383291 0.313057 0)
(0.0783101 0.498832 0)
(0.111248 0.626267 0)
(0.135397 0.707556 0)
(0.153982 0.756244 0)
(0.168292 0.777717 0)
(0.178094 0.774396 0)
(0.183406 0.750353 0)
(0.184996 0.711721 0)
(0.184131 0.665065 0)
(0.182127 0.615723 0)
(0.179993 0.56698 0)
(0.178264 0.520176 0)
(0.177053 0.475372 0)
(0.176216 0.432104 0)
(0.175526 0.38989 0)
(0.174778 0.348422 0)
(0.173828 0.307569 0)
(0.172579 0.267292 0)
(0.170965 0.227578 0)
(0.168931 0.188404 0)
(0.166424 0.149725 0)
(0.163393 0.111475 0)
(0.159791 0.0735723 0)
(0.155575 0.0359262 0)
(0.150824 -0.00159284 0)
(0.145428 -0.0391074 0)
(0.1392 -0.0767253 0)
(0.132185 -0.114576 0)
(0.124395 -0.152772 0)
(0.115806 -0.191422 0)
(0.106409 -0.230648 0)
(0.0962167 -0.270597 0)
(0.0852561 -0.311444 0)
(0.0735654 -0.353401 0)
(0.061194 -0.39669 0)
(0.0482015 -0.441488 0)
(0.0346585 -0.487814 0)
(0.0206585 -0.53536 0)
(0.00632874 -0.583323 0)
(-0.00815304 -0.630417 0)
(-0.0226367 -0.675473 0)
(-0.0370592 -0.719924 0)
(-0.0528912 -0.775345 0)
(-0.0751057 -0.875023 0)
(-0.106068 -1.04067 0)
(-0.118572 -1.16021 0)
(-0.0829325 -0.972271 0)
(-0.0123269 -0.345559 0)
(0.00333343 0.0734993 0)
(0.036703 0.272974 0)
(0.0812188 0.458589 0)
(0.121104 0.594605 0)
(0.151513 0.683616 0)
(0.174873 0.737705 0)
(0.193059 0.763923 0)
(0.206205 0.765437 0)
(0.214281 0.745869 0)
(0.217946 0.710676 0)
(0.218477 0.666085 0)
(0.217332 0.617538 0)
(0.215722 0.568719 0)
(0.214383 0.521447 0)
(0.213571 0.47616 0)
(0.213212 0.432593 0)
(0.213084 0.39031 0)
(0.21295 0.348968 0)
(0.212622 0.308376 0)
(0.21197 0.268453 0)
(0.210904 0.22916 0)
(0.209355 0.190463 0)
(0.207263 0.152313 0)
(0.204574 0.114642 0)
(0.201235 0.0773629 0)
(0.197191 0.0403778 0)
(0.192487 0.0035745 0)
(0.187046 -0.0331973 0)
(0.180701 -0.0700266 0)
(0.173458 -0.107047 0)
(0.165327 -0.144388 0)
(0.156284 -0.182174 0)
(0.146314 -0.22054 0)
(0.135424 -0.259644 0)
(0.123638 -0.299678 0)
(0.11099 -0.340863 0)
(0.0975232 -0.38343 0)
(0.0832854 -0.427562 0)
(0.0683241 -0.473285 0)
(0.0526941 -0.520311 0)
(0.0364674 -0.56788 0)
(0.0197663 -0.614741 0)
(0.00269392 -0.659703 0)
(-0.0146105 -0.7037 0)
(-0.0330013 -0.756028 0)
(-0.0559158 -0.847899 0)
(-0.0887035 -1.01468 0)
(-0.108838 -1.1673 0)
(-0.0830653 -1.02556 0)
(-0.0135745 -0.391775 0)
(0.00247095 0.0563509 0)
(0.0338796 0.23175 0)
(0.0812704 0.412977 0)
(0.127511 0.556226 0)
(0.164543 0.653944 0)
(0.193185 0.71468 0)
(0.215585 0.746376 0)
(0.232395 0.753229 0)
(0.243665 0.738727 0)
(0.249912 0.707661 0)
(0.252323 0.665794 0)
(0.252412 0.618547 0)
(0.25156 0.56995 0)
(0.250719 0.522313 0)
(0.250335 0.476513 0)
(0.250451 0.432561 0)
(0.250887 0.390128 0)
(0.251394 0.348867 0)
(0.251744 0.308536 0)
(0.251763 0.268999 0)
(0.251329 0.230183 0)
(0.25035 0.192032 0)
(0.248753 0.154488 0)
(0.246475 0.117478 0)
(0.243459 0.0809128 0)
(0.239644 0.0446881 0)
(0.235037 0.00869581 0)
(0.229585 -0.0272208 0)
(0.223148 -0.0631518 0)
(0.215695 -0.0992322 0)
(0.20723 -0.135605 0)
(0.197733 -0.172406 0)
(0.187184 -0.209786 0)
(0.175584 -0.247917 0)
(0.162953 -0.287004 0)
(0.149319 -0.327276 0)
(0.134714 -0.368968 0)
(0.119166 -0.41226 0)
(0.102696 -0.457177 0)
(0.0853188 -0.503441 0)
(0.0670533 -0.550318 0)
(0.0479649 -0.596595 0)
(0.0281195 -0.641077 0)
(0.00769546 -0.684501 0)
(-0.0138322 -0.734647 0)
(-0.0382814 -0.819637 0)
(-0.0726362 -0.984361 0)
(-0.0995175 -1.16585 0)
(-0.0837022 -1.0728 0)
(-0.0151218 -0.43922 0)
(0.00174401 0.0412007 0)
(0.0301659 0.19101 0)
(0.0784964 0.363372 0)
(0.129979 0.511393 0)
(0.173709 0.618099 0)
(0.208187 0.686692 0)
(0.235256 0.724719 0)
(0.256087 0.737395 0)
(0.270984 0.72844 0)
(0.280365 0.702136 0)
(0.285246 0.663697 0)
(0.287091 0.618377 0)
(0.287385 0.570444 0)
(0.287279 0.522668 0)
(0.287432 0.476404 0)
(0.288056 0.432011 0)
(0.289061 0.38934 0)
(0.290218 0.34809 0)
(0.291279 0.307991 0)
(0.292027 0.268855 0)
(0.2923 0.230562 0)
(0.291973 0.193027 0)
(0.290953 0.156173 0)
(0.289163 0.119916 0)
(0.286537 0.0841635 0)
(0.283008 0.0488058 0)
(0.278558 0.0137311 0)
(0.273143 -0.021213 0)
(0.266647 -0.0561275 0)
(0.259011 -0.0911502 0)
(0.250233 -0.126432 0)
(0.240296 -0.162123 0)
(0.229178 -0.198386 0)
(0.216873 -0.235408 0)
(0.203393 -0.273403 0)
(0.188756 -0.312609 0)
(0.172977 -0.353254 0)
(0.156059 -0.395509 0)
(0.137989 -0.439386 0)
(0.118736 -0.484604 0)
(0.0982662 -0.530453 0)
(0.0765929 -0.575774 0)
(0.0537566 -0.619412 0)
(0.029993 -0.661961 0)
(0.00493284 -0.71052 0)
(-0.0218691 -0.789856 0)
(-0.057789 -0.950202 0)
(-0.0906419 -1.15627 0)
(-0.0850153 -1.11407 0)
(-0.0172549 -0.488334 0)
(0.0011611 0.0282209 0)
(0.0259223 0.152307 0)
(0.0731487 0.311539 0)
(0.128212 0.460859 0)
(0.178231 0.575842 0)
(0.218982 0.653197 0)
(0.251273 0.698504 0)
(0.276555 0.71753 0)
(0.295517 0.714512 0)
(0.308597 0.693495 0)
(0.316621 0.65917 0)
(0.320896 0.616489 0)
(0.32291 0.569807 0)
(0.323953 0.522276 0)
(0.324896 0.475722 0)
(0.326151 0.430908 0)
(0.327769 0.387939 0)
(0.329592 0.346626 0)
(0.331379 0.306709 0)
(0.33289 0.267965 0)
(0.333922 0.230226 0)
(0.334315 0.193368 0)
(0.333946 0.157286 0)
(0.33272 0.121881 0)
(0.330554 0.0870465 0)
(0.327377 0.052669 0)
(0.323147 0.0186307 0)
(0.317827 -0.0152195 0)
(0.311317 -0.0489935 0)
(0.30354 -0.0828333 0)
(0.294487 -0.116897 0)
(0.284142 -0.151346 0)
(0.272482 -0.186355 0)
(0.259493 -0.222124 0)
(0.245175 -0.258874 0)
(0.229528 -0.29684 0)
(0.212544 -0.336241 0)
(0.194194 -0.377229 0)
(0.174422 -0.419794 0)
(0.153149 -0.463645 0)
(0.130289 -0.508092 0)
(0.105807 -0.552048 0)
(0.0797302 -0.594458 0)
(0.0523693 -0.635905 0)
(0.023532 -0.682984 0)
(-0.00632246 -0.758108 0)
(-0.0440058 -0.912543 0)
(-0.0820897 -1.13875 0)
(-0.0870328 -1.14929 0)
(-0.0202588 -0.539768 0)
(0.000708048 0.017431 0)
(0.0215181 0.116955 0)
(0.065712 0.259526 0)
(0.122212 0.405961 0)
(0.177462 0.527342 0)
(0.224573 0.613718 0)
(0.262635 0.667194 0)
(0.292888 0.693178 0)
(0.316384 0.696439 0)
(0.333725 0.681102 0)
(0.345603 0.651484 0)
(0.353108 0.612168 0)
(0.357608 0.567444 0)
(0.360437 0.52071 0)
(0.362629 0.474209 0)
(0.364799 0.429124 0)
(0.367181 0.385878 0)
(0.369734 0.344459 0)
(0.372275 0.304675 0)
(0.374567 0.266298 0)
(0.376387 0.229126 0)
(0.377543 0.192992 0)
(0.377882 0.157758 0)
(0.377281 0.123298 0)
(0.375643 0.0894905 0)
(0.372883 0.0562103 0)
(0.36894 0.0233313 0)
(0.36378 -0.00929891 0)
(0.357314 -0.0418037 0)
(0.349451 -0.0743304 0)
(0.340177 -0.107043 0)
(0.329476 -0.140113 0)
(0.317317 -0.173727 0)
(0.303679 -0.20809 0)
(0.288542 -0.243423 0)
(0.271883 -0.279953 0)
(0.25366 -0.317882 0)
(0.233804 -0.357333 0)
(0.21221 -0.398268 0)
(0.188749 -0.440384 0)
(0.163283 -0.483016 0)
(0.135744 -0.525168 0)
(0.106161 -0.565946 0)
(0.0749325 -0.606052 0)
(0.042103 -0.65174 0)
(0.00871796 -0.723818 0)
(-0.0310504 -0.871681 0)
(-0.0735753 -1.11342 0)
(-0.0896134 -1.17821 0)
(-0.024361 -0.594321 0)
(0.000366111 0.00872727 0)
(0.0172851 0.0858879 0)
(0.0568715 0.20947 0)
(0.112362 0.348625 0)
(0.171053 0.473385 0)
(0.224006 0.568061 0)
(0.268172 0.630241 0)
(0.303954 0.663809 0)
(0.332511 0.673698 0)
(0.354682 0.664318 0)
(0.371132 0.639853 0)
(0.382735 0.604559 0)
(0.390649 0.562544 0)
(0.396132 0.517302 0)
(0.400285 0.471384 0)
(0.403892 0.42636 0)
(0.407373 0.382996 0)
(0.410849 0.341519 0)
(0.414238 0.301862 0)
(0.417358 0.26384 0)
(0.419993 0.227239 0)
(0.421938 0.191863 0)
(0.423019 0.157539 0)
(0.423088 0.12411 0)
(0.422029 0.0914318 0)
(0.419745 0.0593636 0)
(0.416154 0.0277659 0)
(0.41122 -0.00351556 0)
(0.404862 -0.0346226 0)
(0.39698 -0.0657045 0)
(0.387551 -0.0969304 0)
(0.376552 -0.128481 0)
(0.363947 -0.160548 0)
(0.349696 -0.193334 0)
(0.333756 -0.227057 0)
(0.316071 -0.261926 0)
(0.296557 -0.298114 0)
(0.275097 -0.335713 0)
(0.251533 -0.374651 0)
(0.225683 -0.414615 0)
(0.197369 -0.454978 0)
(0.166501 -0.494865 0)
(0.133139 -0.53361 0)
(0.0977993 -0.572148 0)
(0.0607701 -0.616599 0)
(0.023601 -0.686457 0)
(-0.0186125 -0.827928 0)
(-0.0646502 -1.08031 0)
(-0.0924183 -1.20023 0)
(-0.0296519 -0.652787 0)
(0.000127434 0.00190397 0)
(0.0134906 0.0595784 0)
(0.0474284 0.163357 0)
(0.0994232 0.291252 0)
(0.159096 0.41551 0)
(0.216557 0.516577 0)
(0.26666 0.587274 0)
(0.308408 0.628854 0)
(0.342603 0.645716 0)
(0.370205 0.642498 0)
(0.39194 0.623473 0)
(0.408527 0.592714 0)
(0.420879 0.554119 0)
(0.430069 0.511139 0)
(0.437154 0.466498 0)
(0.442999 0.422067 0)
(0.448179 0.378936 0)
(0.452985 0.337598 0)
(0.457477 0.298164 0)
(0.461568 0.260539 0)
(0.465096 0.22454 0)
(0.467876 0.18996 0)
(0.469731 0.156601 0)
(0.470503 0.124279 0)
(0.470061 0.0928239 0)
(0.468296 0.0620743 0)
(0.465113 0.031874 0)
(0.460462 0.00206483 0)
(0.45427 -0.0275178 0)
(0.446433 -0.0570231 0)
(0.43691 -0.0866237 0)
(0.425668 -0.116505 0)
(0.412657 -0.146858 0)
(0.397813 -0.177879 0)
(0.381061 -0.209769 0)
(0.362305 -0.242711 0)
(0.341411 -0.276847 0)
(0.31821 -0.312226 0)
(0.292489 -0.348749 0)
(0.264018 -0.386099 0)
(0.232589 -0.423707 0)
(0.198116 -0.460865 0)
(0.160724 -0.4972 0)
(0.121079 -0.533988 0)
(0.0797072 -0.577384 0)
(0.0386975 -0.645722 0)
(-0.00631792 -0.781638 0)
(-0.0547109 -1.03951 0)
(-0.0948767 -1.21442 0)
(-0.0359733 -0.715737 0)
(3.42405e-06 -0.0033375 0)
(0.0103351 0.038054 0)
(0.0381655 0.122783 0)
(0.0844352 0.236496 0)
(0.142169 0.356023 0)
(0.201925 0.460404 0)
(0.257025 0.538359 0)
(0.304793 0.587846 0)
(0.345136 0.611879 0)
(0.378811 0.614972 0)
(0.406557 0.601548 0)
(0.429001 0.575668 0)
(0.446834 0.541075 0)
(0.460889 0.501108 0)
(0.472071 0.458531 0)
(0.481221 0.415399 0)
(0.488995 0.373057 0)
(0.495824 0.332254 0)
(0.501917 0.293301 0)
(0.507316 0.256234 0)
(0.511951 0.220939 0)
(0.515697 0.187233 0)
(0.518406 0.154913 0)
(0.519935 0.123778 0)
(0.520152 0.0936353 0)
(0.518945 0.0643044 0)
(0.516211 0.0356111 0)
(0.511887 0.00738852 0)
(0.5059 -0.0205439 0)
(0.498148 -0.0483384 0)
(0.488565 -0.0761688 0)
(0.4771 -0.104219 0)
(0.463683 -0.132672 0)
(0.448221 -0.16171 0)
(0.4306 -0.191509 0)
(0.410674 -0.222219 0)
(0.388261 -0.253942 0)
(0.363134 -0.286688 0)
(0.335032 -0.320333 0)
(0.303684 -0.354571 0)
(0.268874 -0.38893 0)
(0.230552 -0.422917 0)
(0.188948 -0.456526 0)
(0.144905 -0.491467 0)
(0.0991866 -0.534057 0)
(0.0544429 -0.601625 0)
(0.00632138 -0.733149 0)
(-0.0429987 -0.991409 0)
(-0.0961448 -1.21944 0)
(-0.0427908 -0.783393 0)
(1.693e-05 -0.00738697 0)
(0.00791625 0.0209934 0)
(0.0296438 0.088815 0)
(0.0684529 0.186956 0)
(0.12121 0.297836 0)
(0.180312 0.401574 0)
(0.238559 0.484284 0)
(0.291741 0.540649 0)
(0.338459 0.571629 0)
(0.37881 0.581038 0)
(0.413311 0.573279 0)
(0.442471 0.552473 0)
(0.466794 0.522303 0)
(0.486873 0.485996 0)
(0.503401 0.446269 0)
(0.517098 0.405241 0)
(0.528611 0.364419 0)
(0.538442 0.324748 0)
(0.546924 0.28673 0)
(0.554229 0.250551 0)
(0.560405 0.216194 0)
(0.565417 0.183531 0)
(0.569185 0.152383 0)
(0.571605 0.122548 0)
(0.57257 0.0938254 0)
(0.571978 0.0660216 0)
(0.569735 0.0389491 0)
(0.565765 0.0124303 0)
(0.559995 -0.0137217 0)
(0.552327 -0.0396641 0)
(0.542669 -0.0655669 0)
(0.530944 -0.0916051 0)
(0.51706 -0.117948 0)
(0.500887 -0.144754 0)
(0.48227 -0.172168 0)
(0.461016 -0.200301 0)
(0.436889 -0.229211 0)
(0.409614 -0.258875 0)
(0.378888 -0.289151 0)
(0.344424 -0.319776 0)
(0.306024 -0.350412 0)
(0.263714 -0.380847 0)
(0.217866 -0.411509 0)
(0.169511 -0.444615 0)
(0.119648 -0.486725 0)
(0.0714119 -0.554295 0)
(0.0200227 -0.682958 0)
(-0.0286696 -0.936884 0)
(-0.0951072 -1.21378 0)
(-0.0491013 -0.85569 0)
(0.000155581 -0.0106642 0)
(0.00602818 0.00791331 0)
(0.0218249 0.0620066 0)
(0.0520397 0.144877 0)
(0.0971052 0.244112 0)
(0.152286 0.342894 0)
(0.211047 0.426705 0)
(0.268225 0.48774 0)
(0.32101 0.524664 0)
(0.368418 0.540038 0)
(0.41037 0.537863 0)
(0.447081 0.522214 0)
(0.478847 0.496746 0)
(0.506034 0.464609 0)
(0.529112 0.428434 0)
(0.548628 0.390322 0)
(0.56514 0.35184 0)
(0.579149 0.314055 0)
(0.591051 0.277615 0)
(0.601123 0.242839 0)
(0.609525 0.209822 0)
(0.61633 0.178513 0)
(0.621544 0.148775 0)
(0.625131 0.120434 0)
(0.627034 0.0932958 0)
(0.627182 0.067167 0)
(0.6255 0.0418572 0)
(0.621916 0.0171849 0)
(0.616358 -0.00703556 0)
(0.608734 -0.0309642 0)
(0.598931 -0.054759 0)
(0.586849 -0.0785784 0)
(0.572367 -0.102571 0)
(0.555325 -0.126866 0)
(0.535526 -0.15157 0)
(0.512734 -0.176752 0)
(0.486672 -0.20243 0)
(0.457028 -0.228551 0)
(0.423484 -0.254982 0)
(0.385768 -0.281533 0)
(0.34374 -0.308053 0)
(0.29754 -0.334666 0)
(0.247693 -0.362287 0)
(0.195405 -0.393675 0)
(0.14185 -0.435668 0)
(0.0904779 -0.503983 0)
(0.0358857 -0.631352 0)
(-0.0109931 -0.877476 0)
(-0.0904894 -1.19571 0)
(-0.053419 -0.931861 0)
(0.000278932 -0.0133761 0)
(0.00370487 -0.00142649 0)
(0.0133965 0.0426453 0)
(0.0344292 0.111898 0)
(0.0699161 0.197741 0)
(0.118287 0.287511 0)
(0.174662 0.368028 0)
(0.233755 0.430349 0)
(0.291628 0.471186 0)
(0.346017 0.491538 0)
(0.39589 0.494569 0)
(0.440884 0.484024 0)
(0.480949 0.463434 0)
(0.516201 0.435856 0)
(0.546891 0.403826 0)
(0.573381 0.369375 0)
(0.596098 0.334058 0)
(0.615484 0.298988 0)
(0.631941 0.264894 0)
(0.645799 0.2322 0)
(0.657306 0.201094 0)
(0.666629 0.171607 0)
(0.673867 0.143663 0)
(0.679066 0.117128 0)
(0.682232 0.0918361 0)
(0.683345 0.0676089 0)
(0.682366 0.0442673 0)
(0.679238 0.0216373 0)
(0.673904 -0.000454069 0)
(0.666276 -0.0221663 0)
(0.656237 -0.043636 0)
(0.643667 -0.0649968 0)
(0.628423 -0.0863689 0)
(0.610323 -0.107848 0)
(0.589142 -0.129501 0)
(0.564617 -0.151355 0)
(0.53645 -0.173395 0)
(0.504328 -0.195556 0)
(0.467957 -0.217741 0)
(0.427127 -0.239879 0)
(0.381801 -0.262047 0)
(0.332248 -0.284743 0)
(0.279127 -0.309377 0)
(0.223732 -0.339229 0)
(0.167266 -0.381393 0)
(0.113247 -0.450933 0)
(0.0556499 -0.577886 0)
(0.0106828 -0.815133 0)
(-0.0808568 -1.16269 0)
(-0.0537454 -1.00871 0)
(-4.21019e-05 -0.014835 0)
(-0.00140551 -0.00613686 0)
(0.00103323 0.0313514 0)
(0.0126053 0.0890065 0)
(0.0378965 0.160716 0)
(0.0778272 0.238138 0)
(0.129519 0.310873 0)
(0.188345 0.370318 0)
(0.249811 0.412041 0)
(0.310527 0.435568 0)
(0.368341 0.442926 0)
(0.42205 0.437189 0)
(0.471057 0.421535 0)
(0.515129 0.398818 0)
(0.554272 0.371432 0)
(0.588659 0.341303 0)
(0.618578 0.309923 0)
(0.64438 0.278391 0)
(0.666431 0.247464 0)
(0.685074 0.217622 0)
(0.700604 0.189124 0)
(0.713257 0.162068 0)
(0.723209 0.136441 0)
(0.730583 0.112158 0)
(0.735456 0.089094 0)
(0.737866 0.0671009 0)
(0.73782 0.0460241 0)
(0.735295 0.0257103 0)
(0.730255 0.00601115 0)
(0.722622 -0.0132198 0)
(0.712294 -0.0320959 0)
(0.699145 -0.0507201 0)
(0.683026 -0.0691777 0)
(0.663749 -0.0875274 0)
(0.64109 -0.105798 0)
(0.614792 -0.123987 0)
(0.584584 -0.14206 0)
(0.550204 -0.159969 0)
(0.51144 -0.17769 0)
(0.468193 -0.1953 0)
(0.420555 -0.21313 0)
(0.368903 -0.232042 0)
(0.313947 -0.253893 0)
(0.256923 -0.2824 0)
(0.198828 -0.32483 0)
(0.142979 -0.395591 0)
(0.0825785 -0.522189 0)
(0.037965 -0.751319 0)
(-0.0637721 -1.11117 0)
(-0.0473561 -1.0793 0)
(-0.00178122 -0.0121925 0)
(-0.0131665 -0.00302974 0)
(-0.0205197 0.0295848 0)
(-0.018746 0.0765692 0)
(-0.00297412 0.133675 0)
(0.0288197 0.196242 0)
(0.0751153 0.257219 0)
(0.132245 0.309545 0)
(0.195806 0.348562 0)
(0.261742 0.372744 0)
(0.32693 0.382956 0)
(0.389252 0.381349 0)
(0.44741 0.370483 0)
(0.500692 0.352818 0)
(0.548789 0.330496 0)
(0.59166 0.305275 0)
(0.629443 0.278538 0)
(0.66239 0.251322 0)
(0.690808 0.224372 0)
(0.715024 0.198183 0)
(0.735347 0.173052 0)
(0.752055 0.149127 0)
(0.765378 0.126447 0)
(0.775502 0.104979 0)
(0.782567 0.0846397 0)
(0.786669 0.0653217 0)
(0.787866 0.046905 0)
(0.786181 0.0292677 0)
(0.781606 0.0122946 0)
(0.774099 -0.00412987 0)
(0.763577 -0.0200975 0)
(0.749933 -0.0356826 0)
(0.733043 -0.0509368 0)
(0.712752 -0.065884 0)
(0.68888 -0.0805245 0)
(0.661238 -0.0948414 0)
(0.629645 -0.108812 0)
(0.593954 -0.122434 0)
(0.554088 -0.135777 0)
(0.510082 -0.149076 0)
(0.462127 -0.16289 0)
(0.410624 -0.178372 0)
(0.356175 -0.197717 0)
(0.299752 -0.224953 0)
(0.241906 -0.267432 0)
(0.185534 -0.338905 0)
(0.122598 -0.464492 0)
(0.0759772 -0.687074 0)
(-0.03449 -1.03972 0)
(-0.0308766 -1.1366 0)
(-0.00668077 0.000542249 0)
(-0.0363385 0.013341 0)
(-0.0570891 0.0395733 0)
(-0.0654702 0.074255 0)
(-0.0576431 0.115564 0)
(-0.0321015 0.161313 0)
(0.0100876 0.207582 0)
(0.0656304 0.249256 0)
(0.130459 0.282157 0)
(0.20046 0.304199 0)
(0.271971 0.315347 0)
(0.342142 0.316789 0)
(0.408987 0.310272 0)
(0.47126 0.297664 0)
(0.528271 0.280703 0)
(0.57972 0.26088 0)
(0.62557 0.239405 0)
(0.665954 0.217211 0)
(0.701112 0.194987 0)
(0.731332 0.173213 0)
(0.756921 0.152197 0)
(0.778175 0.132119 0)
(0.795361 0.113055 0)
(0.808713 0.0950141 0)
(0.818425 0.0779575 0)
(0.824648 0.0618183 0)
(0.827499 0.0465153 0)
(0.827055 0.0319629 0)
(0.823361 0.0180801 0)
(0.816429 0.00479299 0)
(0.806237 -0.00795909 0)
(0.792702 -0.0202214 0)
(0.775775 -0.0320379 0)
(0.755398 -0.043426 0)
(0.731497 -0.0543799 0)
(0.704008 -0.0648876 0)
(0.672892 -0.0749541 0)
(0.638149 -0.0846349 0)
(0.59984 -0.0940872 0)
(0.558091 -0.103659 0)
(0.513093 -0.114044 0)
(0.465107 -0.126547 0)
(0.41441 -0.143515 0)
(0.361439 -0.169107 0)
(0.305997 -0.21069 0)
(0.250284 -0.281526 0)
(0.184661 -0.404744 0)
(0.135492 -0.619153 0)
(0.0115542 -0.956733 0)
(-0.00181972 -1.17908 0)
(-0.0171207 0.0329779 0)
(-0.0747868 0.049113 0)
(-0.111629 0.0626899 0)
(-0.129652 0.0804946 0)
(-0.127621 0.103488 0)
(-0.105799 0.130889 0)
(-0.0657327 0.160517 0)
(-0.0106544 0.189178 0)
(0.0554273 0.213553 0)
(0.128539 0.231145 0)
(0.205062 0.241266 0)
(0.281722 0.244408 0)
(0.356022 0.241505 0)
(0.426261 0.23371 0)
(0.491389 0.222228 0)
(0.550832 0.208171 0)
(0.604355 0.192492 0)
(0.651958 0.175958 0)
(0.693793 0.159158 0)
(0.730104 0.14252 0)
(0.761181 0.126339 0)
(0.787329 0.110799 0)
(0.808845 0.0960033 0)
(0.826005 0.0819908 0)
(0.839055 0.0687597 0)
(0.848209 0.0562803 0)
(0.853647 0.0445076 0)
(0.85552 0.0333899 0)
(0.853947 0.0228763 0)
(0.849026 0.0129228 0)
(0.840823 0.00349381 0)
(0.829457 -0.0054312 0)
(0.814831 -0.0138623 0)
(0.797007 -0.0218385 0)
(0.776066 -0.0293914 0)
(0.752086 -0.0365364 0)
(0.725153 -0.0433038 0)
(0.695367 -0.0497814 0)
(0.662845 -0.0561624 0)
(0.627701 -0.062817 0)
(0.589995 -0.0704323 0)
(0.549692 -0.0802637 0)
(0.50653 -0.0945435 0)
(0.460104 -0.117226 0)
(0.408961 -0.155357 0)
(0.353768 -0.221638 0)
(0.283176 -0.337858 0)
(0.228218 -0.539226 0)
(0.0731248 -0.870531 0)
(0.0414369 -1.19753 0)
(-0.0353353 0.0984192 0)
(-0.125164 0.109866 0)
(-0.171047 0.0979316 0)
(-0.19226 0.0923449 0)
(-0.192143 0.0943577 0)
(-0.172028 0.102286 0)
(-0.133566 0.11469 0)
(-0.0796646 0.12931 0)
(-0.0140369 0.143481 0)
(0.05976 0.155006 0)
(0.138539 0.162732 0)
(0.219065 0.166393 0)
(0.298437 0.16618 0)
(0.374612 0.16259 0)
(0.446254 0.156275 0)
(0.512536 0.147922 0)
(0.57302 0.138171 0)
(0.627552 0.127571 0)
(0.676181 0.116565 0)
(0.719083 0.105495 0)
(0.756517 0.0946062 0)
(0.78878 0.084066 0)
(0.816183 0.0739784 0)
(0.839031 0.0643986 0)
(0.857614 0.0553472 0)
(0.872197 0.0468212 0)
(0.883019 0.0388026 0)
(0.890294 0.0312661 0)
(0.89421 0.024183 0)
(0.894934 0.0175267 0)
(0.892626 0.0112703 0)
(0.887396 0.00540661 0)
(0.879503 -6.90999e-05 0)
(0.869016 -0.00517256 0)
(0.855968 -0.00993644 0)
(0.840486 -0.0144018 0)
(0.822695 -0.0186176 0)
(0.802703 -0.0226733 0)
(0.780588 -0.0267414 0)
(0.756366 -0.031125 0)
(0.729916 -0.0363652 0)
(0.70088 -0.0434595 0)
(0.668436 -0.0541996 0)
(0.631203 -0.0717771 0)
(0.585981 -0.101963 0)
(0.530384 -0.155464 0)
(0.449727 -0.251644 0)
(0.37302 -0.4238 0)
(0.152666 -0.740886 0)
(0.118109 -1.13976 0)
(-0.0728624 0.213874 0)
(-0.14464 0.159825 0)
(-0.141782 0.103321 0)
(-0.130633 0.0842331 0)
(-0.112547 0.0722714 0)
(-0.085218 0.0637272 0)
(-0.0473593 0.0605452 0)
(0.000992747 0.0620263 0)
(0.0589761 0.0662296 0)
(0.125262 0.0716844 0)
(0.197716 0.0770754 0)
(0.273662 0.0812745 0)
(0.350556 0.0837533 0)
(0.426341 0.0843934 0)
(0.499471 0.0833151 0)
(0.568846 0.0807718 0)
(0.63374 0.077075 0)
(0.693732 0.0725391 0)
(0.748636 0.0674489 0)
(0.798436 0.0620435 0)
(0.843235 0.0565122 0)
(0.883212 0.0509974 0)
(0.918591 0.0456006 0)
(0.949615 0.0403893 0)
(0.976535 0.0354048 0)
(0.999594 0.0306697 0)
(1.01902 0.0261932 0)
(1.03504 0.0219758 0)
(1.04784 0.0180127 0)
(1.05761 0.014296 0)
(1.06452 0.0108169 0)
(1.06874 0.00756372 0)
(1.07039 0.00453065 0)
(1.06965 0.00172531 0)
(1.06672 -0.000861212 0)
(1.0617 -0.00325313 0)
(1.05468 -0.00548112 0)
(1.04574 -0.00760304 0)
(1.03492 -0.00973351 0)
(1.02214 -0.0120627 0)
(1.00718 -0.0149137 0)
(0.989498 -0.0188871 0)
(0.967955 -0.025068 0)
(0.940484 -0.0353444 0)
(0.902536 -0.0530723 0)
(0.848397 -0.0844404 0)
(0.758024 -0.141986 0)
(0.641551 -0.252084 0)
(0.336009 -0.495557 0)
(0.32794 -0.862165 0)
(0.238782 0.159768 0)
(0.35718 0.172607 0)
(0.470704 0.127626 0)
(0.571649 0.0910112 0)
(0.648005 0.0667733 0)
(0.706948 0.0498574 0)
(0.75636 0.0374329 0)
(0.801056 0.0282452 0)
(0.844143 0.0216358 0)
(0.887741 0.0171841 0)
(0.932984 0.0144575 0)
(0.980113 0.0129798 0)
(1.02874 0.0123049 0)
(1.07811 0.0120628 0)
(1.12735 0.0119766 0)
(1.17557 0.0118643 0)
(1.22203 0.0116261 0)
(1.26611 0.0112235 0)
(1.30737 0.0106579 0)
(1.34553 0.00995272 0)
(1.38042 0.0091412 0)
(1.41199 0.00825843 0)
(1.44028 0.00733651 0)
(1.46536 0.00640232 0)
(1.48735 0.00547714 0)
(1.5064 0.00457718 0)
(1.52266 0.00371422 0)
(1.53629 0.00289641 0)
(1.54747 0.00212907 0)
(1.55633 0.00141543 0)
(1.56305 0.000757131 0)
(1.56777 0.000154716 0)
(1.57063 -0.000391345 0)
(1.57178 -0.000881529 0)
(1.57135 -0.00131669 0)
(1.56947 -0.00170035 0)
(1.56627 -0.00203856 0)
(1.56184 -0.00234551 0)
(1.55622 -0.00265214 0)
(1.54934 -0.00301029 0)
(1.54096 -0.00350455 0)
(1.53059 -0.0042861 0)
(1.51713 -0.00562937 0)
(1.49869 -0.00798523 0)
(1.47135 -0.012175 0)
(1.42968 -0.0194092 0)
(1.3567 -0.0331353 0)
(1.24354 -0.0573494 0)
(0.972366 -0.1302 0)
(0.997207 -0.299619 0)
)
;

boundaryField
{
    movingWall
    {
        type            fixedValue;
        value           uniform (2 0 0);
    }
    fixedWalls
    {
        type            fixedValue;
        value           uniform (0 0 0);
    }
    frontAndBack
    {
        type            empty;
    }
}


// ************************************************************************* //
