/*--------------------------------*- C++ -*----------------------------------*\
  =========                 |
  \\      /  F ield         | OpenFOAM: The Open Source CFD Toolbox
   \\    /   O peration     | Website:  https://openfoam.org
    \\  /    A nd           | Version:  7
     \\/     M anipulation  |
\*---------------------------------------------------------------------------*/
FoamFile
{
    version     2.0;
    format      ascii;
    class       surfaceScalarField;
    location    "300";
    object      phi;
}
// * * * * * * * * * * * * * * * * * * * * * * * * * * * * * * * * * * * * * //

dimensions      [0 3 -1 0 0 0 0];

internalField   nonuniform List<scalar> 
4900
(
5.3987e-07
-5.46164e-07
1.32148e-06
-7.81633e-07
1.85331e-06
-5.31858e-07
1.92234e-06
-6.90465e-08
1.47502e-06
4.47304e-07
5.26738e-07
9.48265e-07
-8.85651e-07
1.41237e-06
-2.72725e-06
1.84158e-06
-4.97358e-06
2.24631e-06
-7.61041e-06
2.6368e-06
-1.06291e-05
3.01868e-06
-1.40205e-05
3.39135e-06
-1.77684e-05
3.74788e-06
-2.18442e-05
4.07577e-06
-2.62022e-05
4.35799e-06
-3.07764e-05
4.57422e-06
-3.54786e-05
4.70216e-06
-4.01976e-05
4.71896e-06
-4.48004e-05
4.60283e-06
-4.91353e-05
4.33485e-06
-5.30362e-05
3.90088e-06
-5.63297e-05
3.29355e-06
-5.88439e-05
2.51414e-06
-6.04181e-05
1.57415e-06
-6.09145e-05
4.96421e-07
-6.023e-05
-6.84551e-07
-5.83059e-05
-1.92409e-06
-5.51379e-05
-3.16807e-06
-5.07817e-05
-4.35617e-06
-4.53561e-05
-5.42569e-06
-3.90401e-05
-6.31602e-06
-3.20665e-05
-6.97361e-06
-2.47096e-05
-7.35691e-06
-1.72691e-05
-7.44054e-06
-1.00508e-05
-7.21831e-06
-3.34649e-06
-6.70433e-06
2.58582e-06
-5.93233e-06
7.53862e-06
-4.95282e-06
1.13664e-05
-3.82777e-06
1.39912e-05
-2.62487e-06
1.54034e-05
-1.41217e-06
1.56561e-05
-2.52764e-07
1.48578e-05
7.98306e-07
1.31639e-05
1.69392e-06
1.07748e-05
2.38908e-06
7.94224e-06
2.83256e-06
4.98737e-06
2.95487e-06
2.33095e-06
2.65641e-06
5.14681e-07
1.81627e-06
5.1468e-07
7.88546e-07
-1.33474e-06
1.66892e-06
-1.66206e-06
1.78337e-06
-6.46359e-07
7.47657e-07
9.66619e-07
-1.56555e-06
2.76046e-06
-5.15229e-06
4.53495e-06
-9.95735e-06
6.21737e-06
-1.59177e-05
7.80184e-06
-2.29795e-05
9.30809e-06
-3.10986e-05
1.07558e-05
-4.02311e-05
1.21512e-05
-5.0321e-05
1.34811e-05
-6.12864e-05
1.47133e-05
-7.30087e-05
1.5798e-05
-8.53231e-05
1.66724e-05
-9.80141e-05
1.72652e-05
-0.000110813
1.75013e-05
-0.000123402
1.73077e-05
-0.000135419
1.66194e-05
-0.000146469
1.53849e-05
-0.000156141
1.35726e-05
-0.000164023
1.11763e-05
-0.000169729
8.21961e-06
-0.000172914
4.75925e-06
-0.000173304
8.8658e-07
-0.000170716
-3.27297e-06
-0.000165074
-7.56612e-06
-0.000156426
-1.18161e-05
-0.00014495
-1.58323e-05
-0.000130954
-1.94216e-05
-0.00011487
-2.24005e-05
-9.72347e-05
-2.46086e-05
-7.867e-05
-2.59217e-05
-5.98476e-05
-2.6263e-05
-4.14549e-05
-2.56111e-05
-2.41551e-05
-2.40042e-05
-8.54893e-06
-2.15385e-05
4.85969e-06
-1.83615e-05
1.56925e-05
-1.46606e-05
2.37156e-05
-1.0648e-05
2.88458e-05
-6.54243e-06
3.11493e-05
-2.55625e-06
3.08327e-05
1.11482e-06
2.82322e-05
4.29443e-06
2.3807e-05
6.81428e-06
1.81434e-05
8.49607e-06
1.19714e-05
9.12693e-06
6.18501e-06
8.44274e-06
1.82952e-06
6.17174e-06
2.3442e-06
4.87038e-07
-1.8218e-06
4.48066e-07
-1.62315e-06
-9.68778e-07
7.70432e-07
-4.14702e-06
4.14481e-06
-9.21466e-06
7.82804e-06
-1.61674e-05
1.14876e-05
-2.49457e-05
1.49956e-05
-3.54764e-05
1.83325e-05
-4.76874e-05
2.1519e-05
-6.15044e-05
2.45728e-05
-7.6838e-05
2.74847e-05
-9.35669e-05
3.02099e-05
-0.000111522
3.2668e-05
-0.000130472
3.47481e-05
-0.000150117
3.63176e-05
-0.000170084
3.72324e-05
-0.000189931
3.73475e-05
-0.000209152
3.65289e-05
-0.000227198
3.4665e-05
-0.00024349
3.16777e-05
-0.000257451
2.75327e-05
-0.000268522
2.22478e-05
-0.000276201
1.58986e-05
-0.000280064
8.62211e-06
-0.000279793
6.15857e-07
-0.000275202
-7.86435e-06
-0.00026625
-1.65187e-05
-0.000253053
-2.50123e-05
-0.000235894
-3.29918e-05
-0.000215212
-4.01038e-05
-0.000191597
-4.60155e-05
-0.000165769
-5.04362e-05
-0.000138552
-5.3139e-05
-0.000110836
-5.39791e-05
-8.35384e-05
-5.29089e-05
-5.75572e-05
-4.99854e-05
-3.37251e-05
-4.53706e-05
-1.27642e-05
-3.93224e-05
4.75262e-06
-3.21775e-05
1.84322e-05
-2.43276e-05
2.80809e-05
-1.61912e-05
3.37113e-05
-8.18664e-06
3.55391e-05
-7.13045e-07
3.39763e-05
5.85727e-06
2.96199e-05
1.11706e-05
2.325e-05
1.48659e-05
1.58325e-05
1.65444e-05
8.52623e-06
1.5749e-05
2.69273e-06
1.20052e-05
5.03693e-06
-1.62666e-07
-1.65916e-06
-1.81212e-06
2.62489e-08
-5.5837e-06
4.54195e-06
-1.17299e-05
1.02909e-05
-2.03049e-05
1.6403e-05
-3.12699e-05
2.24525e-05
-4.4551e-05
2.82766e-05
-6.00656e-05
3.3847e-05
-7.7725e-05
3.91784e-05
-9.74228e-05
4.42706e-05
-0.000119017
4.90786e-05
-0.000142309
5.35023e-05
-0.000167031
5.73895e-05
-0.000192829
6.05465e-05
-0.000219265
6.27532e-05
-0.000245813
6.37808e-05
-0.000271876
6.34097e-05
-0.000296795
6.14483e-05
-0.00031988
5.77496e-05
-0.00034043
5.22274e-05
-0.000357765
4.4868e-05
-0.000371258
3.574e-05
-0.000380358
2.49987e-05
-0.000384622
1.28867e-05
-0.000383737
-2.69218e-07
-0.000377538
-1.40641e-05
-0.000366019
-2.80376e-05
-0.000349346
-4.16852e-05
-0.000327857
-5.44811e-05
-0.000302059
-6.59019e-05
-0.00027262
-7.54538e-05
-0.000240355
-8.27021e-05
-0.000206193
-8.73002e-05
-0.000171156
-8.9017e-05
-0.000136306
-8.77589e-05
-0.000102707
-8.35845e-05
-7.1369e-05
-7.67083e-05
-4.31986e-05
-6.74929e-05
-1.89484e-05
-5.64278e-05
8.23068e-07
-4.4099e-05
1.57829e-05
-3.11511e-05
2.5844e-05
-1.82478e-05
3.11696e-05
-6.0386e-06
3.21711e-05
4.85569e-06
2.94971e-05
1.38446e-05
2.40247e-05
2.03383e-05
1.68548e-05
2.37143e-05
9.31822e-06
2.32856e-05
3.01663e-06
1.83068e-05
8.05356e-06
-1.03619e-06
-6.22995e-07
-4.79198e-06
3.78198e-06
-1.15374e-05
1.12873e-05
-2.12918e-05
2.00453e-05
-3.39729e-05
2.90841e-05
-4.94719e-05
3.79515e-05
-6.76842e-05
4.64888e-05
-8.85107e-05
5.46734e-05
-0.000111842
6.25098e-05
-0.000137536
6.99641e-05
-0.00016539
7.69329e-05
-0.000195125
8.32371e-05
-0.000226367
8.86312e-05
-0.000258643
9.28222e-05
-0.000291383
9.54932e-05
-0.000323931
9.63293e-05
-0.000355565
9.50434e-05
-0.000385517
9.14004e-05
-0.000413006
8.52382e-05
-0.000437264
7.64854e-05
-0.000457569
6.51729e-05
-0.00047327
5.1441e-05
-0.000483812
3.55411e-05
-0.000488758
1.78322e-05
-0.000487802
-1.22552e-06
-0.000480787
-2.10785e-05
-0.000467715
-4.11099e-05
-0.000448751
-6.06499e-05
-0.00042423
-7.90016e-05
-0.000394664
-9.54685e-05
-0.000360731
-0.000109387
-0.000323272
-0.000120161
-0.00028327
-0.000127302
-0.000241822
-0.000130465
-0.0002001
-0.000129481
-0.000159307
-0.000124378
-0.000120615
-0.0001154
-8.51113e-05
-0.000102996
-5.37382e-05
-8.78009e-05
-2.72369e-05
-7.06004e-05
-6.1061e-06
-5.2282e-05
9.42983e-06
-3.37837e-05
1.94385e-05
-1.60473e-05
2.42787e-05
1.54899e-08
2.45952e-05
1.35281e-05
2.13027e-05
2.36308e-05
1.55788e-05
2.94382e-05
8.86893e-06
2.99954e-05
2.93295e-06
2.42428e-05
1.09865e-05
-2.06746e-06
1.44444e-06
-8.28757e-06
1.0002e-05
-1.84601e-05
2.14598e-05
-3.22938e-05
3.38789e-05
-4.95196e-05
4.63099e-05
-6.99301e-05
5.83619e-05
-9.33736e-05
6.99322e-05
-0.000119725
8.10252e-05
-0.000148849
9.16338e-05
-0.000180561
0.000101675
-0.000214595
0.000110967
-0.000250587
0.00011923
-0.000288065
0.000126109
-0.000326445
0.000131203
-0.000365051
0.000134098
-0.000403125
0.000134403
-0.00043986
0.000131779
-0.000474426
0.000125966
-0.000506
0.000116812
-0.000533793
0.000104279
-0.00055708
8.84598e-05
-0.000575215
6.95754e-05
-0.000587649
4.79753e-05
-0.000593946
2.41291e-05
-0.00059379
-1.38171e-06
-0.000586998
-2.78701e-05
-0.00057353
-5.45782e-05
-0.000553497
-8.06826e-05
-0.000527178
-0.000105321
-0.000495025
-0.000127622
-0.000457674
-0.000146738
-0.000415943
-0.000161892
-0.000370825
-0.000172421
-0.000323463
-0.000177827
-0.000275124
-0.00017782
-0.00022714
-0.000172362
-0.000180859
-0.000161682
-0.000137565
-0.00014629
-9.84143e-05
-0.000126951
-6.43643e-05
-0.00010465
-3.6113e-05
-8.05333e-05
-1.40568e-05
-5.58399e-05
1.73632e-06
-3.18404e-05
1.15372e-05
-9.78539e-06
1.59497e-05
9.11555e-06
1.58895e-05
2.3691e-05
1.25742e-05
3.27535e-05
7.52021e-06
3.50493e-05
2.5724e-06
2.91906e-05
1.35589e-05
-3.21344e-06
4.65786e-06
-1.21493e-05
1.89378e-05
-2.60593e-05
3.53697e-05
-4.42848e-05
5.21043e-05
-6.63348e-05
6.83598e-05
-9.18818e-05
8.39088e-05
-0.000120715
9.87649e-05
-0.000152674
0.000112985
-0.000187591
0.000126551
-0.000225234
0.000139318
-0.000265275
0.000151007
-0.000307268
0.000161223
-0.000350654
0.000169494
-0.000394761
0.00017531
-0.000438833
0.00017817
-0.00048205
0.000177621
-0.000523563
0.000173292
-0.000562521
0.000164924
-0.000598098
0.000152389
-0.000629518
0.000135699
-0.00065607
0.000115011
-0.000677119
9.06252e-05
-0.000692121
6.29764e-05
-0.000700619
3.26276e-05
-0.00070226
2.59412e-07
-0.000696798
-3.33328e-05
-0.000684107
-6.72689e-05
-0.000664202
-0.000100588
-0.000637251
-0.000132271
-0.000603604
-0.000161269
-0.000563801
-0.00018654
-0.000518595
-0.000207098
-0.000468947
-0.000222069
-0.000416021
-0.000230753
-0.000361155
-0.000232686
-0.000305815
-0.000227701
-0.000251532
-0.000215966
-0.000199817
-0.000198005
-0.00015208
-0.000174688
-0.000109538
-0.000147192
-7.3137e-05
-0.000116934
-4.34913e-05
-8.54857e-05
-2.08421e-05
-5.44896e-05
-5.04337e-06
-2.55842e-05
4.43426e-06
-3.62102e-07
8.4874e-06
1.96379e-05
8.34797e-06
3.28929e-05
5.57253e-06
3.78247e-05
2.04331e-06
3.27198e-05
1.56022e-05
-4.43822e-06
9.09605e-06
-1.62481e-05
3.07477e-05
-3.40748e-05
5.31963e-05
-5.68547e-05
7.48841e-05
-8.38524e-05
9.53575e-05
-0.000114608
0.000114664
-0.000148842
0.000132999
-0.000186354
0.000150497
-0.000226938
0.000167134
-0.000270312
0.000182692
-0.000316086
0.000196781
-0.000363747
0.000208884
-0.000412663
0.00021841
-0.000462102
0.000224749
-0.000511262
0.000227329
-0.000559296
0.000225655
-0.000605349
0.000219345
-0.000648582
0.000208157
-0.000688193
0.000191999
-0.000723431
0.000170937
-0.000753606
0.000145187
-0.000778095
0.000115114
-0.000796339
8.12202e-05
-0.00080785
4.41389e-05
-0.000812215
4.62461e-06
-0.000809101
-3.64471e-05
-0.000798276
-7.80941e-05
-0.000779624
-0.00011924
-0.000753174
-0.000158721
-0.000719127
-0.000195316
-0.000677887
-0.000227781
-0.000630085
-0.0002549
-0.000576604
-0.00027555
-0.000518581
-0.000288776
-0.000457392
-0.000293875
-0.000394617
-0.000290477
-0.000331971
-0.000278612
-0.00027122
-0.000258756
-0.000214068
-0.00023184
-0.000162052
-0.000199209
-0.00011643
-0.000162557
-7.80946e-05
-0.000123821
-4.75189e-05
-8.50653e-05
-2.47241e-05
-4.8379e-05
-9.28568e-06
-1.58005e-05
-3.54684e-07
1.07068e-05
3.30088e-06
2.92373e-05
3.26163e-06
3.7864e-05
1.42819e-06
3.45532e-05
1.70304e-05
-5.70558e-06
1.48016e-05
-2.04571e-05
4.54991e-05
-4.22539e-05
7.49931e-05
-6.96067e-05
0.000102237
-0.000101525
0.000127276
-0.000137412
0.00015055
-0.000176914
0.000172501
-0.000219787
0.00019337
-0.000265781
0.000213129
-0.000314568
0.000231479
-0.000365702
0.000247915
-0.000418614
0.000261796
-0.000472622
0.000272418
-0.000526961
0.000279088
-0.00058081
0.000281178
-0.000633327
0.000278172
-0.000683677
0.000269695
-0.00073105
0.00025553
-0.00077468
0.000235629
-0.000813846
0.000210103
-0.00084788
0.000179221
-0.000876162
0.000143395
-0.000898119
0.000103177
-0.000913228
5.92482e-05
-0.000921017
1.24136e-05
-0.000921067
-3.63965e-05
-0.000913039
-8.61225e-05
-0.000896679
-0.0001356
-0.000871857
-0.000183544
-0.000838593
-0.00022858
-0.000797106
-0.000269268
-0.000747851
-0.000304155
-0.000691559
-0.000331842
-0.000629269
-0.000351067
-0.000562329
-0.000360815
-0.000492382
-0.000360423
-0.000421308
-0.000349686
-0.000351125
-0.000328939
-0.000283876
-0.000299089
-0.000221477
-0.000261608
-0.000165579
-0.000218455
-0.000117443
-0.000171956
-7.78512e-05
-0.000124657
-4.70585e-05
-7.91718e-05
-2.47906e-05
-3.80684e-05
-1.0276e-05
-3.80772e-06
-2.29616e-06
2.12574e-05
7.47531e-07
3.48203e-05
7.82193e-07
3.45185e-05
1.78126e-05
-6.97575e-06
2.17773e-05
-2.46433e-05
6.31665e-05
-5.034e-05
0.00010069
-8.21456e-05
0.000134042
-0.000118816
0.000163946
-0.000159613
0.000191347
-0.000204111
0.000216999
-0.000252019
0.000241278
-0.000303042
0.000264152
-0.000356806
0.000285243
-0.000412821
0.00030393
-0.000470474
0.000319449
-0.000529057
0.000331
-0.000587789
0.00033782
-0.000645857
0.000339246
-0.000702439
0.000334754
-0.000756731
0.000323987
-0.000807963
0.000306762
-0.000855403
0.000283069
-0.000898363
0.000253063
-0.000936194
0.000217052
-0.000968289
0.00017549
-0.000994074
0.000128962
-0.00101301
7.81844e-05
-0.00102459
2.39943e-05
-0.00102834
-3.26476e-05
-0.00102383
-9.06332e-05
-0.00101068
-0.000148746
-0.000988608
-0.000205619
-0.000957428
-0.00025976
-0.000917131
-0.000309564
-0.000867929
-0.000353357
-0.000810317
-0.000389454
-0.000745133
-0.000416251
-0.000673597
-0.000432351
-0.000597322
-0.000436698
-0.00051828
-0.000428728
-0.000438719
-0.0004085
-0.000361027
-0.000376782
-0.000287558
-0.000335076
-0.00022045
-0.000285563
-0.00016144
-0.000230966
-0.000111731
-0.000174366
-7.19078e-05
-0.000118995
-4.19203e-05
-6.8056e-05
-2.11169e-05
-2.46111e-05
-8.31423e-06
8.45472e-06
-1.88959e-06
2.83956e-05
1.3337e-07
3.24955e-05
1.7946e-05
-8.20486e-06
2.99822e-05
-2.86671e-05
8.36287e-05
-5.80712e-05
0.000130094
-9.40775e-05
0.000170049
-0.000135194
0.000205063
-0.000180549
0.000236703
-0.000229642
0.000266092
-0.000282131
0.000293766
-0.000337679
0.0003197
-0.000395872
0.000343436
-0.00045618
0.000364237
-0.000517963
0.000381233
-0.000580498
0.000393535
-0.000643008
0.00040033
-0.000704693
0.000400931
-0.000764761
0.000394822
-0.000822441
0.000381667
-0.000876997
0.000361318
-0.000927733
0.000333805
-0.000973994
0.000299324
-0.00101517
0.000258224
-0.00105067
0.000210996
-0.00107997
0.000158259
-0.00110254
0.000100756
-0.00111789
3.93455e-05
-0.00112553
-2.50039e-05
-0.001125
-9.11708e-05
-0.00111581
-0.000157929
-0.00109755
-0.000223886
-0.00106982
-0.000287489
-0.00103236
-0.000347026
-0.000985069
-0.000400643
-0.000928126
-0.000446396
-0.000862046
-0.000482332
-0.000787782
-0.000506615
-0.000706777
-0.000517702
-0.000620975
-0.00051453
-0.000532762
-0.000496712
-0.000444841
-0.000464703
-0.000360035
-0.000419883
-0.000281048
-0.00036455
-0.000210222
-0.000301792
-0.000149327
-0.000235262
-9.94122e-05
-0.000168909
-6.07612e-05
-0.000106707
-3.2914e-05
-5.24584e-05
-1.47585e-05
-9.7008e-06
-4.64528e-06
1.82824e-05
-5.15567e-07
2.83658e-05
1.74304e-05
-9.34611e-06
3.93282e-05
-3.23849e-05
0.000106667
-6.51861e-05
0.000162895
-0.000105016
0.000209879
-0.000150152
0.000250198
-0.000199589
0.00028614
-0.000252755
0.000319257
-0.000309255
0.000350266
-0.000368712
0.000379157
-0.000430672
0.000405396
-0.000494576
0.000428141
-0.000559764
0.000446421
-0.000625507
0.000459278
-0.000691034
0.000465857
-0.000755565
0.000465461
-0.000818329
0.000457585
-0.000878584
0.000441922
-0.000935625
0.00041836
-0.000988793
0.000386973
-0.00103748
0.000348009
-0.00108112
0.000301865
-0.00111921
0.000249083
-0.00115127
0.000190321
-0.00117686
0.000126353
-0.00119557
5.80467e-05
-0.00120693
-1.36356e-05
-0.0012105
-8.76013e-05
-0.00120577
-0.000162661
-0.0011922
-0.000237461
-0.00116922
-0.000310466
-0.00113631
-0.000379938
-0.00109302
-0.000443927
-0.00103913
-0.000500287
-0.000974718
-0.000546746
-0.000900311
-0.000581023
-0.000817007
-0.000601007
-0.000726538
-0.000604999
-0.000631274
-0.000591976
-0.000534127
-0.00056185
-0.000438356
-0.000515654
-0.000347288
-0.000455618
-0.000263991
-0.000385089
-0.000190965
-0.000308287
-0.00012991
-0.000229965
-8.15956e-05
-0.000155021
-4.58694e-05
-8.81846e-05
-2.17501e-05
-3.38201e-05
-7.57939e-06
4.11169e-06
-1.18266e-06
2.19691e-05
1.62477e-05
-1.03519e-05
4.96801e-05
-3.56546e-05
0.00013197
-7.14315e-05
0.000198672
-0.000114596
0.000253043
-0.000163209
0.000298811
-0.000216146
0.000339077
-0.000272756
0.000375867
-0.000332594
0.000410104
-0.000395238
0.000441802
-0.000460201
0.000470359
-0.000526896
0.000494835
-0.000594648
0.000514173
-0.000662723
0.000527353
-0.000730355
0.000533489
-0.000796773
0.000531879
-0.000861222
0.000522035
-0.000922984
0.000503683
-0.000981382
0.000476758
-0.0010358
0.000441395
-0.0010857
0.000397904
-0.00113059
0.00034676
-0.00117008
0.000288568
-0.0012038
0.000224047
-0.00123146
0.000154004
-0.00125272
7.93162e-05
-0.00126729
9.25235e-07
-0.00127474
-8.01509e-05
-0.0012746
-0.000162796
-0.00126629
-0.000245769
-0.00124912
-0.000327639
-0.00122231
-0.000406743
-0.0011851
-0.000481139
-0.0011368
-0.000548589
-0.00107697
-0.000606581
-0.00100556
-0.000652426
-0.000923144
-0.000683425
-0.000831005
-0.000697137
-0.00073127
-0.000691712
-0.000626866
-0.000666254
-0.000521372
-0.000621148
-0.000418714
-0.000558276
-0.000322773
-0.00048103
-0.000236952
-0.000394108
-0.000163809
-0.000303108
-0.000104815
-0.000214014
-6.02923e-05
-0.000132708
-2.94945e-05
-6.46179e-05
-1.07979e-05
-1.45849e-05
-1.90101e-06
1.30722e-05
1.43467e-05
-1.11766e-05
6.08567e-05
-3.83427e-05
0.000159136
-7.65726e-05
0.000236902
-0.00012248
0.00029895
-0.000173935
0.000350267
-0.000229694
0.000394836
-0.00028903
0.000435203
-0.000351441
0.000472515
-0.000416464
0.000506824
-0.000483574
0.000537469
-0.000552159
0.00056342
-0.000621528
0.000583543
-0.000690938
0.000596764
-0.00075962
0.000602171
-0.000826806
0.000599065
-0.000891749
0.000586979
-0.000953749
0.000565683
-0.00101217
0.000535177
-0.00106645
0.000495676
-0.00111613
0.000447586
-0.00116085
0.000391479
-0.00120034
0.000328057
-0.00123441
0.000258113
-0.0012629
0.000182501
-0.00128569
0.000102105
-0.0013026
1.78325e-05
-0.00131335
-6.93961e-05
-0.00131757
-0.000158583
-0.00131467
-0.000248661
-0.00130392
-0.000338388
-0.00128439
-0.000426281
-0.00125499
-0.000510533
-0.00121463
-0.000588948
-0.0011623
-0.000658912
-0.00109729
-0.000717432
-0.00101945
-0.000761271
-0.00092938
-0.000787206
-0.000828684
-0.000792408
-0.000720026
-0.000774912
-0.000607071
-0.000734103
-0.000494221
-0.000671126
-0.000386172
-0.00058908
-0.000287361
-0.000492919
-0.00020143
-0.000389039
-0.00013081
-0.000284635
-7.65255e-05
-0.000186992
-3.82346e-05
-0.000102909
-1.44312e-05
-3.83883e-05
-2.71254e-06
1.35347e-06
1.16342e-05
-1.1779e-05
7.26356e-05
-4.03305e-05
0.000187687
-8.0404e-05
0.000276975
-0.000128378
0.000346924
-0.000181959
0.000403848
-0.000239788
0.000452665
-0.000301058
0.000496473
-0.000365209
0.000536666
-0.000431729
0.000573344
-0.000500059
0.000605798
-0.000569559
0.000632919
-0.000639517
0.000653501
-0.000709177
0.000666423
-0.000777758
0.000670752
-0.000844489
0.000665796
-0.000908632
0.000651122
-0.000969508
0.00062656
-0.00102653
0.000592198
-0.00107921
0.000548361
-0.00112721
0.000495582
-0.00117029
0.000434562
-0.00120836
0.000366122
-0.00124139
0.000291149
-0.00126945
0.000210555
-0.00129257
0.000125233
-0.00131079
3.60434e-05
-0.00132399
-5.61957e-05
-0.00133192
-0.000150649
-0.00133412
-0.000246462
-0.00132986
-0.000342647
-0.00131814
-0.000437997
-0.00129771
-0.000530966
-0.0012671
-0.000619556
-0.00122479
-0.000701222
-0.00116938
-0.00077284
-0.00109988
-0.000830771
-0.00101602
-0.000871068
-0.00091857
-0.00088986
-0.000809585
-0.000883897
-0.000692482
-0.000851206
-0.000571876
-0.000791732
-0.000453155
-0.0007078
-0.00034184
-0.000604234
-0.000242847
-0.000488032
-0.000159848
-0.000367634
-9.48678e-05
-0.000251972
-4.82027e-05
-0.000149574
-1.86132e-05
-6.79779e-05
-3.65939e-06
-1.36003e-05
7.97479e-06
-1.21254e-05
8.4761e-05
-4.15207e-05
0.000217083
-8.27582e-05
0.000318213
-0.000132057
0.000396223
-0.000186985
0.000458776
-0.000246076
0.000511756
-0.000308438
0.000558835
-0.000373445
0.000601673
-0.000440537
0.000640437
-0.000509115
0.000674376
-0.000578511
0.000702315
-0.000647989
0.000722979
-0.000716772
0.000735207
-0.00078407
0.00073805
-0.000849107
0.000730833
-0.000911158
0.000713172
-0.00096958
0.000684982
-0.00102385
0.000646467
-0.00107358
0.000598092
-0.00111854
0.000540548
-0.00115868
0.000474692
-0.00119404
0.000401485
-0.00122481
0.000321923
-0.00125124
0.000236979
-0.00127356
0.000147559
-0.00129199
5.44724e-05
-0.00130662
-4.15684e-05
-0.00131736
-0.000139908
-0.0013239
-0.000239922
-0.00132563
-0.000340921
-0.00132158
-0.000442039
-0.00131045
-0.000542097
-0.00129057
-0.000639441
-0.00126
-0.000731789
-0.00121673
-0.000816107
-0.00115893
-0.000888571
-0.00108532
-0.000944682
-0.000995588
-0.00097959
-0.000890826
-0.000988658
-0.000773782
-0.00096825
-0.00064889
-0.000916624
-0.000521951
-0.000834739
-0.000399471
-0.000726715
-0.000287752
-0.000599751
-0.000191976
-0.00046341
-0.000115503
-0.000328445
-5.95801e-05
-0.000205497
-2.34577e-05
-0.0001041
-4.77925e-06
-3.22788e-05
3.19554e-06
-1.21915e-05
9.69525e-05
-4.18432e-05
0.000246734
-8.3514e-05
0.000359883
-0.000133346
0.000446055
-0.000188803
0.000514233
-0.000248312
0.000571265
-0.000310893
0.000621416
-0.000375851
0.000666631
-0.000442572
0.000707157
-0.000510416
0.000742221
-0.000578685
0.000770583
-0.000646619
0.000790914
-0.000713424
0.000802012
-0.000778301
0.000802927
-0.00084048
0.000793012
-0.000899261
0.000771953
-0.000954055
0.000739777
-0.00100442
0.000696831
-0.00105008
0.000643754
-0.00109095
0.000581418
-0.00112711
0.000510856
-0.00115881
0.000433178
-0.00118638
0.000349495
-0.00121024
0.000260844
-0.00123082
0.00016814
-0.0012485
7.21467e-05
-0.00126354
-2.65285e-05
-0.00127604
-0.000127406
-0.00128587
-0.000230089
-0.0012926
-0.000334193
-0.00129541
-0.000439223
-0.00129308
-0.000544431
-0.0012839
-0.000648624
-0.00126573
-0.000749959
-0.0012361
-0.000845732
-0.00119246
-0.000932217
-0.00113249
-0.00100464
-0.00105469
-0.00105739
-0.000958859
-0.00108449
-0.000846636
-0.00108047
-0.000721782
-0.00104148
-0.000590074
-0.000966447
-0.000458725
-0.000858064
-0.000335387
-0.000723089
-0.000226946
-0.000571851
-0.000138448
-0.000416943
-7.24654e-05
-0.00027148
-2.90435e-05
-0.000147522
-6.10293e-06
-5.52194e-05
-2.90738e-06
-1.19644e-05
0.000108917
-4.12584e-05
0.000276028
-8.26019e-05
0.000401227
-0.00013215
0.000495603
-0.000187295
0.000569378
-0.000246367
0.000630336
-0.00030829
0.00068334
-0.000372296
0.000730637
-0.000437714
0.000772575
-0.000503866
0.000808373
-0.000570025
0.000836741
-0.000635411
0.0008563
-0.000699221
0.000865823
-0.000760658
0.000864364
-0.000818973
0.000851327
-0.000873512
0.000826492
-0.000923758
0.000790023
-0.000969367
0.00074244
-0.00101019
0.000684577
-0.00104627
0.000617502
-0.00107785
0.000542433
-0.0011053
0.000460631
-0.00112912
0.000373314
-0.00114986
0.000281579
-0.00116807
0.00018635
-0.00118426
8.83407e-05
-0.00119885
-1.19345e-05
-0.00121211
-0.000114153
-0.00122407
-0.000218122
-0.00123453
-0.000323738
-0.00124289
-0.000430864
-0.00124812
-0.000539198
-0.00124867
-0.000648071
-0.00124242
-0.000756213
-0.00122668
-0.000861468
-0.00119839
-0.000960513
-0.00115437
-0.00104866
-0.00109188
-0.00111988
-0.00100927
-0.0011671
-0.000906701
-0.00118305
-0.000786716
-0.00116146
-0.0006545
-0.00109866
-0.000517511
-0.000995052
-0.000384522
-0.000856078
-0.000264181
-0.000692191
-0.000163521
-0.000517603
-8.68556e-05
-0.000348145
-3.54089e-05
-0.000198969
-7.65092e-06
-8.29773e-05
-1.05583e-05
-1.14433e-05
0.00012036
-3.97601e-05
0.000304345
-8.00075e-05
0.000441474
-0.000128448
0.000544043
-0.000182442
0.000623372
-0.000240227
0.000688122
-0.000300635
0.000743748
-0.000362816
0.000792817
-0.000426044
0.000835803
-0.000489604
0.000871934
-0.000552748
0.000899885
-0.000614687
0.00091824
-0.000674623
0.000925758
-0.000731777
0.000921518
-0.000785444
0.000904994
-0.000835036
0.000876084
-0.000880126
0.000835112
-0.000920481
0.000782795
-0.000956076
0.000720172
-0.000987089
0.000648516
-0.00101388
0.000569222
-0.00103694
0.000483693
-0.00105687
0.000393242
-0.0010743
0.000299012
-0.00108988
0.000201924
-0.00110419
0.000102651
-0.00111774
1.61987e-06
-0.00113092
-0.000100971
-0.00114394
-0.000205101
-0.00115678
-0.000310895
-0.00116912
-0.000418526
-0.00118022
-0.0005281
-0.00118881
-0.000639478
-0.001193
-0.000752027
-0.00119017
-0.000864298
-0.00117704
-0.000973645
-0.00114984
-0.00107586
-0.0011048
-0.00116492
-0.00103878
-0.00123312
-0.000950197
-0.00127163
-0.00083994
-0.00127172
-0.000711961
-0.00122664
-0.000573341
-0.00113367
-0.000433522
-0.000995898
-0.000302783
-0.00082293
-0.000190334
-0.000630051
-0.000102638
-0.000435841
-4.25467e-05
-0.00025906
-9.43199e-06
-0.000116092
-1.99903e-05
-1.06399e-05
0.000131
-3.73757e-05
0.000331081
-7.57721e-05
0.000479871
-0.000122296
0.000590567
-0.000174318
0.000675393
-0.000229998
0.000743803
-0.000288071
0.000801821
-0.000347608
0.000852354
-0.000407827
0.000896023
-0.000467985
0.000932092
-0.000527322
0.000959222
-0.000585057
0.000975975
-0.000640411
0.000981113
-0.000692652
0.000973759
-0.000741137
0.000953479
-0.000785363
0.00092031
-0.000825009
0.000874758
-0.000859958
0.000817744
-0.000890303
0.000750518
-0.000916337
0.00067455
-0.000938514
0.000591399
-0.000957409
0.000502588
-0.000973672
0.000409505
-0.000987981
0.00031332
-0.001001
0.000214942
-0.00101335
0.000114999
-0.00102557
1.38479e-05
-0.00103814
-8.841e-05
-0.00105135
-0.000191883
-0.00106539
-0.00029686
-0.00108016
-0.000403752
-0.00109526
-0.000513
-0.00110981
-0.000624934
-0.00112228
-0.00073955
-0.0011304
-0.000856182
-0.00113098
-0.000973059
-0.00112005
-0.00108679
-0.00109307
-0.0011919
-0.00104565
-0.00128055
-0.000974426
-0.00134285
-0.000878265
-0.00136788
-0.000759315
-0.00134559
-0.000623557
-0.00126943
-0.000480463
-0.00113899
-0.000341577
-0.000961816
-0.000218302
-0.000753326
-0.000119591
-0.000534552
-5.04038e-05
-0.000328248
-1.14438e-05
-0.000155052
-3.14341e-05
-9.57774e-06
0.000140578
-3.4165e-05
0.000355668
-6.99906e-05
0.000515696
-0.000113822
0.000634399
-0.00016309
0.000724661
-0.000215893
0.000796606
-0.000270872
0.0008568
-0.000327018
0.0009085
-0.000383501
0.000952506
-0.000439556
0.000988147
-0.000494427
0.00101409
-0.000547358
0.00102891
-0.000597616
0.00103137
-0.000644531
0.00102067
-0.000687546
0.000996494
-0.00072626
0.000959024
-0.000760462
0.000908961
-0.00079015
0.000847432
-0.000815524
0.000775892
-0.000836963
0.000695989
-0.000854988
0.000609424
-0.000870215
0.000517815
-0.000883305
0.000422596
-0.00089493
0.000324945
-0.000905734
0.000225745
-0.000916316
0.000125581
-0.000927214
2.47462e-05
-0.000938899
-7.67245e-05
-0.000951758
-0.000179024
-0.000966073
-0.000282545
-0.000981975
-0.000387851
-0.000999354
-0.000495621
-0.00101773
-0.000606556
-0.00103608
-0.000721204
-0.0010526
-0.00083966
-0.00106453
-0.000961125
-0.00106804
-0.00108329
-0.00105829
-0.00120164
-0.00102997
-0.00130887
-0.000978116
-0.00139471
-0.000899469
-0.00144653
-0.000793913
-0.00145115
-0.000665621
-0.00139772
-0.000523311
-0.0012813
-0.000379198
-0.00110593
-0.000246673
-0.000885851
-0.000137391
-0.000643835
-5.88833e-05
-0.000406755
-1.36743e-05
-0.000200261
-4.51083e-05
-8.29094e-06
0.000148869
-3.02175e-05
0.000377595
-6.28078e-05
0.000548287
-0.000103224
0.000674816
-0.000149008
0.000770445
-0.000198222
0.00084582
-0.000249421
0.000907998
-0.000301518
0.000960597
-0.000353642
0.00100463
-0.000405016
0.00103952
-0.000454904
0.00106398
-0.000502596
0.0010766
-0.000547424
0.0010762
-0.000588804
0.00106206
-0.000626279
0.00103397
-0.000659559
0.000992304
-0.000688545
0.000937946
-0.000713337
0.000872224
-0.000734221
0.000796776
-0.00075164
0.000713408
-0.000766145
0.000623929
-0.000778356
0.000530025
-0.000788912
0.000433152
-0.000798439
0.000334473
-0.000807527
0.000234834
-0.000816716
0.00013477
-0.000826495
3.45254e-05
-0.000837309
-6.59108e-05
-0.000849556
-0.000166777
-0.000863585
-0.000268515
-0.000879673
-0.000371763
-0.000897957
-0.000477337
-0.000918324
-0.000586189
-0.000940237
-0.00069929
-0.000962493
-0.000817404
-0.000982941
-0.000940677
-0.000998223
-0.00106801
-0.00100367
-0.0011962
-0.000993491
-0.00131904
-0.000961537
-0.00142666
-0.000902546
-0.00150552
-0.00081391
-0.00153978
-0.000697386
-0.00151425
-0.000560115
-0.00141857
-0.000414204
-0.00125184
-0.000274584
-0.00102547
-0.000155629
-0.000762789
-6.78478e-05
-0.000494536
-1.61013e-05
-0.000252007
-6.12097e-05
-6.82236e-06
0.000155691
-2.56485e-05
0.000396421
-5.44121e-05
0.00057705
-9.07579e-05
0.000711162
-0.000132397
0.000812084
-0.000177383
0.000890806
-0.000224198
0.000954813
-0.000271685
0.00100808
-0.000318934
0.00105188
-0.000365173
0.00108576
-0.0004097
0.00110851
-0.000451869
0.00111877
-0.000491096
0.00111543
-0.000526899
0.00109786
-0.000558933
0.001066
-0.000587019
0.00102039
-0.000611162
0.00096209
-0.000631551
0.000892613
-0.000648535
0.00081376
-0.000662587
0.00072746
-0.000674262
0.000635604
-0.000684151
0.000539914
-0.000692842
0.000441844
-0.000700893
0.000342523
-0.000708812
0.000242753
-0.000717061
0.000143019
-0.000726056
4.35202e-05
-0.000736185
-5.57823e-05
-0.000747819
-0.000155143
-0.000761324
-0.00025501
-0.000777055
-0.000356031
-0.00079532
-0.000459072
-0.000816296
-0.000565213
-0.000839881
-0.000675706
-0.000865459
-0.000791826
-0.000891585
-0.000914552
-0.000915619
-0.00104397
-0.000933422
-0.00117839
-0.000939288
-0.00131318
-0.000926365
-0.00143958
-0.000887774
-0.00154411
-0.000818443
-0.00160911
-0.000717323
-0.00161537
-0.000589208
-0.00154669
-0.000445208
-0.00139584
-0.00030112
-0.00116956
-0.000173841
-0.000890069
-7.71267e-05
-0.00059125
-1.86933e-05
-0.000310441
-7.9903e-05
-5.22127e-06
0.000160912
-2.05936e-05
0.000411793
-4.50282e-05
0.000601485
-7.67299e-05
0.000742863
-0.00011364
0.000848994
-0.00015384
0.000931007
-0.000195755
0.000996728
-0.000238168
0.0010505
-0.000280138
0.00109385
-0.000320904
0.00112653
-0.000359817
0.00114742
-0.000396306
0.00115526
-0.00042989
0.00114901
-0.000460199
0.00112817
-0.000487
0.0010928
-0.000510224
0.00104361
-0.000529969
0.000981835
-0.000546491
0.000909135
-0.000560175
0.000827444
-0.0005715
0.000738785
-0.000580997
0.000645101
-0.000589206
0.000548123
-0.000596644
0.000449281
-0.000603784
0.000349664
-0.000611047
0.000250017
-0.000618804
0.000150776
-0.000627388
5.21043e-05
-0.000637116
-4.60543e-05
-0.000648308
-0.000143951
-0.000661308
-0.00024201
-0.000676492
-0.000340847
-0.000694263
-0.000441302
-0.000714992
-0.000544484
-0.000738913
-0.000651785
-0.000765921
-0.000764819
-0.000795261
-0.000885211
-0.00082512
-0.00101411
-0.000852169
-0.00115135
-0.000871231
-0.00129412
-0.000875352
-0.00143546
-0.000856575
-0.00156289
-0.000807674
-0.00165802
-0.000724653
-0.00169839
-0.000609359
-0.00166198
-0.000471003
-0.0015342
-0.000325401
-0.00131516
-0.000191536
-0.00102393
-8.65277e-05
-0.000696259
-2.14108e-05
-0.000375558
-0.000101314
-3.54092e-06
0.000164453
-1.52032e-05
0.000423456
-3.49093e-05
0.000621191
-6.14873e-05
0.000769441
-9.31699e-05
0.000880676
-0.00012811
0.000965947
-0.000164699
0.00103332
-0.000201668
0.00108747
-0.000238054
0.00113023
-0.000273116
0.00116159
-0.000306264
0.00118057
-0.000337019
0.00118601
-0.000365008
0.001177
-0.000389978
0.00115314
-0.00041181
0.00111464
-0.000430534
0.00106234
-0.000446323
0.000997625
-0.000459481
0.000922292
-0.000470406
0.00083837
-0.000479562
0.000747941
-0.000487431
0.00065297
-0.000494486
0.000555179
-0.000501165
0.00045596
-0.000507851
0.00035635
-0.000514876
0.000257041
-0.000522522
0.000158422
-0.000531041
6.0624e-05
-0.000540678
-3.6418e-05
-0.000551688
-0.000132941
-0.000564371
-0.000229328
-0.000579084
-0.000326133
-0.000596257
-0.000424129
-0.000616366
-0.000524375
-0.000639868
-0.000628283
-0.000667043
-0.000737643
-0.000697736
-0.000854518
-0.00073094
-0.00098091
-0.000764269
-0.00111802
-0.000793421
-0.00126496
-0.000811876
-0.00141701
-0.000811249
-0.00156351
-0.000782675
-0.00168659
-0.000719373
-0.00176169
-0.000619874
-0.00176148
-0.000490669
-0.0016634
-0.00034665
-0.00145918
-0.000208245
-0.00116234
-9.58511e-05
-0.000808653
-2.42096e-05
-0.000447199
-0.000125523
-1.83602e-06
0.000166289
-9.6367e-06
0.000431257
-2.43282e-05
0.000635883
-4.54072e-05
0.00079052
-7.14576e-05
0.000906727
-0.000100751
0.00099524
-0.000131673
0.00106424
-0.000162916
0.00111871
-0.000193502
0.00116082
-0.000222715
0.0011908
-0.000250029
0.00120788
-0.000275064
0.00121105
-0.000297558
0.00119949
-0.000317375
0.00117295
-0.000334505
0.00113177
-0.000349063
0.0010769
-0.000361285
0.00100985
-0.000371499
0.000932506
-0.0003801
0.000846971
-0.000387513
0.000755354
-0.000394163
0.00065962
-0.000400446
0.000561462
-0.000406715
0.000462228
-0.000413268
0.000362903
-0.000420351
0.000264124
-0.00042817
0.00016624
-0.000436903
6.93577e-05
-0.000446728
-2.65936e-05
-0.000457839
-0.00012183
-0.000470478
-0.000216689
-0.000484961
-0.00031165
-0.000501698
-0.000407392
-0.000521195
-0.000504878
-0.000544023
-0.000605455
-0.000570718
-0.000710948
-0.000601575
-0.000823661
-0.000636287
-0.000946197
-0.00067341
-0.00108089
-0.000709694
-0.00122868
-0.000739488
-0.00138721
-0.000754606
-0.00154839
-0.000745221
-0.00169598
-0.00070218
-0.00180473
-0.00062061
-0.00184305
-0.000503636
-0.00178037
-0.000364264
-0.00159855
-0.000223555
-0.00130305
-0.000104909
-0.0009273
-2.70448e-05
-0.000525063
-0.000152568
-1.60534e-07
0.00016645
-4.05622e-06
0.000435152
-1.35687e-05
0.000645395
-2.88863e-05
0.000805838
-4.8998e-05
0.000926839
-7.23444e-05
0.00101859
-9.73395e-05
0.00108923
-0.000122655
0.00114403
-0.0001473
0.00118547
-0.000170586
0.00121409
-0.000192055
0.00122935
-0.000211422
0.00123041
-0.00022854
0.00121661
-0.000243383
0.0011878
-0.000256041
0.00114442
-0.000266705
0.00108756
-0.000275655
0.0010188
-0.000283231
0.000940082
-0.000289805
0.000853545
-0.000295756
0.000761305
-0.000301441
0.000665305
-0.000307179
0.000567199
-0.000313238
0.000468288
-0.000319838
0.000369503
-0.000327152
0.000271439
-0.00033532
0.000174408
-0.00034446
7.84981e-05
-0.000354693
-1.63603e-05
-0.000366161
-0.000110362
-0.000379051
-0.000203799
-0.000393624
-0.000297077
-0.000410243
-0.000390774
-0.00042939
-0.00048573
-0.000451668
-0.000583178
-0.000477742
-0.000684874
-0.000508203
-0.0007932
-0.000543281
-0.000911119
-0.00058236
-0.00104181
-0.000623274
-0.00118777
-0.000661505
-0.00134898
-0.000689613
-0.00152029
-0.000697516
-0.00168807
-0.000674316
-0.00182793
-0.00061193
-0.00190544
-0.000509699
-0.0018826
-0.000377849
-0.0017304
-0.000237148
-0.00144375
-0.000113541
-0.00105091
-2.9875e-05
-0.000608728
-0.000182443
1.43436e-06
0.000165016
1.37727e-06
0.00043521
-2.91849e-06
0.000649691
-1.23322e-05
0.000815252
-2.63021e-05
0.000940809
-4.3489e-05
0.00103577
-6.23738e-05
0.00110812
-8.16258e-05
0.00116328
-0.000100249
0.00120409
-0.00011758
0.00123142
-0.000133226
0.001245
-0.000146995
0.00124418
-0.000158845
0.00122846
-0.000168859
0.00119781
-0.000177213
0.00115278
-0.000184165
0.00109451
-0.000190027
0.00102466
-0.000195137
0.000945192
-0.00019984
0.000858248
-0.00020446
0.000765925
-0.000209284
0.000670129
-0.000214555
0.000572471
-0.000220468
0.0004742
-0.00022717
0.000376205
-0.000234774
0.000279043
-0.000243365
0.000182999
-0.000253018
8.81511e-05
-0.00026381
-5.56819e-06
-0.000275841
-9.83317e-05
-0.00028925
-0.00019039
-0.000304246
-0.000282082
-0.000321131
-0.000373889
-0.000340334
-0.000466527
-0.000362425
-0.000561087
-0.000388102
-0.000659197
-0.000418111
-0.000763191
-0.000453042
-0.000876189
-0.000492928
-0.00100193
-0.000536591
-0.0011441
-0.000580743
-0.00130483
-0.000619073
-0.00148196
-0.000641917
-0.00166523
-0.000637371
-0.00183247
-0.000594597
-0.00194821
-0.000508993
-0.00196821
-0.000387235
-0.00185216
-0.000248824
-0.00158216
-0.000121634
-0.0011781
-3.26682e-05
-0.000697694
-0.000215111
2.90357e-06
0.000162112
6.51201e-06
0.000431601
7.33705e-06
0.000648866
3.84277e-06
0.000818746
-3.88854e-06
0.00094854
-1.47908e-05
0.00104668
-2.74526e-05
0.00112078
-4.05639e-05
0.00117639
-5.31307e-05
0.00121666
-6.45131e-05
0.0012428
-7.43746e-05
0.00125486
-8.26083e-05
0.00125241
-8.92731e-05
0.00123513
-9.45464e-05
0.00120308
-9.86878e-05
0.00115692
-0.000102009
0.00109783
-0.000104846
0.0010275
-0.000107534
0.00094788
-0.000110381
0.000861096
-0.000113659
0.000769203
-0.000117591
0.000674061
-0.000122348
0.000577228
-0.000128057
0.000479909
-0.000134809
0.000382956
-0.000142664
0.000286898
-0.000151668
0.000192003
-0.000161862
9.83451e-05
-0.000173293
5.86347e-06
-0.000186032
-8.5593e-05
-0.000200182
-0.00017624
-0.000215904
-0.00026636
-0.000233442
-0.000356351
-0.000253154
-0.000446815
-0.000275545
-0.000538696
-0.000301275
-0.000633467
-0.00033113
-0.000733337
-0.000365895
-0.000841423
-0.000406059
-0.000961764
-0.000451251
-0.00109891
-0.000499355
-0.00125673
-0.000545403
-0.00143591
-0.000580693
-0.00162994
-0.000593087
-0.00182008
-0.000569637
-0.00197166
-0.000501917
-0.00203593
-0.000392457
-0.00196162
-0.000258509
-0.00171611
-0.000129132
-0.00130748
-3.5406e-05
-0.00079142
-0.000250517
4.20728e-06
0.000157905
1.12076e-05
0.000424601
1.6926e-05
0.000643148
1.92338e-05
0.000816439
1.77214e-05
0.000950052
1.31384e-05
0.00105126
6.74525e-06
0.00112717
-1.96273e-07
0.00118333
-6.70486e-06
0.00122316
-1.21622e-05
0.00124826
-1.62794e-05
0.00125898
-1.90244e-05
0.00125516
-2.05449e-05
0.00123665
-2.11063e-05
0.00120365
-2.10415e-05
0.00115686
-2.0712e-05
0.00109751
-2.0475e-05
0.00102726
-2.06577e-05
0.000948062
-2.15396e-05
0.000861978
-2.33428e-05
0.000771006
-2.62316e-05
0.000676949
-3.03175e-05
0.000581313
-3.56705e-05
0.000485262
-4.23307e-05
0.000389616
-5.03205e-05
0.000294887
-5.96557e-05
0.000201338
-7.03544e-05
0.000109044
-8.2445e-05
1.7954e-05
-9.59775e-05
-7.20607e-05
-0.000111032
-0.000161185
-0.000127732
-0.00024966
-0.000146269
-0.000337814
-0.000166932
-0.000426151
-0.000190142
-0.000515486
-0.000216478
-0.000607131
-0.000246686
-0.000703129
-0.000281615
-0.000806494
-0.000322018
-0.000921362
-0.000368116
-0.00105281
-0.00041881
-0.00120603
-0.000470507
-0.00138421
-0.000515844
-0.0015846
-0.000543167
-0.00179276
-0.000538202
-0.00197662
-0.00048905
-0.00208508
-0.000393715
-0.00205696
-0.000266246
-0.00184358
-0.000136046
-0.00143768
-3.80885e-05
-0.000889377
-0.000288606
5.31244e-06
0.000152593
1.53383e-05
0.000414575
2.55908e-05
0.000632895
3.34421e-05
0.000808587
3.80099e-05
0.000945485
3.96931e-05
0.00104958
3.95525e-05
0.00112732
3.8766e-05
0.00118412
3.82903e-05
0.00122364
3.87259e-05
0.00124782
4.03214e-05
0.00125738
4.30454e-05
0.00125244
4.6672e-05
0.00123302
5.0857e-05
0.00119946
5.52e-05
0.00115251
5.92931e-05
0.00109341
6.27573e-05
0.00102379
6.52683e-05
0.000945551
6.65707e-05
0.000860675
6.64812e-05
0.000771095
6.48835e-05
0.000678547
6.17152e-05
0.000584482
5.69526e-05
0.000490025
5.05944e-05
0.000395974
4.26484e-05
0.000302833
3.31202e-05
0.000210866
2.20062e-05
0.000120158
9.28817e-06
3.0672e-05
-5.07147e-06
-5.77011e-05
-2.11373e-05
-0.00014512
-3.90076e-05
-0.00023179
-5.88314e-05
-0.00031799
-8.08339e-05
-0.000404149
-0.00010535
-0.00049097
-0.000132861
-0.00057962
-0.000164018
-0.000671971
-0.000199639
-0.000770874
-0.000240581
-0.000880419
-0.000287449
-0.00100594
-0.000339936
-0.00115355
-0.000395723
-0.00132842
-0.000448983
-0.00153134
-0.000489143
-0.0017526
-0.000501427
-0.00196434
-0.000471047
-0.00211546
-0.00039131
-0.00213669
-0.000272177
-0.00196271
-0.000142448
-0.0015674
-4.07376e-05
-0.000991087
-0.000329343
6.19223e-06
0.0001464
1.87939e-05
0.000401974
3.30946e-05
0.000618595
4.60878e-05
0.000795594
5.64629e-05
0.00093511
6.42546e-05
0.00104178
7.02831e-05
0.00112129
7.56047e-05
0.0011788
8.11272e-05
0.00121812
8.74267e-05
0.00124152
9.47197e-05
0.00125009
0.000102923
0.00124423
0.000111745
0.0012242
0.00012077
0.00119044
0.000129535
0.00114375
0.000137587
0.00108536
0.000144519
0.00101686
0.000150005
0.000940066
0.0001538
0.00085688
0.00015575
0.000769146
0.000155771
0.000678525
0.000153839
0.000586414
0.000149964
0.0004939
0.000144175
0.000401764
0.000136501
0.000310507
0.000126963
0.000220404
0.000115567
0.000131553
0.0001023
4.39392e-05
8.71287e-05
-4.25297e-05
6.99958e-05
-0.000127987
5.08204e-05
-0.000212614
2.94863e-05
-0.000296656
5.82317e-06
-0.000380486
-2.04234e-05
-0.000464723
-4.963e-05
-0.000550414
-8.23324e-05
-0.000639269
-0.000119249
-0.000733958
-0.000161228
-0.00083844
-0.000209068
-0.000958105
-0.000263022
-0.00109959
-0.000321851
-0.00126959
-0.000381285
-0.00147191
-0.000432264
-0.00170162
-0.000460326
-0.00193628
-0.000448537
-0.00212725
-0.000385574
-0.00219966
-0.000276501
-0.00207178
-0.000148473
-0.00169543
-4.33994e-05
-0.00109616
-0.000372743
6.82547e-06
0.000139575
2.14779e-05
0.000387321
3.92197e-05
0.000600853
5.68092e-05
0.000778005
7.25805e-05
0.000919338
8.62123e-05
0.00102815
9.82535e-05
0.00110925
0.000109597
0.00116745
0.000121073
0.00120664
0.000133218
0.00122938
0.000146217
0.00123709
0.000159946
0.0012305
0.000174055
0.00121009
0.000188066
0.00117642
0.000201458
0.00113035
0.000213728
0.00107309
0.000224441
0.00100615
0.000233252
0.000931255
0.000239921
0.000850212
0.000244301
0.000764765
0.000246333
0.000676494
0.000246012
0.000586734
0.000243374
0.000496538
0.000238465
0.000406672
0.000231333
0.00031764
0.000222008
0.000229729
0.0002105
0.000143061
0.000196799
5.76406e-05
0.000180872
-2.66036e-05
0.000162668
-0.000109783
0.000142116
-0.000192062
0.000119122
-0.000273663
9.35587e-05
-0.000354923
6.52414e-05
-0.000436406
3.38945e-05
-0.000519067
-8.89399e-07
-0.000604485
-3.96922e-05
-0.000695155
-8.32778e-05
-0.000794855
-0.000132493
-0.00090889
-0.000187933
-0.00104415
-0.000249199
-0.00120833
-0.000313466
-0.00140764
-0.000373441
-0.00164164
-0.0004157
-0.00189402
-0.000422037
-0.00212091
-0.000376795
-0.0022449
-0.000279433
-0.00216914
-0.000154301
-0.00182056
-4.61471e-05
-0.00120432
-0.00041889
7.19485e-06
0.00013238
2.33043e-05
0.000371212
4.37629e-05
0.000580395
6.52591e-05
0.000756509
8.58722e-05
0.000898725
0.000104958
0.00100907
0.000122776
0.00109143
0.000140016
0.00115021
0.000157391
0.00118927
0.000175378
0.00121139
0.000194122
0.00121835
0.000213457
0.00121117
0.000232985
0.00119056
0.000252173
0.00115724
0.000270442
0.00111209
0.000287241
0.00105629
0.000302095
0.000991295
0.000314634
0.000918716
0.000324602
0.000840243
0.000331854
0.000757513
0.00033633
0.000672018
0.000338038
0.000585026
0.000337024
0.000497553
0.000333346
0.000410349
0.00032706
0.000323926
0.000318202
0.000238587
0.000306787
0.000154476
0.000292804
7.16237e-05
0.000276221
-1.0021e-05
0.000256989
-9.05515e-05
0.000235045
-0.000170117
0.000210311
-0.000248929
0.000182697
-0.000327309
0.000152078
-0.000405786
0.000118266
-0.000485255
8.09713e-05
-0.000567191
3.9762e-05
-0.000653946
-5.98357e-06
-0.000749109
-5.70504e-05
-0.000857824
-0.000114211
-0.00098699
-0.000177658
-0.00114488
-0.000245808
-0.00133949
-0.000313209
-0.00157424
-0.000368075
-0.00183915
-0.000391868
-0.00209712
-0.000365133
-0.00227163
-0.000281146
-0.00225313
-0.00016014
-0.00194157
-4.90831e-05
-0.00131537
-0.000467973
7.28366e-06
0.000125096
2.41902e-05
0.000354305
4.65268e-05
0.000558058
7.10955e-05
0.00073194
9.58494e-05
0.000873972
0.000119878
0.000985038
0.000143151
0.00106815
0.00016612
0.00112724
0.000189335
0.00116605
0.000213177
0.00118755
0.000237734
0.00119379
0.000262795
0.00118611
0.000287913
0.00116545
0.000312504
0.00113265
0.000335935
0.00108865
0.000357604
0.00103462
0.000376989
0.000971909
0.000393686
0.00090202
0.000407411
0.000826517
0.000418
0.000746924
0.000425385
0.000664633
0.000429568
0.000580843
0.000430594
0.000496527
0.000428525
0.000412418
0.000423419
0.000329032
0.000415317
0.000246689
0.000404233
0.000165559
0.000390159
8.56979e-05
0.000373062
7.07627e-06
0.000352897
-7.03866e-05
0.000329605
-0.000146826
0.000303127
-0.000222451
0.0002734
-0.000297582
0.000240351
-0.000372737
0.000203874
-0.000448778
0.000163792
-0.000527109
0.000119809
-0.000609963
7.1453e-05
-0.000700753
1.80657e-05
-0.000804436
-4.11436e-05
-0.000927781
-0.00010675
-0.00107928
-0.000178168
-0.00126807
-0.000251714
-0.0015007
-0.000317656
-0.00177321
-0.000358094
-0.00205668
-0.000350548
-0.00227918
-0.000281708
-0.00232197
-0.000166206
-0.00205707
-5.2343e-05
-0.00142924
-0.000520316
7.0704e-06
0.000118026
2.40417e-05
0.000337334
4.73004e-05
0.000534799
7.39641e-05
0.000705276
0.000102012
0.000845924
0.00013035
0.000956701
0.000158669
0.00103983
0.000187153
0.00109876
0.000216141
0.00113706
0.000245874
0.00115782
0.000276349
0.00116332
0.000307292
0.00115516
0.000338207
0.00113453
0.000368457
0.0011024
0.000397358
0.00105975
0.000424253
0.00100773
0.000448572
0.00094759
0.000469865
0.000880727
0.000487811
0.000808572
0.000502213
0.000732522
0.00051298
0.000653866
0.000520096
0.000573727
0.000523597
0.000493026
0.000523537
0.000412478
0.000519973
0.000332596
0.000512943
0.000253718
0.000502466
0.000176037
0.000488533
9.9631e-05
0.000471113
2.44961e-05
0.000450168
-4.94411e-05
0.000425646
-0.000122305
0.000397503
-0.000194308
0.000365703
-0.000265783
0.00033022
-0.000337255
0.000291019
-0.000409576
0.000248025
-0.000484115
0.000201075
-0.000563013
0.000149845
-0.000649523
9.38026e-05
-0.000748394
3.22183e-05
-0.000866197
-3.56638e-05
-0.00101139
-0.000109996
-0.00119374
-0.000188684
-0.00142201
-0.000264289
-0.00169761
-0.000320457
-0.00200051
-0.000332716
-0.00226692
-0.000281004
-0.00237368
-0.000172687
-0.00216539
-5.61022e-05
-0.00154582
-0.000576418
6.51974e-06
0.000111506
2.27314e-05
0.000321123
4.58283e-05
0.000511703
7.34671e-05
0.000677638
0.000103824
0.000815567
0.00013572
0.000924805
0.000168597
0.00100696
0.000202342
0.00106501
0.000237035
0.00110237
0.000272717
0.00112214
0.000309252
0.00112678
0.000346277
0.00111814
0.00038323
0.00109758
0.00041942
0.00106621
0.00045411
0.00102506
0.000486591
0.000975247
0.00051624
0.000917941
0.000542557
0.00085441
0.000565174
0.000785955
0.000583853
0.000713843
0.000598467
0.000639252
0.000608975
0.000563219
0.000615388
0.000486612
0.00061775
0.000410116
0.000616108
0.000334239
0.000610498
0.000259328
0.00060094
0.000185595
0.000587427
0.000113144
0.000569935
4.19881e-05
0.000548432
-2.79385e-05
0.000522882
-9.67544e-05
0.000493257
-0.000164684
0.000459551
-0.000232076
0.000421778
-0.000299482
0.000379966
-0.000367764
0.000334129
-0.000438278
0.000284219
-0.000513103
0.000230052
-0.000595356
0.000171226
-0.000689568
0.000107079
-0.00080205
3.67745e-05
-0.00094109
-4.03113e-05
-0.00111666
-0.000123405
-0.00133891
-0.000207413
-0.0016136
-0.000278327
-0.0019296
-0.000310948
-0.0022343
-0.00027865
-0.00240598
-0.000179702
-0.00226434
-6.05848e-05
-0.00166494
-0.000637003
5.5671e-06
0.000105939
2.00618e-05
0.000306628
4.17612e-05
0.000490003
6.91135e-05
0.000650285
0.000100675
0.000784005
0.000135286
0.000890195
0.000172172
0.000970072
0.000210901
0.00102628
0.000251234
0.00106204
0.000292953
0.00108042
0.000335732
0.001084
0.000379081
0.00107479
0.000422348
0.00105431
0.00046478
0.00102377
0.000505584
0.00098426
0.000544
0.000936831
0.000579355
0.000882586
0.000611095
0.00082267
0.000638802
0.000758247
0.000662191
0.000690453
0.000681093
0.00062035
0.000695429
0.000548883
0.000705185
0.000476857
0.000710382
0.000404919
0.000711056
0.000333564
0.00070724
0.000263144
0.000698952
0.000193883
0.000686194
0.000125902
0.000668952
5.92304e-05
0.000647204
-6.19064e-06
0.000620938
-7.04882e-05
0.000590148
-0.000133894
0.000554859
-0.000196787
0.000515124
-0.000259747
0.000471026
-0.000323667
0.000422652
-0.000389903
0.000370043
-0.000460494
0.000313126
-0.00053844
0.000251616
-0.000628058
0.000184923
-0.000735357
0.000112155
-0.000868322
3.2365e-05
-0.00103687
-5.46476e-05
-0.0012519
-0.000145999
-0.00152225
-0.000230639
-0.00184496
-0.0002841
-0.00218084
-0.000273875
-0.0024162
-0.000187233
-0.00235098
-6.60736e-05
-0.0017861
-0.000703076
4.09237e-06
0.000101847
1.57051e-05
0.000295015
3.45783e-05
0.00047113
6.0245e-05
0.000624619
9.18237e-05
0.000752426
0.000128262
0.000853756
0.000168591
0.000929744
0.000212031
0.000982845
0.000257966
0.0010161
0.00030585
0.00103253
0.000355103
0.00103475
0.000405058
0.00102484
0.000454948
0.00100442
0.00050394
0.000974782
0.000551182
0.000937018
0.000595865
0.000892148
0.000637267
0.000841184
0.000674786
0.000785151
0.000707955
0.000725078
0.00073644
0.000661968
0.000760026
0.000596764
0.000778594
0.000530315
0.000792098
0.000463353
0.000800537
0.00039648
0.000803932
0.000330169
0.00080231
0.000264765
0.000795694
0.000200499
0.000784096
0.0001375
0.000767519
7.58074e-05
0.00074596
1.53685e-05
0.000719437
-4.39648e-05
0.000687974
-0.000102432
0.00065163
-0.000160442
0.000610497
-0.000218614
0.000564701
-0.000277871
0.00051438
-0.000339582
0.000459635
-0.000405749
0.000400465
-0.000479269
0.000336654
-0.000564247
0.000267665
-0.000666367
0.000192562
-0.00079322
0.000110129
-0.000954433
1.94429e-05
-0.00116122
-7.84445e-05
-0.00142436
-0.000175808
-0.0017476
-0.000250471
-0.00210618
-0.000265376
-0.0024013
-0.000195019
-0.00242134
-7.29098e-05
-0.00190821
-0.000775986
1.87507e-06
9.99718e-05
9.11034e-06
0.00028778
2.34762e-05
0.000456764
4.59352e-05
0.00060216
7.63211e-05
0.00072204
0.000113735
0.000816342
0.000156998
0.000886481
0.000204937
0.000934906
0.000256495
0.000964545
0.000310725
0.000978304
0.00036673
0.000978742
0.000423616
0.000967951
0.000480464
0.000947572
0.000536343
0.000918903
0.000590338
0.000883023
0.000641592
0.000840894
0.000689342
0.000793434
0.000732944
0.000741549
0.000771887
0.000686135
0.000805794
0.000628062
0.000834406
0.000568152
0.000857567
0.000507153
0.0008752
0.00044572
0.000887279
0.000384402
0.000893813
0.000323635
0.000894829
0.00026375
0.000890356
0.000204972
0.000880423
0.000147432
0.000865061
9.11702e-05
0.000844296
3.61329e-05
0.000818176
-1.78452e-05
0.000786769
-7.10245e-05
0.000750168
-0.000123841
0.000708499
-0.000176946
0.000661918
-0.00023129
0.000610584
-0.000288248
0.00055462
-0.000349786
0.00049404
-0.00041869
0.000428644
-0.000498851
0.000357888
-0.000595611
0.00028077
-0.000716102
0.000195839
-0.000869502
0.000101558
-0.00106694
-2.42207e-06
-0.00132038
-0.000111613
-0.00163841
-0.000207676
-0.00201011
-0.000251122
-0.00235785
-0.000202394
-0.00247006
-8.14749e-05
-0.00202913
-0.000857461
-1.48045e-06
0.000101452
-6.35667e-07
0.000286935
7.2181e-06
0.000448911
2.48666e-05
0.000584511
5.29353e-05
0.000693972
9.06307e-05
0.000778647
0.000136486
0.000840626
0.000188855
0.000882537
0.000246166
0.000907234
0.000307003
0.000917467
0.000370093
0.000915652
0.000434268
0.000903777
0.000498425
0.000883415
0.000561519
0.00085581
0.000622565
0.000821977
0.000680663
0.000782797
0.000735015
0.000739082
0.000784948
0.000691616
0.000829919
0.000641163
0.000869518
0.000588463
0.000903452
0.000534218
0.000931535
0.000479071
0.000953663
0.000423592
0.000969795
0.000368269
0.000979935
0.000313495
0.000984112
0.000259572
0.000982373
0.000206711
0.000974774
0.000155032
0.000961377
0.000104567
0.000942254
5.52559e-05
0.000917483
6.92585e-06
0.000887178
-4.072e-05
0.000851465
-8.81274e-05
0.000810492
-0.000135973
0.00076442
-0.000185218
0.000713398
-0.000237226
0.000657521
-0.000293908
0.000596753
-0.000357922
0.000530835
-0.000432933
0.000459139
-0.000523915
0.000380541
-0.000637504
0.000293343
-0.000782304
0.000195469
-0.000969061
8.54044e-05
-0.00121031
-3.50325e-05
-0.00151797
-0.000152477
-0.00189267
-0.000228078
-0.00228225
-0.000207994
-0.00249015
-9.21406e-05
-0.00214498
-0.000949602
-6.67496e-06
0.000108127
-1.50074e-05
0.000295268
-1.60322e-05
0.000449935
-4.7703e-06
0.000573249
2.01133e-05
0.000669088
5.77339e-05
0.000741027
0.000106157
0.000792203
0.000163139
0.000825555
0.00022651
0.000843863
0.000294328
0.000849648
0.000364902
0.000845078
0.000436754
0.000831924
0.000508581
0.000811588
0.000579209
0.000785182
0.000647584
0.000753601
0.000712769
0.000717612
0.000773944
0.000677907
0.000830423
0.000635138
0.000881646
0.00058994
0.000927186
0.000542923
0.000966734
0.00049467
0.00100009
0.000445718
0.00102713
0.000396551
0.00104781
0.000347583
0.00106215
0.000299158
0.00107019
0.000251538
0.00107199
0.000204908
0.00106765
0.00015937
0.00105728
0.000114942
0.00104098
7.15511e-05
0.00101889
2.90204e-05
0.000991135
-1.29663e-05
0.00095787
-5.48633e-05
0.000919244
-9.73468e-05
0.000875394
-0.000141367
0.000826413
-0.000188245
0.000772309
-0.000239804
0.000712933
-0.000298547
0.000647877
-0.000367877
0.000576343
-0.000452382
0.000496996
-0.000558157
0.000407844
-0.000693152
0.000306299
-0.000867516
0.000189793
-0.00109381
5.80155e-05
-0.00138619
-8.0643e-05
-0.00175401
-0.000191872
-0.00217102
-0.000209305
-0.00247271
-0.000105128
-0.00224916
-0.00105473
-1.4896e-05
0.000123023
-3.62722e-05
0.000316644
-4.8848e-05
0.000462511
-4.52538e-05
0.000569655
-2.38707e-05
0.000647705
1.39092e-05
0.000703247
6.53945e-05
0.000740718
0.000127565
0.000763385
0.000197571
0.000773857
0.000272908
0.000774311
0.000351451
0.000766535
0.000431414
0.000751961
0.000511287
0.000731716
0.000589777
0.000706692
0.000665768
0.000677611
0.000738296
0.000645084
0.00080654
0.000609662
0.000869817
0.000571861
0.000927575
0.000532182
0.000979391
0.000491107
0.00102496
0.000449102
0.00106408
0.000406598
0.00109664
0.000363987
0.00112261
0.000321611
0.00114202
0.000279752
0.00115493
0.000238628
0.00116145
0.000198391
0.0011617
0.000159118
0.00115583
0.000120812
0.00114399
8.33892e-05
0.00112634
4.66685e-05
0.00110303
1.03469e-05
0.0010742
-2.6035e-05
0.00103997
-6.31183e-05
0.00100042
-0.000101812
0.00095553
-0.000143358
0.000905176
-0.000189451
0.000849021
-0.000242392
0.000786429
-0.000305285
0.000716336
-0.000382289
0.000637096
-0.000478917
0.000546342
-0.000602398
0.000440947
-0.000762121
0.000317379
-0.00097024
0.00017335
-0.00124216
1.31908e-05
-0.00159385
-0.000136484
-0.00202135
-0.000202113
-0.00240709
-0.000120174
-0.0023311
-0.0011749
-2.80892e-05
0.000151113
-6.76419e-05
0.000356196
-9.43341e-05
0.000489203
-9.8827e-05
0.000574148
-8.01805e-05
0.000629058
-4.10164e-05
0.000664083
1.48243e-05
0.000684877
8.33617e-05
0.000694848
0.000160989
0.00069623
0.000244654
0.000690646
0.000331829
0.00067936
0.000420456
0.000663334
0.000508852
0.000643319
0.000595632
0.000619912
0.000679642
0.000593601
0.000759915
0.00056481
0.000835651
0.000533927
0.000906192
0.00050132
0.000971017
0.000467356
0.00102973
0.000432393
0.00108205
0.000396779
0.00112781
0.000360845
0.0011669
0.000324891
0.00119933
0.000289184
0.00122514
0.000253944
0.00124442
0.000219344
0.00125731
0.000185499
0.00126397
0.000152464
0.00126455
0.000120228
0.00125923
8.87057e-05
0.00124818
5.77213e-05
0.00123154
2.6993e-05
0.0012094
-3.89789e-06
0.00118182
-3.5541e-05
0.00114878
-6.87664e-05
0.00111012
-0.000104698
0.00106552
-0.000144856
0.00101442
-0.000191288
0.000955878
-0.000246745
0.000888488
-0.000314899
0.000810196
-0.000400625
0.000718156
-0.000510358
0.000608638
-0.000652602
0.000477161
-0.000838764
0.000319565
-0.00108457
0.000136398
-0.00141068
-5.37656e-05
-0.00183119
-0.000179559
-0.00228129
-0.000135927
-0.00237473
-0.00131083
-4.9224e-05
0.000200337
-0.000112964
0.000419936
-0.000154903
0.000531142
-0.000165676
0.000584922
-0.00014687
0.000610252
-0.000103326
0.000620538
-4.04824e-05
0.000622034
3.65962e-05
0.000617769
0.000123577
0.000609249
0.000216924
0.000597299
0.000313812
0.000582472
0.000412005
0.000565141
0.000509726
0.000545598
0.000605554
0.000524084
0.000698337
0.000500818
0.000787143
0.000476004
0.000871215
0.000449855
0.000949945
0.00042259
0.00102286
0.000394439
0.00108962
0.00036564
0.00114996
0.000336433
0.00120376
0.000307051
0.00125093
0.000277713
0.0012915
0.000248613
0.00132553
0.000219915
0.00135313
0.000191747
0.00137444
0.000164194
0.00138961
0.000137294
0.0013988
0.000111029
0.00140219
8.53202e-05
0.0013999
6.00118e-05
0.00139204
3.48573e-05
0.00137864
9.49717e-06
0.00135968
-1.65816e-05
0.001335
-4.40862e-05
0.00130429
-7.39883e-05
0.00126702
-0.000107588
0.00122236
-0.000146627
0.00116906
-0.00019344
0.0011053
-0.00025114
0.00102856
-0.000323884
0.000935418
-0.000417218
0.000821441
-0.000538625
0.000681175
-0.000698498
0.000508696
-0.000912088
0.000300605
-0.00120259
6.79249e-05
-0.00159851
-0.000129327
-0.00208404
-0.00014848
-0.00235557
-0.00145931
-8.19804e-05
0.000282317
-0.000174626
0.000512582
-0.000227832
0.000584349
-0.0002376
0.00059469
-0.000211197
0.000583849
-0.000156791
0.000566132
-8.16739e-05
0.000546916
8.07454e-06
0.000528021
0.000107584
0.000509739
0.000213054
0.000491829
0.000321588
0.000473938
0.000430946
0.000455783
0.000539389
0.000437155
0.000645553
0.00041792
0.000748362
0.000398009
0.000846957
0.000377409
0.000940656
0.000356156
0.00102892
0.000334324
0.00111134
0.000312019
0.00118761
0.00028937
0.00125752
0.00026652
0.00132096
0.000243617
0.00137786
0.000220806
0.00142826
0.00019822
0.0014722
0.000175975
0.00150978
0.000154161
0.00154114
0.000132838
0.0015664
0.000112033
0.0015857
9.17281e-05
0.00159916
7.18574e-05
0.00160688
5.2295e-05
0.0016089
3.28411e-05
0.00160519
1.32034e-05
0.00159564
-7.02949e-06
0.00157998
-2.8425e-05
0.00155775
-5.17606e-05
0.00152824
-7.80752e-05
0.00149036
-0.000108755
0.00144258
-0.000145651
0.00138268
-0.000191243
0.00130765
-0.000248857
0.00121345
-0.000323014
0.00109481
-0.000419987
0.000945177
-0.000548868
0.000756893
-0.000723803
0.000522886
-0.000968585
0.000245831
-0.00132145
-2.99578e-05
-0.00180825
-0.00014685
-0.00223868
-0.00160616
-0.000128224
0.000410541
-0.000245628
0.000629986
-0.000291293
0.000630014
-0.000279707
0.000583103
-0.000228649
0.000532791
-0.000150061
0.000487544
-5.25343e-05
0.000449389
5.73512e-05
0.000418135
0.000174724
0.000392366
0.000296124
0.000370429
0.000419013
0.00035105
0.000541471
0.000333324
0.000662032
0.000316594
0.000779561
0.000300391
0.000893168
0.000284401
0.00100215
0.000268428
0.00110595
0.000252361
0.00120411
0.000236156
0.00129631
0.000219819
0.00138229
0.000203391
0.00146188
0.000186936
0.00153496
0.000170534
0.0016015
0.00015427
0.00166149
0.000138226
0.00171499
0.000122475
0.00176207
0.000107077
0.00180284
9.20724e-05
0.0018374
7.74757e-05
0.00186585
6.32729e-05
0.0018883
4.94136e-05
0.00190479
3.58038e-05
0.00191533
2.22951e-05
0.00191987
8.67083e-06
0.00191821
-5.37346e-06
0.00191004
-2.02512e-05
0.00189479
-3.65167e-05
0.00187163
-5.49157e-05
0.00183932
-7.64405e-05
0.00179608
-0.000102411
0.00173943
-0.000134595
0.00166596
-0.000175381
0.00157102
-0.000228083
0.00144851
-0.000297468
0.00129048
-0.000390843
0.00108709
-0.000520411
0.000827164
-0.000708661
0.000504083
-0.00099837
0.000144557
-0.00144873
-0.000107063
-0.00198706
-0.00171322
-0.000181411
0.000591952
-0.000280798
0.000729372
-0.000260752
0.000609968
-0.000180873
0.000503224
-7.22063e-05
0.000424125
5.32708e-05
0.000362066
0.000188167
0.000314493
0.000327277
0.000279025
0.000467491
0.000252151
0.000606864
0.000231056
0.000744036
0.000213878
0.000878008
0.000199352
0.00100802
0.000186582
0.00113347
0.000174937
0.00125388
0.000163992
0.00136884
0.000153467
0.00147802
0.000143183
0.00158114
0.000133037
0.00167798
0.000122979
0.00176838
0.000112996
0.00185221
0.000103102
0.00192942
9.33282e-05
0.00199997
8.37135e-05
0.0020639
7.42994e-05
0.00212125
6.51241e-05
0.00217211
5.62188e-05
0.00221658
4.76033e-05
0.00225477
3.92824e-05
0.0022868
3.12431e-05
0.00231276
2.34497e-05
0.00233273
1.58399e-05
0.00234671
8.31743e-06
0.00235463
7.4268e-07
0.00235633
-7.07331e-06
0.00235146
-1.53786e-05
0.00233945
-2.45049e-05
0.00231943
-3.4897e-05
0.00229013
-4.7141e-05
0.00224973
-6.20094e-05
0.00219567
-8.05299e-05
0.00212438
-0.000104098
0.00203098
-0.000134681
0.00190873
-0.000175221
0.0017484
-0.000230509
0.00153722
-0.000309232
0.00125759
-0.000429033
0.000888163
-0.000628941
0.000427817
-0.000988379
3.19718e-06
-0.00156244
-0.00171003
-0.000180253
0.000772205
-6.55517e-05
0.000614671
0.000153468
0.000390948
0.000367652
0.00028904
0.000567743
0.000224034
0.000755226
0.000174583
0.000929863
0.000139856
0.0010926
0.000116288
0.00124504
9.97138e-05
0.00138857
8.75277e-05
0.00152419
7.82497e-05
0.00165263
7.09189e-05
0.00177434
6.48697e-05
0.00188962
5.96545e-05
0.00199863
5.498e-05
0.00210144
5.06554e-05
0.00219807
4.65588e-05
0.00228849
4.26157e-05
0.00237268
3.8785e-05
0.00245063
3.50481e-05
0.00252233
3.14013e-05
0.00258781
2.78504e-05
0.00264712
2.44062e-05
0.00270034
2.1081e-05
0.00274757
1.78862e-05
0.00278896
1.48302e-05
0.00282465
1.19164e-05
0.00285479
9.14244e-06
0.00287953
6.49805e-06
0.00289902
3.96404e-06
0.00291335
1.50998e-06
0.00292257
-9.06904e-07
0.00292666
-3.34275e-06
0.00292546
-5.87362e-06
0.00291868
-8.60018e-06
0.00290583
-1.16527e-05
0.00288613
-1.52002e-05
0.00285845
-1.94611e-05
0.00282116
-2.47181e-05
0.00277197
-3.13418e-05
0.00270771
-3.98326e-05
0.00262393
-5.09021e-05
0.00251436
-6.5648e-05
0.00236981
-8.59585e-05
0.00217609
-0.000115516
0.00190954
-0.000162489
0.0015284
-0.000247793
0.000970699
-0.000430682
0.000281364
-0.000873106
-0.00142866
0.000772205
0.00138688
0.00177782
0.00206686
0.0022909
0.00246548
0.00260534
0.00272162
0.00282134
0.00290887
0.00298712
0.00305803
0.0031229
0.00318256
0.00323754
0.00328819
0.00333475
0.00337737
0.00341615
0.0034512
0.0034826
0.00351045
0.00353486
0.00355594
0.00357383
0.00358866
0.00360057
0.00360972
0.00361621
0.00362018
0.00362169
0.00362078
0.00361744
0.00361156
0.00360296
0.00359131
0.00357611
0.00355665
0.00353193
0.00350059
0.00346076
0.00340986
0.00334421
0.00325825
0.00314273
0.00298024
0.00273245
0.00230177
0.00142866
)
;

boundaryField
{
    movingWall
    {
        type            calculated;
        value           uniform 0;
    }
    fixedWalls
    {
        type            calculated;
        value           uniform 0;
    }
    frontAndBack
    {
        type            empty;
        value           nonuniform 0();
    }
}


// ************************************************************************* //
