/*--------------------------------*- C++ -*----------------------------------*\
  =========                 |
  \\      /  F ield         | OpenFOAM: The Open Source CFD Toolbox
   \\    /   O peration     | Website:  https://openfoam.org
    \\  /    A nd           | Version:  7
     \\/     M anipulation  |
\*---------------------------------------------------------------------------*/
FoamFile
{
    version     2.0;
    format      ascii;
    class       volVectorField;
    location    "300";
    object      U;
}
// * * * * * * * * * * * * * * * * * * * * * * * * * * * * * * * * * * * * * //

dimensions      [0 1 -1 0 0 0 0];

internalField   nonuniform List<vector> 
2500
(
(0.00010976 -0.000111584 0)
(0.000487726 -0.000151232 0)
(0.000832633 -0.000126289 0)
(0.000997737 -7.90781e-05 0)
(0.000907257 -3.11543e-05 0)
(0.000556459 1.15989e-05 0)
(-3.71032e-05 4.82827e-05 0)
(-0.000853644 8.0272e-05 0)
(-0.00187788 0.000109731 0)
(-0.00310034 0.000138639 0)
(-0.00451588 0.000168339 0)
(-0.00612069 0.000199424 0)
(-0.00790905 0.00023177 0)
(-0.00987029 0.000264626 0)
(-0.0119862 0.000296703 0)
(-0.0142292 0.000326261 0)
(-0.0165607 0.000351192 0)
(-0.0189307 0.000369113 0)
(-0.0212779 0.000377487 0)
(-0.0235306 0.000373787 0)
(-0.0256086 0.000355699 0)
(-0.0274262 0.000321368 0)
(-0.028896 0.000269666 0)
(-0.0299337 0.00020047 0)
(-0.0304635 0.000114919 0)
(-0.0304239 1.5562e-05 0)
(-0.0297738 -9.36992e-05 0)
(-0.0284966 -0.000207552 0)
(-0.0266049 -0.000319638 0)
(-0.0241424 -0.000422967 0)
(-0.0211841 -0.000510485 0)
(-0.0178341 -0.000575748 0)
(-0.0142205 -0.000613616 0)
(-0.0104885 -0.000620874 0)
(-0.00679166 -0.000596671 0)
(-0.00328123 -0.000542667 0)
(-9.64644e-05 -0.000462849 0)
(0.00264486 -0.000363281 0)
(0.00485347 -0.000251475 0)
(0.00647294 -0.000135163 0)
(0.00748135 -2.14353e-05 0)
(0.00789004 8.37271e-05 0)
(0.00774001 0.000175783 0)
(0.00709767 0.000251423 0)
(0.00605192 0.000307657 0)
(0.00471455 0.000340312 0)
(0.00322604 0.000342219 0)
(0.00177393 0.000300574 0)
(0.000624925 0.000191911 0)
(2.9761e-05 2.97386e-05 0)
(0.000155139 -0.000496017 0)
(0.000688826 -0.00069177 0)
(0.000980446 -0.00043878 0)
(0.000779594 1.04714e-05 0)
(-4.93158e-05 0.000515106 0)
(-0.00152759 0.00100971 0)
(-0.00363238 0.0014723 0)
(-0.00633053 0.00190307 0)
(-0.00959196 0.00231059 0)
(-0.0133928 0.00270353 0)
(-0.0177123 0.0030864 0)
(-0.022527 0.00345783 0)
(-0.027804 0.00381046 0)
(-0.0334943 0.0041316 0)
(-0.0395278 0.00440424 0)
(-0.0458098 0.00460828 0)
(-0.0522191 0.00472187 0)
(-0.0586083 0.0047229 0)
(-0.0648062 0.00459061 0)
(-0.070622 0.00430735 0)
(-0.075852 0.0038605 0)
(-0.0802882 0.00324428 0)
(-0.0837282 0.00246148 0)
(-0.0859864 0.0015248 0)
(-0.0869059 0.00045777 0)
(-0.0863695 -0.000705294 0)
(-0.0843114 -0.0019203 0)
(-0.0807236 -0.00313489 0)
(-0.0756621 -0.00429144 0)
(-0.0692491 -0.0053305 0)
(-0.0616712 -0.00619498 0)
(-0.053173 -0.00683463 0)
(-0.0440473 -0.00721046 0)
(-0.0346211 -0.00729848 0)
(-0.0252385 -0.00709249 0)
(-0.0162412 -0.00660516 0)
(-0.00794951 -0.00586734 0)
(-0.000642846 -0.00492575 0)
(0.00545563 -0.003839 0)
(0.0101909 -0.00267206 0)
(0.013483 -0.0014903 0)
(0.0153276 -0.000355215 0)
(0.015794 0.000678404 0)
(0.0150185 0.00156261 0)
(0.0132003 0.00225183 0)
(0.0105995 0.00269547 0)
(0.00754079 0.00282805 0)
(0.00443325 0.00256232 0)
(0.00181799 0.00180993 0)
(0.000193517 0.000626926 0)
(0.000130072 -0.00084245 0)
(0.000378496 -0.000974326 0)
(6.69598e-05 -0.000209245 0)
(-0.00105255 0.000959026 0)
(-0.00310653 0.00225484 0)
(-0.00611578 0.00354263 0)
(-0.0100567 0.00477116 0)
(-0.0148927 0.00593406 0)
(-0.0205871 0.00704232 0)
(-0.0271043 0.00810691 0)
(-0.0344053 0.00912935 0)
(-0.0424395 0.0100979 0)
(-0.0511359 0.0109873 0)
(-0.060396 0.0117604 0)
(-0.0700877 0.012371 0)
(-0.0800425 0.0127673 0)
(-0.0900556 0.0128959 0)
(-0.0998886 0.0127055 0)
(-0.109276 0.0121514 0)
(-0.117932 0.0111995 0)
(-0.125565 0.00983104 0)
(-0.131887 0.00804548 0)
(-0.136631 0.00586388 0)
(-0.13956 0.00333056 0)
(-0.140486 0.000513683 0)
(-0.139282 -0.00249592 0)
(-0.135889 -0.00558797 0)
(-0.130325 -0.00863764 0)
(-0.122691 -0.0115118 0)
(-0.113167 -0.0140763 0)
(-0.102013 -0.0162045 0)
(-0.0895594 -0.0177859 0)
(-0.0761956 -0.0187348 0)
(-0.0623544 -0.0189978 0)
(-0.0484925 -0.0185594 0)
(-0.035069 -0.0174443 0)
(-0.0225218 -0.0157172 0)
(-0.0112444 -0.0134788 0)
(-0.00156442 -0.0108576 0)
(0.00627337 -0.00800142 0)
(0.01212 -0.00506498 0)
(0.0159292 -0.00219987 0)
(0.0177585 0.000452091 0)
(0.0177652 0.00276092 0)
(0.0162023 0.004603 0)
(0.0134137 0.00584986 0)
(0.0098315 0.00635383 0)
(0.00599002 0.00593986 0)
(0.00259073 0.00443179 0)
(0.000303756 0.00178707 0)
(6.77988e-05 -0.000954501 0)
(-0.000257645 -0.000621854 0)
(-0.00156461 0.00100134 0)
(-0.00402797 0.00320197 0)
(-0.00770819 0.00558467 0)
(-0.0126003 0.00795318 0)
(-0.0186714 0.010231 0)
(-0.0258808 0.0124048 0)
(-0.0341862 0.014484 0)
(-0.0435411 0.0164748 0)
(-0.0538855 0.0183664 0)
(-0.0651367 0.0201256 0)
(-0.0771798 0.021697 0)
(-0.0898602 0.0230068 0)
(-0.10298 0.0239688 0)
(-0.116297 0.0244903 0)
(-0.12953 0.0244803 0)
(-0.14236 0.023856 0)
(-0.154449 0.0225508 0)
(-0.165443 0.0205209 0)
(-0.174995 0.0177511 0)
(-0.182774 0.0142599 0)
(-0.188482 0.0101021 0)
(-0.191868 0.00536997 0)
(-0.192739 0.0001929 0)
(-0.190975 -0.00526624 0)
(-0.186533 -0.010817 0)
(-0.179452 -0.0162501 0)
(-0.169858 -0.0213462 0)
(-0.157963 -0.025887 0)
(-0.144063 -0.0296671 0)
(-0.128532 -0.032507 0)
(-0.111807 -0.0342658 0)
(-0.0943824 -0.0348522 0)
(-0.0767826 -0.0342339 0)
(-0.0595451 -0.0324425 0)
(-0.0431943 -0.029574 0)
(-0.0282152 -0.0257847 0)
(-0.0150276 -0.0212811 0)
(-0.00396418 -0.0163059 0)
(0.0047489 -0.0111215 0)
(0.0110038 -0.00599496 0)
(0.014819 -0.0011828 0)
(0.0163384 0.00307257 0)
(0.0158275 0.00654077 0)
(0.0136682 0.00898957 0)
(0.0103509 0.0101686 0)
(0.00648583 0.00979672 0)
(0.00288271 0.0075755 0)
(0.000344791 0.00326162 0)
(-1.42234e-05 -0.000676767 0)
(-0.0011109 0.000678606 0)
(-0.00370165 0.00356619 0)
(-0.00783442 0.00711061 0)
(-0.0134569 0.0108374 0)
(-0.020515 0.0145171 0)
(-0.028955 0.0180635 0)
(-0.0387273 0.0214616 0)
(-0.0497823 0.0247162 0)
(-0.0620602 0.0278208 0)
(-0.0754777 0.0307409 0)
(-0.0899166 0.0334096 0)
(-0.105215 0.0357297 0)
(-0.121161 0.0375812 0)
(-0.137493 0.0388304 0)
(-0.153903 0.0393408 0)
(-0.170043 0.0389843 0)
(-0.185538 0.0376518 0)
(-0.199995 0.0352634 0)
(-0.213025 0.0317766 0)
(-0.224251 0.0271934 0)
(-0.233326 0.0215638 0)
(-0.239946 0.0149883 0)
(-0.243861 0.00761703 0)
(-0.244883 -0.000352947 0)
(-0.242897 -0.00868251 0)
(-0.237862 -0.0170996 0)
(-0.229819 -0.0253098 0)
(-0.218894 -0.0330069 0)
(-0.205299 -0.0398865 0)
(-0.189331 -0.0456605 0)
(-0.171373 -0.0500738 0)
(-0.151882 -0.0529212 0)
(-0.131382 -0.0540624 0)
(-0.110447 -0.0534362 0)
(-0.0896738 -0.0510688 0)
(-0.0696643 -0.047078 0)
(-0.0509902 -0.041669 0)
(-0.0341654 -0.0351242 0)
(-0.0196169 -0.0277857 0)
(-0.00765946 -0.0200341 0)
(0.00152231 -0.012266 0)
(0.00788687 -0.00487488 0)
(0.0115409 0.00176127 0)
(0.0127354 0.00728143 0)
(0.0118609 0.011328 0)
(0.00943725 0.0135287 0)
(0.00612228 0.0134769 0)
(0.00279343 0.0107234 0)
(0.000341383 0.00478675 0)
(-0.000110669 8.4313e-05 0)
(-0.00211741 0.00313756 0)
(-0.0062023 0.00775121 0)
(-0.012244 0.012962 0)
(-0.0200413 0.0182726 0)
(-0.0294722 0.0234601 0)
(-0.040452 0.0284521 0)
(-0.0529165 0.0332407 0)
(-0.0668053 0.0378255 0)
(-0.0820424 0.0421788 0)
(-0.0985188 0.0462315 0)
(-0.116079 0.0498714 0)
(-0.134514 0.05295 0)
(-0.153559 0.0552942 0)
(-0.172898 0.0567207 0)
(-0.192168 0.0570512 0)
(-0.210974 0.0561268 0)
(-0.228904 0.0538214 0)
(-0.24554 0.0500533 0)
(-0.260477 0.0447935 0)
(-0.273332 0.0380712 0)
(-0.283759 0.0299766 0)
(-0.29146 0.0206605 0)
(-0.296186 0.0103316 0)
(-0.297748 -0.000747384 0)
(-0.296021 -0.0122664 0)
(-0.290949 -0.0238773 0)
(-0.282547 -0.0352053 0)
(-0.270913 -0.0458599 0)
(-0.256227 -0.0554494 0)
(-0.238762 -0.0635981 0)
(-0.218882 -0.069966 0)
(-0.19704 -0.0742697 0)
(-0.173775 -0.0763036 0)
(-0.149692 -0.0759592 0)
(-0.125448 -0.0732399 0)
(-0.101721 -0.0682693 0)
(-0.0791762 -0.0612904 0)
(-0.0584327 -0.0526557 0)
(-0.0400266 -0.0428077 0)
(-0.0243786 -0.0322524 0)
(-0.0117674 -0.0215306 0)
(-0.00231206 -0.0111898 0)
(0.00403694 -0.00176482 0)
(0.00749901 0.00622781 0)
(0.00845389 0.0122857 0)
(0.00743333 0.015895 0)
(0.00512413 0.0165065 0)
(0.00243799 0.0135074 0)
(0.000311365 0.00618826 0)
(-0.000218349 0.00139444 0)
(-0.00323377 0.00690361 0)
(-0.00895903 0.0137442 0)
(-0.0170716 0.0209502 0)
(-0.0271957 0.0280696 0)
(-0.0391275 0.0349341 0)
(-0.0527442 0.0415135 0)
(-0.0679621 0.0478196 0)
(-0.0847062 0.0538461 0)
(-0.102882 0.0595374 0)
(-0.122352 0.0647797 0)
(-0.142925 0.0694062 0)
(-0.164349 0.0732105 0)
(-0.186314 0.0759646 0)
(-0.20846 0.0774381 0)
(-0.230389 0.0774171 0)
(-0.25168 0.0757217 0)
(-0.271904 0.0722203 0)
(-0.290639 0.0668402 0)
(-0.307481 0.0595744 0)
(-0.322056 0.0504853 0)
(-0.334028 0.0397044 0)
(-0.3431 0.0274299 0)
(-0.349022 0.0139226 0)
(-0.351589 -0.000498714 0)
(-0.350653 -0.0154635 0)
(-0.346118 -0.0305573 0)
(-0.337956 -0.0453318 0)
(-0.326208 -0.0593154 0)
(-0.311003 -0.0720281 0)
(-0.292562 -0.0829996 0)
(-0.271205 -0.0917922 0)
(-0.247363 -0.0980268 0)
(-0.221568 -0.10141 0)
(-0.19445 -0.101762 0)
(-0.166716 -0.0990381 0)
(-0.139124 -0.0933462 0)
(-0.112443 -0.0849501 0)
(-0.0874162 -0.0742626 0)
(-0.064709 -0.0618252 0)
(-0.0448717 -0.0482764 0)
(-0.0283011 -0.0343151 0)
(-0.0152157 -0.0206635 0)
(-0.00564075 -0.00803671 0)
(0.000593613 0.00287188 0)
(0.0038443 0.0113902 0)
(0.00464292 0.0168448 0)
(0.00369236 0.0185303 0)
(0.00191566 0.0156698 0)
(0.000268508 0.0073577 0)
(-0.000334486 0.00330137 0)
(-0.00442363 0.012078 0)
(-0.011878 0.021666 0)
(-0.0221513 0.0311928 0)
(-0.0346759 0.0403281 0)
(-0.049159 0.0490127 0)
(-0.0654346 0.0572902 0)
(-0.0833958 0.0652054 0)
(-0.10295 0.0727469 0)
(-0.123982 0.0798253 0)
(-0.146328 0.0862745 0)
(-0.16976 0.0918669 0)
(-0.193993 0.0963362 0)
(-0.218681 0.0994016 0)
(-0.243437 0.100792 0)
(-0.267844 0.100268 0)
(-0.291474 0.0976387 0)
(-0.3139 0.0927778 0)
(-0.334708 0.0856291 0)
(-0.35351 0.076212 0)
(-0.369944 0.0646215 0)
(-0.383681 0.0510253 0)
(-0.394427 0.0356607 0)
(-0.401918 0.0188295 0)
(-0.405928 0.000893788 0)
(-0.406271 -0.017728 0)
(-0.402805 -0.0365666 0)
(-0.395438 -0.0551088 0)
(-0.384147 -0.0728068 0)
(-0.368985 -0.0890919 0)
(-0.3501 -0.103393 0)
(-0.327747 -0.115162 0)
(-0.302304 -0.123905 0)
(-0.274276 -0.129214 0)
(-0.244293 -0.130808 0)
(-0.213101 -0.128561 0)
(-0.181533 -0.122534 0)
(-0.150469 -0.112986 0)
(-0.120791 -0.100374 0)
(-0.0933228 -0.0853329 0)
(-0.0687747 -0.0686384 0)
(-0.0476946 -0.0511637 0)
(-0.0304303 -0.0338285 0)
(-0.0171076 -0.017556 0)
(-0.0076247 -0.00324483 0)
(-0.00166056 0.00823716 0)
(0.00130576 0.0160383 0)
(0.00198601 0.0192848 0)
(0.0013031 0.0170393 0)
(0.00022303 0.0082342 0)
(-0.00045596 0.00583556 0)
(-0.0056508 0.0187169 0)
(-0.0148677 0.0315743 0)
(-0.0273222 0.0437338 0)
(-0.0422466 0.0550712 0)
(-0.0592555 0.0656933 0)
(-0.078138 0.0757508 0)
(-0.0987618 0.0853353 0)
(-0.121015 0.0944318 0)
(-0.14476 0.102913 0)
(-0.169806 0.110554 0)
(-0.195898 0.117066 0)
(-0.222722 0.122125 0)
(-0.249912 0.125401 0)
(-0.277066 0.126594 0)
(-0.303766 0.125446 0)
(-0.329588 0.121769 0)
(-0.354118 0.115447 0)
(-0.376963 0.106443 0)
(-0.397748 0.0948035 0)
(-0.416127 0.0806507 0)
(-0.431778 0.0641812 0)
(-0.444403 0.0456606 0)
(-0.453727 0.0254195 0)
(-0.459501 0.00385097 0)
(-0.461503 -0.0185915 0)
(-0.459542 -0.0413961 0)
(-0.453466 -0.0639961 0)
(-0.443175 -0.0857759 0)
(-0.428638 -0.106083 0)
(-0.409909 -0.124244 0)
(-0.387151 -0.139594 0)
(-0.360658 -0.151502 0)
(-0.330868 -0.159424 0)
(-0.298378 -0.162937 0)
(-0.263942 -0.161796 0)
(-0.228447 -0.155972 0)
(-0.192882 -0.14568 0)
(-0.158278 -0.131393 0)
(-0.125641 -0.113821 0)
(-0.0958818 -0.0938805 0)
(-0.069741 -0.0726338 0)
(-0.0477388 -0.0512253 0)
(-0.0301387 -0.0308199 0)
(-0.016935 -0.0125577 0)
(-0.00786183 0.00246611 0)
(-0.00241714 0.013195 0)
(0.000113248 0.0185752 0)
(0.000651954 0.0175091 0)
(0.000181519 0.00879122 0)
(-0.000578893 0.00900862 0)
(-0.00687631 0.026831 0)
(-0.0178336 0.0434645 0)
(-0.0324226 0.0585471 0)
(-0.0496744 0.0722485 0)
(-0.0691121 0.0849003 0)
(-0.0904788 0.0967932 0)
(-0.113616 0.108079 0)
(-0.138391 0.118741 0)
(-0.164644 0.12861 0)
(-0.19216 0.137406 0)
(-0.220664 0.144774 0)
(-0.24982 0.150339 0)
(-0.279252 0.153734 0)
(-0.308558 0.154633 0)
(-0.337325 0.152775 0)
(-0.365144 0.147977 0)
(-0.391621 0.140138 0)
(-0.416378 0.129243 0)
(-0.439061 0.11536 0)
(-0.459336 0.0986335 0)
(-0.476889 0.0792815 0)
(-0.491425 0.0575893 0)
(-0.502667 0.0339072 0)
(-0.510351 0.00864847 0)
(-0.514233 -0.0177104 0)
(-0.514088 -0.0446284 0)
(-0.509712 -0.071501 0)
(-0.500933 -0.0976601 0)
(-0.48763 -0.122382 0)
(-0.469748 -0.144902 0)
(-0.447331 -0.164434 0)
(-0.420547 -0.180206 0)
(-0.389724 -0.191508 0)
(-0.355372 -0.197743 0)
(-0.318201 -0.198497 0)
(-0.279113 -0.193593 0)
(-0.239176 -0.183149 0)
(-0.199568 -0.167603 0)
(-0.161496 -0.147711 0)
(-0.126108 -0.124516 0)
(-0.0943904 -0.0992814 0)
(-0.0670941 -0.0734049 0)
(-0.044673 -0.0483358 0)
(-0.0272608 -0.0255021 0)
(-0.0146759 -0.00626913 0)
(-0.00645115 0.00806582 0)
(-0.00187223 0.0162476 0)
(-1.14294e-05 0.0170117 0)
(0.000147194 0.00902299 0)
(-0.000698585 0.0128112 0)
(-0.00805804 0.0363837 0)
(-0.0206779 0.0572702 0)
(-0.0372896 0.0755386 0)
(-0.0567289 0.0917401 0)
(-0.0784307 0.106489 0)
(-0.102093 0.120247 0)
(-0.12753 0.13324 0)
(-0.154587 0.145451 0)
(-0.183084 0.156672 0)
(-0.212786 0.166562 0)
(-0.243398 0.174712 0)
(-0.274576 0.180698 0)
(-0.30594 0.184123 0)
(-0.337092 0.184648 0)
(-0.367632 0.182013 0)
(-0.397165 0.176044 0)
(-0.425315 0.166658 0)
(-0.451723 0.153858 0)
(-0.476051 0.137734 0)
(-0.497983 0.118448 0)
(-0.51722 0.0962372 0)
(-0.533484 0.0714019 0)
(-0.54651 0.0443068 0)
(-0.556046 0.015378 0)
(-0.561845 -0.0148963 0)
(-0.563675 -0.0459618 0)
(-0.561296 -0.0771968 0)
(-0.55448 -0.107904 0)
(-0.543019 -0.137313 0)
(-0.526744 -0.164586 0)
(-0.505553 -0.188834 0)
(-0.479456 -0.209145 0)
(-0.448612 -0.224629 0)
(-0.413381 -0.234485 0)
(-0.374358 -0.238074 0)
(-0.332391 -0.235008 0)
(-0.288574 -0.225229 0)
(-0.244198 -0.209069 0)
(-0.200671 -0.187271 0)
(-0.159406 -0.16097 0)
(-0.121693 -0.131626 0)
(-0.0885827 -0.100919 0)
(-0.0607929 -0.0706299 0)
(-0.0386597 -0.0425348 0)
(-0.0221322 -0.0183291 0)
(-0.0108042 0.000399647 0)
(-0.00396893 0.0121576 0)
(-0.000684491 0.0154933 0)
(0.000120423 0.00893115 0)
(-0.000809726 0.0172112 0)
(-0.00915167 0.0472898 0)
(-0.0233011 0.0728651 0)
(-0.0417617 0.0945497 0)
(-0.0631861 0.113361 0)
(-0.0869259 0.130251 0)
(-0.112635 0.145881 0)
(-0.140099 0.160561 0)
(-0.169142 0.174282 0)
(-0.199562 0.186795 0)
(-0.231109 0.197704 0)
(-0.263473 0.206547 0)
(-0.296305 0.212862 0)
(-0.329224 0.216228 0)
(-0.361839 0.216301 0)
(-0.393761 0.212823 0)
(-0.424609 0.205633 0)
(-0.45402 0.194666 0)
(-0.481653 0.179946 0)
(-0.507189 0.161583 0)
(-0.530336 0.139762 0)
(-0.550827 0.114738 0)
(-0.568418 0.0868301 0)
(-0.582884 0.0564168 0)
(-0.594006 0.023931 0)
(-0.601569 -0.0101378 0)
(-0.605356 -0.0452393 0)
(-0.605125 -0.080759 0)
(-0.600612 -0.116001 0)
(-0.591539 -0.150183 0)
(-0.577625 -0.18243 0)
(-0.558618 -0.211781 0)
(-0.534336 -0.237203 0)
(-0.504725 -0.257632 0)
(-0.469923 -0.272041 0)
(-0.430325 -0.279523 0)
(-0.386631 -0.279406 0)
(-0.339874 -0.271363 0)
(-0.291389 -0.255517 0)
(-0.24275 -0.232505 0)
(-0.19564 -0.203488 0)
(-0.151699 -0.170091 0)
(-0.112353 -0.134287 0)
(-0.0786758 -0.0982385 0)
(-0.0512927 -0.0641439 0)
(-0.0303529 -0.0341091 0)
(-0.0155557 -0.0100842 0)
(-0.00622005 0.00614078 0)
(-0.00138463 0.0128884 0)
(9.91842e-05 0.00851305 0)
(-0.000906723 0.0221526 0)
(-0.0101127 0.0594162 0)
(-0.0256058 0.0900651 0)
(-0.0456841 0.115362 0)
(-0.0688343 0.136868 0)
(-0.0943309 0.15592 0)
(-0.121784 0.173405 0)
(-0.15095 0.189731 0)
(-0.181629 0.204898 0)
(-0.213602 0.218622 0)
(-0.246599 0.230454 0)
(-0.280304 0.239887 0)
(-0.31436 0.246425 0)
(-0.348388 0.249632 0)
(-0.382 0.249158 0)
(-0.414813 0.244753 0)
(-0.446456 0.236271 0)
(-0.476579 0.223666 0)
(-0.504858 0.206989 0)
(-0.531001 0.186376 0)
(-0.554753 0.162041 0)
(-0.575892 0.134269 0)
(-0.594233 0.103403 0)
(-0.609612 0.0698349 0)
(-0.621877 0.0340039 0)
(-0.630868 -0.0036094 0)
(-0.636414 -0.0424757 0)
(-0.638303 -0.0820135 0)
(-0.636267 -0.121564 0)
(-0.629983 -0.160375 0)
(-0.619082 -0.197582 0)
(-0.603168 -0.232197 0)
(-0.58186 -0.263109 0)
(-0.554859 -0.28911 0)
(-0.522022 -0.308948 0)
(-0.483457 -0.321422 0)
(-0.439611 -0.325508 0)
(-0.391333 -0.320512 0)
(-0.339897 -0.306223 0)
(-0.286957 -0.283039 0)
(-0.234432 -0.25203 0)
(-0.184327 -0.214912 0)
(-0.138512 -0.173933 0)
(-0.0985181 -0.131676 0)
(-0.0653712 -0.0908412 0)
(-0.0395187 -0.0540496 0)
(-0.020835 -0.0237156 0)
(-0.00870127 -0.00200927 0)
(-0.00214387 0.00910148 0)
(7.97638e-05 0.00775257 0)
(-0.000984104 0.0275561 0)
(-0.0108988 0.0725836 0)
(-0.0275011 0.108633 0)
(-0.048914 0.137705 0)
(-0.0734813 0.161966 0)
(-0.100406 0.183178 0)
(-0.129255 0.202481 0)
(-0.159752 0.220388 0)
(-0.191674 0.236915 0)
(-0.224782 0.251745 0)
(-0.258793 0.264384 0)
(-0.293376 0.274283 0)
(-0.328172 0.280919 0)
(-0.362796 0.283839 0)
(-0.396863 0.282695 0)
(-0.42999 0.277246 0)
(-0.461813 0.267364 0)
(-0.491995 0.253031 0)
(-0.520235 0.234329 0)
(-0.546277 0.211436 0)
(-0.569916 0.184608 0)
(-0.590994 0.15417 0)
(-0.6094 0.120498 0)
(-0.625054 0.0840041 0)
(-0.63789 0.0451308 0)
(-0.64783 0.00434238 0)
(-0.654772 -0.0378689 0)
(-0.658567 -0.080976 0)
(-0.658973 -0.124393 0)
(-0.655662 -0.167442 0)
(-0.648211 -0.209322 0)
(-0.636111 -0.249081 0)
(-0.618805 -0.285589 0)
(-0.59574 -0.317548 0)
(-0.566464 -0.343518 0)
(-0.530729 -0.362006 0)
(-0.488619 -0.371597 0)
(-0.440669 -0.371137 0)
(-0.387942 -0.359945 0)
(-0.33204 -0.338012 0)
(-0.275023 -0.306148 0)
(-0.219228 -0.266028 0)
(-0.167008 -0.2201 0)
(-0.120443 -0.171374 0)
(-0.0810905 -0.123131 0)
(-0.049823 -0.0786283 0)
(-0.0267924 -0.0408794 0)
(-0.0115053 -0.0125547 0)
(-0.00300232 0.0039943 0)
(5.73705e-05 0.00661403 0)
(-0.00103695 0.03332 0)
(-0.011472 0.0865711 0)
(-0.0289064 0.128284 0)
(-0.051327 0.161259 0)
(-0.0769611 0.188313 0)
(-0.104947 0.211667 0)
(-0.134806 0.232729 0)
(-0.166228 0.25213 0)
(-0.198965 0.269908 0)
(-0.232757 0.285717 0)
(-0.267305 0.299023 0)
(-0.302267 0.309239 0)
(-0.337274 0.315817 0)
(-0.371938 0.318293 0)
(-0.405866 0.31632 0)
(-0.438677 0.30967 0)
(-0.470015 0.298242 0)
(-0.499559 0.282054 0)
(-0.527039 0.261236 0)
(-0.552245 0.23602 0)
(-0.575033 0.206721 0)
(-0.595323 0.173715 0)
(-0.613092 0.137423 0)
(-0.628354 0.0982826 0)
(-0.64114 0.0567396 0)
(-0.651468 0.0132364 0)
(-0.659328 -0.0317835 0)
(-0.664648 -0.0778656 0)
(-0.667249 -0.124525 0)
(-0.666836 -0.171196 0)
(-0.662979 -0.217195 0)
(-0.655107 -0.26167 0)
(-0.642531 -0.303551 0)
(-0.624484 -0.341524 0)
(-0.600206 -0.374036 0)
(-0.569063 -0.399344 0)
(-0.530698 -0.415645 0)
(-0.485201 -0.421265 0)
(-0.433259 -0.414924 0)
(-0.376242 -0.396022 0)
(-0.316194 -0.364895 0)
(-0.255684 -0.322967 0)
(-0.197524 -0.272742 0)
(-0.144412 -0.217602 0)
(-0.0985605 -0.161458 0)
(-0.0614238 -0.108331 0)
(-0.0335686 -0.0620056 0)
(-0.0147246 -0.0258131 0)
(-0.00400159 -0.00261788 0)
(2.68439e-05 0.00504013 0)
(-0.0010613 0.0393241 0)
(-0.0118015 0.101122 0)
(-0.0297561 0.148694 0)
(-0.052822 0.185667 0)
(-0.0791406 0.215534 0)
(-0.107791 0.240995 0)
(-0.138247 0.263738 0)
(-0.170165 0.284525 0)
(-0.203265 0.303421 0)
(-0.237267 0.32006 0)
(-0.271854 0.333868 0)
(-0.306674 0.344225 0)
(-0.341344 0.35056 0)
(-0.375469 0.352401 0)
(-0.408653 0.349405 0)
(-0.440516 0.341366 0)
(-0.470711 0.328217 0)
(-0.498943 0.310026 0)
(-0.524982 0.286988 0)
(-0.548674 0.259405 0)
(-0.569945 0.227664 0)
(-0.588799 0.192208 0)
(-0.605302 0.153508 0)
(-0.619566 0.112032 0)
(-0.63172 0.0682314 0)
(-0.64188 0.0225236 0)
(-0.650129 -0.0247038 0)
(-0.656485 -0.0730787 0)
(-0.660857 -0.122233 0)
(-0.663015 -0.171745 0)
(-0.662573 -0.221088 0)
(-0.65896 -0.26957 0)
(-0.651426 -0.316261 0)
(-0.639057 -0.359928 0)
(-0.620839 -0.399001 0)
(-0.59577 -0.431583 0)
(-0.563022 -0.455533 0)
(-0.522146 -0.468657 0)
(-0.473294 -0.468988 0)
(-0.417403 -0.455159 0)
(-0.356286 -0.426784 0)
(-0.292565 -0.384765 0)
(-0.229413 -0.331422 0)
(-0.170148 -0.270368 0)
(-0.117746 -0.206129 0)
(-0.0744006 -0.143607 0)
(-0.0412674 -0.0875451 0)
(-0.0184374 -0.0421461 0)
(-0.00517898 -0.0109631 0)
(-1.66059e-05 0.00295286 0)
(-0.00105449 0.0454333 0)
(-0.0118652 0.115953 0)
(-0.0300023 0.169509 0)
(-0.0533258 0.210545 0)
(-0.0799241 0.243229 0)
(-0.108824 0.270745 0)
(-0.13945 0.295077 0)
(-0.171418 0.317124 0)
(-0.204419 0.336986 0)
(-0.238149 0.354281 0)
(-0.272275 0.368403 0)
(-0.306431 0.378702 0)
(-0.340223 0.384584 0)
(-0.37325 0.385574 0)
(-0.405112 0.38134 0)
(-0.435438 0.371704 0)
(-0.463901 0.356648 0)
(-0.490237 0.336306 0)
(-0.514266 0.310952 0)
(-0.535897 0.280973 0)
(-0.555132 0.246841 0)
(-0.572054 0.209072 0)
(-0.586817 0.168192 0)
(-0.599618 0.124705 0)
(-0.610675 0.0790665 0)
(-0.620188 0.0316682 0)
(-0.628329 -0.0171582 0)
(-0.635204 -0.0671263 0)
(-0.640819 -0.117989 0)
(-0.645031 -0.169478 0)
(-0.647539 -0.221253 0)
(-0.647837 -0.272824 0)
(-0.645191 -0.32347 0)
(-0.638636 -0.372136 0)
(-0.626999 -0.417357 0)
(-0.608985 -0.457207 0)
(-0.583326 -0.489327 0)
(-0.549 -0.511064 0)
(-0.505512 -0.51975 0)
(-0.453172 -0.513122 0)
(-0.393317 -0.48983 0)
(-0.328373 -0.449934 0)
(-0.261684 -0.395238 0)
(-0.197109 -0.329328 0)
(-0.138425 -0.257236 0)
(-0.088722 -0.184805 0)
(-0.0499351 -0.117931 0)
(-0.0226962 -0.0619392 0)
(-0.00656334 -0.0213014 0)
(-7.69929e-05 0.000256788 0)
(-0.00101538 0.0515032 0)
(-0.011651 0.13076 0)
(-0.029618 0.190352 0)
(-0.0527963 0.235487 0)
(-0.0792573 0.270979 0)
(-0.107983 0.300492 0)
(-0.138346 0.326307 0)
(-0.169919 0.349471 0)
(-0.202363 0.370129 0)
(-0.23535 0.387891 0)
(-0.268529 0.402123 0)
(-0.301523 0.412146 0)
(-0.333931 0.417352 0)
(-0.365347 0.417265 0)
(-0.39538 0.411572 0)
(-0.423673 0.400136 0)
(-0.449927 0.383002 0)
(-0.473922 0.360384 0)
(-0.495536 0.332647 0)
(-0.514741 0.300276 0)
(-0.531613 0.263833 0)
(-0.54631 0.223912 0)
(-0.559056 0.181095 0)
(-0.57012 0.135917 0)
(-0.579785 0.0888386 0)
(-0.58832 0.0402283 0)
(-0.59596 -0.00963547 0)
(-0.60289 -0.060547 0)
(-0.609202 -0.112371 0)
(-0.614854 -0.16499 0)
(-0.619653 -0.218252 0)
(-0.623206 -0.271892 0)
(-0.624876 -0.325441 0)
(-0.623743 -0.378108 0)
(-0.618599 -0.428651 0)
(-0.607977 -0.475267 0)
(-0.590269 -0.515546 0)
(-0.563923 -0.546517 0)
(-0.527754 -0.564883 0)
(-0.481303 -0.567441 0)
(-0.425194 -0.551688 0)
(-0.361365 -0.516512 0)
(-0.293058 -0.462797 0)
(-0.224481 -0.39372 0)
(-0.160177 -0.314576 0)
(-0.104228 -0.232109 0)
(-0.0595473 -0.153532 0)
(-0.0275218 -0.0855732 0)
(-0.00817336 -0.0339103 0)
(-0.000157617 -0.00315639 0)
(-0.000944536 0.0573856 0)
(-0.0111581 0.145234 0)
(-0.0285981 0.21084 0)
(-0.051224 0.260081 0)
(-0.077129 0.298363 0)
(-0.105258 0.329805 0)
(-0.134932 0.35699 0)
(-0.165679 0.381119 0)
(-0.197125 0.402393 0)
(-0.22892 0.420422 0)
(-0.260701 0.434551 0)
(-0.29208 0.444078 0)
(-0.322657 0.448385 0)
(-0.352031 0.447003 0)
(-0.379825 0.439649 0)
(-0.405709 0.426239 0)
(-0.429423 0.406893 0)
(-0.450801 0.381918 0)
(-0.469776 0.351782 0)
(-0.486391 0.31707 0)
(-0.500782 0.278436 0)
(-0.513169 0.236548 0)
(-0.523833 0.192041 0)
(-0.533088 0.145478 0)
(-0.541259 0.097319 0)
(-0.548655 0.0479112 0)
(-0.55555 -0.00251329 0)
(-0.562184 -0.0538206 0)
(-0.568721 -0.105969 0)
(-0.575205 -0.158971 0)
(-0.581563 -0.212845 0)
(-0.587541 -0.267548 0)
(-0.592654 -0.322883 0)
(-0.596122 -0.378368 0)
(-0.596821 -0.433085 0)
(-0.593263 -0.485511 0)
(-0.58365 -0.53337 0)
(-0.566025 -0.573588 0)
(-0.53856 -0.602407 0)
(-0.499968 -0.61575 0)
(-0.449973 -0.609867 0)
(-0.38974 -0.582195 0)
(-0.322069 -0.53226 0)
(-0.251236 -0.462339 0)
(-0.182388 -0.377589 0)
(-0.120624 -0.285473 0)
(-0.0700035 -0.194603 0)
(-0.0329001 -0.113393 0)
(-0.0100168 -0.0490679 0)
(-0.00026138 -0.00740227 0)
(-0.000844149 0.0629355 0)
(-0.0103969 0.159066 0)
(-0.0269598 0.230589 0)
(-0.0486328 0.283917 0)
(-0.0735711 0.324963 0)
(-0.100693 0.358268 0)
(-0.129268 0.386706 0)
(-0.158779 0.411643 0)
(-0.188818 0.433349 0)
(-0.219014 0.451444 0)
(-0.248993 0.46526 0)
(-0.278369 0.47408 0)
(-0.306746 0.477283 0)
(-0.33374 0.474417 0)
(-0.359001 0.465239 0)
(-0.382235 0.44973 0)
(-0.403233 0.428098 0)
(-0.421882 0.400749 0)
(-0.438177 0.368258 0)
(-0.45222 0.33131 0)
(-0.464201 0.290648 0)
(-0.474384 0.247006 0)
(-0.483083 0.201061 0)
(-0.490637 0.153394 0)
(-0.497385 0.104463 0)
(-0.503649 0.0545948 0)
(-0.509714 0.00398118 0)
(-0.515852 -0.0473034 0)
(-0.522265 -0.0992866 0)
(-0.529072 -0.152083 0)
(-0.536302 -0.205849 0)
(-0.543847 -0.260733 0)
(-0.551401 -0.316793 0)
(-0.558385 -0.373874 0)
(-0.563863 -0.431444 0)
(-0.566475 -0.488378 0)
(-0.56441 -0.542734 0)
(-0.555488 -0.591575 0)
(-0.537379 -0.630937 0)
(-0.50801 -0.656061 0)
(-0.466119 -0.661992 0)
(-0.411853 -0.644536 0)
(-0.347227 -0.601456 0)
(-0.276212 -0.533568 0)
(-0.204295 -0.445333 0)
(-0.137496 -0.344569 0)
(-0.0811276 -0.241236 0)
(-0.0387813 -0.145674 0)
(-0.0120904 -0.0670357 0)
(-0.000390833 -0.0125981 0)
(-0.000717953 0.0680164 0)
(-0.00938856 0.17196 0)
(-0.024742 0.249229 0)
(-0.0450784 0.306597 0)
(-0.0686565 0.350377 0)
(-0.0943812 0.385479 0)
(-0.121476 0.415057 0)
(-0.149374 0.440649 0)
(-0.177636 0.462607 0)
(-0.205874 0.480576 0)
(-0.23371 0.493884 0)
(-0.260765 0.501811 0)
(-0.28666 0.503739 0)
(-0.31104 0.499246 0)
(-0.33359 0.488138 0)
(-0.354065 0.470473 0)
(-0.372308 0.44655 0)
(-0.388266 0.416882 0)
(-0.40199 0.382147 0)
(-0.413629 0.343128 0)
(-0.423416 0.300641 0)
(-0.43164 0.255477 0)
(-0.438629 0.208343 0)
(-0.444719 0.15983 0)
(-0.450246 0.110385 0)
(-0.455518 0.0603136 0)
(-0.46081 0.00977499 0)
(-0.466392 -0.0412003 0)
(-0.472485 -0.092689 0)
(-0.479254 -0.144873 0)
(-0.486806 -0.198007 0)
(-0.49516 -0.252383 0)
(-0.504188 -0.308275 0)
(-0.513536 -0.365831 0)
(-0.522526 -0.424916 0)
(-0.530039 -0.484882 0)
(-0.534426 -0.544278 0)
(-0.533492 -0.60055 0)
(-0.524618 -0.649836 0)
(-0.505096 -0.686997 0)
(-0.4727 -0.706062 0)
(-0.426419 -0.701186 0)
(-0.367174 -0.668056 0)
(-0.298231 -0.605466 0)
(-0.225039 -0.516499 0)
(-0.15433 -0.408763 0)
(-0.0926754 -0.293324 0)
(-0.0450809 -0.182591 0)
(-0.0143796 -0.0880406 0)
(-0.000547929 -0.0188577 0)
(-0.000570956 0.0725064 0)
(-0.00816391 0.183646 0)
(-0.0220037 0.266409 0)
(-0.0406461 0.327744 0)
(-0.0624963 0.374226 0)
(-0.0864628 0.411067 0)
(-0.111726 0.441681 0)
(-0.137675 0.467785 0)
(-0.163839 0.489829 0)
(-0.189816 0.507497 0)
(-0.215233 0.52013 0)
(-0.239726 0.527012 0)
(-0.262945 0.527544 0)
(-0.284572 0.521337 0)
(-0.304339 0.508262 0)
(-0.322056 0.488455 0)
(-0.337622 0.462314 0)
(-0.351039 0.430454 0)
(-0.362406 0.393652 0)
(-0.371911 0.352774 0)
(-0.379809 0.308701 0)
(-0.386401 0.262263 0)
(-0.392005 0.214185 0)
(-0.396944 0.165055 0)
(-0.401525 0.115307 0)
(-0.406027 0.06522 0)
(-0.410698 0.0149275 0)
(-0.415782 -0.0355694 0)
(-0.421499 -0.0863777 0)
(-0.428032 -0.137716 0)
(-0.435537 -0.189893 0)
(-0.444127 -0.243297 0)
(-0.453827 -0.298356 0)
(-0.464499 -0.355468 0)
(-0.475739 -0.414864 0)
(-0.486744 -0.47639 0)
(-0.496162 -0.539184 0)
(-0.501981 -0.601285 0)
(-0.501537 -0.659244 0)
(-0.491722 -0.707918 0)
(-0.469494 -0.740657 0)
(-0.432666 -0.750122 0)
(-0.380848 -0.729782 0)
(-0.316219 -0.675911 0)
(-0.243751 -0.589472 0)
(-0.170553 -0.477112 0)
(-0.104348 -0.350533 0)
(-0.0516833 -0.224194 0)
(-0.0168589 -0.112259 0)
(-0.000733838 -0.0262859 0)
(-0.000409113 0.076303 0)
(-0.00676193 0.193883 0)
(-0.0188209 0.281816 0)
(-0.0354475 0.347012 0)
(-0.0552351 0.396159 0)
(-0.0771159 0.434692 0)
(-0.100236 0.466254 0)
(-0.123944 0.492746 0)
(-0.14774 0.51473 0)
(-0.171212 0.531951 0)
(-0.193999 0.543775 0)
(-0.215762 0.549506 0)
(-0.236189 0.548573 0)
(-0.255008 0.540634 0)
(-0.272007 0.525623 0)
(-0.28705 0.503765 0)
(-0.300094 0.47555 0)
(-0.311188 0.441691 0)
(-0.320472 0.403052 0)
(-0.328158 0.360568 0)
(-0.334508 0.31517 0)
(-0.339816 0.267713 0)
(-0.344381 0.218926 0)
(-0.348494 0.169385 0)
(-0.352423 0.119502 0)
(-0.356409 0.0695326 0)
(-0.360658 0.0195866 0)
(-0.365379 -0.0303532 0)
(-0.370773 -0.0804076 0)
(-0.377016 -0.130807 0)
(-0.384286 -0.181879 0)
(-0.392756 -0.234057 0)
(-0.402561 -0.287861 0)
(-0.413741 -0.343867 0)
(-0.426151 -0.402606 0)
(-0.439317 -0.46438 0)
(-0.452261 -0.528944 0)
(-0.463316 -0.595064 0)
(-0.470003 -0.659978 0)
(-0.469094 -0.718935 0)
(-0.456974 -0.765053 0)
(-0.430402 -0.789838 0)
(-0.387588 -0.784606 0)
(-0.329315 -0.742765 0)
(-0.259627 -0.662436 0)
(-0.18558 -0.548404 0)
(-0.115812 -0.412294 0)
(-0.0584483 -0.270386 0)
(-0.0194928 -0.139802 0)
(-0.000948748 -0.034974 0)
(-0.000238935 0.0793272 0)
(-0.00522781 0.202472 0)
(-0.0152842 0.295173 0)
(-0.029616 0.36409 0)
(-0.0470457 0.415865 0)
(-0.0665521 0.456054 0)
(-0.0872602 0.488496 0)
(-0.108481 0.515274 0)
(-0.129689 0.537081 0)
(-0.15047 0.55374 0)
(-0.170478 0.564662 0)
(-0.189406 0.569186 0)
(-0.206989 0.566778 0)
(-0.223009 0.55715 0)
(-0.237311 0.540306 0)
(-0.249818 0.516553 0)
(-0.260536 0.486472 0)
(-0.269556 0.450859 0)
(-0.277045 0.410653 0)
(-0.283224 0.366843 0)
(-0.288353 0.320394 0)
(-0.292704 0.27217 0)
(-0.296545 0.222895 0)
(-0.300128 0.173124 0)
(-0.303677 0.123245 0)
(-0.307386 0.0734867 0)
(-0.311421 0.0239405 0)
(-0.315946 -0.0254224 0)
(-0.321132 -0.0747245 0)
(-0.327139 -0.12419 0)
(-0.33414 -0.174139 0)
(-0.342334 -0.225005 0)
(-0.351921 -0.277349 0)
(-0.363074 -0.331847 0)
(-0.375853 -0.389244 0)
(-0.390087 -0.450218 0)
(-0.405189 -0.515102 0)
(-0.419924 -0.583436 0)
(-0.432188 -0.653338 0)
(-0.438903 -0.720811 0)
(-0.436193 -0.779234 0)
(-0.419999 -0.819453 0)
(-0.38719 -0.830917 0)
(-0.336958 -0.804048 0)
(-0.272012 -0.733495 0)
(-0.198868 -0.62122 0)
(-0.126728 -0.477828 0)
(-0.0652205 -0.320922 0)
(-0.0222376 -0.170708 0)
(-0.00119173 -0.0449949 0)
(-6.71034e-05 0.0815256 0)
(-0.00361083 0.209258 0)
(-0.0114948 0.306253 0)
(-0.023303 0.378716 0)
(-0.0381237 0.433072 0)
(-0.0550088 0.474895 0)
(-0.0730775 0.508173 0)
(-0.091611 0.535162 0)
(-0.110062 0.556705 0)
(-0.128017 0.572723 0)
(-0.145148 0.582694 0)
(-0.161189 0.586003 0)
(-0.175926 0.582166 0)
(-0.189197 0.570952 0)
(-0.200908 0.552435 0)
(-0.211036 0.527001 0)
(-0.219631 0.495308 0)
(-0.226817 0.458226 0)
(-0.232775 0.416749 0)
(-0.237726 0.371906 0)
(-0.241911 0.324679 0)
(-0.245576 0.275933 0)
(-0.248951 0.226374 0)
(-0.252241 0.176534 0)
(-0.255628 0.126773 0)
(-0.259261 0.0772966 0)
(-0.263263 0.0281775 0)
(-0.267756 -0.0206189 0)
(-0.272879 -0.069209 0)
(-0.278766 -0.1178 0)
(-0.28557 -0.166685 0)
(-0.293489 -0.216274 0)
(-0.302754 -0.267116 0)
(-0.313611 -0.319925 0)
(-0.326268 -0.375572 0)
(-0.340798 -0.435006 0)
(-0.356967 -0.499047 0)
(-0.373993 -0.567973 0)
(-0.390262 -0.640873 0)
(-0.403074 -0.714779 0)
(-0.408604 -0.783804 0)
(-0.402301 -0.838728 0)
(-0.379887 -0.86763 0)
(-0.33892 -0.858072 0)
(-0.280447 -0.80081 0)
(-0.20996 -0.694025 0)
(-0.136778 -0.546174 0)
(-0.0718417 -0.375408 0)
(-0.0250444 -0.204934 0)
(-0.00146068 -0.0564006 0)
(9.99205e-05 0.082872 0)
(-0.0019622 0.214139 0)
(-0.00756084 0.314884 0)
(-0.0166722 0.390674 0)
(-0.0286817 0.447553 0)
(-0.042743 0.491 0)
(-0.0579878 0.525091 0)
(-0.0736775 0.552249 0)
(-0.0892473 0.573473 0)
(-0.104284 0.588808 0)
(-0.118483 0.597818 0)
(-0.131623 0.599949 0)
(-0.143541 0.594777 0)
(-0.154136 0.582129 0)
(-0.163371 0.562148 0)
(-0.171271 0.535287 0)
(-0.177928 0.502272 0)
(-0.183484 0.464027 0)
(-0.188127 0.421588 0)
(-0.192067 0.376007 0)
(-0.195521 0.32827 0)
(-0.198698 0.279231 0)
(-0.201788 0.229578 0)
(-0.204953 0.179813 0)
(-0.208331 0.13027 0)
(-0.212032 0.0811327 0)
(-0.216141 0.0324591 0)
(-0.22074 -0.0157884 0)
(-0.22594 -0.0637162 0)
(-0.231848 -0.111509 0)
(-0.238588 -0.159426 0)
(-0.24634 -0.207831 0)
(-0.255335 -0.257235 0)
(-0.26585 -0.308337 0)
(-0.278178 -0.362055 0)
(-0.292561 -0.419506 0)
(-0.309049 -0.481872 0)
(-0.327277 -0.550073 0)
(-0.346153 -0.624149 0)
(-0.363507 -0.702319 0)
(-0.375845 -0.77983 0)
(-0.378475 -0.848006 0)
(-0.366286 -0.894211 0)
(-0.335298 -0.903551 0)
(-0.284707 -0.862712 0)
(-0.218524 -0.765254 0)
(-0.145693 -0.616247 0)
(-0.0781657 -0.433328 0)
(-0.0278638 -0.242363 0)
(-0.00175249 -0.0692197 0)
(0.000256167 0.0833678 0)
(-0.000332989 0.217066 0)
(-0.00359372 0.320952 0)
(-0.00989539 0.399802 0)
(-0.0189444 0.459129 0)
(-0.030025 0.504195 0)
(-0.042303 0.539102 0)
(-0.055032 0.566413 0)
(-0.0676338 0.587298 0)
(-0.079697 0.601943 0)
(-0.0909431 0.610016 0)
(-0.101191 0.611046 0)
(-0.110334 0.604669 0)
(-0.118328 0.590778 0)
(-0.12519 0.569574 0)
(-0.130991 0.541568 0)
(-0.135852 0.507538 0)
(-0.139931 0.468447 0)
(-0.143412 0.425356 0)
(-0.146487 0.379325 0)
(-0.149344 0.331333 0)
(-0.152154 0.282218 0)
(-0.155065 0.232643 0)
(-0.158199 0.183086 0)
(-0.161655 0.133854 0)
(-0.165508 0.085111 0)
(-0.169815 0.0369056 0)
(-0.174624 -0.0108016 0)
(-0.180019 -0.0581052 0)
(-0.186085 -0.105167 0)
(-0.192916 -0.152208 0)
(-0.200666 -0.199542 0)
(-0.209544 -0.247622 0)
(-0.219826 -0.297097 0)
(-0.231837 -0.348872 0)
(-0.245918 -0.40414 0)
(-0.262317 -0.464319 0)
(-0.28101 -0.530828 0)
(-0.301394 -0.604561 0)
(-0.32189 -0.684953 0)
(-0.339542 -0.768653 0)
(-0.349854 -0.848088 0)
(-0.347253 -0.910654 0)
(-0.326468 -0.939638 0)
(-0.284785 -0.91779 0)
(-0.224374 -0.833407 0)
(-0.153277 -0.686894 0)
(-0.0840715 -0.494065 0)
(-0.030651 -0.282809 0)
(-0.00206337 -0.0834592 0)
(0.000396468 0.0830405 0)
(0.00122735 0.218044 0)
(0.000295107 0.324405 0)
(-0.00314805 0.405999 0)
(-0.00914353 0.467673 0)
(-0.0171335 0.514354 0)
(-0.0263423 0.550094 0)
(-0.0360294 0.577572 0)
(-0.0456089 0.598126 0)
(-0.0546722 0.612102 0)
(-0.0629637 0.619295 0)
(-0.0703431 0.619325 0)
(-0.0767558 0.611903 0)
(-0.0822134 0.596981 0)
(-0.0867823 0.574814 0)
(-0.0905735 0.545959 0)
(-0.0937321 0.511228 0)
(-0.096425 0.471608 0)
(-0.0988272 0.428166 0)
(-0.101109 0.381961 0)
(-0.103427 0.333956 0)
(-0.105915 0.284968 0)
(-0.108682 0.235634 0)
(-0.111814 0.186409 0)
(-0.115374 0.13758 0)
(-0.119412 0.0892937 0)
(-0.12396 0.041592 0)
(-0.12904 -0.00556363 0)
(-0.134717 -0.0522574 0)
(-0.14106 -0.098628 0)
(-0.148133 -0.144861 0)
(-0.156062 -0.19122 0)
(-0.165026 -0.238094 0)
(-0.175276 -0.286064 0)
(-0.187133 -0.335983 0)
(-0.200973 -0.389043 0)
(-0.217164 -0.446786 0)
(-0.235924 -0.510981 0)
(-0.257061 -0.583215 0)
(-0.279573 -0.664063 0)
(-0.301151 -0.751694 0)
(-0.317777 -0.840076 0)
(-0.323801 -0.91739 0)
(-0.313008 -0.965926 0)
(-0.280873 -0.964942 0)
(-0.227461 -0.89711 0)
(-0.159414 -0.756955 0)
(-0.0894758 -0.556944 0)
(-0.033371 -0.326037 0)
(-0.00238931 -0.0991068 0)
(0.000516632 0.0819423 0)
(0.00267382 0.217133 0)
(0.00399686 0.325258 0)
(0.00339377 0.409227 0)
(0.00048638 0.473109 0)
(-0.00435188 0.521391 0)
(-0.010428 0.557995 0)
(-0.0170241 0.585674 0)
(-0.023553 0.60593 0)
(-0.0296097 0.619283 0)
(-0.0349584 0.62567 0)
(-0.0394961 0.624822 0)
(-0.0432161 0.616527 0)
(-0.046181 0.600798 0)
(-0.0485032 0.577934 0)
(-0.0503286 0.548526 0)
(-0.0518227 0.513404 0)
(-0.0531567 0.473561 0)
(-0.0544951 0.430061 0)
(-0.0559858 0.383944 0)
(-0.0577539 0.336156 0)
(-0.0598986 0.287487 0)
(-0.0624945 0.238551 0)
(-0.0655944 0.189783 0)
(-0.0692351 0.141451 0)
(-0.0734428 0.0936951 0)
(-0.0782344 0.0465506 0)
(-0.0836124 -1.6887e-05 0)
(-0.0896262 -0.0460848 0)
(-0.0963351 -0.0917674 0)
(-0.103782 -0.137222 0)
(-0.112063 -0.182665 0)
(-0.121326 -0.228426 0)
(-0.131785 -0.275011 0)
(-0.143731 -0.3232 0)
(-0.157534 -0.374133 0)
(-0.17361 -0.429387 0)
(-0.192325 -0.490936 0)
(-0.213794 -0.560885 0)
(-0.237519 -0.640783 0)
(-0.261862 -0.7303 0)
(-0.283465 -0.825219 0)
(-0.296968 -0.915177 0)
(-0.295614 -0.982398 0)
(-0.273303 -1.00339 0)
(-0.227865 -0.955166 0)
(-0.164076 -0.825309 0)
(-0.0943403 -0.621261 0)
(-0.036004 -0.371781 0)
(-0.00272679 -0.116138 0)
(0.000613736 0.0801466 0)
(0.00396691 0.214446 0)
(0.00741039 0.32359 0)
(0.00955761 0.409505 0)
(0.00970914 0.475416 0)
(0.00803426 0.525269 0)
(0.00511613 0.562768 0)
(0.00163181 0.590694 0)
(-0.00183932 0.610703 0)
(-0.00489593 0.623495 0)
(-0.00731917 0.629167 0)
(-0.00903794 0.627569 0)
(-0.0100884 0.618579 0)
(-0.0105794 0.602265 0)
(-0.0106647 0.578966 0)
(-0.0105219 0.549292 0)
(-0.0103344 0.514076 0)
(-0.0102767 0.474305 0)
(-0.0105032 0.431024 0)
(-0.011141 0.385248 0)
(-0.0122875 0.337896 0)
(-0.0140113 0.289732 0)
(-0.0163569 0.24135 0)
(-0.0193503 0.193166 0)
(-0.0230057 0.145438 0)
(-0.0273325 0.0982994 0)
(-0.032336 0.0517856 0)
(-0.0380075 0.00586749 0)
(-0.0443836 -0.0395263 0)
(-0.0515177 -0.0844863 0)
(-0.0594402 -0.129147 0)
(-0.0682227 -0.17369 0)
(-0.0779827 -0.218388 0)
(-0.0888942 -0.263679 0)
(-0.101205 -0.310258 0)
(-0.115249 -0.359191 0)
(-0.131437 -0.412022 0)
(-0.150206 -0.470815 0)
(-0.171868 -0.538017 0)
(-0.19632 -0.615946 0)
(-0.222546 -0.705628 0)
(-0.247942 -0.804766 0)
(-0.267722 -0.904975 0)
(-0.275017 -0.989358 0)
(-0.262492 -1.03265 0)
(-0.225749 -1.00657 0)
(-0.167303 -0.890906 0)
(-0.0986739 -0.686323 0)
(-0.0385497 -0.419767 0)
(-0.00307343 -0.134522 0)
(0.000685783 0.077745 0)
(0.0050728 0.210143 0)
(0.0104436 0.31955 0)
(0.0151799 0.406928 0)
(0.0182926 0.474632 0)
(0.019738 0.525986 0)
(0.0199654 0.564401 0)
(0.0195887 0.592629 0)
(0.0191674 0.612453 0)
(0.0190963 0.624754 0)
(0.0195813 0.629803 0)
(0.0206673 0.627583 0)
(0.0222811 0.618065 0)
(0.024273 0.601378 0)
(0.026451 0.57789 0)
(0.0286083 0.548218 0)
(0.0305441 0.51319 0)
(0.0320796 0.473768 0)
(0.0330677 0.430967 0)
(0.0333979 0.385773 0)
(0.0329956 0.33907 0)
(0.031817 0.291599 0)
(0.0298422 0.24393 0)
(0.0270668 0.196469 0)
(0.0234939 0.149467 0)
(0.0191275 0.103056 0)
(0.0139695 0.0572744 0)
(0.00803391 0.0121004 0)
(0.00129705 -0.0325333 0)
(-0.00629229 -0.0766992 0)
(-0.014763 -0.120513 0)
(-0.024166 -0.164124 0)
(-0.0345914 -0.207763 0)
(-0.0461756 -0.251805 0)
(-0.059119 -0.296867 0)
(-0.0737032 -0.343927 0)
(-0.0903009 -0.39446 0)
(-0.109352 -0.450532 0)
(-0.131275 -0.514783 0)
(-0.156245 -0.590081 0)
(-0.183765 -0.67859 0)
(-0.211985 -0.779865 0)
(-0.236892 -0.887834 0)
(-0.251907 -0.987346 0)
(-0.248881 -1.05253 0)
(-0.221331 -1.0505 0)
(-0.169193 -0.952778 0)
(-0.10253 -0.751464 0)
(-0.0410301 -0.469741 0)
(-0.00342887 -0.154234 0)
(0.000731651 0.074844 0)
(0.00596309 0.20443 0)
(0.0130135 0.313347 0)
(0.0201069 0.401663 0)
(0.0260112 0.470857 0)
(0.0304738 0.523595 0)
(0.033792 0.562918 0)
(0.0364939 0.591491 0)
(0.039103 0.61119 0)
(0.0420009 0.623072 0)
(0.0453821 0.627585 0)
(0.0492706 0.62486 0)
(0.0535622 0.614967 0)
(0.0580715 0.598096 0)
(0.0625718 0.574641 0)
(0.0668284 0.545217 0)
(0.0706222 0.510631 0)
(0.073767 0.471814 0)
(0.0761187 0.429742 0)
(0.0775774 0.385359 0)
(0.0780845 0.339516 0)
(0.0776148 0.292924 0)
(0.0761668 0.246138 0)
(0.0737522 0.199551 0)
(0.0703875 0.153414 0)
(0.0660859 0.107861 0)
(0.0608547 0.0629368 0)
(0.0547059 0.0186285 0)
(0.0476252 -0.0251239 0)
(0.0395671 -0.0683818 0)
(0.0305013 -0.111244 0)
(0.0203909 -0.153839 0)
(0.0091676 -0.196364 0)
(-0.00327224 -0.239147 0)
(-0.0170845 -0.282738 0)
(-0.0324933 -0.328029 0)
(-0.0498102 -0.376401 0)
(-0.0694381 -0.429871 0)
(-0.0918236 -0.491147 0)
(-0.117309 -0.563454 0)
(-0.145794 -0.649832 0)
(-0.176114 -0.751493 0)
(-0.205126 -0.8648 0)
(-0.226879 -0.977058 0)
(-0.23288 -1.06302 0)
(-0.214829 -1.0863 0)
(-0.169863 -1.01004 0)
(-0.105997 -0.816053 0)
(-0.0434919 -0.521482 0)
(-0.00379565 -0.175268 0)
(0.00075096 0.071562 0)
(0.00661443 0.197551 0)
(0.0150459 0.305258 0)
(0.0241946 0.393943 0)
(0.0326474 0.464264 0)
(0.0399601 0.518201 0)
(0.0462681 0.558379 0)
(0.0519923 0.587314 0)
(0.0576014 0.606936 0)
(0.0634528 0.618461 0)
(0.0697269 0.622516 0)
(0.07643 0.619386 0)
(0.0834325 0.609251 0)
(0.0905178 0.59236 0)
(0.0974278 0.569132 0)
(0.1039 0.540174 0)
(0.109696 0.506264 0)
(0.114617 0.468289 0)
(0.118517 0.427178 0)
(0.121299 0.38383 0)
(0.122913 0.339055 0)
(0.123345 0.293538 0)
(0.122606 0.247813 0)
(0.120719 0.202268 0)
(0.117709 0.157152 0)
(0.113595 0.112607 0)
(0.10839 0.0686864 0)
(0.1021 0.0253876 0)
(0.0947206 -0.0173376 0)
(0.0862092 -0.0595406 0)
(0.0765306 -0.10131 0)
(0.0656575 -0.14276 0)
(0.0535372 -0.184067 0)
(0.0400932 -0.225526 0)
(0.0252145 -0.267633 0)
(0.00873591 -0.311205 0)
(-0.00958573 -0.357529 0)
(-0.0300927 -0.408545 0)
(-0.0532055 -0.466939 0)
(-0.0793414 -0.536123 0)
(-0.108671 -0.619755 0)
(-0.140601 -0.720422 0)
(-0.172867 -0.836843 0)
(-0.200393 -0.959271 0)
(-0.214822 -1.06431 0)
(-0.20642 -1.11345 0)
(-0.169426 -1.06185 0)
(-0.109187 -0.879494 0)
(-0.0460077 -0.57482 0)
(-0.0041802 -0.197645 0)
(0.000743759 0.0680268 0)
(0.00700696 0.189787 0)
(0.0164734 0.295614 0)
(0.0273071 0.38408 0)
(0.03799 0.455092 0)
(0.0479179 0.509968 0)
(0.0570644 0.550881 0)
(0.0657257 0.580151 0)
(0.0742935 0.599718 0)
(0.0830855 0.610931 0)
(0.0922608 0.614589 0)
(0.101807 0.611134 0)
(0.111573 0.600863 0)
(0.121314 0.584089 0)
(0.130744 0.561252 0)
(0.139573 0.53295 0)
(0.147539 0.499922 0)
(0.154429 0.463006 0)
(0.160086 0.423077 0)
(0.16441 0.380981 0)
(0.167352 0.337488 0)
(0.168901 0.293248 0)
(0.169074 0.24878 0)
(0.167899 0.204462 0)
(0.165407 0.160549 0)
(0.161622 0.117189 0)
(0.156557 0.0744468 0)
(0.150217 0.032332 0)
(0.142601 -0.0091917 0)
(0.133671 -0.0501699 0)
(0.123387 -0.09068 0)
(0.111729 -0.13083 0)
(0.0986559 -0.170782 0)
(0.0841156 -0.210808 0)
(0.0680328 -0.251366 0)
(0.0502936 -0.293215 0)
(0.0307229 -0.337569 0)
(0.00906033 -0.386266 0)
(-0.0150524 -0.441918 0)
(-0.0420422 -0.508005 0)
(-0.072242 -0.588561 0)
(-0.105495 -0.68722 0)
(-0.140345 -0.804818 0)
(-0.172748 -0.93479 0)
(-0.194925 -1.05668 0)
(-0.196201 -1.13154 0)
(-0.167945 -1.1074 0)
(-0.112212 -0.941191 0)
(-0.0486761 -0.629645 0)
(-0.0045944 -0.221432 0)
(0.00071003 0.0643745 0)
(0.00712144 0.18145 0)
(0.0172307 0.284806 0)
(0.0293118 0.372453 0)
(0.0418303 0.443656 0)
(0.0540682 0.499119 0)
(0.0658485 0.540564 0)
(0.0773295 0.570076 0)
(0.0888036 0.589564 0)
(0.100528 0.600478 0)
(0.112626 0.603776 0)
(0.125062 0.600055 0)
(0.137662 0.589727 0)
(0.150158 0.573177 0)
(0.162236 0.550868 0)
(0.173578 0.52338 0)
(0.183899 0.491416 0)
(0.192964 0.455756 0)
(0.200602 0.417216 0)
(0.206701 0.376585 0)
(0.211204 0.334586 0)
(0.214099 0.291837 0)
(0.215401 0.248835 0)
(0.215138 0.205952 0)
(0.213343 0.163445 0)
(0.210042 0.121471 0)
(0.20525 0.0801077 0)
(0.198967 0.0393767 0)
(0.191198 -0.000744447 0)
(0.181908 -0.0403 0)
(0.171055 -0.0793558 0)
(0.158621 -0.118017 0)
(0.144579 -0.156444 0)
(0.128896 -0.194895 0)
(0.111528 -0.233806 0)
(0.092411 -0.273892 0)
(0.0714321 -0.316298 0)
(0.0484051 -0.362772 0)
(0.0230483 -0.415848 0)
(-0.00501595 -0.478946 0)
(-0.0361927 -0.5563 0)
(-0.0706359 -0.652269 0)
(-0.10758 -0.769439 0)
(-0.144063 -0.904402 0)
(-0.173267 -1.04051 0)
(-0.184149 -1.14019 0)
(-0.1654 -1.14584 0)
(-0.115165 -1.00051 0)
(-0.0516231 -0.685894 0)
(-0.00505767 -0.246754 0)
(0.000648903 0.0607497 0)
(0.00693419 0.172888 0)
(0.0172459 0.273283 0)
(0.0300692 0.359516 0)
(0.0439535 0.430341 0)
(0.0581263 0.48594 0)
(0.0722812 0.527609 0)
(0.0864317 0.557183 0)
(0.100748 0.576505 0)
(0.1154 0.58709 0)
(0.130458 0.590034 0)
(0.145851 0.586078 0)
(0.161377 0.575749 0)
(0.176743 0.559503 0)
(0.191608 0.537827 0)
(0.20563 0.511288 0)
(0.218497 0.480544 0)
(0.229949 0.446318 0)
(0.239795 0.40936 0)
(0.247905 0.370401 0)
(0.254209 0.330112 0)
(0.258685 0.289075 0)
(0.26134 0.247763 0)
(0.262198 0.20654 0)
(0.261292 0.165664 0)
(0.258645 0.1253 0)
(0.254272 0.0855391 0)
(0.248176 0.0464148 0)
(0.240358 0.00791851 0)
(0.230791 -0.0299933 0)
(0.219437 -0.0673774 0)
(0.206277 -0.10434 0)
(0.191297 -0.141044 0)
(0.174481 -0.177748 0)
(0.155814 -0.214878 0)
(0.135273 -0.253122 0)
(0.112807 -0.293573 0)
(0.0883022 -0.337892 0)
(0.0615495 -0.38851 0)
(0.0322287 -0.448774 0)
(-6.49628e-05 -0.52294 0)
(-0.035672 -0.615797 0)
(-0.0743785 -0.731274 0)
(-0.114264 -0.86885 0)
(-0.149759 -1.01624 0)
(-0.170085 -1.13909 0)
(-0.161636 -1.17625 0)
(-0.118086 -1.05671 0)
(-0.0550027 -0.743532 0)
(-0.00560085 -0.273814 0)
(0.000557354 0.0573104 0)
(0.00640878 0.164487 0)
(0.0164267 0.261553 0)
(0.0294171 0.345792 0)
(0.0441252 0.415608 0)
(0.0597921 0.47078 0)
(0.076012 0.512242 0)
(0.0926512 0.541591 0)
(0.109735 0.560576 0)
(0.127319 0.570746 0)
(0.145391 0.573303 0)
(0.163827 0.569115 0)
(0.18239 0.558817 0)
(0.200756 0.542933 0)
(0.21856 0.521974 0)
(0.235432 0.496493 0)
(0.251033 0.467105 0)
(0.265079 0.434473 0)
(0.277353 0.39928 0)
(0.287705 0.362193 0)
(0.296044 0.323829 0)
(0.302333 0.28473 0)
(0.306566 0.245344 0)
(0.30876 0.206022 0)
(0.30894 0.16702 0)
(0.307129 0.12851 0)
(0.303341 0.0905939 0)
(0.297579 0.0533185 0)
(0.289843 0.016686 0)
(0.280116 -0.019343 0)
(0.268368 -0.0548227 0)
(0.254579 -0.0898627 0)
(0.238747 -0.124633 0)
(0.220875 -0.1594 0)
(0.200975 -0.194593 0)
(0.179059 -0.230887 0)
(0.155127 -0.269337 0)
(0.129131 -0.311532 0)
(0.100934 -0.359793 0)
(0.0702735 -0.417346 0)
(0.0367583 -0.488402 0)
(-4.59241e-05 -0.577927 0)
(-0.0403168 -0.690754 0)
(-0.0830606 -0.828808 0)
(-0.124127 -0.984356 0)
(-0.153643 -1.12795 0)
(-0.156321 -1.19758 0)
(-0.120916 -1.10885 0)
(-0.0589962 -0.802514 0)
(-0.00627268 -0.302914 0)
(0.000427907 0.0542372 0)
(0.00548222 0.156685 0)
(0.0146365 0.250193 0)
(0.027144 0.331879 0)
(0.0420675 0.399982 0)
(0.0587342 0.454041 0)
(0.0766709 0.494728 0)
(0.0955966 0.523434 0)
(0.11537 0.541811 0)
(0.135898 0.551409 0)
(0.157057 0.553502 0)
(0.178646 0.549057 0)
(0.200377 0.538802 0)
(0.221889 0.523321 0)
(0.242787 0.503146 0)
(0.262677 0.478817 0)
(0.281195 0.450905 0)
(0.29803 0.420012 0)
(0.312938 0.386754 0)
(0.325745 0.351733 0)
(0.336339 0.315509 0)
(0.34466 0.278578 0)
(0.350688 0.24136 0)
(0.354429 0.204189 0)
(0.355898 0.167316 0)
(0.355115 0.130919 0)
(0.352094 0.0951062 0)
(0.346838 0.0599353 0)
(0.339348 0.0254176 0)
(0.329618 -0.00848035 0)
(0.31763 -0.0418177 0)
(0.303368 -0.0747064 0)
(0.286845 -0.107328 0)
(0.268081 -0.139966 0)
(0.247111 -0.173056 0)
(0.22398 -0.207277 0)
(0.198726 -0.243654 0)
(0.171354 -0.283717 0)
(0.141786 -0.329677 0)
(0.109815 -0.384619 0)
(0.0750653 -0.452625 0)
(0.0370351 -0.538702 0)
(-0.00470766 -0.648181 0)
(-0.0499124 -0.78486 0)
(-0.0958809 -0.945355 0)
(-0.134242 -1.1065 0)
(-0.148883 -1.20858 0)
(-0.123443 -1.1557 0)
(-0.0638048 -0.862705 0)
(-0.00715058 -0.334487 0)
(0.000244458 0.051754 0)
(0.00404187 0.150004 0)
(0.0116588 0.239862 0)
(0.0229495 0.318442 0)
(0.0374258 0.384042 0)
(0.0545671 0.436163 0)
(0.0738576 0.47535 0)
(0.0948651 0.502857 0)
(0.117257 0.52024 0)
(0.140759 0.529028 0)
(0.165101 0.530528 0)
(0.189976 0.525773 0)
(0.215024 0.515557 0)
(0.23984 0.500511 0)
(0.263994 0.48118 0)
(0.287066 0.458088 0)
(0.308668 0.431762 0)
(0.328465 0.402744 0)
(0.34619 0.371584 0)
(0.361642 0.338815 0)
(0.374686 0.304938 0)
(0.385241 0.270405 0)
(0.393268 0.235599 0)
(0.398759 0.200834 0)
(0.40172 0.166354 0)
(0.402166 0.132334 0)
(0.40011 0.0988884 0)
(0.395561 0.066082 0)
(0.388523 0.0339322 0)
(0.379002 0.00241141 0)
(0.366993 -0.0285502 0)
(0.352496 -0.059068 0)
(0.335536 -0.0893383 0)
(0.316154 -0.119661 0)
(0.294404 -0.150491 0)
(0.270354 -0.182509 0)
(0.244073 -0.216724 0)
(0.215594 -0.254613 0)
(0.18488 -0.29828 0)
(0.151758 -0.350651 0)
(0.115867 -0.415632 0)
(0.0766445 -0.498133 0)
(0.03346 -0.603741 0)
(-0.0139677 -0.737475 0)
(-0.0642706 -0.899754 0)
(-0.111042 -1.07453 0)
(-0.138448 -1.20785 0)
(-0.125217 -1.19556 0)
(-0.0696286 -0.923756 0)
(-0.00835682 -0.369121 0)
(-2.53672e-05 0.0501644 0)
(0.00188763 0.145093 0)
(0.00714258 0.231332 0)
(0.0163884 0.306214 0)
(0.0297234 0.368399 0)
(0.0468218 0.417595 0)
(0.0671286 0.454391 0)
(0.0900435 0.479989 0)
(0.115013 0.495874 0)
(0.141548 0.503528 0)
(0.169194 0.504255 0)
(0.197511 0.499111 0)
(0.226045 0.488922 0)
(0.25433 0.474341 0)
(0.281901 0.455916 0)
(0.30831 0.434146 0)
(0.333146 0.409515 0)
(0.356057 0.382505 0)
(0.376751 0.353596 0)
(0.395008 0.323259 0)
(0.410669 0.291933 0)
(0.423633 0.260019 0)
(0.433845 0.227864 0)
(0.44128 0.195758 0)
(0.445937 0.163928 0)
(0.447827 0.132545 0)
(0.446965 0.101726 0)
(0.443366 0.071535 0)
(0.437043 0.0419941 0)
(0.428016 0.0130776 0)
(0.416301 -0.015294 0)
(0.401917 -0.0432452 0)
(0.384902 -0.0709866 0)
(0.365317 -0.0988366 0)
(0.343233 -0.127265 0)
(0.318731 -0.15696 0)
(0.291889 -0.188914 0)
(0.262751 -0.224551 0)
(0.231288 -0.265871 0)
(0.197332 -0.315634 0)
(0.160511 -0.377528 0)
(0.120209 -0.456273 0)
(0.0756105 -0.557497 0)
(0.0260321 -0.686979 0)
(-0.0282135 -0.848032 0)
(-0.0829061 -1.0319 0)
(-0.123765 -1.19374 0)
(-0.125429 -1.22612 0)
(-0.0766141 -0.984907 0)
(-0.0100827 -0.407569 0)
(-0.000444061 0.0499177 0)
(-0.00132832 0.142805 0)
(0.000523958 0.225517 0)
(0.00679926 0.295988 0)
(0.0183102 0.353652 0)
(0.034918 0.398742 0)
(0.0559899 0.432081 0)
(0.080717 0.454915 0)
(0.108288 0.468684 0)
(0.137959 0.474804 0)
(0.169065 0.474533 0)
(0.201001 0.4689 0)
(0.233201 0.458724 0)
(0.265128 0.444647 0)
(0.296272 0.4272 0)
(0.326159 0.406848 0)
(0.354361 0.384025 0)
(0.380509 0.359155 0)
(0.404298 0.332651 0)
(0.425489 0.304918 0)
(0.443908 0.276335 0)
(0.459437 0.247251 0)
(0.472005 0.217973 0)
(0.481579 0.18876 0)
(0.488152 0.159822 0)
(0.491732 0.131318 0)
(0.492341 0.10336 0)
(0.490005 0.0760096 0)
(0.484752 0.0492874 0)
(0.476617 0.0231653 0)
(0.465643 -0.00244128 0)
(0.451869 -0.0276726 0)
(0.435349 -0.0527504 0)
(0.416156 -0.0780077 0)
(0.394372 -0.103925 0)
(0.370078 -0.131191 0)
(0.34334 -0.160777 0)
(0.314183 -0.194048 0)
(0.282551 -0.232896 0)
(0.248241 -0.279905 0)
(0.210838 -0.338523 0)
(0.169645 -0.41321 0)
(0.123683 -0.509467 0)
(0.0718934 -0.633501 0)
(0.0138295 -0.790581 0)
(-0.0483361 -0.978551 0)
(-0.103113 -1.16449 0)
(-0.122738 -1.24435 0)
(-0.0847339 -1.04475 0)
(-0.0126263 -0.450758 0)
(-0.00113007 0.0517265 0)
(-0.00619534 0.144315 0)
(-0.00907133 0.223513 0)
(-0.00676602 0.28858 0)
(0.00232766 0.340332 0)
(0.0181613 0.379896 0)
(0.0399189 0.408535 0)
(0.0665081 0.427624 0)
(0.0968094 0.438572 0)
(0.129793 0.442704 0)
(0.164556 0.441181 0)
(0.200311 0.434955 0)
(0.236366 0.424784 0)
(0.272106 0.411266 0)
(0.306973 0.394888 0)
(0.340468 0.376065 0)
(0.372151 0.355177 0)
(0.401643 0.332583 0)
(0.428633 0.308634 0)
(0.452875 0.283668 0)
(0.474186 0.258004 0)
(0.492437 0.23194 0)
(0.507553 0.205737 0)
(0.519494 0.179624 0)
(0.528253 0.153784 0)
(0.533845 0.128361 0)
(0.5363 0.103455 0)
(0.53566 0.0791211 0)
(0.531972 0.0553739 0)
(0.525293 0.0321799 0)
(0.515685 0.00945156 0)
(0.503216 -0.0129657 0)
(0.487945 -0.0353002 0)
(0.469951 -0.0578919 0)
(0.449313 -0.0812227 0)
(0.426091 -0.105967 0)
(0.400318 -0.133064 0)
(0.371968 -0.163809 0)
(0.340918 -0.199973 0)
(0.306887 -0.243953 0)
(0.269368 -0.298937 0)
(0.227549 -0.369076 0)
(0.180275 -0.459621 0)
(0.126149 -0.57691 0)
(0.0640425 -0.727601 0)
(-0.00536444 -0.914511 0)
(-0.0742369 -1.1183 0)
(-0.115053 -1.24634 0)
(-0.0935459 -1.10092 0)
(-0.0164603 -0.499943 0)
(-0.00230213 0.0567629 0)
(-0.0136724 0.151266 0)
(-0.0229295 0.226607 0)
(-0.0255657 0.284755 0)
(-0.0192443 0.328786 0)
(-0.00416411 0.361135 0)
(0.0184898 0.38367 0)
(0.0472207 0.397951 0)
(0.0805453 0.405334 0)
(0.117123 0.407011 0)
(0.155799 0.403985 0)
(0.195603 0.397073 0)
(0.235718 0.386921 0)
(0.275446 0.374041 0)
(0.314188 0.358843 0)
(0.351425 0.341679 0)
(0.386711 0.322862 0)
(0.419671 0.302685 0)
(0.449994 0.281433 0)
(0.477439 0.25938 0)
(0.501823 0.236786 0)
(0.523021 0.213894 0)
(0.540958 0.190923 0)
(0.5556 0.168063 0)
(0.566945 0.14547 0)
(0.575019 0.123266 0)
(0.579867 0.101535 0)
(0.581547 0.0803218 0)
(0.580128 0.0596326 0)
(0.575685 0.0394275 0)
(0.568295 0.0196157 0)
(0.558043 4.17266e-05 0)
(0.544996 -0.0195265 0)
(0.529215 -0.0394226 0)
(0.510758 -0.060115 0)
(0.489646 -0.082249 0)
(0.465851 -0.10671 0)
(0.439267 -0.134703 0)
(0.409667 -0.167864 0)
(0.376647 -0.208384 0)
(0.339556 -0.259174 0)
(0.297419 -0.324038 0)
(0.248875 -0.407884 0)
(0.192199 -0.516943 0)
(0.12562 -0.658739 0)
(0.048647 -0.839825 0)
(-0.0342997 -1.05339 0)
(-0.0993213 -1.22719 0)
(-0.101818 -1.14941 0)
(-0.0223364 -0.556664 0)
(-0.0043579 0.0669759 0)
(-0.0252364 0.165931 0)
(-0.0427517 0.236206 0)
(-0.0509895 0.28505 0)
(-0.0472611 0.318996 0)
(-0.032376 0.342162 0)
(-0.00816395 0.357094 0)
(0.0233438 0.365495 0)
(0.0602317 0.368608 0)
(0.100848 0.367407 0)
(0.143803 0.362675 0)
(0.187957 0.355024 0)
(0.232385 0.344938 0)
(0.276325 0.332798 0)
(0.319147 0.318913 0)
(0.360326 0.303547 0)
(0.39942 0.286937 0)
(0.436065 0.269306 0)
(0.469969 0.250871 0)
(0.500902 0.231842 0)
(0.528697 0.212422 0)
(0.55324 0.192801 0)
(0.574466 0.173152 0)
(0.592352 0.153626 0)
(0.606908 0.134349 0)
(0.618173 0.115419 0)
(0.626204 0.096902 0)
(0.631075 0.078831 0)
(0.632867 0.0612033 0)
(0.631665 0.0439753 0)
(0.627554 0.0270566 0)
(0.620611 0.0102993 0)
(0.610913 -0.00651838 0)
(0.598478 -0.0237085 0)
(0.583323 -0.0417098 0)
(0.565413 -0.0611187 0)
(0.544638 -0.0827441 0)
(0.520786 -0.107679 0)
(0.493497 -0.137394 0)
(0.462208 -0.173855 0)
(0.426081 -0.219668 0)
(0.383926 -0.27826 0)
(0.334123 -0.354127 0)
(0.274605 -0.453203 0)
(0.203011 -0.583395 0)
(0.117628 -0.75414 0)
(0.0203589 -0.968362 0)
(-0.071169 -1.18086 0)
(-0.106871 -1.1832 0)
(-0.0312074 -0.621139 0)
(-0.00798169 0.0855294 0)
(-0.0429408 0.191246 0)
(-0.0702761 0.253501 0)
(-0.083722 0.289367 0)
(-0.0812529 0.310233 0)
(-0.0650132 0.322056 0)
(-0.0378011 0.327915 0)
(-0.0023049 0.329492 0)
(0.0391192 0.327772 0)
(0.0845303 0.323401 0)
(0.132361 0.316855 0)
(0.181353 0.30848 0)
(0.230512 0.298547 0)
(0.279049 0.287273 0)
(0.326326 0.274837 0)
(0.371828 0.2614 0)
(0.415135 0.247113 0)
(0.455907 0.232124 0)
(0.493876 0.216582 0)
(0.528838 0.200635 0)
(0.560644 0.184428 0)
(0.5892 0.168102 0)
(0.614454 0.151785 0)
(0.636394 0.135592 0)
(0.65504 0.119618 0)
(0.670437 0.103936 0)
(0.682649 0.088597 0)
(0.691751 0.0736226 0)
(0.697826 0.0590051 0)
(0.700955 0.0447017 0)
(0.701214 0.0306286 0)
(0.698662 0.0166519 0)
(0.693344 0.0025762 0)
(0.685266 -0.0118774 0)
(0.674372 -0.0270967 0)
(0.66056 -0.0436096 0)
(0.643629 -0.0621258 0)
(0.62325 -0.0835983 0)
(0.598919 -0.109304 0)
(0.569894 -0.140948 0)
(0.535121 -0.180799 0)
(0.49315 -0.231867 0)
(0.442055 -0.298173 0)
(0.379382 -0.385216 0)
(0.302193 -0.500856 0)
(0.207598 -0.656356 0)
(0.0949813 -0.86285 0)
(-0.0239714 -1.10097 0)
(-0.103062 -1.19179 0)
(-0.0434066 -0.690341 0)
(-0.0141408 0.117365 0)
(-0.0689551 0.230351 0)
(-0.105635 0.278405 0)
(-0.120979 0.295935 0)
(-0.11586 0.300261 0)
(-0.0947189 0.298683 0)
(-0.06156 0.294312 0)
(-0.0197449 0.288471 0)
(0.0280163 0.281672 0)
(0.079599 0.274095 0)
(0.133379 0.265806 0)
(0.188074 0.256835 0)
(0.242702 0.247207 0)
(0.296498 0.236948 0)
(0.348859 0.226097 0)
(0.399307 0.2147 0)
(0.447461 0.202818 0)
(0.493017 0.190524 0)
(0.535739 0.177898 0)
(0.575451 0.165031 0)
(0.612025 0.152017 0)
(0.64538 0.13895 0)
(0.675476 0.125918 0)
(0.702303 0.113002 0)
(0.725883 0.10027 0)
(0.746257 0.0877766 0)
(0.763481 0.0755572 0)
(0.777622 0.0636267 0)
(0.788748 0.0519761 0)
(0.796927 0.0405683 0)
(0.802212 0.0293324 0)
(0.804639 0.0181559 0)
(0.804218 0.00687517 0)
(0.800922 -0.00474156 0)
(0.794651 -0.0170157 0)
(0.785232 -0.0303865 0)
(0.772382 -0.0454423 0)
(0.755667 -0.0629689 0)
(0.734447 -0.084017 0)
(0.707809 -0.109991 0)
(0.674485 -0.142772 0)
(0.632748 -0.184892 0)
(0.580321 -0.239821 0)
(0.5143 -0.312488 0)
(0.431122 -0.410379 0)
(0.326788 -0.545606 0)
(0.198005 -0.735681 0)
(0.051929 -0.983576 0)
(-0.0796964 -1.16326 0)
(-0.0574813 -0.764192 0)
(-0.0237907 0.170755 0)
(-0.103184 0.284732 0)
(-0.141715 0.306327 0)
(-0.148205 0.298541 0)
(-0.13086 0.283272 0)
(-0.0972418 0.267168 0)
(-0.0523444 0.252411 0)
(0.000111089 0.239462 0)
(0.0573379 0.228063 0)
(0.117338 0.217768 0)
(0.178655 0.208179 0)
(0.240184 0.198992 0)
(0.30109 0.189983 0)
(0.360735 0.180992 0)
(0.418619 0.171918 0)
(0.474349 0.1627 0)
(0.527611 0.153316 0)
(0.578157 0.143768 0)
(0.625794 0.13408 0)
(0.670373 0.124291 0)
(0.71179 0.11445 0)
(0.749974 0.104612 0)
(0.784889 0.0948328 0)
(0.816526 0.0851643 0)
(0.844899 0.0756529 0)
(0.870039 0.0663356 0)
(0.891993 0.0572373 0)
(0.910813 0.0483679 0)
(0.926556 0.0397198 0)
(0.939271 0.0312642 0)
(0.948998 0.0229462 0)
(0.955756 0.0146788 0)
(0.959532 0.0063347 0)
(0.960272 -0.002265 0)
(0.957856 -0.0113658 0)
(0.952066 -0.0213013 0)
(0.942564 -0.032518 0)
(0.928845 -0.0456113 0)
(0.910174 -0.0613747 0)
(0.885515 -0.0808699 0)
(0.853429 -0.105529 0)
(0.811952 -0.137318 0)
(0.758459 -0.17902 0)
(0.689523 -0.23479 0)
(0.600788 -0.311358 0)
(0.486964 -0.420718 0)
(0.342222 -0.584377 0)
(0.168829 -0.82621 0)
(-0.0219649 -1.08245 0)
(-0.0701775 -0.852499 0)
(-0.038082 0.260326 0)
(-0.133761 0.346886 0)
(-0.145076 0.319212 0)
(-0.115094 0.280824 0)
(-0.0657765 0.246763 0)
(-0.00613666 0.218112 0)
(0.0596337 0.195303 0)
(0.12855 0.177534 0)
(0.198645 0.16348 0)
(0.268715 0.152019 0)
(0.337978 0.142346 0)
(0.405864 0.133886 0)
(0.471941 0.126219 0)
(0.535876 0.119046 0)
(0.5974 0.112163 0)
(0.656293 0.105435 0)
(0.712372 0.0987794 0)
(0.765484 0.0921496 0)
(0.815506 0.0855276 0)
(0.86234 0.0789154 0)
(0.905917 0.0723288 0)
(0.94619 0.0657924 0)
(0.983138 0.059335 0)
(1.01676 0.0529861 0)
(1.04708 0.0467729 0)
(1.07412 0.0407177 0)
(1.09795 0.0348352 0)
(1.1186 0.0291307 0)
(1.13614 0.0235977 0)
(1.15063 0.0182151 0)
(1.1621 0.0129443 0)
(1.17059 0.00772472 0)
(1.17607 0.0024678 0)
(1.1785 -0.00295008 0)
(1.17774 -0.00869212 0)
(1.17359 -0.0149779 0)
(1.16568 -0.0221017 0)
(1.1535 -0.0304539 0)
(1.1363 -0.0405519 0)
(1.11299 -0.0530859 0)
(1.0821 -0.0689919 0)
(1.04156 -0.0895779 0)
(0.988538 -0.116766 0)
(0.919173 -0.153597 0)
(0.828177 -0.205382 0)
(0.708389 -0.282496 0)
(0.550394 -0.406752 0)
(0.348095 -0.617561 0)
(0.0878355 -0.919399 0)
(-0.0645776 -0.923746 0)
(-0.0421279 0.376232 0)
(-0.082069 0.380153 0)
(0.0143265 0.279129 0)
(0.12971 0.219095 0)
(0.235464 0.177047 0)
(0.332353 0.143854 0)
(0.422675 0.11911 0)
(0.506902 0.101429 0)
(0.585544 0.0885897 0)
(0.659374 0.0789146 0)
(0.729045 0.0713671 0)
(0.794986 0.0652699 0)
(0.857477 0.0601469 0)
(0.916699 0.0556671 0)
(0.972762 0.0516068 0)
(1.02572 0.0478179 0)
(1.07558 0.0442041 0)
(1.12235 0.0407059 0)
(1.16601 0.0372899 0)
(1.20656 0.033941 0)
(1.24397 0.0306564 0)
(1.27827 0.0274416 0)
(1.30946 0.0243062 0)
(1.33759 0.0212617 0)
(1.36269 0.0183191 0)
(1.38484 0.015487 0)
(1.40409 0.0127704 0)
(1.42053 0.010169 0)
(1.43423 0.00767625 0)
(1.44527 0.00527797 0)
(1.45371 0.00295043 0)
(1.4596 0.000658645 0)
(1.46293 -0.001646 0)
(1.46366 -0.0040277 0)
(1.4617 -0.00657241 0)
(1.45685 -0.00939268 0)
(1.4488 -0.0126367 0)
(1.43709 -0.016498 0)
(1.42104 -0.0212289 0)
(1.39969 -0.0271623 0)
(1.3717 -0.034749 0)
(1.33522 -0.0446269 0)
(1.28765 -0.057766 0)
(1.22524 -0.0757919 0)
(1.14246 -0.101762 0)
(1.03057 -0.142183 0)
(0.874966 -0.212713 0)
(0.65327 -0.352173 0)
(0.319172 -0.620923 0)
(0.0717389 -0.799247 0)
(0.396976 0.21112 0)
(0.568608 0.208677 0)
(0.780308 0.130629 0)
(0.966609 0.0799664 0)
(1.09822 0.0529477 0)
(1.19436 0.0366126 0)
(1.27081 0.0259118 0)
(1.33403 0.0189549 0)
(1.38748 0.0144324 0)
(1.43383 0.0114088 0)
(1.47496 0.00931502 0)
(1.51206 0.00781294 0)
(1.54588 0.0066886 0)
(1.57693 0.00580382 0)
(1.60553 0.00507106 0)
(1.63191 0.00443578 0)
(1.65619 0.0038644 0)
(1.67847 0.00333679 0)
(1.69881 0.00284158 0)
(1.71726 0.00237306 0)
(1.73386 0.00192905 0)
(1.74867 0.00150938 0)
(1.76172 0.0011149 0)
(1.77308 0.000746731 0)
(1.78281 0.000405697 0)
(1.79098 9.19992e-05 0)
(1.79765 -0.000195075 0)
(1.8029 -0.000457352 0)
(1.80679 -0.000697958 0)
(1.8094 -0.000921515 0)
(1.81075 -0.00113446 0)
(1.8109 -0.00134519 0)
(1.80984 -0.00156391 0)
(1.80754 -0.00180364 0)
(1.80394 -0.00208091 0)
(1.79891 -0.00241669 0)
(1.79225 -0.00283761 0)
(1.78366 -0.00337724 0)
(1.77272 -0.00407801 0)
(1.75885 -0.00499458 0)
(1.74125 -0.00620026 0)
(1.71884 -0.00780024 0)
(1.69008 -0.00996102 0)
(1.65274 -0.0129788 0)
(1.60325 -0.0174486 0)
(1.53533 -0.0246806 0)
(1.43568 -0.0379699 0)
(1.27353 -0.0671954 0)
(0.981866 -0.163807 0)
(0.771516 -0.304402 0)
)
;

boundaryField
{
    movingWall
    {
        type            fixedValue;
        value           uniform (2 0 0);
    }
    fixedWalls
    {
        type            fixedValue;
        value           uniform (0 0 0);
    }
    frontAndBack
    {
        type            empty;
    }
}


// ************************************************************************* //
