/*--------------------------------*- C++ -*----------------------------------*\
  =========                 |
  \\      /  F ield         | OpenFOAM: The Open Source CFD Toolbox
   \\    /   O peration     | Website:  https://openfoam.org
    \\  /    A nd           | Version:  7
     \\/     M anipulation  |
\*---------------------------------------------------------------------------*/
FoamFile
{
    version     2.0;
    format      ascii;
    class       surfaceScalarField;
    location    "150";
    object      phi;
}
// * * * * * * * * * * * * * * * * * * * * * * * * * * * * * * * * * * * * * //

dimensions      [0 3 -1 0 0 0 0];

internalField   nonuniform List<scalar> 
4900
(
1.65179e-06
-1.8088e-06
6.25129e-06
-4.59568e-06
1.17653e-05
-5.53317e-06
1.6544e-05
-4.80203e-06
1.97695e-05
-3.24596e-06
2.13815e-05
-1.62869e-06
2.17311e-05
-3.63595e-07
2.11901e-05
5.2879e-07
1.9891e-05
1.28757e-06
1.76569e-05
2.22298e-06
1.40847e-05
3.56136e-06
8.67926e-06
5.3952e-06
9.40305e-07
7.72946e-06
-9.59487e-06
1.05264e-05
-2.32862e-05
1.36834e-05
-4.03053e-05
1.70119e-05
-6.0567e-05
2.02552e-05
-8.36454e-05
2.30724e-05
-0.00010871
2.50591e-05
-0.000134508
2.57935e-05
-0.000159413
2.49e-05
-0.000181529
2.2112e-05
-0.000198856
1.73232e-05
-0.000209485
1.06249e-05
-0.000211832
2.34338e-06
-0.000204879
-6.95611e-06
-0.000188293
-1.6589e-05
-0.000162512
-2.57834e-05
-0.000128749
-3.37666e-05
-8.89565e-05
-3.9795e-05
-4.57327e-05
-4.32265e-05
-2.16048e-06
-4.3575e-05
3.84566e-05
-4.06199e-05
7.3145e-05
-3.46913e-05
9.96167e-05
-2.64746e-05
0.000116454
-1.68403e-05
0.000123375
-6.92337e-06
0.000121305
2.068e-06
0.000112159
9.14332e-06
9.83103e-05
1.38463e-05
8.21374e-05
1.61706e-05
6.56456e-05
1.64896e-05
5.02598e-05
1.53836e-05
3.67859e-05
1.34717e-05
2.55057e-05
1.12779e-05
1.63469e-05
9.15654e-06
9.10203e-06
7.24264e-06
3.71053e-06
5.38915e-06
5.43996e-07
3.1643e-06
5.43532e-07
4.48782e-06
-6.28103e-06
1.38894e-05
-1.4024e-05
2.43326e-05
-1.60268e-05
3.28526e-05
-1.33752e-05
3.78512e-05
-8.29139e-06
3.89475e-05
-2.76494e-06
3.6421e-05
2.12826e-06
3.05607e-05
6.35751e-06
2.12317e-05
1.05867e-05
7.77701e-06
1.56489e-05
-1.08282e-05
2.21395e-05
-3.57041e-05
3.02464e-05
-6.77602e-05
3.97636e-05
-0.000107437
5.01838e-05
-0.000154492
6.07215e-05
-0.000207841
7.03456e-05
-0.0002655
7.79022e-05
-0.000324726
8.22862e-05
-0.000382287
8.2611e-05
-0.000434828
7.83255e-05
-0.000479196
6.92593e-05
-0.0005127
5.56081e-05
-0.000533271
3.78876e-05
-0.000539545
1.68925e-05
-0.00053094
-6.26804e-06
-0.000507531
-3.03712e-05
-0.00046992
-5.42058e-05
-0.000419245
-7.64635e-05
-0.000357263
-9.57535e-05
-0.000286375
-0.000110689
-0.000209609
-0.000119997
-0.000130522
-0.000122668
-5.29828e-05
-0.000118166
1.89316e-05
-0.000106612
8.13944e-05
-8.89439e-05
0.000131495
-6.69476e-05
0.000167207
-4.26413e-05
0.000187616
-1.83468e-05
0.000193141
3.61259e-06
0.000185722
2.12604e-05
0.000168418
3.34695e-05
0.000144807
4.0095e-05
0.000118339
4.18461e-05
9.1858e-05
3.99477e-05
6.73223e-05
3.58082e-05
4.58045e-05
3.06687e-05
2.77606e-05
2.52808e-05
1.35195e-05
1.96245e-05
3.82401e-06
1.28545e-05
4.36696e-06
6.0012e-06
-1.22837e-05
1.7325e-05
-2.53629e-05
2.86886e-05
-2.74258e-05
3.65407e-05
-2.12693e-05
3.90324e-05
-1.08242e-05
3.55773e-05
6.52383e-07
2.60966e-05
1.15746e-05
1.03493e-05
2.20732e-05
-1.24724e-05
3.33794e-05
-4.3679e-05
4.68299e-05
-8.46403e-05
6.30785e-05
-0.000136266
8.18527e-05
-0.000198578
0.00010206
-0.000270403
0.000121995
-0.000349312
0.000139618
-0.000431871
0.000152895
-0.000514111
0.000160133
-0.000592056
0.000160223
-0.000662166
0.000152714
-0.00072161
0.000137763
-0.00076835
0.000115993
-0.000801082
8.83344e-05
-0.000819095
5.58949e-05
-0.000822082
1.98744e-05
-0.000809951
-1.84048e-05
-0.000782706
-5.76207e-05
-0.000740618
-9.62979e-05
-0.000684358
-0.000132728
-0.000615077
-0.000165038
-0.000534525
-0.000191246
-0.000445126
-0.000209401
-0.000349993
-0.000217805
-0.000252854
-0.000215309
-0.000157838
-0.000201633
-6.91814e-05
-0.000177606
9.04401e-06
-0.000145179
7.37032e-05
-0.000107306
0.000122918
-6.7567e-05
0.000155676
-2.91519e-05
0.000172022
4.90897e-06
0.000173348
3.21382e-05
0.000162355
5.10834e-05
0.000142545
6.16512e-05
0.000117601
6.48863e-05
9.08301e-05
6.25746e-05
6.47769e-05
5.67167e-05
4.11793e-05
4.88732e-05
2.13072e-05
3.94906e-05
6.65171e-06
2.75056e-05
1.10181e-05
6.49304e-06
-1.87708e-05
1.74665e-05
-3.63507e-05
2.66038e-05
-3.65916e-05
3.01098e-05
-2.48108e-05
2.61924e-05
-6.94422e-06
1.41468e-05
1.26623e-05
-6.59691e-06
3.22863e-05
-3.70991e-05
5.25475e-05
-7.89096e-05
7.51661e-05
-0.000133493
0.000101394
-0.000201522
0.000131091
-0.000282315
0.000162631
-0.00037362
0.000193352
-0.000471828
0.000220192
-0.000572538
0.000240319
-0.000671263
0.000251612
-0.000764044
0.000252907
-0.000847803
0.000243975
-0.000920424
0.000225329
-0.000980616
0.000197949
-0.00102767
0.000163037
-0.00106119
0.000121849
-0.00108091
7.56174e-05
-0.00108659
2.55423e-05
-0.00107784
-2.71511e-05
-0.00105437
-8.1103e-05
-0.00101596
-0.000134705
-0.000962638
-0.000186056
-0.000894714
-0.000232965
-0.000813002
-0.000272961
-0.000718996
-0.00030341
-0.000615044
-0.000321759
-0.000504442
-0.000325915
-0.000391369
-0.000314709
-0.000280635
-0.000288343
-0.00017715
-0.000248668
-8.53283e-05
-0.000199132
-8.6154e-06
-0.000144285
5.12354e-05
-8.90083e-05
9.38687e-05
-3.773e-05
0.000119556
6.44546e-06
0.000129486
4.11477e-05
0.000126075
6.50574e-05
0.000112568
7.83889e-05
9.25299e-05
8.26076e-05
6.93449e-05
7.98968e-05
4.58808e-05
7.23323e-05
2.45513e-05
6.08153e-05
7.9096e-06
4.41424e-05
1.89271e-05
6.13072e-06
-2.49064e-05
1.45838e-05
-4.48194e-05
1.85343e-05
-4.05665e-05
1.43575e-05
-2.06652e-05
5.17031e-07
6.86309e-06
-2.39026e-05
3.70515e-05
-6.01199e-05
6.84776e-05
-0.000109879
0.000102284
-0.000174764
0.000140033
-0.000255231
0.000181846
-0.000349942
0.000225789
-0.000455712
0.000268391
-0.000568022
0.000305653
-0.000681848
0.000334011
-0.00079251
0.000350974
-0.000896254
0.00035535
-0.000990469
0.000347117
-0.00107359
0.000327091
-0.00114482
0.000296551
-0.00120381
0.00025694
-0.00125046
0.000209679
-0.0012847
0.000156091
-0.00130648
9.73916e-05
-0.00131567
3.47287e-05
-0.00131203
-3.08018e-05
-0.00129518
-9.7956e-05
-0.00126463
-0.000165258
-0.00121976
-0.000230924
-0.00115997
-0.000292757
-0.00108486
-0.000348078
-0.000994514
-0.00039376
-0.000889857
-0.000426418
-0.000772989
-0.000442786
-0.000647417
-0.000440284
-0.00051806
-0.000417702
-0.000390887
-0.000375844
-0.000272151
-0.000317872
-0.000167326
-0.000249113
-8.01571e-05
-0.000176181
-1.22889e-05
-0.000105603
3.6692e-05
-4.2541e-05
6.80627e-05
9.7714e-06
8.34093e-05
4.97055e-05
8.51965e-05
7.65967e-05
7.65904e-05
9.12088e-05
6.10847e-05
9.53977e-05
4.21534e-05
9.1259e-05
2.3126e-05
7.98372e-05
7.51522e-06
5.97494e-05
2.64418e-05
4.74081e-06
-2.965e-05
8.33742e-06
-4.84342e-05
4.24077e-06
-3.64937e-05
-1.0551e-05
-5.90115e-06
-3.73903e-05
3.36754e-05
-7.74671e-05
7.71047e-05
-0.000132513
0.000123504
-0.000204217
0.000173972
-0.000292993
0.000228795
-0.000397122
0.000285963
-0.000512762
0.000341419
-0.000634706
0.000390327
-0.000757445
0.000428384
-0.000876103
0.000452662
-0.000986988
0.000461854
-0.00108771
0.000456064
-0.00117696
0.000436367
-0.00125423
0.000404356
-0.00131948
0.000361797
-0.00137297
0.000310423
-0.00141511
0.000251819
-0.00144641
0.000187379
-0.00146732
0.000118302
-0.00147821
4.56172e-05
-0.00147921
-2.98092e-05
-0.00147009
-0.000107082
-0.00145023
-0.000185117
-0.00141859
-0.000262572
-0.00137372
-0.000337625
-0.00131399
-0.000407807
-0.00123784
-0.000469918
-0.00114419
-0.00052007
-0.00103303
-0.000553951
-0.000905961
-0.000567351
-0.000766692
-0.000556974
-0.000621122
-0.000521416
-0.000476915
-0.00046208
-0.000342365
-0.000383666
-0.000224737
-0.000293812
-0.000128656
-0.000201687
-5.53773e-05
-0.000115825
-3.43136e-06
-4.21798e-05
2.97958e-05
1.64728e-05
4.68844e-05
5.95029e-05
5.07673e-05
8.7321e-05
4.48327e-05
0.000101327
3.27732e-05
0.000103314
1.84557e-05
9.41506e-05
5.97939e-06
7.22211e-05
3.24207e-05
2.01457e-06
-3.16733e-05
-1.70456e-06
-4.4735e-05
-1.64224e-05
-2.17983e-05
-4.42764e-05
2.193e-05
-8.64584e-05
7.5837e-05
-0.000144408
0.000135036
-0.000219758
0.000198839
-0.000313026
0.000267228
-0.000422454
0.000338212
-0.00054388
0.000407381
-0.000671612
0.000469143
-0.000799669
0.000518378
-0.000922844
0.000551554
-0.00103727
0.00056708
-0.00114049
0.000565067
-0.00123123
0.000546808
-0.00130913
0.00051426
-0.00137442
0.000469639
-0.00142778
0.00041516
-0.00147024
0.000352871
-0.00150296
0.000284536
-0.00152716
0.000211583
-0.00154396
0.00013509
-0.00155418
5.5842e-05
-0.00155836
-2.56355e-05
-0.00155652
-0.00010893
-0.00154814
-0.000193494
-0.00153208
-0.000278639
-0.00150649
-0.000363212
-0.00146893
-0.000445379
-0.00141644
-0.000522404
-0.001346
-0.000590513
-0.00125504
-0.000644917
-0.00114225
-0.000680137
-0.00100853
-0.000690701
-0.000857693
-0.000672253
-0.000696845
-0.000622931
-0.000535829
-0.000544685
-0.000385653
-0.000443989
-0.000256024
-0.000331319
-0.000152818
-0.000219034
-7.69e-05
-0.000118102
-2.52043e-05
-3.52277e-05
6.59055e-06
2.77029e-05
2.23953e-05
7.15111e-05
2.59931e-05
9.77251e-05
2.13337e-05
0.000107969
1.2584e-05
0.000102895
4.06688e-06
8.07349e-05
3.6487e-05
-2.28036e-06
-2.93993e-05
-1.56545e-05
-3.13819e-05
-4.30125e-05
5.53934e-06
-8.55837e-05
6.44834e-05
-0.000144371
0.000134609
-0.000220714
0.000211367
-0.000315236
0.00029335
-0.000426422
0.000378404
-0.00055015
0.000461932
-0.000680463
0.000537687
-0.000810939
0.000599612
-0.000935898
0.000643332
-0.00105107
0.000666724
-0.00115373
0.000669732
-0.00124247
0.000653808
-0.00131698
0.000621306
-0.00137773
0.000575007
-0.00142585
0.00051776
-0.00146293
0.000452231
-0.00149077
0.000380714
-0.00151126
0.00030502
-0.00152612
0.000226444
-0.00153684
0.000145805
-0.00154454
6.35382e-05
-0.00154997
-2.02086e-05
-0.00155342
-0.000105486
-0.00155465
-0.000192262
-0.0015528
-0.000280497
-0.00154621
-0.000369804
-0.00153235
-0.000459233
-0.00150778
-0.000546977
-0.00146823
-0.000630065
-0.00140903
-0.000704119
-0.00132586
-0.000763311
-0.00121585
-0.000800715
-0.0010789
-0.000809201
-0.000918906
-0.000782927
-0.000744327
-0.000719266
-0.000567624
-0.000620695
-0.000403103
-0.000495841
-0.000263387
-0.000358752
-0.000155716
-0.000225776
-8.02414e-05
-0.000110706
-3.18016e-05
-2.07413e-05
-3.98401e-06
4.36887e-05
8.63558e-06
8.51007e-05
1.08904e-05
0.000105709
7.36621e-06
0.000106415
2.47324e-06
8.56234e-05
3.89598e-05
-8.18355e-06
-2.12255e-05
-3.30114e-05
-6.57329e-06
-7.42638e-05
4.67751e-05
-0.000132122
0.000122328
-0.000207359
0.000209835
-0.000300565
0.000304562
-0.000410621
0.000403398
-0.000533785
0.00050156
-0.000664119
0.000592261
-0.000794855
0.000668418
-0.000919774
0.000724526
-0.00103405
0.000757607
-0.00113452
0.000767187
-0.00121954
0.000754745
-0.00128876
0.000723025
-0.0013429
0.000675443
-0.0013835
0.000615604
-0.00141266
0.000546919
-0.00143276
0.000472324
-0.00144615
0.000394103
-0.00145498
0.000313852
-0.00146107
0.000232531
-0.00146586
0.000150589
-0.00147042
6.80959e-05
-0.0014755
-1.51291e-05
-0.00148154
-9.94551e-05
-0.00148861
-0.000185196
-0.00149636
-0.00027275
-0.00150382
-0.000362341
-0.00150918
-0.000453874
-0.0015095
-0.000546656
-0.00150056
-0.000639012
-0.00147685
-0.000727831
-0.00143202
-0.000808144
-0.00135979
-0.000872946
-0.00125545
-0.000913537
-0.00111772
-0.000920656
-0.0009505
-0.000886492
-0.00076382
-0.000807375
-0.000573203
-0.00068646
-0.000396736
-0.000535221
-0.000250167
-0.000372347
-0.000141765
-0.00021911
-7.02279e-05
-9.22821e-05
-2.76939e-05
1.15021e-06
-5.52111e-06
6.29235e-05
3.13942e-06
9.70446e-05
3.92925e-06
0.00010562
1.61808e-06
8.79316e-05
4.05773e-05
-1.53893e-05
-5.84229e-06
-5.27374e-05
3.07573e-05
-0.000108055
0.00010208
-0.000180587
0.00019485
-0.00027057
0.000299809
-0.000377261
0.000411246
-0.000497559
0.00052369
-0.000625892
0.000629888
-0.000755356
0.00072172
-0.000879222
0.000792279
-0.000992027
0.000837327
-0.00109004
0.000855612
-0.00117125
0.000848402
-0.00123525
0.000818737
-0.00128291
0.000770688
-0.00131618
0.000708702
-0.00133763
0.000637057
-0.00135015
0.000559431
-0.00135648
0.000478654
-0.00135903
0.000396651
-0.00135972
0.000314534
-0.00135997
0.000232788
-0.00136085
0.000151457
-0.00136306
7.03116e-05
-0.00136716
-1.10378e-05
-0.00137353
-9.30848e-05
-0.00138247
-0.000176256
-0.00139414
-0.000261086
-0.00140838
-0.000348099
-0.0014245
-0.000437754
-0.00144088
-0.000530282
-0.00145453
-0.000625364
-0.00146073
-0.000721627
-0.00145291
-0.000815965
-0.00142301
-0.000902856
-0.0013626
-0.000973944
-0.0012649
-0.00101835
-0.00112728
-0.00102412
-0.000953715
-0.000980943
-0.000756202
-0.000883975
-0.000553865
-0.000737559
-0.000368973
-0.00055724
-0.000220201
-0.000367884
-0.000115861
-0.000196625
-5.19692e-05
-6.27449e-05
-1.74882e-05
2.84383e-05
-1.94637e-06
8.14984e-05
2.45189e-06
0.000101219
1.57451e-06
8.88045e-05
4.21514e-05
-2.33772e-05
1.75269e-05
-7.32679e-05
8.06357e-05
-0.000141746
0.000170549
-0.000227179
0.000280275
-0.000328877
0.0004015
-0.000444493
0.000526857
-0.000569175
0.000648367
-0.000696216
0.000756924
-0.000818531
0.00084403
-0.000930004
0.000903749
-0.00102624
0.000933557
-0.00110475
0.000934123
-0.0011649
0.000908551
-0.00120766
0.000861496
-0.00123528
0.000798298
-0.0012508
0.000724218
-0.00125755
0.000643809
-0.00125867
0.000560549
-0.00125676
0.000476739
-0.00125375
0.00039364
-0.00125095
0.000311735
-0.00124917
0.000231003
-0.00124887
0.000151153
-0.00125033
7.17729e-05
-0.00125378
-7.59077e-06
-0.00125946
-8.74006e-05
-0.00126772
-0.000168006
-0.00127896
-0.000249848
-0.00129362
-0.000333433
-0.001312
-0.000419376
-0.00133391
-0.000508371
-0.00135823
-0.000601046
-0.00138226
-0.000697605
-0.00140106
-0.000797164
-0.00140713
-0.000896787
-0.00139067
-0.000990405
-0.00134096
-0.00106806
-0.00124894
-0.00111614
-0.00111059
-0.00111929
-0.000930314
-0.00106425
-0.000722742
-0.000945132
-0.000511357
-0.000768626
-0.000322867
-0.000556375
-0.000178055
-0.000341439
-8.34507e-05
-0.000157352
-3.08267e-05
-2.41892e-05
-6.07768e-06
5.67458e-05
2.18786e-06
9.2948e-05
2.10514e-06
8.88846e-05
4.4256e-05
-3.13815e-05
4.8905e-05
-9.27838e-05
0.000142028
-0.000172603
0.000250361
-0.000268209
0.000375876
-0.000377752
0.000511038
-0.000497355
0.000646456
-0.000620926
0.000771935
-0.000741328
0.000877323
-0.00085189
0.000954589
-0.00094748
0.000999336
-0.00102498
0.00101106
-0.00108336
0.000992496
-0.00112348
0.000948672
-0.00114777
0.000885785
-0.00115965
0.000810178
-0.00116289
0.000727454
-0.00116098
0.0006419
-0.00115675
0.00055631
-0.00115215
0.000472139
-0.00114837
0.000389857
-0.00114597
0.000309333
-0.00114512
0.000230157
-0.00114581
0.000151841
-0.00114796
7.39239e-05
-0.00115155
-4.00069e-06
-0.00115667
-8.22894e-05
-0.00116354
-0.000161137
-0.00117258
-0.000240804
-0.0011844
-0.000321613
-0.00119975
-0.000404026
-0.0012194
-0.000488729
-0.00124379
-0.000576656
-0.00127249
-0.000668901
-0.00130333
-0.000766322
-0.00133141
-0.000868709
-0.00134839
-0.000973425
-0.00134268
-0.00107378
-0.00130105
-0.00115777
-0.00121206
-0.00120829
-0.00107054
-0.00120576
-0.000882075
-0.0011336
-0.000665025
-0.000985676
-0.000448201
-0.000773201
-0.000262641
-0.000527
-0.000129398
-0.000290597
-5.04621e-05
-0.000103128
-1.20843e-05
1.83644e-05
1.77243e-06
7.90887e-05
2.77096e-06
8.78817e-05
4.70266e-05
-3.85373e-05
8.74372e-05
-0.000109584
0.000213068
-0.000198199
0.000338971
-0.000300652
0.000478326
-0.000413899
0.000624281
-0.000532855
0.000765409
-0.000650774
0.000889852
-0.000760676
0.000987222
-0.000856714
0.00105062
-0.000934986
0.00107761
-0.000993834
0.0010699
-0.00103378
0.00103244
-0.0010572
0.000972089
-0.00106773
0.000896313
-0.0010695
0.000811945
-0.00106637
0.000724326
-0.00106142
0.000636947
-0.0010567
0.000551586
-0.00105331
0.000468751
-0.00105165
0.000388195
-0.00105167
0.000309353
-0.00105313
0.000231614
-0.00105574
0.000154454
-0.00105928
7.74655e-05
-0.00106363
3.45333e-07
-0.00106876
-7.71576e-05
-0.00107479
-0.000155107
-0.00108198
-0.00023362
-0.00109076
-0.000312826
-0.00110184
-0.000392945
-0.00111619
-0.000474385
-0.00113497
-0.000557875
-0.00115928
-0.000644587
-0.00118949
-0.000736118
-0.0012241
-0.0008341
-0.00125837
-0.000939147
-0.00128317
-0.00104898
-0.00128492
-0.00115602
-0.0012477
-0.00124551
-0.0011577
-0.00129577
-0.00100928
-0.00128203
-0.000810487
-0.00118447
-0.000585115
-0.000998573
-0.000368259
-0.000743857
-0.000194296
-0.000464561
-8.11555e-05
-0.000216269
-2.28575e-05
-3.99361e-05
-2.52044e-07
5.64782e-05
3.11072e-06
8.45169e-05
5.01368e-05
-4.41011e-05
0.000131537
-0.000122295
0.000291258
-0.000216718
0.000433391
-0.000322491
0.000584096
-0.000435521
0.00073731
-0.000549948
0.000879834
-0.000658908
0.00099881
-0.00075601
0.00108432
-0.000836499
0.00113111
-0.000897866
0.00113897
-0.000939982
0.00111202
-0.000964873
0.00105733
-0.000976152
0.000983367
-0.000978178
0.000898338
-0.000975164
0.000808931
-0.000970489
0.00071965
-0.000966374
0.000632832
-0.000963939
0.000549151
-0.000963475
0.000468286
-0.000964792
0.000389511
-0.000967503
0.000312064
-0.000971216
0.000235327
-0.000975619
0.000158857
-0.000980508
8.2355e-05
-0.000985778
5.61474e-06
-0.000991394
-7.15405e-05
-0.00099739
-0.000149111
-0.00100386
-0.000227151
-0.001011
-0.000305688
-0.00101918
-0.000384765
-0.00102906
-0.000464503
-0.0010417
-0.000545234
-0.00105858
-0.000627703
-0.0010814
-0.0007133
-0.00111133
-0.000804166
-0.00114766
-0.000902819
-0.00118582
-0.00101082
-0.00121568
-0.00112616
-0.00122135
-0.00123984
-0.00118398
-0.00133314
-0.00108774
-0.00137826
-0.000927798
-0.00134441
-0.000716814
-0.00120956
-0.000486093
-0.000974578
-0.000277468
-0.000673186
-0.000125794
-0.000367945
-4.05131e-05
-0.000125219
-4.96886e-06
2.09329e-05
2.81833e-06
7.67255e-05
5.29548e-05
-4.7541e-05
0.000179076
-0.00013001
0.000373726
-0.000227102
0.000530482
-0.000332815
0.000689808
-0.000442263
0.000846757
-0.000549247
0.000986817
-0.000647213
0.00109677
-0.000730647
0.00116776
-0.000796043
0.00119651
-0.000842325
0.00118525
-0.000870816
0.00114051
-0.000884777
0.00107129
-0.000888583
0.000987172
-0.00088672
0.000896474
-0.000882919
0.00080513
-0.000879681
0.000716412
-0.000878251
0.000631402
-0.000878912
0.000549812
-0.000881389
0.000470764
-0.000885203
0.000393326
-0.000889897
0.000316758
-0.000895131
0.000240562
-0.000900701
0.000164428
-0.000906509
8.81639e-05
-0.000912525
1.16327e-05
-0.000918754
-6.53103e-05
-0.0009252
-0.000142664
-0.00093187
-0.00022048
-0.000938779
-0.000298778
-0.000946002
-0.000377541
-0.000953765
-0.000456739
-0.000962606
-0.000536393
-0.000973571
-0.000616738
-0.000988367
-0.000698503
-0.00100924
-0.000783297
-0.00103818
-0.000873873
-0.00107522
-0.000973776
-0.00111579
-0.0010856
-0.00114831
-0.00120732
-0.00115404
-0.00132741
-0.00111102
-0.00142128
-0.00100231
-0.00145312
-0.000826092
-0.00138578
-0.000602698
-0.00119797
-0.000373084
-0.000902801
-0.000184542
-0.000556486
-6.63385e-05
-0.000243423
-1.28804e-05
-3.25298e-05
1.7971e-06
6.20472e-05
5.47516e-05
-4.85666e-05
0.000227643
-0.000132319
0.000457478
-0.000229051
0.000627214
-0.000331723
0.00079248
-0.000434947
0.000949981
-0.000532569
0.00108444
-0.000618649
0.00118285
-0.000688716
0.00123782
-0.000740546
0.00124834
-0.000774408
0.00121912
-0.000792827
0.00115892
-0.000799871
0.00107833
-0.00080013
0.00098743
-0.000797685
0.00089403
-0.000795425
0.00080287
-0.000794864
0.000715852
-0.000796394
0.000632933
-0.000799732
0.00055315
-0.00080434
0.000475373
-0.00080971
0.000398697
-0.000815484
0.000322533
-0.000821468
0.000246548
-0.000827597
0.000170559
-0.000833881
9.44505e-05
-0.000840364
1.81178e-05
-0.000847091
-5.85809e-05
-0.000854076
-0.000135677
-0.000861309
-0.000213245
-0.000868739
-0.000291347
-0.000876284
-0.000369995
-0.000883876
-0.000449145
-0.00089157
-0.000528698
-0.000899738
-0.000608568
-0.000909367
-0.000688873
-0.000922345
-0.000770318
-0.000941449
-0.000854769
-0.000969489
-0.000945735
-0.00100709
-0.001048
-0.00104921
-0.0011652
-0.00108205
-0.00129456
-0.00108326
-0.00142007
-0.00102791
-0.00150847
-0.000899831
-0.00151386
-0.000703778
-0.00139403
-0.000471527
-0.00113505
-0.000254682
-0.000773331
-0.000100992
-0.000397114
-2.41153e-05
-0.000109405
5.60527e-08
3.78721e-05
5.48074e-05
-4.71328e-05
0.000274775
-0.000129269
0.000539616
-0.000222908
0.000720856
-0.000320091
0.000889664
-0.000415207
0.0010451
-0.000502445
0.00117168
-0.000576666
0.00125708
-0.000634491
0.00129565
-0.000674897
0.00128874
-0.000699284
0.0012435
-0.000711004
0.00117064
-0.000714448
0.00108178
-0.000713936
0.000986919
-0.000712802
0.000892897
-0.000712982
0.000803051
-0.000715127
0.000717999
-0.000719047
0.000636855
-0.000724192
0.000558297
-0.00073001
0.000481193
-0.000736113
0.000404802
-0.000742306
0.000328729
-0.000748544
0.000252788
-0.000754868
0.000176886
-0.000761357
0.000100943
-0.000768094
2.48578e-05
-0.00077515
-5.15217e-05
-0.000782554
-0.00012827
-0.000790311
-0.000205485
-0.000798378
-0.000283277
-0.000806651
-0.00036172
-0.000814961
-0.000440832
-0.000823114
-0.000520543
-0.000830991
-0.000600689
-0.000838798
-0.000681065
-0.000847457
-0.000761658
-0.000859055
-0.00084317
-0.000876944
-0.000927845
-0.000904722
-0.00102022
-0.000943306
-0.00112662
-0.000986365
-0.00125151
-0.00101663
-0.00138981
-0.00100735
-0.00151775
-0.000931664
-0.00158954
-0.000777654
-0.00154804
-0.000561714
-0.00135099
-0.000330616
-0.00100443
-0.000144106
-0.000583623
-3.90143e-05
-0.000214501
-2.53629e-06
1.39462e-06
5.2271e-05
-4.33901e-05
0.000318168
-0.00012126
0.000617488
-0.000209482
0.000809081
-0.000299307
0.000979491
-0.000385126
0.00113092
-0.00046168
0.00124823
-0.000524714
0.00132011
-0.000571893
0.00134283
-0.000603216
0.00132007
-0.000620899
0.00126119
-0.000628709
0.00117846
-0.000630924
0.00108399
-0.000631262
0.000987258
-0.000632182
0.000893819
-0.000634767
0.000805637
-0.000639054
0.000722287
-0.000644555
0.000642359
-0.000650693
0.000564438
-0.000657039
0.000487542
-0.000663376
0.000411143
-0.00066966
0.000335017
-0.000675948
0.00025908
-0.000682339
0.000183281
-0.000688938
0.000107546
-0.000695834
3.17582e-05
-0.000703104
-4.42478e-05
-0.000710783
-0.000120587
-0.000718895
-0.00019737
-0.000727426
-0.000274742
-0.000736311
-0.000352833
-0.000745407
-0.000431733
-0.000754482
-0.000511466
-0.000763228
-0.00059194
-0.000771377
-0.000672914
-0.000778982
-0.000754051
-0.000786946
-0.000835204
-0.000797647
-0.000917143
-0.000815119
-0.00100275
-0.000843686
-0.00109805
-0.000883963
-0.00121123
-0.000926932
-0.00134684
-0.000950232
-0.00149445
-0.000922471
-0.0016173
-0.000817595
-0.00165291
-0.000633686
-0.0015349
-0.00040482
-0.00123329
-0.000193691
-0.000794753
-5.81385e-05
-0.000350051
-6.02695e-06
-5.07186e-05
4.6244e-05
-3.76365e-05
0.000355806
-0.000108935
0.000688792
-0.000189864
0.000890014
-0.000271005
0.00106063
-0.000346916
0.00120683
-0.000413006
0.00131432
-0.000465908
0.00137302
-0.000504197
0.00138112
-0.000528648
0.00134452
-0.000541947
0.00127449
-0.000547891
0.0011844
-0.000550326
0.00108643
-0.000552213
0.000989147
-0.000555192
0.000896801
-0.000559697
0.000810145
-0.000565418
0.000728012
-0.000571799
0.000648743
-0.000578367
0.00057101
-0.000584862
0.000494041
-0.000591222
0.000417506
-0.000597504
0.000341303
-0.000603818
0.000265399
-0.000610279
0.000189747
-0.000616989
0.000114261
-0.000624028
3.88029e-05
-0.000631466
-3.68043e-05
-0.000639336
-0.000112712
-0.00064767
-0.000189032
-0.000656476
-0.000265932
-0.000665733
-0.000343572
-0.00067536
-0.000422102
-0.000685192
-0.000501631
-0.00069494
-0.000582189
-0.000704201
-0.00066365
-0.000712571
-0.000745679
-0.000719997
-0.000827776
-0.000727459
-0.00090968
-0.000737801
-0.000992405
-0.000755911
-0.00107994
-0.000786632
-0.00118051
-0.000829136
-0.00130434
-0.000869621
-0.00145396
-0.000878985
-0.00160793
-0.000822518
-0.00170938
-0.000680652
-0.00167677
-0.000469586
-0.00144436
-0.000245888
-0.00101845
-8.15594e-05
-0.000514382
-1.04052e-05
-0.000121871
3.5839e-05
-3.02569e-05
0.000386067
-9.30638e-05
0.000751604
-0.00016526
0.000962214
-0.000236861
0.00113224
-0.000302686
0.00127266
-0.000358858
0.0013705
-0.000402832
0.00141699
-0.000433915
0.0014122
-0.000453379
0.00136399
-0.000464051
0.00128516
-0.000469455
0.00118981
-0.000472821
0.0010898
-0.000476352
0.000992682
-0.000481022
0.000901473
-0.000486851
0.000815978
-0.000493398
0.000734563
-0.000500173
0.000655522
-0.000506858
0.000577699
-0.000513348
0.000500535
-0.000519683
0.000423847
-0.000525977
0.000347602
-0.000532353
0.000271781
-0.000538921
0.000196321
-0.000545768
0.000121114
-0.000552961
4.60029e-05
-0.000560561
-2.91973e-05
-0.000568595
-0.000104672
-0.000577094
-0.000180528
-0.000586076
-0.000256944
-0.000595544
-0.0003341
-0.000605467
-0.000412174
-0.000615757
-0.000491338
-0.000626223
-0.000571719
-0.000636526
-0.000653345
-0.000646167
-0.000736034
-0.000654628
-0.000819313
-0.000661815
-0.000902491
-0.000668959
-0.000985259
-0.00067966
-0.00106923
-0.000699818
-0.00116035
-0.000734194
-0.00126996
-0.000778482
-0.00140967
-0.000811309
-0.00157511
-0.000796239
-0.00172445
-0.000699909
-0.0017731
-0.000518732
-0.00162553
-0.000295774
-0.00124141
-0.00010829
-0.000701864
-1.56767e-05
-0.000214483
2.01625e-05
-2.16818e-05
0.000407752
-7.44588e-05
0.000804387
-0.000136866
0.00102463
-0.000198444
0.00119382
-0.000254297
0.00132852
-0.000301254
0.00141746
-0.000337484
0.00145323
-0.000362824
0.00143755
-0.000378774
0.00137994
-0.000388027
0.00129442
-0.000393631
0.00119542
-0.000398139
0.00109431
-0.000403085
0.000997632
-0.000408965
0.000907358
-0.00041559
0.000822606
-0.000422524
0.000741501
-0.000429405
0.000662408
-0.000436065
0.000584364
-0.000442506
0.000506982
-0.000448831
0.000430178
-0.000455169
0.000353946
-0.000461637
0.000278256
-0.000468331
0.000203022
-0.000475325
0.000128116
-0.000482677
5.33634e-05
-0.000490444
-2.14228e-05
-0.000498644
-9.64645e-05
-0.000507305
-0.00017186
-0.000516446
-0.000247797
-0.000526075
-0.000324465
-0.000536188
-0.000402056
-0.000546747
-0.000480774
-0.000557648
-0.000560813
-0.000568672
-0.000642317
-0.000579417
-0.000725286
-0.000589285
-0.000809442
-0.000597667
-0.000894107
-0.00060455
-0.000978374
-0.000611698
-0.00106208
-0.000623852
-0.00114819
-0.000647909
-0.0012459
-0.000687067
-0.00137051
-0.000730236
-0.00153194
-0.000745799
-0.00170888
-0.000692643
-0.00182625
-0.000548664
-0.00176951
-0.000338664
-0.00145141
-0.000136488
-0.00090404
-2.17156e-05
-0.000329254
-1.55241e-06
-1.23488e-05
0.000420106
-5.39114e-05
0.000845957
-0.000105787
0.00107651
-0.000157128
0.00124517
-0.000203295
0.00137469
-0.000241766
0.00145594
-0.000271301
0.00148277
-0.000292069
0.00145832
-0.00030557
0.00139345
-0.000314151
0.00130301
-0.000320278
0.00120155
-0.000325847
0.00109989
-0.000331854
0.00100364
-0.000338495
0.000914003
-0.000345509
0.000829626
-0.000352546
0.000748544
-0.000359379
0.000669247
-0.000365954
0.000590946
-0.000372343
0.000513378
-0.000378671
0.000436512
-0.000385063
0.000360346
-0.000391625
0.000284826
-0.000398437
0.000209843
-0.000405566
0.000135254
-0.000413069
6.08763e-05
-0.000421001
-1.34817e-05
-0.000429377
-8.80792e-05
-0.000438221
-0.000163009
-0.000447545
-0.000238467
-0.000457357
-0.000314646
-0.000467659
-0.000391749
-0.000478436
-0.000469992
-0.00048964
-0.000549605
-0.000501145
-0.000630808
-0.000512683
-0.000713744
-0.000523771
-0.00079835
-0.000533708
-0.000884167
-0.000541845
-0.000970234
-0.000548458
-0.00105547
-0.000556287
-0.00114036
-0.000571623
-0.00123056
-0.000601701
-0.00134043
-0.000645095
-0.00148854
-0.000679529
-0.00167445
-0.000662943
-0.00184284
-0.000558595
-0.00187386
-0.000371105
-0.00163889
-0.000163776
-0.00111137
-2.86679e-05
-0.00046436
-3.02198e-05
-2.66985e-06
0.00042278
-3.21694e-05
0.000875465
-7.30008e-05
0.00111735
-0.000114067
0.00128624
-0.0001509
0.00141153
-0.00018155
0.00148659
-0.000205242
0.00150646
-0.000222307
0.00147539
-0.00023406
0.00140521
-0.000242373
0.00131132
-0.000249083
0.00120826
-0.000255497
0.0011063
-0.000262208
0.00101036
-0.000269241
0.000921042
-0.000276358
0.000836749
-0.000283322
0.000755514
-0.000290022
0.000675954
-0.000296483
0.000597414
-0.000302811
0.000519713
-0.000309132
0.000442841
-0.000315562
0.000366785
-0.000322192
0.000291465
-0.000329094
0.000216755
-0.000336331
0.000142502
-0.000343965
6.85214e-05
-0.000352051
-5.38382e-06
-0.000360612
-7.95082e-05
-0.000369662
-0.000153949
-0.000379209
-0.000228912
-0.000389255
-0.000304593
-0.000399798
-0.000381198
-0.000410833
-0.00045895
-0.000422336
-0.000538097
-0.000434237
-0.000618902
-0.000446372
-0.000701605
-0.000458404
-0.000786314
-0.000469744
-0.000872823
-0.000479592
-0.000960384
-0.000487381
-0.00104768
-0.000494045
-0.00113369
-0.000503908
-0.0012207
-0.000524939
-0.0013194
-0.00056253
-0.00145095
-0.000605362
-0.00163162
-0.000616503
-0.00183169
-0.000550119
-0.00194024
-0.000391333
-0.00179768
-0.000187911
-0.00131479
-3.65534e-05
-0.000615715
-6.67722e-05
6.82196e-06
0.000415964
-9.87048e-06
0.000892166
-3.93609e-05
0.00114684
-7.01971e-05
0.00131708
-9.80427e-05
0.00143938
-0.000121415
0.00150997
-0.000139893
0.00152495
-0.00015384
0.00148934
-0.000164258
0.00141563
-0.000172467
0.00131954
-0.000179679
0.00121548
-0.000186688
0.00111332
-0.000193793
0.00101747
-0.000200944
0.0009282
-0.00020797
0.000843782
-0.000214745
0.000762297
-0.000221253
0.00068247
-0.000227569
0.000603738
-0.000233809
0.000525961
-0.000240092
0.000449134
-0.000246522
0.000373224
-0.00025318
0.000298133
-0.000260133
0.000223719
-0.000267444
0.000149824
-0.000275181
7.62713e-05
-0.000283404
2.85297e-06
-0.000292151
-7.07497e-05
-0.000301429
-0.00014466
-0.000311238
-0.000219094
-0.000321572
-0.00029425
-0.000332428
-0.000370335
-0.000343797
-0.000447574
-0.000355666
-0.000526222
-0.000367993
-0.000606569
-0.000380677
-0.000688916
-0.000393494
-0.000773493
-0.000406009
-0.000860305
-0.000417508
-0.000948881
-0.000427139
-0.00103804
-0.000434672
-0.00112616
-0.000442309
-0.00121306
-0.000456615
-0.00130509
-0.000486242
-0.00142132
-0.000529711
-0.00158814
-0.000559375
-0.00180203
-0.000526426
-0.00197319
-0.000399238
-0.00192487
-0.000207269
-0.00150675
-4.50038e-05
-0.000777977
-0.000111775
1.55631e-05
0.000400406
1.23586e-05
0.000895379
-5.55088e-06
0.00116476
-2.62719e-05
0.00133781
-4.54163e-05
0.00145853
-6.19022e-05
0.00152646
-7.55767e-05
0.00153863
-8.67421e-05
0.00150051
-9.60161e-05
0.00142491
-0.000104131
0.00132766
-0.000111703
0.00122306
-0.000119077
0.0011207
-0.000126334
0.00102474
-0.000133406
0.000935278
-0.000140204
0.000850588
-0.000146708
0.000768808
-0.00015297
0.000688741
-0.000159096
0.000609872
-0.000165202
0.000532077
-0.000171399
0.000455341
-0.000177778
0.000379614
-0.000184417
0.000304784
-0.000191381
0.000230696
-0.00019873
0.000157187
-0.000206538
8.40948e-05
-0.000214878
1.12081e-05
-0.000223806
-6.18084e-05
-0.000233326
-0.000135128
-0.000243428
-0.000208981
-0.000254101
-0.000283567
-0.000265337
-0.000359091
-0.000277126
-0.000435777
-0.000289457
-0.000513884
-0.000302301
-0.00059372
-0.000315589
-0.000675622
-0.000329169
-0.000759908
-0.000342728
-0.000846741
-0.000355709
-0.000935896
-0.000367283
-0.00102647
-0.000376691
-0.00111675
-0.000384527
-0.00120522
-0.000395143
-0.00129447
-0.000417456
-0.001399
-0.000456974
-0.00154862
-0.000497024
-0.00176198
-0.000491448
-0.00197876
-0.000395997
-0.00202031
-0.000221062
-0.00168169
-5.35653e-05
-0.000945471
-0.000165339
2.31907e-05
0.000377221
3.3809e-05
0.00088477
2.78788e-05
0.0011707
1.71002e-05
0.0013486
6.43319e-06
0.0014692
-3.37498e-06
0.00153628
-1.2433e-05
0.00154769
-2.09412e-05
0.00150903
-2.90954e-05
0.00143307
-3.70382e-05
0.00133561
-4.48125e-05
0.00123084
-5.23655e-05
0.00112826
-5.96036e-05
0.00103198
-6.64594e-05
0.000942142
-7.29332e-05
0.000857071
-7.90921e-05
0.000774976
-8.50475e-05
0.000694706
-9.09232e-05
0.000615758
-9.68349e-05
0.000538
-0.000102883
0.0004614
-0.000109153
0.000385896
-0.000115722
0.000311365
-0.000122655
0.000237643
-0.000130012
0.000164559
-0.000137866
9.19653e-05
-0.000146302
1.96624e-05
-0.000155401
-5.26932e-05
-0.000165167
-0.000125348
-0.000175583
-0.000198554
-0.000186631
-0.000272508
-0.000198305
-0.000347407
-0.000210596
-0.000423477
-0.000223491
-0.000500982
-0.000236964
-0.000580239
-0.000250964
-0.000661615
-0.000265379
-0.000745488
-0.000279979
-0.000832136
-0.000294343
-0.000921529
-0.000307779
-0.00101303
-0.000319415
-0.00110511
-0.000328924
-0.00119571
-0.000338577
-0.00128481
-0.000355744
-0.00138183
-0.000389572
-0.0015148
-0.000433772
-0.00171777
-0.000449137
-0.0019634
-0.000383571
-0.00208588
-0.000229233
-0.00183602
-6.166e-05
-0.00111304
-0.000226998
2.94631e-05
0.000347764
5.3749e-05
0.000860494
6.03541e-05
0.0011641
5.9538e-05
0.00134942
5.71379e-05
0.00147161
5.38765e-05
0.00153954
4.9415e-05
0.00155216
4.36313e-05
0.00151482
3.67217e-05
0.00143999
2.91067e-05
0.00134323
2.12891e-05
0.00123867
1.37016e-05
0.00113586
6.60335e-06
0.00103909
5.96397e-08
0.000948694
-6.0097e-06
0.000863149
-1.17534e-05
0.000780729
-1.73315e-05
0.000700294
-2.28852e-05
0.000621322
-2.85294e-05
0.000543655
-3.43593e-05
0.000467242
-4.04585e-05
0.000392009
-4.69044e-05
0.000317826
-5.37698e-05
0.000244524
-6.11194e-05
0.000171926
-6.90176e-05
9.98822e-05
-7.75411e-05
2.82059e-05
-8.67904e-05
-4.34256e-05
-9.6785e-05
-0.000115338
-0.00010751
-0.000187815
-0.000118952
-0.000261054
-0.000131108
-0.000335241
-0.000143972
-0.000410604
-0.000157527
-0.000487419
-0.000171747
-0.000566012
-0.000186588
-0.000646768
-0.000201959
-0.000730111
-0.000217685
-0.000816406
-0.000233439
-0.00090577
-0.000248677
-0.000997783
-0.000262612
-0.00109117
-0.000274535
-0.00118378
-0.00028523
-0.00127412
-0.000299854
-0.00136721
-0.000328341
-0.00148631
-0.000372613
-0.0016735
-0.000402973
-0.00193304
-0.000364227
-0.00212462
-0.000232273
-0.00196797
-6.87998e-05
-0.00127651
-0.000295797
3.4203e-05
0.000313567
7.15694e-05
0.000823136
9.12067e-05
0.00114447
0.000100578
0.00134005
0.000106389
0.0014658
0.000109688
0.00153625
0.000109957
0.00155189
0.000107103
0.00151768
0.000101663
0.00144543
9.45759e-05
0.00135032
8.68615e-05
0.00124639
7.93309e-05
0.00114339
7.24275e-05
0.001046
6.62406e-05
0.000954889
6.06309e-05
0.000868767
5.53738e-05
0.000785995
5.02566e-05
0.00070542
4.51149e-05
0.000626474
3.98282e-05
0.000548953
3.43012e-05
0.000472781
2.8449e-05
0.000397874
2.21889e-05
0.0003241
1.54394e-05
0.000251289
8.12473e-06
0.000179258
1.77996e-07
0.000107848
-8.45395e-06
3.68591e-05
-1.78363e-05
-3.40232e-05
-2.80205e-05
-0.000105137
-3.90272e-05
-0.000176794
-5.08612e-05
-0.000249208
-6.35249e-05
-0.000322566
-7.70143e-05
-0.000397105
-9.13128e-05
-0.000473112
-0.000106392
-0.000550924
-0.000122207
-0.000630946
-0.000138677
-0.000713634
-0.000155659
-0.000799419
-0.000172895
-0.000888528
-0.000189959
-0.000980714
-0.000206204
-0.00107492
-0.000220866
-0.00116912
-0.000233879
-0.0012611
-0.000248327
-0.00135276
-0.000273045
-0.00146159
-0.000315306
-0.00163124
-0.000355713
-0.00189263
-0.000340192
-0.00214014
-0.000231019
-0.00207714
-7.47154e-05
-0.00143281
-0.000370511
3.73037e-05
0.000276269
8.6733e-05
0.000773716
0.000119777
0.00111144
0.000139758
0.00132008
0.000153862
0.0014517
0.000163827
0.00152629
0.000169096
0.00154663
0.000169533
0.00151724
0.00016592
0.00144905
0.000159641
0.00135661
0.000152203
0.00125383
0.000144809
0.00115079
0.000138124
0.00105269
0.000132305
0.000960715
0.000127184
0.000873897
0.000122469
0.000790718
0.000117891
0.000710007
0.000113252
0.000631123
0.000108414
0.000553801
0.000103276
0.00047793
9.77465e-05
0.000403415
9.17371e-05
0.000330122
8.51584e-05
0.000257881
7.79297e-05
0.000186502
7.00004e-05
0.000115795
6.13346e-05
4.55433e-05
5.18737e-05
-2.45441e-05
4.1519e-05
-9.47658e-05
3.02213e-05
-0.000165482
1.79585e-05
-0.000236932
4.72784e-06
-0.000309323
-9.46204e-06
-0.000382905
-2.45944e-05
-0.00045797
-4.06406e-05
-0.00053487
-5.7555e-05
-0.000614025
-7.52654e-05
-0.000695917
-9.365e-05
-0.000781028
-0.000112505
-0.000869668
-0.000131495
-0.00096172
-0.000150105
-0.00105631
-0.000167661
-0.00115156
-0.000183732
-0.00124503
-0.000199853
-0.00133663
-0.000222866
-0.00143857
-0.000262615
-0.00159148
-0.000309337
-0.0018459
-0.000313433
-0.00213605
-0.000226486
-0.00216409
-7.93938e-05
-0.0015799
-0.000449904
3.87526e-05
0.000237521
9.87649e-05
0.000713713
0.000145347
0.00106486
0.000176521
0.00128891
0.000199181
0.00142905
0.000216008
0.00150947
0.00022664
0.00153601
0.000230855
0.00151303
0.000229552
0.00145036
0.000224461
0.00136171
0.000217531
0.00126077
0.000210366
0.00115797
0.00020391
0.00105915
0.00019845
0.000966182
0.000193829
0.000878526
0.000189707
0.000794848
0.000185756
0.000713967
0.000181727
0.000635161
0.000177453
0.000558084
0.000172817
0.000482577
0.000167719
0.000408523
0.000162067
0.000335786
0.000155766
0.000264194
0.000148731
0.00019355
0.000140903
0.000123636
0.000132242
5.42196e-05
0.0001227
-1.49865e-05
0.00011217
-8.42221e-05
0.000100574
-0.000153872
8.78648e-05
-0.000224212
7.40302e-05
-0.000295478
5.907e-05
-0.000367935
4.30008e-05
-0.000441892
2.58565e-05
-0.000517718
7.69129e-06
-0.000595852
-1.14188e-05
-0.000676801
-3.13696e-05
-0.000761071
-5.20024e-05
-0.00084903
-7.3061e-05
-0.000940656
-9.41508e-05
-0.00103521
-0.000114731
-0.00113097
-0.00013429
-0.00122546
-0.000153397
-0.00131752
-0.000176773
-0.00141519
-0.000214604
-0.00155365
-0.000265116
-0.00179539
-0.000285547
-0.00211561
-0.000219731
-0.0022299
-8.30444e-05
-0.00171658
-0.000532947
3.86346e-05
0.000198893
0.000107274
0.000645082
0.000167132
0.00100501
0.000210162
0.00124589
0.000241855
0.00139736
0.000265849
0.00148548
0.000282279
0.00151958
0.000290865
0.00150445
0.000292488
0.00144874
0.000289089
0.00136511
0.000282992
0.00126687
0.000276204
0.00116476
0.000270004
0.00106536
0.000264879
0.000971314
0.000260746
0.000882666
0.00025725
0.000798351
0.000254002
0.000717222
0.000250692
0.000638479
0.000247107
0.000561678
0.0002431
0.000486593
0.000238558
0.000413075
0.000233379
0.000340975
0.000227464
0.000270119
0.000220725
0.0002003
0.000213087
0.000131286
0.00020449
6.28302e-05
0.000194872
-5.35546e-06
0.000184145
-7.34829e-05
0.000172222
-0.000141939
0.00015904
-0.000211019
0.000144569
-0.000280998
0.000128802
-0.00035216
0.000111749
-0.000424832
9.344e-05
-0.000499401
7.39222e-05
-0.000576328
5.32651e-05
-0.000656137
3.15644e-05
-0.000739365
8.95805e-06
-0.000826418
-1.43573e-05
-0.000917336
-3.80991e-05
-0.00101147
-6.18654e-05
-0.0011072
-8.52063e-05
-0.00120212
-0.000108194
-0.00129453
-0.00013374
-0.00138964
-0.000170895
-0.00151649
-0.000223736
-0.00174254
-0.000257735
-0.00208161
-0.000211751
-0.00227589
-8.60362e-05
-0.0018423
-0.000618982
3.71273e-05
0.00016177
0.000111991
0.000570227
0.000184315
0.000932692
0.00023979
0.00119042
0.000281214
0.00135594
0.000312824
0.00145387
0.000335547
0.00149686
0.000349179
0.00149083
0.000354475
0.00144345
0.000353431
0.00136616
0.000348636
0.00127167
0.000342479
0.00117092
0.000336615
0.00107123
0.000331816
0.000976119
0.000328147
0.000886342
0.000325284
0.00080122
0.000322797
0.000719717
0.000320307
0.000640976
0.000317538
0.000564455
0.000314298
0.000489841
0.000310446
0.000416935
0.000305866
0.000345565
0.00030045
0.000275544
0.000294102
0.000206659
0.00028673
0.000138669
0.000278256
7.13144e-05
0.000268605
4.30716e-06
0.000257699
-6.25669e-05
0.000245448
-0.000129679
0.000231776
-0.000197338
0.00021664
-0.000265855
0.000200023
-0.000335536
0.000181928
-0.00040673
0.000162379
-0.000479847
0.000141423
-0.000555366
0.000119122
-0.00063383
9.55503e-05
-0.000715789
7.08034e-05
-0.000801667
4.50121e-05
-0.000891541
1.83799e-05
-0.000984831
-8.79851e-06
-0.00108002
-3.61888e-05
-0.00117472
-6.36802e-05
-0.00126704
-9.28632e-05
-0.00136045
-0.000130879
-0.00147847
-0.000185439
-0.00168798
-0.000230818
-0.00203623
-0.000203409
-0.00230329
-8.88313e-05
-0.00195687
-0.000707812
3.44906e-05
0.000127285
0.00011281
0.000491915
0.000196112
0.000849396
0.000264339
0.0011222
0.000316348
0.00130394
0.000356215
0.00141401
0.000385793
0.00146729
0.000405198
0.00147142
0.000415033
0.00143362
0.000417181
0.00136401
0.000414352
0.0012745
0.000409252
0.00117603
0.000403928
0.00107656
0.000399506
0.000980548
0.000396285
0.000889568
0.000394044
0.000803467
0.000392347
0.00072142
0.000390755
0.000642574
0.000388919
0.000566299
0.000386583
0.000492184
0.000383563
0.000419962
0.000379717
0.000349419
0.000374922
0.000280347
0.000369067
0.000212522
0.000362049
0.000145695
0.000353774
7.95984e-05
0.000344149
1.39407e-05
0.000333104
-5.15134e-05
0.000320542
-0.000117109
0.000306381
-0.00018317
0.000290568
-0.000250035
0.000273076
-0.000318037
0.0002539
-0.000387548
0.000233057
-0.000458999
0.000210586
-0.000532891
0.000186537
-0.000609776
0.000160962
-0.000690209
0.000133915
-0.000774616
0.000105462
-0.000863084
7.57048e-05
-0.00095507
4.4817e-05
-0.00104913
1.30536e-05
-0.00114296
-1.94209e-05
-0.00123456
-5.33845e-05
-0.00132649
-9.38504e-05
-0.00143801
-0.000150153
-0.00163168
-0.000205266
-0.00198112
-0.000195388
-0.00231317
-9.19228e-05
-0.00206033
-0.000799734
3.10367e-05
9.62519e-05
0.000109839
0.000413121
0.000201872
0.000757369
0.000282616
0.00104146
0.000346074
0.00124049
0.000395045
0.00136504
0.000432148
0.00143019
0.000458085
0.00144549
0.000473408
0.0014183
0.000479763
0.00135766
0.0004798
0.00127447
0.000476423
0.00117941
0.000472042
0.00108094
0.000468177
0.000984418
0.00046545
0.000892301
0.000463824
0.000805098
0.000462922
0.000722327
0.000462274
0.000643228
0.00046146
0.000567119
0.000460151
0.0004935
0.000458103
0.000422016
0.000455131
0.000352396
0.000451088
0.000284397
0.000445843
0.000217773
0.00043928
0.000152265
0.00043129
8.75953e-05
0.000421769
2.3469e-05
0.000410641
-4.03783e-05
0.000397804
-0.000104266
0.000383176
-0.000168537
0.000366695
-0.000233549
0.000348325
-0.000299662
0.000328052
-0.00036727
0.000305885
-0.000436828
0.000281848
-0.00050885
0.00025597
-0.000583895
0.000228272
-0.000662508
0.000198757
-0.000745098
0.000167419
-0.000831743
0.000134266
-0.000921914
9.93639e-05
-0.00101423
6.28709e-05
-0.00110646
2.4957e-05
-0.00119664
-1.46797e-05
-0.00128685
-5.90952e-05
-0.00139359
-0.00011759
-0.00157318
-0.000181245
-0.00191746
-0.000188151
-0.00230626
-9.5786e-05
-0.0021527
-0.00089552
2.70959e-05
6.91607e-05
0.000103429
0.000336795
0.000201205
0.000659598
0.000293436
0.00094923
0.000368948
0.00116498
0.000428022
0.00130597
0.000473474
0.00138474
0.000506746
0.00141222
0.00052855
0.0013965
0.000540269
0.00134595
0.000544322
0.00127042
0.000543634
0.0011801
0.000540883
0.0010837
0.000537984
0.000987321
0.000535938
0.000894352
0.000534984
0.000806057
0.000534886
0.000722431
0.0005352
0.000642919
0.000535461
0.000566864
0.000535268
0.000493697
0.00053431
0.00042298
0.000532345
0.000354366
0.000529186
0.000287562
0.000524676
0.000222288
0.00051868
0.000158267
0.000511076
9.52052e-05
0.000501748
3.28025e-05
0.000490611
-2.92363e-05
0.000477561
-9.12106e-05
0.000462513
-0.000153484
0.0004454
-0.000216431
0.000426176
-0.000280434
0.00040482
-0.00034591
0.000381324
-0.000413329
0.000355693
-0.000483215
0.000327923
-0.000556122
0.00029799
-0.000632572
0.000265837
-0.000712943
0.000231375
-0.000797279
0.000194514
-0.000885051
0.000155219
-0.000974928
0.00011358
-0.00106482
6.97935e-05
-0.00115286
2.38185e-05
-0.00124087
-2.59365e-05
-0.00134383
-8.73174e-05
-0.0015118
-0.000158638
-0.00184614
-0.000181904
-0.00228299
-0.000100825
-0.00223378
-0.000996344
2.29734e-05
4.61902e-05
9.41852e-05
0.00026559
0.000194114
0.000559674
0.000295799
0.000847549
0.000383373
0.00107741
0.000453515
0.00123583
0.0005083
0.00132996
0.000549792
0.00137073
0.000579091
0.0013672
0.000597422
0.00132762
0.00060686
0.00126099
0.000610153
0.00117681
0.000610086
0.00108377
0.000608893
0.000988518
0.00060797
0.000895279
0.000607905
0.000806126
0.000608692
0.000721648
0.000609994
0.000641621
0.000611355
0.000565506
0.000612331
0.000492726
0.000612543
0.000422772
0.000611689
0.000355225
0.00060953
0.000289724
0.000605876
0.000225947
0.000600564
0.000163582
0.000593455
0.000102318
0.000584424
4.1838e-05
0.000573372
-1.81809e-05
0.000560194
-7.80287e-05
0.000544802
-0.00013809
0.000527124
-0.00019875
0.000507104
-0.000260412
0.000484706
-0.00032351
0.000459903
-0.000388524
0.000432666
-0.000455976
0.000402948
-0.000526402
0.000370665
-0.000600287
0.000335684
-0.00067796
0.000297828
-0.000759421
0.000256908
-0.000844129
0.000212793
-0.000930812
0.000165518
-0.00101755
0.000115348
-0.00110268
6.25402e-05
-0.00118806
6.33931e-06
-0.00128763
-5.88153e-05
-0.00144664
-0.000137081
-0.00176787
-0.000176549
-0.00224353
-0.000107319
-0.00230301
-0.00110366
1.89271e-05
2.72669e-05
8.29337e-05
0.00020159
0.000181099
0.000461513
0.000289125
0.000739526
0.000387792
0.000978741
0.000469603
0.00115403
0.000534776
0.00126479
0.000585486
0.00132003
0.000623328
0.00132937
0.000649556
0.0013014
0.0006659
0.00124465
0.000674766
0.00116795
0.000678837
0.0010797
0.000680516
0.000986842
0.000681541
0.000894258
0.000682872
0.000804798
0.000684813
0.00071971
0.000687224
0.000639214
0.000689737
0.000562997
0.000691914
0.000490552
0.000693341
0.000421348
0.000693664
0.000354905
0.000692592
0.000290799
0.000689892
0.000228651
0.000685371
0.000168106
0.000678869
0.000108822
0.000670245
5.04644e-05
0.000659387
-7.3203e-06
0.000646187
-6.48268e-05
0.000630553
-0.000122454
0.000612403
-0.000180597
0.000591668
-0.000239675
0.000568291
-0.000300132
0.000542214
-0.000362446
0.000513363
-0.000427124
0.00048163
-0.000494668
0.000446857
-0.000565514
0.000408825
-0.000639927
0.000367259
-0.000717854
0.000321872
-0.000798741
0.000272454
-0.000881393
0.000219013
-0.000964103
0.00016191
-0.00104558
0.00010176
-0.00112791
3.84573e-05
-0.00122432
-3.15298e-05
-0.00137665
-0.00011598
-0.00168342
-0.000171634
-0.00218787
-0.00011535
-0.00235929
-0.00121901
1.51599e-05
1.21088e-05
7.06375e-05
0.000146117
0.000163188
0.000368967
0.000273464
0.000629253
0.000380972
0.000871236
0.000474246
0.00106075
0.000550671
0.00118837
0.000611687
0.00125901
0.000659186
0.00128187
0.000694611
0.00126597
0.000719454
0.0012198
0.0007357
0.00115171
0.000745732
0.00106967
0.000751918
0.000980658
0.000756199
0.000889979
0.000759869
0.00080113
0.000763573
0.000716008
0.000767444
0.000635345
0.00077129
0.000559154
0.000774758
0.000487087
0.000777451
0.000418658
0.000778995
0.000353364
0.000779065
0.000290732
0.00077739
0.000230328
0.000773745
0.000171752
0.000767947
0.000114623
0.000759837
5.85754e-05
0.000749281
3.23661e-06
0.000736174
-5.1719e-05
0.000720409
-0.000106688
0.000701888
-0.000162076
0.000680524
-0.00021831
0.000656228
-0.000275835
0.000628897
-0.000335114
0.000598396
-0.000396623
0.000564544
-0.000460816
0.000527093
-0.000528063
0.000485726
-0.00059856
0.00044007
-0.000672198
0.000389749
-0.00074842
0.000334495
-0.000826139
0.000274327
-0.000903936
0.00020975
-0.000981004
0.000141745
-0.00105991
7.09604e-05
-0.00115354
-4.74891e-06
-0.00130095
-9.4539e-05
-0.00159363
-0.000166301
-0.00211611
-0.000124725
-0.00240087
-0.00134374
1.18413e-05
2.70285e-07
5.828e-05
9.96827e-05
0.000141853
0.000285396
0.000249623
0.000521486
0.000362303
0.000758557
0.000465575
0.000957482
0.000553508
0.00110044
0.000625832
0.00118669
0.000684176
0.00122353
0.000730128
0.00122002
0.000765077
0.00118486
0.000790612
0.00112617
0.000808688
0.0010516
0.000821432
0.000967917
0.000830793
0.00088062
0.000838278
0.000793647
0.00084484
0.000709449
0.000850918
0.000629268
0.000856568
0.000553506
0.000861603
0.000482053
0.000865717
0.000414544
0.000868574
0.000350508
0.000869849
0.000289457
0.000869257
0.000230921
0.000866554
0.000174456
0.000861532
0.000119644
0.000854019
6.60885e-05
0.00084386
1.33954e-05
0.000830941
-3.87996e-05
0.000815134
-9.08813e-05
0.000796321
-0.000143263
0.000774381
-0.000196371
0.000749182
-0.000250637
0.000720561
-0.000306494
0.000688311
-0.000364374
0.000652161
-0.000424666
0.000611766
-0.000487668
0.000566704
-0.0005535
0.000516508
-0.000622003
0.000460728
-0.000692641
0.000399075
-0.000764487
0.000331634
-0.000836496
0.000259111
-0.000908481
0.000182886
-0.000983683
0.000104344
-0.001075
2.2417e-05
-0.00121902
-7.18371e-05
-0.00149938
-0.000159249
-0.0020287
-0.000134865
-0.00242525
-0.0014786
9.14817e-06
-8.87707e-06
4.67331e-05
6.21012e-05
0.000118774
0.000213358
0.000219085
0.000421177
0.000332006
0.000645638
0.000442244
0.000847245
0.000540838
0.00100184
0.000625038
0.00110249
0.00069538
0.00115318
0.000753237
0.00116217
0.000799896
0.0011382
0.000836631
0.00108944
0.000864943
0.00102329
0.000886564
0.000946297
0.000903258
0.000863928
0.000916566
0.00078034
0.000927642
0.000698374
0.000937202
0.000619709
0.000945575
0.000545133
0.000952804
0.000474825
0.000958748
0.000408601
0.000963174
0.000346083
0.000965817
0.000286815
0.000966416
0.000230322
0.000964731
0.00017614
0.000960552
0.000123823
0.000953693
7.2946e-05
0.000943988
2.30991e-05
0.000931301
-2.61132e-05
0.000915482
-7.50637e-05
0.000896383
-0.000124166
0.00087384
-0.00017383
0.000847662
-0.000224461
0.000817618
-0.000276452
0.000783415
-0.000330172
0.000744686
-0.000385939
0.000700983
-0.000443967
0.000651787
-0.000504305
0.000596544
-0.000566762
0.000534764
-0.000630862
0.000466182
-0.000695907
0.000391013
-0.000761329
0.000310226
-0.000827696
0.000225632
-0.000899091
0.000139281
-0.000988648
5.10678e-05
-0.00113081
-4.67734e-05
-0.00140154
-0.000148626
-0.00192684
-0.000144684
-0.00242919
-0.00162329
7.1762e-06
-1.60517e-05
3.65325e-05
3.27467e-05
9.53887e-05
0.000154503
0.000183627
0.00033294
0.000291061
0.000538205
0.0004037
0.000734607
0.000510635
0.00089491
0.000606384
0.00100674
0.000689567
0.00107
0.000760678
0.00109106
0.000820649
0.00107823
0.000870444
0.00103964
0.00091114
0.000982591
0.000944024
0.000913413
0.000970527
0.000837426
0.00099205
0.000758818
0.00100979
0.00068063
0.00102466
0.000604846
0.00103721
0.000532579
0.00104774
0.000464294
0.00105632
0.000400019
0.00106289
0.000339519
0.00106728
0.000282418
0.00106933
0.000228277
0.00106883
0.00017664
0.00106559
0.000127058
0.00105944
7.9094e-05
0.00105021
3.23317e-05
0.00103773
-1.36406e-05
0.00102184
-5.91795e-05
0.00100236
-0.000104686
0.00097907
-0.00015054
0.000951714
-0.000197107
0.000919984
-0.000244724
0.000883502
-0.000293692
0.000841805
-0.000344244
0.00079435
-0.000396515
0.000740533
-0.00045049
0.000679747
-0.000505978
0.000611501
-0.000562619
0.000535619
-0.000620027
0.00045251
-0.000678221
0.000363449
-0.000738637
0.000270673
-0.000806317
0.000176794
-0.000894772
8.25587e-05
-0.00103657
-1.80931e-05
-0.00130089
-0.000131982
-0.00181296
-0.000152487
-0.00240869
-0.00177578
5.71801e-06
-2.17697e-05
2.7365e-05
1.11008e-05
7.20466e-05
0.000109822
0.000144447
0.00026054
0.000240683
0.000441969
0.000350152
0.000625139
0.00046164
0.000783423
0.000567357
0.000901025
0.000663508
0.000973852
0.000748954
0.00100561
0.000823759
0.00100342
0.000888385
0.000975019
0.000943475
0.000927501
0.000989876
0.000867013
0.00102863
0.000798675
0.00106087
0.000726575
0.00108771
0.000653791
0.00111009
0.000582461
0.00112875
0.000513919
0.00114418
0.000448864
0.00115667
0.000387531
0.00116634
0.000329847
0.00117321
0.00027555
0.0011772
0.000224277
0.00117823
0.000175614
0.00117615
0.000129138
0.00117081
8.44264e-05
0.00116206
4.10755e-05
0.00114974
-1.31703e-06
0.00113366
-4.3101e-05
0.0011136
-8.46292e-05
0.0010893
-0.000126243
0.00106044
-0.000168256
0.00102666
-0.000210941
0.000987478
-0.000254518
0.000942368
-0.000299138
0.000890711
-0.000344861
0.000831856
-0.000391638
0.000765192
-0.000439318
0.000690294
-0.000487725
0.000607138
-0.000536873
0.000516367
-0.000587454
0.000419557
-0.000641831
0.00031928
-0.000706042
0.000218543
-0.000794038
0.000118779
-0.000936812
1.55309e-05
-0.00119764
-0.00010652
-0.00169091
-0.000156063
-0.00235915
-0.00193184
3.77338e-06
-2.55426e-05
1.70438e-05
-2.16983e-06
4.66205e-05
8.02452e-05
0.00010067
0.000206491
0.000181143
0.000361496
0.000282009
0.000524272
0.000393426
0.000672006
0.000506313
0.000788138
0.000614514
0.000865651
0.000714736
0.000905389
0.000805569
0.000912592
0.000886583
0.000894004
0.000957844
0.000856239
0.00101974
0.000805119
0.00107291
0.000745505
0.00111818
0.000681299
0.00115648
0.000615493
0.00118869
0.00055025
0.0012156
0.000487012
0.00123783
0.000426631
0.00125585
0.000369511
0.00126996
0.00031573
0.00128035
0.000265154
0.00128711
0.000217517
0.00129024
0.000172479
0.00128971
0.000129671
0.00128542
8.87143e-05
0.00127725
4.92383e-05
0.00126505
1.08833e-05
0.00124863
-2.66914e-05
0.00122777
-6.37685e-05
0.00120216
-0.000100641
0.00117146
-0.000137557
0.00113523
-0.000174717
0.00109297
-0.000212262
0.0010441
-0.000250268
0.000987977
-0.000288744
0.000923977
-0.000327642
0.000851565
-0.00036691
0.000770461
-0.000406625
0.000680842
-0.000447258
0.000583579
-0.000490195
0.000480441
-0.000538697
0.000374109
-0.000599714
0.00026766
-0.000687594
0.000162856
-0.000832012
5.62334e-05
-0.00109102
-6.96146e-05
-0.00156506
-0.000152688
-0.00227608
-0.00208453
-1.2062e-06
-2.43371e-05
2.7871e-07
-3.65578e-06
1.30243e-05
6.74987e-05
4.76477e-05
0.000171867
0.00011017
0.000298973
0.000198764
0.000435677
0.000305989
0.000564781
0.000422701
0.000671426
0.00054103
0.000747322
0.000655502
0.000790915
0.00076284
0.000805253
0.000861297
0.000795546
0.000950085
0.000767451
0.00102902
0.000726188
0.00109831
0.000676207
0.00115848
0.000621125
0.00121022
0.000563755
0.00125429
0.000506182
0.00129144
0.000449858
0.00132236
0.000395709
0.00134762
0.000344246
0.00136768
0.000295671
0.00138286
0.000249967
0.0013934
0.000206972
0.00139944
0.000166439
0.00140104
0.000128072
0.00139819
9.15587e-05
0.00139084
5.65876e-05
0.00137886
2.28596e-05
0.00136209
-9.92397e-06
0.00134031
-4.19933e-05
0.00131322
-7.35632e-05
0.00128048
-0.000104815
0.00124164
-0.00013588
0.0011962
-0.000166832
0.00114363
-0.000197701
0.00108336
-0.000228479
0.00101489
-0.00025917
0.000937845
-0.000289874
0.000852165
-0.00032095
0.000758226
-0.000353323
0.000657031
-0.000389005
0.000550326
-0.000431997
0.000440559
-0.000489953
0.00033039
-0.00057743
0.000221173
-0.000722799
0.000109524
-0.000979376
-1.8264e-05
-0.00143728
-0.000137728
-0.00215661
-0.00222226
-1.39371e-05
-1.04004e-05
-3.18625e-05
1.42676e-05
-3.87641e-05
7.43985e-05
-2.31474e-05
0.000156249
2.20603e-05
0.000253764
9.79153e-05
0.000359821
0.000199015
0.00046368
0.000316914
0.000553526
0.000443031
0.000621204
0.000570262
0.000663682
0.000693524
0.00068199
0.000809545
0.000679524
0.000916429
0.000660566
0.00101324
0.000629373
0.0010997
0.000589746
0.00117597
0.00054486
0.00124248
0.000497243
0.00129984
0.000448812
0.00134875
0.000400949
0.00138987
0.000354582
0.00142384
0.000310274
0.0014512
0.00026831
0.0014724
0.000228768
0.00148778
0.000191584
0.00149761
0.000156602
0.00150207
0.000123613
0.00150124
9.2384e-05
0.00149515
6.26753e-05
0.00148374
3.42599e-05
0.00146689
6.921e-06
0.00144444
-1.95445e-05
0.00141614
-4.52667e-05
0.00138169
-7.0368e-05
0.00134073
-9.49279e-05
0.00129288
-0.000118989
0.00123774
-0.000142568
0.00117495
-0.00016569
0.00110422
-0.000188444
0.00102543
-0.000211091
0.000938718
-0.000234241
0.000844552
-0.000259163
0.00074384
-0.000288298
0.000637964
-0.000326127
0.000528729
-0.000380724
0.000417922
-0.000466628
0.000305841
-0.000610723
0.000188059
-0.000861598
5.34281e-05
-0.00130265
-0.000100966
-0.00200222
-0.00232322
-4.10594e-05
3.0658e-05
-8.99492e-05
6.31552e-05
-0.000120368
0.000104815
-0.000122043
0.000157922
-9.03057e-05
0.000222025
-2.45252e-05
0.000294039
7.14676e-05
0.000367685
0.000189928
0.000435064
0.000322053
0.000489077
0.00046004
0.000525693
0.000597548
0.00054448
0.000729977
0.000547093
0.000854294
0.000536246
0.000968717
0.000514948
0.00107236
0.000486098
0.00116497
0.000452248
0.00124671
0.000415504
0.001318
0.000377519
0.00137942
0.000339523
0.00143162
0.000302382
0.00147523
0.000266661
0.00151085
0.000232685
0.00153902
0.000200597
0.00156019
0.000170414
0.00157472
0.000142064
0.00158291
0.000115421
0.00158496
9.03306e-05
0.001581
6.66282e-05
0.0015711
4.41562e-05
0.00155525
2.27718e-05
0.00153334
2.35742e-06
0.00150525
-1.71863e-05
0.00147085
-3.59669e-05
0.00142996
-5.40428e-05
0.00138241
-7.14495e-05
0.00132807
-8.82253e-05
0.00126682
-0.000104444
0.00119864
-0.000120273
0.00112362
-0.00013608
0.00104198
-0.0001526
0.000954037
-0.000171228
0.000860251
-0.000194518
0.000761147
-0.000227029
0.000657278
-0.00027686
0.000548966
-0.000358323
0.000435194
-0.000496956
0.000310273
-0.000736682
0.00015849
-0.00115087
-2.81742e-05
-0.00181556
-0.0023514
-8.9177e-05
0.000119834
-0.000180805
0.00015478
-0.00023648
0.000160487
-0.000252631
0.000174071
-0.000229579
0.00019897
-0.000169048
0.000233505
-7.55109e-05
0.000274145
4.41773e-05
0.000315372
0.000181511
0.00035174
0.000328188
0.000379013
0.000477422
0.000395244
0.000623765
0.000400747
0.000763334
0.000396673
0.000893603
0.000384676
0.00101309
0.000366608
0.00112109
0.000344242
0.00121746
0.000319134
0.00130241
0.000292566
0.00137639
0.000265534
0.00144
0.000238775
0.00149386
0.000212798
0.00153861
0.000187928
0.00157486
0.000164342
0.00160316
0.000142113
0.00162399
0.000121233
0.00163775
0.000101649
0.0016448
8.32769e-05
0.00164541
6.60183e-05
0.00163979
4.97741e-05
0.0016281
3.44529e-05
0.00161048
1.99702e-05
0.00158701
6.28019e-06
0.00155766
-6.62074e-06
0.00152245
-1.88366e-05
0.00148147
-3.04707e-05
0.00143481
-4.15758e-05
0.0013826
-5.22381e-05
0.00132497
-6.26443e-05
0.00126204
-7.31593e-05
0.00119391
-8.44693e-05
0.00112051
-9.78321e-05
0.0010415
-0.00011552
0.000956069
-0.000141601
0.000862617
-0.000183413
0.000758446
-0.000254157
0.000639159
-0.000377674
0.000496912
-0.000594438
0.000312611
-0.000966574
8.50672e-05
-0.00158802
-0.00226633
-0.000158463
0.000278296
-0.000289061
0.000285376
-0.000356132
0.000227556
-0.000376326
0.000194263
-0.000355934
0.000178575
-0.000297852
0.000175419
-0.000206528
0.000182817
-8.83464e-05
0.000197186
4.99525e-05
0.000213436
0.000200819
0.000228142
0.000356845
0.000239213
0.000512331
0.000245257
0.000662976
0.000246024
0.0008057
0.000241949
0.000938503
0.0002338
0.00106025
0.000222488
0.00117046
0.00020892
0.00126911
0.000193915
0.00135649
0.000178156
0.00143308
0.000162181
0.00149948
0.00014639
0.00155634
0.000131061
0.00160431
0.000116372
0.001644
0.000102422
0.00167597
8.92541e-05
0.00170075
7.6869e-05
0.00171878
6.52419e-05
0.00173046
5.43327e-05
0.00173613
4.40946e-05
0.0017361
3.448e-05
0.00173063
2.54423e-05
0.00171997
1.69324e-05
0.00170443
8.91504e-06
0.00168417
1.41766e-06
0.00165927
-5.57158e-06
0.00162985
-1.21613e-05
0.00159607
-1.84676e-05
0.00155807
-2.46414e-05
0.00151585
-3.09512e-05
0.00146928
-3.78948e-05
0.00141782
-4.63797e-05
0.00136034
-5.80433e-05
0.00129456
-7.58298e-05
0.00121624
-0.000105093
0.00111773
-0.000155651
0.000985903
-0.000245851
0.000801537
-0.000410076
0.00054351
-0.00070855
0.000230714
-0.00127523
-0.00203562
-0.000222866
0.00050116
-0.000281815
0.000344323
-0.000266056
0.000211795
-0.000235439
0.000163643
-0.000190346
0.000133479
-0.000125043
0.000110113
-3.80543e-05
9.58242e-05
6.97679e-05
8.936e-05
0.000195037
8.81632e-05
0.000333274
8.99014e-05
0.000479696
9.27886e-05
0.000629463
9.54861e-05
0.000778398
9.70866e-05
0.000923189
9.7155e-05
0.00106139
9.55945e-05
0.00119134
9.25362e-05
0.00131202
8.82391e-05
0.00142292
8.30096e-05
0.00152392
7.71491e-05
0.00161518
7.09244e-05
0.00169701
6.45548e-05
0.00176986
5.82088e-05
0.00183422
5.20088e-05
0.0018906
4.60371e-05
0.0019395
4.03445e-05
0.00198141
3.4958e-05
0.00201676
2.98872e-05
0.00204596
2.51304e-05
0.00206937
2.06786e-05
0.00208733
1.65195e-05
0.00210013
1.26386e-05
0.00210804
9.02019e-06
0.0021113
5.65011e-06
0.0021102
2.5111e-06
0.00210503
-4.0385e-07
0.00209597
-3.10414e-06
0.00208314
-5.63715e-06
0.00206658
-8.08641e-06
0.00204622
-1.05941e-05
0.00202174
-1.3413e-05
0.00199235
-1.69927e-05
0.00195643
-2.21253e-05
0.0019108
-3.02013e-05
0.00184934
-4.36408e-05
0.00176045
-6.67653e-05
0.00162183
-0.000107233
0.00139455
-0.000182797
0.00102187
-0.000335872
0.000492035
-0.000745395
-0.00154358
0.00050116
0.000845482
0.00105728
0.00122092
0.0013544
0.00146451
0.00156033
0.00164969
0.00173786
0.00182776
0.00192055
0.00201603
0.00211312
0.00221027
0.00230587
0.0023984
0.00248664
0.00256965
0.0026468
0.00271772
0.00278227
0.00284048
0.00289249
0.00293853
0.00297887
0.00301383
0.00304371
0.00306884
0.00308952
0.00310604
0.00311868
0.0031277
0.00313335
0.00313586
0.00313545
0.00313235
0.00312671
0.00311862
0.00310803
0.00309461
0.00307762
0.00305549
0.00302529
0.00298165
0.00291488
0.00280765
0.00262485
0.00228898
0.00154358
)
;

boundaryField
{
    movingWall
    {
        type            calculated;
        value           uniform 0;
    }
    fixedWalls
    {
        type            calculated;
        value           uniform 0;
    }
    frontAndBack
    {
        type            empty;
        value           nonuniform 0();
    }
}


// ************************************************************************* //
