/*--------------------------------*- C++ -*----------------------------------*\
  =========                 |
  \\      /  F ield         | OpenFOAM: The Open Source CFD Toolbox
   \\    /   O peration     | Website:  https://openfoam.org
    \\  /    A nd           | Version:  7
     \\/     M anipulation  |
\*---------------------------------------------------------------------------*/
FoamFile
{
    version     2.0;
    format      ascii;
    class       volVectorField;
    location    "150";
    object      U;
}
// * * * * * * * * * * * * * * * * * * * * * * * * * * * * * * * * * * * * * //

dimensions      [0 1 -1 0 0 0 0];

internalField   nonuniform List<vector> 
2500
(
(0.000193207 -0.000227672 0)
(0.00186065 -0.000588778 0)
(0.00449457 -0.000707429 0)
(0.00718825 -0.000606589 0)
(0.00924603 -0.000423905 0)
(0.0104545 -0.000269076 0)
(0.0109206 -0.000193619 0)
(0.0108563 -0.000192312 0)
(0.0104051 -0.000226371 0)
(0.00955608 -0.00025082 0)
(0.00815426 -0.000231788 0)
(0.00596262 -0.00015052 0)
(0.00271943 2.16452e-06 0)
(-0.0018237 0.000231602 0)
(-0.00787643 0.000541278 0)
(-0.0155763 0.000935747 0)
(-0.0249505 0.00141619 0)
(-0.0358742 0.00197225 0)
(-0.0480342 0.00257166 0)
(-0.0609079 0.00315218 0)
(-0.0737687 0.00362297 0)
(-0.0857216 0.00387739 0)
(-0.0957714 0.00381393 0)
(-0.102921 0.00336239 0)
(-0.106282 0.00250972 0)
(-0.10515 0.00130774 0)
(-0.0991995 -0.000118366 0)
(-0.08847 -0.00160011 0)
(-0.073385 -0.00296264 0)
(-0.0547577 -0.00403557 0)
(-0.033765 -0.00467256 0)
(-0.011895 -0.00475637 0)
(0.00930586 -0.00419336 0)
(0.0283465 -0.00308992 0)
(0.0438953 -0.00169638 0)
(0.0549117 -0.000196906 0)
(0.0609257 0.00121076 0)
(0.0620758 0.0023133 0)
(0.0590844 0.00297102 0)
(0.0531005 0.00315591 0)
(0.0453623 0.00296935 0)
(0.0370009 0.00256281 0)
(0.0288923 0.00207546 0)
(0.0215962 0.00160405 0)
(0.0153745 0.00120139 0)
(0.010261 0.000886056 0)
(0.00615932 0.000649446 0)
(0.00298203 0.000450894 0)
(0.000832963 0.000204783 0)
(-7.54571e-05 -8.05804e-05 0)
(0.000566819 -0.00187396 0)
(0.00439088 -0.00437226 0)
(0.00960333 -0.00515326 0)
(0.0146031 -0.00445477 0)
(0.0181164 -0.00299523 0)
(0.0196644 -0.00144471 0)
(0.0192882 -0.00017265 0)
(0.0171937 0.000796348 0)
(0.0134544 0.00167664 0)
(0.00786554 0.00274931 0)
(-2.32838e-05 0.00423121 0)
(-0.0107804 0.00622693 0)
(-0.0249422 0.00874017 0)
(-0.0428748 0.0117039 0)
(-0.0646554 0.0149788 0)
(-0.0899675 0.0183366 0)
(-0.118037 0.0214532 0)
(-0.147652 0.0239326 0)
(-0.177271 0.025363 0)
(-0.205201 0.0253852 0)
(-0.229777 0.0237497 0)
(-0.249513 0.0203525 0)
(-0.263205 0.0152506 0)
(-0.269987 0.00866531 0)
(-0.269368 0.000973954 0)
(-0.261256 -0.00731939 0)
(-0.245853 -0.0156411 0)
(-0.22357 -0.0234416 0)
(-0.195139 -0.0301582 0)
(-0.161612 -0.0352506 0)
(-0.124362 -0.0382445 0)
(-0.0850635 -0.0387803 0)
(-0.0456133 -0.036665 0)
(-0.00798894 -0.0320362 0)
(0.0259491 -0.0253625 0)
(0.0544894 -0.0173631 0)
(0.0762912 -0.00886159 0)
(0.090523 -0.000734161 0)
(0.0970338 0.00615866 0)
(0.096286 0.0111928 0)
(0.0896838 0.0141176 0)
(0.0789941 0.0150919 0)
(0.0660517 0.0145607 0)
(0.0524868 0.0130771 0)
(0.0395234 0.0111574 0)
(0.0279029 0.00918344 0)
(0.0179526 0.00733212 0)
(0.00980587 0.00551623 0)
(0.0037885 0.00341305 0)
(0.000340208 0.000956252 0)
(0.000791989 -0.0045542 0)
(0.00569624 -0.00976432 0)
(0.0116952 -0.0109508 0)
(0.0168157 -0.00899152 0)
(0.0195745 -0.0053682 0)
(0.0193998 -0.00138169 0)
(0.0162063 0.0022736 0)
(0.00997814 0.0055927 0)
(0.000470402 0.00902604 0)
(-0.0128702 0.0131442 0)
(-0.0307677 0.0183277 0)
(-0.0538506 0.0246464 0)
(-0.0824107 0.0318796 0)
(-0.116189 0.0395516 0)
(-0.15427 0.0469687 0)
(-0.195138 0.0533013 0)
(-0.236869 0.0577223 0)
(-0.277408 0.0595493 0)
(-0.314828 0.0583438 0)
(-0.347513 0.0539481 0)
(-0.374246 0.0464669 0)
(-0.394209 0.0362157 0)
(-0.406916 0.0236615 0)
(-0.412131 0.00937342 0)
(-0.409796 -0.00601217 0)
(-0.399909 -0.0218257 0)
(-0.382483 -0.0373782 0)
(-0.357764 -0.0518988 0)
(-0.326199 -0.0645603 0)
(-0.288509 -0.0745196 0)
(-0.245734 -0.0809851 0)
(-0.199265 -0.0833131 0)
(-0.150822 -0.0811243 0)
(-0.102395 -0.0744202 0)
(-0.0561013 -0.063679 0)
(-0.0139876 -0.0498771 0)
(0.0222042 -0.0342847 0)
(0.0510438 -0.018383 0)
(0.0717619 -0.0034803 0)
(0.0841439 0.00921298 0)
(0.0883017 0.0187447 0)
(0.0854337 0.0246838 0)
(0.0772185 0.0272046 0)
(0.0655367 0.0269644 0)
(0.0522011 0.0248543 0)
(0.0387047 0.0217398 0)
(0.0260882 0.0182108 0)
(0.01503 0.0143582 0)
(0.00629505 0.00969945 0)
(0.000713105 0.00365536 0)
(0.000922442 -0.00778513 0)
(0.00604375 -0.0156382 0)
(0.0114375 -0.0165124 0)
(0.0149236 -0.0123431 0)
(0.0150105 -0.0055512 0)
(0.0111405 0.00194985 0)
(0.00307627 0.00927312 0)
(-0.00955367 0.0165522 0)
(-0.027435 0.024562 0)
(-0.0513896 0.0340469 0)
(-0.0820379 0.0452649 0)
(-0.119437 0.0578465 0)
(-0.162858 0.0708867 0)
(-0.210782 0.0831393 0)
(-0.261115 0.0932646 0)
(-0.31154 0.100082 0)
(-0.359878 0.102761 0)
(-0.404342 0.100908 0)
(-0.443641 0.0945344 0)
(-0.476949 0.0839634 0)
(-0.503803 0.0697084 0)
(-0.52396 0.0523686 0)
(-0.537273 0.0325631 0)
(-0.543617 0.0109074 0)
(-0.542853 -0.0119674 0)
(-0.534801 -0.0353664 0)
(-0.519319 -0.0584798 0)
(-0.496354 -0.0803726 0)
(-0.465975 -0.099999 0)
(-0.428445 -0.116224 0)
(-0.384321 -0.127898 0)
(-0.334547 -0.133979 0)
(-0.280524 -0.133708 0)
(-0.224133 -0.126803 0)
(-0.167657 -0.11361 0)
(-0.113583 -0.0951733 0)
(-0.0643018 -0.0731486 0)
(-0.0217719 -0.0495572 0)
(0.0127369 -0.0263591 0)
(0.0385754 -0.0053376 0)
(0.0557357 0.0122181 0)
(0.0643687 0.0253499 0)
(0.0655506 0.0336275 0)
(0.0608127 0.0373321 0)
(0.0519279 0.037332 0)
(0.0406883 0.0347525 0)
(0.028665 0.0305601 0)
(0.0171243 0.0251167 0)
(0.0074028 0.0178549 0)
(0.000861364 0.00744279 0)
(0.000998105 -0.011056 0)
(0.00552963 -0.0207963 0)
(0.00899437 -0.020193 0)
(0.00923927 -0.0126215 0)
(0.00494021 -0.00154331 0)
(-0.00442747 0.0106358 0)
(-0.0193523 0.0230459 0)
(-0.0406076 0.0361559 0)
(-0.0691251 0.0508993 0)
(-0.10552 0.0677653 0)
(-0.149622 0.0863292 0)
(-0.20027 0.105312 0)
(-0.255444 0.122952 0)
(-0.312637 0.137447 0)
(-0.369323 0.147332 0)
(-0.423339 0.151696 0)
(-0.47309 0.15022 0)
(-0.517561 0.143078 0)
(-0.556202 0.130763 0)
(-0.588768 0.11392 0)
(-0.615169 0.0932286 0)
(-0.63538 0.0693381 0)
(-0.649377 0.0428604 0)
(-0.65711 0.0143858 0)
(-0.658491 -0.0154796 0)
(-0.65339 -0.0460557 0)
(-0.641592 -0.0765323 0)
(-0.622804 -0.105944 0)
(-0.596705 -0.133147 0)
(-0.563016 -0.156809 0)
(-0.521623 -0.175454 0)
(-0.472736 -0.187583 0)
(-0.41707 -0.191878 0)
(-0.356002 -0.187469 0)
(-0.291649 -0.174222 0)
(-0.22679 -0.152954 0)
(-0.164587 -0.125472 0)
(-0.1081 -0.0943516 0)
(-0.0597251 -0.0624788 0)
(-0.0207805 -0.0324627 0)
(0.00852514 -0.00617833 0)
(0.0286122 0.015126 0)
(0.0399832 0.0307463 0)
(0.0438164 0.0404847 0)
(0.0416175 0.0448311 0)
(0.0350979 0.0448221 0)
(0.0260185 0.041557 0)
(0.0160518 0.0355658 0)
(0.00702915 0.0262041 0)
(0.00078686 0.0114327 0)
(0.000983369 -0.0139066 0)
(0.0040032 -0.0241161 0)
(0.0041929 -0.0205137 0)
(-0.000265117 -0.00819425 0)
(-0.0104348 0.00834174 0)
(-0.026891 0.0264549 0)
(-0.0503944 0.0455755 0)
(-0.0819175 0.0663756 0)
(-0.122123 0.0894652 0)
(-0.170736 0.114458 0)
(-0.226307 0.13983 0)
(-0.286442 0.163388 0)
(-0.34832 0.182912 0)
(-0.40924 0.196659 0)
(-0.467019 0.203623 0)
(-0.520148 0.20353 0)
(-0.567745 0.196677 0)
(-0.609397 0.183699 0)
(-0.645 0.165373 0)
(-0.674627 0.142494 0)
(-0.698461 0.115808 0)
(-0.71674 0.0859902 0)
(-0.729722 0.0536531 0)
(-0.73762 0.0193568 0)
(-0.740557 -0.0163635 0)
(-0.738542 -0.0529473 0)
(-0.731389 -0.08974 0)
(-0.718659 -0.125921 0)
(-0.699721 -0.160437 0)
(-0.673783 -0.191942 0)
(-0.640001 -0.218787 0)
(-0.597658 -0.239096 0)
(-0.546409 -0.250934 0)
(-0.486581 -0.252611 0)
(-0.419451 -0.243075 0)
(-0.347427 -0.222327 0)
(-0.273985 -0.191736 0)
(-0.203289 -0.154052 0)
(-0.13945 -0.113023 0)
(-0.0856137 -0.0725989 0)
(-0.0432485 -0.0360327 0)
(-0.0121025 -0.00532691 0)
(0.00898024 0.0187002 0)
(0.0212002 0.0357647 0)
(0.0259757 0.0460485 0)
(0.0249619 0.0502975 0)
(0.0199404 0.0494806 0)
(0.0127849 0.0440997 0)
(0.00562533 0.0333977 0)
(0.000576422 0.0148854 0)
(0.00081162 -0.0157462 0)
(0.00123604 -0.0243653 0)
(-0.00314048 -0.0160468 0)
(-0.0135573 0.00229107 0)
(-0.03079 0.0254325 0)
(-0.0555254 0.0508265 0)
(-0.0886538 0.0781729 0)
(-0.130877 0.107886 0)
(-0.181966 0.139631 0)
(-0.240374 0.17177 0)
(-0.303475 0.201776 0)
(-0.368187 0.227015 0)
(-0.431601 0.245424 0)
(-0.49141 0.255827 0)
(-0.54605 0.257931 0)
(-0.594634 0.25211 0)
(-0.636792 0.239138 0)
(-0.672517 0.219973 0)
(-0.702059 0.195603 0)
(-0.72586 0.16697 0)
(-0.744484 0.134919 0)
(-0.758554 0.100168 0)
(-0.768665 0.0633048 0)
(-0.775317 0.0247979 0)
(-0.778852 -0.0149699 0)
(-0.779428 -0.0556514 0)
(-0.77697 -0.0968629 0)
(-0.771036 -0.138079 0)
(-0.760887 -0.178525 0)
(-0.745436 -0.217072 0)
(-0.723308 -0.25216 0)
(-0.692953 -0.281781 0)
(-0.652884 -0.30356 0)
(-0.602026 -0.314995 0)
(-0.540159 -0.313864 0)
(-0.468379 -0.29879 0)
(-0.389413 -0.269838 0)
(-0.307615 -0.22897 0)
(-0.228456 -0.180077 0)
(-0.15746 -0.12837 0)
(-0.0988003 -0.0791438 0)
(-0.0541668 -0.0363794 0)
(-0.0227207 -0.00201476 0)
(-0.00230198 0.023713 0)
(0.0091198 0.0411424 0)
(0.013456 0.0508756 0)
(0.0126383 0.0536845 0)
(0.00868777 0.049915 0)
(0.00386429 0.038689 0)
(0.000348071 0.0174099 0)
(0.000418627 -0.0158232 0)
(-0.00290497 -0.0202776 0)
(-0.012955 -0.005641 0)
(-0.030248 0.0198388 0)
(-0.0553025 0.0506535 0)
(-0.0888624 0.0844911 0)
(-0.131599 0.120959 0)
(-0.183413 0.159614 0)
(-0.242857 0.198797 0)
(-0.307237 0.235731 0)
(-0.373268 0.267369 0)
(-0.437795 0.291234 0)
(-0.498284 0.305868 0)
(-0.553 0.310859 0)
(-0.600949 0.306611 0)
(-0.641738 0.294044 0)
(-0.675434 0.274339 0)
(-0.702465 0.248762 0)
(-0.723531 0.218541 0)
(-0.739509 0.184783 0)
(-0.75135 0.148408 0)
(-0.759974 0.110119 0)
(-0.766196 0.0704052 0)
(-0.770667 0.0295772 0)
(-0.773859 -0.0121854 0)
(-0.776048 -0.0547811 0)
(-0.777283 -0.0981212 0)
(-0.777275 -0.142035 0)
(-0.775416 -0.186138 0)
(-0.770672 -0.229709 0)
(-0.761548 -0.271561 0)
(-0.746086 -0.309913 0)
(-0.721983 -0.342346 0)
(-0.686879 -0.365882 0)
(-0.638819 -0.377283 0)
(-0.576894 -0.373594 0)
(-0.501922 -0.352922 0)
(-0.416971 -0.315297 0)
(-0.327428 -0.263331 0)
(-0.240348 -0.202296 0)
(-0.162964 -0.139236 0)
(-0.100647 -0.081122 0)
(-0.0552427 -0.0327429 0)
(-0.0250516 0.004252 0)
(-0.00667625 0.0304701 0)
(0.00280956 0.0468593 0)
(0.00592145 0.0542525 0)
(0.00498539 0.0529281 0)
(0.00236547 0.041977 0)
(0.000199308 0.0190031 0)
(-0.000235545 -0.0133101 0)
(-0.00835134 -0.0108054 0)
(-0.024847 0.0115158 0)
(-0.049473 0.0449997 0)
(-0.0825239 0.0843031 0)
(-0.124594 0.1272 0)
(-0.175723 0.17267 0)
(-0.234713 0.218993 0)
(-0.298988 0.263235 0)
(-0.36516 0.301931 0)
(-0.429823 0.332086 0)
(-0.490149 0.351809 0)
(-0.544142 0.360439 0)
(-0.590629 0.358335 0)
(-0.629149 0.346546 0)
(-0.659826 0.326511 0)
(-0.683258 0.299833 0)
(-0.700392 0.268101 0)
(-0.712386 0.23275 0)
(-0.720457 0.194965 0)
(-0.725753 0.15563 0)
(-0.729275 0.11533 0)
(-0.731833 0.0743863 0)
(-0.734041 0.0329194 0)
(-0.736356 -0.00909022 0)
(-0.739091 -0.0517502 0)
(-0.742381 -0.0951939 0)
(-0.746162 -0.139545 0)
(-0.750131 -0.184793 0)
(-0.753623 -0.230695 0)
(-0.75548 -0.27662 0)
(-0.753927 -0.321357 0)
(-0.746508 -0.362927 0)
(-0.730182 -0.398464 0)
(-0.701641 -0.424275 0)
(-0.657926 -0.436188 0)
(-0.597299 -0.430275 0)
(-0.520223 -0.403922 0)
(-0.430141 -0.35704 0)
(-0.33365 -0.293036 0)
(-0.239652 -0.21893 0)
(-0.157299 -0.144081 0)
(-0.0931477 -0.0774589 0)
(-0.0488721 -0.0245964 0)
(-0.0214924 0.0134768 0)
(-0.00621155 0.0383925 0)
(0.000730369 0.0515388 0)
(0.00241595 0.0535259 0)
(0.00151013 0.04366 0)
(0.00017912 0.0199572 0)
(-0.00114613 -0.00746245 0)
(-0.0148043 0.00475421 0)
(-0.038043 0.0357469 0)
(-0.0699289 0.0777612 0)
(-0.110474 0.125906 0)
(-0.159852 0.177666 0)
(-0.217201 0.230943 0)
(-0.280248 0.282671 0)
(-0.345657 0.329005 0)
(-0.409828 0.366337 0)
(-0.46961 0.392164 0)
(-0.522684 0.405405 0)
(-0.567636 0.40625 0)
(-0.603892 0.395822 0)
(-0.631603 0.375824 0)
(-0.651517 0.348236 0)
(-0.66482 0.315061 0)
(-0.672931 0.278123 0)
(-0.677298 0.238913 0)
(-0.679234 0.198526 0)
(-0.679827 0.157663 0)
(-0.679911 0.116693 0)
(-0.680086 0.0757356 0)
(-0.680766 0.0347346 0)
(-0.682263 -0.00647508 0)
(-0.684838 -0.0481222 0)
(-0.688639 -0.0904355 0)
(-0.693789 -0.133686 0)
(-0.700313 -0.178105 0)
(-0.70804 -0.223836 0)
(-0.716436 -0.270807 0)
(-0.724406 -0.318539 0)
(-0.730062 -0.365878 0)
(-0.730571 -0.410696 0)
(-0.722185 -0.449657 0)
(-0.700594 -0.478216 0)
(-0.661712 -0.491037 0)
(-0.602854 -0.482942 0)
(-0.524092 -0.450388 0)
(-0.429362 -0.393186 0)
(-0.326729 -0.315851 0)
(-0.227227 -0.227748 0)
(-0.142031 -0.141167 0)
(-0.0785707 -0.0672951 0)
(-0.0376628 -0.0120239 0)
(-0.0145011 0.0247733 0)
(-0.00306468 0.0456668 0)
(0.00108055 0.0522053 0)
(0.00137089 0.044358 0)
(0.000286374 0.0206933 0)
(-0.00224867 0.00222905 0)
(-0.0217433 0.0266366 0)
(-0.0515155 0.0668535 0)
(-0.0900395 0.117515 0)
(-0.136931 0.174236 0)
(-0.191731 0.233813 0)
(-0.252627 0.292868 0)
(-0.31654 0.347216 0)
(-0.3798 0.392591 0)
(-0.438962 0.425701 0)
(-0.491341 0.444816 0)
(-0.535221 0.449772 0)
(-0.569847 0.441651 0)
(-0.595339 0.422374 0)
(-0.612557 0.394313 0)
(-0.622895 0.359939 0)
(-0.628021 0.321519 0)
(-0.629605 0.280902 0)
(-0.629108 0.239418 0)
(-0.627669 0.197888 0)
(-0.626087 0.156718 0)
(-0.624871 0.116017 0)
(-0.624311 0.0757069 0)
(-0.62456 0.0356102 0)
(-0.625735 -0.00450554 0)
(-0.627987 -0.0448927 0)
(-0.631427 -0.08576 0)
(-0.636249 -0.127374 0)
(-0.642681 -0.170028 0)
(-0.650931 -0.214046 0)
(-0.661072 -0.259727 0)
(-0.672849 -0.307228 0)
(-0.685385 -0.356315 0)
(-0.696845 -0.405992 0)
(-0.704134 -0.45404 0)
(-0.702832 -0.496618 0)
(-0.687568 -0.528157 0)
(-0.653014 -0.541859 0)
(-0.595459 -0.530985 0)
(-0.51465 -0.49091 0)
(-0.415284 -0.421533 0)
(-0.307301 -0.329112 0)
(-0.204202 -0.226273 0)
(-0.119099 -0.12895 0)
(-0.0595384 -0.0504524 0)
(-0.0244022 0.00387761 0)
(-0.00664965 0.0360194 0)
(0.000450445 0.0491616 0)
(0.00173169 0.0445836 0)
(0.000482795 0.0215856 0)
(-0.00340095 0.0159533 0)
(-0.0285151 0.0545829 0)
(-0.0641425 0.10415 0)
(-0.108202 0.163108 0)
(-0.159809 0.227506 0)
(-0.217788 0.293177 0)
(-0.279531 0.355519 0)
(-0.341504 0.409613 0)
(-0.400063 0.451238 0)
(-0.452156 0.477754 0)
(-0.495694 0.488373 0)
(-0.529653 0.483934 0)
(-0.554031 0.466463 0)
(-0.569714 0.438695 0)
(-0.578251 0.4036 0)
(-0.581529 0.363961 0)
(-0.581434 0.322056 0)
(-0.579582 0.279503 0)
(-0.577173 0.237265 0)
(-0.574972 0.195776 0)
(-0.573387 0.15511 0)
(-0.572577 0.115138 0)
(-0.572555 0.0756469 0)
(-0.573265 0.0364026 0)
(-0.574672 -0.0028218 0)
(-0.576826 -0.0422369 0)
(-0.579787 -0.0819728 0)
(-0.583708 -0.122207 0)
(-0.588845 -0.16316 0)
(-0.595546 -0.205131 0)
(-0.604214 -0.24852 0)
(-0.615206 -0.293806 0)
(-0.628616 -0.341428 0)
(-0.643908 -0.39149 0)
(-0.659429 -0.443254 0)
(-0.67192 -0.494464 0)
(-0.676299 -0.540686 0)
(-0.666054 -0.575075 0)
(-0.634511 -0.58899 0)
(-0.576933 -0.573792 0)
(-0.492981 -0.523752 0)
(-0.388614 -0.439375 0)
(-0.276264 -0.329772 0)
(-0.172229 -0.212131 0)
(-0.0910981 -0.106657 0)
(-0.0391117 -0.0279321 0)
(-0.011866 0.0208891 0)
(-0.000437075 0.0439336 0)
(0.00218956 0.0444569 0)
(0.000711535 0.0228234 0)
(-0.00444272 0.0335079 0)
(-0.0344762 0.0878752 0)
(-0.0748856 0.146531 0)
(-0.123026 0.212991 0)
(-0.177466 0.283656 0)
(-0.236363 0.353304 0)
(-0.296571 0.416341 0)
(-0.354435 0.467541 0)
(-0.406591 0.503103 0)
(-0.450536 0.521274 0)
(-0.484872 0.522337 0)
(-0.509345 0.508207 0)
(-0.524746 0.481874 0)
(-0.532678 0.446804 0)
(-0.535191 0.406362 0)
(-0.534377 0.363359 0)
(-0.532017 0.319792 0)
(-0.529398 0.27683 0)
(-0.527285 0.234958 0)
(-0.526011 0.194212 0)
(-0.525628 0.154388 0)
(-0.526041 0.115208 0)
(-0.527099 0.0764022 0)
(-0.528657 0.0377453 0)
(-0.530612 -0.000943246 0)
(-0.532964 -0.0398138 0)
(-0.535738 -0.0789159 0)
(-0.539005 -0.118336 0)
(-0.542935 -0.15818 0)
(-0.547806 -0.198619 0)
(-0.554034 -0.239946 0)
(-0.562171 -0.282627 0)
(-0.572838 -0.327329 0)
(-0.586504 -0.374814 0)
(-0.603045 -0.425605 0)
(-0.621084 -0.479309 0)
(-0.637244 -0.533633 0)
(-0.645738 -0.58338 0)
(-0.638789 -0.620037 0)
(-0.608291 -0.632624 0)
(-0.548623 -0.610292 0)
(-0.459869 -0.54645 0)
(-0.350082 -0.443298 0)
(-0.234993 -0.314577 0)
(-0.133845 -0.183668 0)
(-0.061499 -0.0750811 0)
(-0.020622 -0.00244219 0)
(-0.00262043 0.0352892 0)
(0.00231732 0.0435759 0)
(0.000921785 0.0243535 0)
(-0.00522883 0.0542869 0)
(-0.039084 0.125415 0)
(-0.0829238 0.192592 0)
(-0.133511 0.265415 0)
(-0.18888 0.340629 0)
(-0.246672 0.41203 0)
(-0.303478 0.473359 0)
(-0.355782 0.519465 0)
(-0.400676 0.547257 0)
(-0.436302 0.556041 0)
(-0.462013 0.54727 0)
(-0.478342 0.523962 0)
(-0.486803 0.489993 0)
(-0.489517 0.449353 0)
(-0.488741 0.4055 0)
(-0.486442 0.360955 0)
(-0.484032 0.317201 0)
(-0.482317 0.274845 0)
(-0.4816 0.233907 0)
(-0.481862 0.194109 0)
(-0.482926 0.155091 0)
(-0.484584 0.116528 0)
(-0.486653 0.0781678 0)
(-0.488993 0.0398336 0)
(-0.491515 0.00140087 0)
(-0.494216 -0.0372333 0)
(-0.497118 -0.0760697 0)
(-0.500221 -0.115144 0)
(-0.503595 -0.154482 0)
(-0.507369 -0.194135 0)
(-0.511788 -0.234222 0)
(-0.51727 -0.275013 0)
(-0.524453 -0.317028 0)
(-0.534181 -0.361116 0)
(-0.547297 -0.408399 0)
(-0.564126 -0.459888 0)
(-0.583598 -0.515587 0)
(-0.60219 -0.573085 0)
(-0.613266 -0.626089 0)
(-0.607592 -0.66382 0)
(-0.5756 -0.672342 0)
(-0.511169 -0.638416 0)
(-0.415711 -0.555388 0)
(-0.300597 -0.429133 0)
(-0.185725 -0.280631 0)
(-0.0927945 -0.14101 0)
(-0.0344166 -0.0374555 0)
(-0.00689023 0.0213255 0)
(0.00181739 0.0410748 0)
(0.00108802 0.025921 0)
(-0.00564597 0.0773579 0)
(-0.0419539 0.165848 0)
(-0.0877318 0.240781 0)
(-0.139114 0.318625 0)
(-0.193675 0.396577 0)
(-0.248727 0.467648 0)
(-0.300843 0.525247 0)
(-0.346831 0.564618 0)
(-0.384345 0.583599 0)
(-0.41222 0.582677 0)
(-0.430557 0.564516 0)
(-0.440599 0.533183 0)
(-0.444393 0.493249 0)
(-0.444293 0.448924 0)
(-0.442449 0.403429 0)
(-0.440447 0.358739 0)
(-0.439196 0.315704 0)
(-0.439022 0.274391 0)
(-0.439871 0.234463 0)
(-0.441513 0.195474 0)
(-0.443696 0.157028 0)
(-0.446217 0.118836 0)
(-0.448943 0.0807105 0)
(-0.451793 0.0425304 0)
(-0.454723 0.00421555 0)
(-0.457761 -0.0343101 0)
(-0.460932 -0.0730357 0)
(-0.464214 -0.111987 0)
(-0.467609 -0.151166 0)
(-0.471131 -0.190563 0)
(-0.474841 -0.23018 0)
(-0.478907 -0.270082 0)
(-0.483699 -0.310499 0)
(-0.489897 -0.351988 0)
(-0.49853 -0.395582 0)
(-0.510803 -0.442806 0)
(-0.527497 -0.495229 0)
(-0.547817 -0.553256 0)
(-0.567941 -0.614135 0)
(-0.580089 -0.669873 0)
(-0.573316 -0.706541 0)
(-0.536704 -0.706547 0)
(-0.464422 -0.654503 0)
(-0.360675 -0.545494 0)
(-0.241711 -0.392376 0)
(-0.132118 -0.226704 0)
(-0.0541009 -0.0876742 0)
(-0.0136894 -0.000275115 0)
(0.000554182 0.0358048 0)
(0.00121598 0.0271731 0)
(-0.00562715 0.101579 0)
(-0.0428836 0.207693 0)
(-0.0890971 0.289536 0)
(-0.139741 0.371014 0)
(-0.192036 0.449992 0)
(-0.243157 0.518957 0)
(-0.289847 0.571296 0)
(-0.329357 0.602897 0)
(-0.359949 0.612677 0)
(-0.381139 0.60237 0)
(-0.3937 0.575824 0)
(-0.399415 0.537994 0)
(-0.400605 0.493867 0)
(-0.399566 0.447545 0)
(-0.398096 0.401734 0)
(-0.397281 0.357727 0)
(-0.397538 0.315758 0)
(-0.398827 0.275473 0)
(-0.400895 0.236337 0)
(-0.403451 0.197869 0)
(-0.406274 0.159728 0)
(-0.409233 0.121706 0)
(-0.412271 0.0836825 0)
(-0.415368 0.0455864 0)
(-0.418526 0.00736122 0)
(-0.4218 -0.031062 0)
(-0.425229 -0.0696828 0)
(-0.428792 -0.108539 0)
(-0.43247 -0.147647 0)
(-0.436228 -0.186997 0)
(-0.440021 -0.226556 0)
(-0.443827 -0.266277 0)
(-0.447724 -0.306164 0)
(-0.452012 -0.346398 0)
(-0.457381 -0.387561 0)
(-0.465031 -0.430902 0)
(-0.476533 -0.478419 0)
(-0.493104 -0.532319 0)
(-0.514101 -0.593333 0)
(-0.535067 -0.65788 0)
(-0.54661 -0.715251 0)
(-0.535804 -0.747144 0)
(-0.490833 -0.731752 0)
(-0.407607 -0.65272 0)
(-0.295234 -0.510394 0)
(-0.176458 -0.329579 0)
(-0.0798013 -0.15558 0)
(-0.0233236 -0.0321821 0)
(-0.00149701 0.0264839 0)
(0.0013233 0.0277431 0)
(-0.00515876 0.125721 0)
(-0.0418463 0.249458 0)
(-0.0870846 0.337404 0)
(-0.135661 0.421216 0)
(-0.184563 0.499745 0)
(-0.23099 0.565239 0)
(-0.271988 0.61132 0)
(-0.305308 0.6347 0)
(-0.32981 0.635462 0)
(-0.345625 0.616587 0)
(-0.35405 0.582989 0)
(-0.357181 0.540278 0)
(-0.357353 0.493547 0)
(-0.356574 0.446503 0)
(-0.356175 0.401172 0)
(-0.356749 0.358164 0)
(-0.358337 0.317207 0)
(-0.360692 0.277693 0)
(-0.363503 0.239035 0)
(-0.366524 0.20081 0)
(-0.369613 0.162773 0)
(-0.372723 0.124798 0)
(-0.375862 0.0868233 0)
(-0.379054 0.0488031 0)
(-0.382322 0.0106885 0)
(-0.385738 -0.0275938 0)
(-0.389349 -0.0660615 0)
(-0.393146 -0.104768 0)
(-0.397115 -0.143757 0)
(-0.40122 -0.18305 0)
(-0.405393 -0.222633 0)
(-0.409535 -0.26245 0)
(-0.41355 -0.30241 0)
(-0.41742 -0.342447 0)
(-0.421372 -0.382684 0)
(-0.426109 -0.42375 0)
(-0.433021 -0.467175 0)
(-0.444063 -0.515562 0)
(-0.460845 -0.571841 0)
(-0.482604 -0.63682 0)
(-0.503674 -0.705155 0)
(-0.512403 -0.761808 0)
(-0.493797 -0.782622 0)
(-0.436272 -0.74169 0)
(-0.339873 -0.624796 0)
(-0.221256 -0.443651 0)
(-0.110459 -0.241357 0)
(-0.0362052 -0.0771729 0)
(-0.00440808 0.0116817 0)
(0.001401 0.0272354 0)
(-0.0042727 0.148574 0)
(-0.0389588 0.289743 0)
(-0.0819727 0.383111 0)
(-0.127401 0.468151 0)
(-0.172111 0.545081 0)
(-0.213449 0.606187 0)
(-0.248844 0.645527 0)
(-0.276555 0.660747 0)
(-0.295983 0.65312 0)
(-0.30775 0.626799 0)
(-0.313489 0.587584 0)
(-0.315384 0.541469 0)
(-0.31557 0.493372 0)
(-0.315647 0.446413 0)
(-0.316469 0.401901 0)
(-0.318243 0.359851 0)
(-0.320782 0.319652 0)
(-0.32377 0.280593 0)
(-0.326938 0.242134 0)
(-0.330126 0.203958 0)
(-0.333279 0.165915 0)
(-0.336414 0.127943 0)
(-0.339579 0.0900113 0)
(-0.342815 0.0520847 0)
(-0.346149 0.0141092 0)
(-0.349654 -0.0239967 0)
(-0.353383 -0.0622689 0)
(-0.357336 -0.100772 0)
(-0.361506 -0.139572 0)
(-0.365876 -0.178722 0)
(-0.370397 -0.218251 0)
(-0.374976 -0.258143 0)
(-0.379474 -0.298322 0)
(-0.383724 -0.338646 0)
(-0.387626 -0.378973 0)
(-0.391344 -0.419377 0)
(-0.395627 -0.460581 0)
(-0.40211 -0.504539 0)
(-0.413185 -0.55467 0)
(-0.430734 -0.614669 0)
(-0.453379 -0.684804 0)
(-0.473353 -0.756275 0)
(-0.476037 -0.807381 0)
(-0.444871 -0.806795 0)
(-0.370811 -0.726478 0)
(-0.261505 -0.560816 0)
(-0.143634 -0.34215 0)
(-0.0525792 -0.137262 0)
(-0.00832507 -0.0101413 0)
(0.00140242 0.0252149 0)
(-0.00303757 0.169042 0)
(-0.0344411 0.327295 0)
(-0.074178 0.425603 0)
(-0.115632 0.511026 0)
(-0.155641 0.585563 0)
(-0.191782 0.641803 0)
(-0.221899 0.674377 0)
(-0.244728 0.681909 0)
(-0.260114 0.666819 0)
(-0.269017 0.634303 0)
(-0.273216 0.590825 0)
(-0.274784 0.542508 0)
(-0.27553 0.493887 0)
(-0.276618 0.447415 0)
(-0.278507 0.403741 0)
(-0.281147 0.362431 0)
(-0.284257 0.322691 0)
(-0.28755 0.283818 0)
(-0.29084 0.245373 0)
(-0.294053 0.207146 0)
(-0.297201 0.16906 0)
(-0.300338 0.131093 0)
(-0.303527 0.0932242 0)
(-0.306811 0.0554131 0)
(-0.310212 0.0175968 0)
(-0.313789 -0.0203145 0)
(-0.317604 -0.0583717 0)
(-0.32166 -0.0966446 0)
(-0.325951 -0.135213 0)
(-0.330477 -0.174153 0)
(-0.335215 -0.213526 0)
(-0.34011 -0.25337 0)
(-0.34505 -0.293667 0)
(-0.349858 -0.334317 0)
(-0.35431 -0.375117 0)
(-0.35823 -0.415842 0)
(-0.361751 -0.456538 0)
(-0.365737 -0.498138 0)
(-0.372181 -0.543275 0)
(-0.383959 -0.596472 0)
(-0.402955 -0.662045 0)
(-0.426294 -0.738347 0)
(-0.44289 -0.810269 0)
(-0.43479 -0.846552 0)
(-0.385657 -0.808793 0)
(-0.292943 -0.67265 0)
(-0.176003 -0.452575 0)
(-0.0718996 -0.212729 0)
(-0.0134653 -0.0406434 0)
(0.00130734 0.0212259 0)
(-0.00154502 0.1862 0)
(-0.0285754 0.361052 0)
(-0.0641863 0.46405 0)
(-0.101073 0.549303 0)
(-0.136107 0.621009 0)
(-0.167142 0.6723 0)
(-0.192436 0.698457 0)
(-0.211134 0.699067 0)
(-0.223413 0.6776 0)
(-0.230411 0.640122 0)
(-0.233875 0.593543 0)
(-0.235642 0.543908 0)
(-0.237139 0.495255 0)
(-0.23914 0.44938 0)
(-0.241822 0.406392 0)
(-0.245001 0.365559 0)
(-0.248398 0.326023 0)
(-0.251796 0.287157 0)
(-0.255094 0.24863 0)
(-0.258289 0.210321 0)
(-0.261431 0.172202 0)
(-0.264585 0.134263 0)
(-0.267819 0.0964795 0)
(-0.271168 0.0588014 0)
(-0.274645 0.0211548 0)
(-0.278295 -0.0165564 0)
(-0.282187 -0.0543952 0)
(-0.286327 -0.0924332 0)
(-0.290701 -0.130758 0)
(-0.29532 -0.169457 0)
(-0.300178 -0.208613 0)
(-0.305251 -0.248301 0)
(-0.310473 -0.288565 0)
(-0.315718 -0.329382 0)
(-0.320774 -0.370613 0)
(-0.325355 -0.411978 0)
(-0.329233 -0.453166 0)
(-0.332562 -0.494253 0)
(-0.336441 -0.536603 0)
(-0.343383 -0.583946 0)
(-0.356739 -0.642227 0)
(-0.377775 -0.715659 0)
(-0.400677 -0.797882 0)
(-0.40975 -0.863189 0)
(-0.38453 -0.868369 0)
(-0.312863 -0.771983 0)
(-0.20424 -0.565953 0)
(-0.0926766 -0.301647 0)
(-0.0200112 -0.081341 0)
(0.00115074 0.0148076 0)
(9.9908e-05 0.199333 0)
(-0.0216729 0.390144 0)
(-0.0524974 0.497833 0)
(-0.0844183 0.582658 0)
(-0.11438 0.651417 0)
(-0.14052 0.698006 0)
(-0.161483 0.718381 0)
(-0.176746 0.71302 0)
(-0.186691 0.686307 0)
(-0.192489 0.64499 0)
(-0.195729 0.596236 0)
(-0.197931 0.545873 0)
(-0.200153 0.497412 0)
(-0.202861 0.452074 0)
(-0.206057 0.409561 0)
(-0.20952 0.368972 0)
(-0.213018 0.329462 0)
(-0.216417 0.290504 0)
(-0.219685 0.251865 0)
(-0.222861 0.213485 0)
(-0.226011 0.175358 0)
(-0.229201 0.137474 0)
(-0.232491 0.0997949 0)
(-0.235914 0.0622616 0)
(-0.239471 0.0247905 0)
(-0.243195 -0.0127191 0)
(-0.247163 -0.0503405 0)
(-0.251387 -0.0881469 0)
(-0.255842 -0.12623 0)
(-0.26054 -0.164682 0)
(-0.265482 -0.203598 0)
(-0.270662 -0.243073 0)
(-0.276048 -0.283193 0)
(-0.281568 -0.324005 0)
(-0.287072 -0.36547 0)
(-0.292307 -0.407387 0)
(-0.296932 -0.449373 0)
(-0.300688 -0.491034 0)
(-0.303845 -0.532624 0)
(-0.307929 -0.576349 0)
(-0.316164 -0.627658 0)
(-0.332141 -0.693981 0)
(-0.355219 -0.777322 0)
(-0.374628 -0.86152 0)
(-0.369559 -0.905093 0)
(-0.320388 -0.853884 0)
(-0.225778 -0.675635 0)
(-0.112918 -0.400278 0)
(-0.0279365 -0.133253 0)
(0.000990978 0.00548465 0)
(0.00178966 0.207944 0)
(-0.0140492 0.413894 0)
(-0.0395878 0.526507 0)
(-0.066299 0.610924 0)
(-0.0912083 0.676899 0)
(-0.112716 0.719291 0)
(-0.129814 0.734717 0)
(-0.142228 0.724431 0)
(-0.150432 0.693569 0)
(-0.155509 0.649384 0)
(-0.158799 0.59915 0)
(-0.161485 0.548414 0)
(-0.1643 0.500195 0)
(-0.16749 0.455254 0)
(-0.170971 0.413011 0)
(-0.174539 0.372491 0)
(-0.178032 0.332905 0)
(-0.181384 0.293818 0)
(-0.184612 0.255074 0)
(-0.187775 0.216649 0)
(-0.190942 0.178542 0)
(-0.194171 0.140733 0)
(-0.197514 0.103174 0)
(-0.201005 0.0657941 0)
(-0.204639 0.0285042 0)
(-0.208431 -0.00880056 0)
(-0.212475 -0.0462021 0)
(-0.216793 -0.0837773 0)
(-0.221341 -0.121621 0)
(-0.226131 -0.159829 0)
(-0.231165 -0.1985 0)
(-0.236442 -0.23774 0)
(-0.241951 -0.277658 0)
(-0.247653 -0.318351 0)
(-0.253458 -0.359861 0)
(-0.259188 -0.402105 0)
(-0.264537 -0.444788 0)
(-0.269113 -0.487389 0)
(-0.272678 -0.529491 0)
(-0.275779 -0.571836 0)
(-0.280648 -0.618196 0)
(-0.291334 -0.676477 0)
(-0.310842 -0.754631 0)
(-0.334327 -0.847523 0)
(-0.344097 -0.92146 0)
(-0.316262 -0.915974 0)
(-0.239198 -0.77603 0)
(-0.130725 -0.503896 0)
(-0.0368695 -0.196154 0)
(0.00081895 -0.00716062 0)
(0.00342193 0.211784 0)
(-0.00600831 0.431763 0)
(-0.0258949 0.549768 0)
(-0.0472574 0.634047 0)
(-0.0672006 0.697624 0)
(-0.0843428 0.736512 0)
(-0.0979773 0.747944 0)
(-0.107999 0.733809 0)
(-0.114879 0.699821 0)
(-0.119525 0.653579 0)
(-0.12298 0.602364 0)
(-0.126095 0.55144 0)
(-0.129339 0.503416 0)
(-0.132813 0.458711 0)
(-0.136407 0.416573 0)
(-0.139965 0.376009 0)
(-0.143392 0.336297 0)
(-0.146674 0.297081 0)
(-0.149856 0.258256 0)
(-0.153004 0.219814 0)
(-0.156181 0.181752 0)
(-0.159438 0.144035 0)
(-0.162821 0.106606 0)
(-0.166366 0.0693883 0)
(-0.170066 0.0322885 0)
(-0.173915 -0.00480148 0)
(-0.178031 -0.0419744 0)
(-0.182451 -0.079311 0)
(-0.187109 -0.116912 0)
(-0.192014 -0.154874 0)
(-0.197168 -0.193299 0)
(-0.202569 -0.232297 0)
(-0.208213 -0.271988 0)
(-0.21408 -0.312498 0)
(-0.220119 -0.353927 0)
(-0.226215 -0.396293 0)
(-0.232145 -0.439433 0)
(-0.237542 -0.482902 0)
(-0.241978 -0.52603 0)
(-0.245347 -0.568556 0)
(-0.248737 -0.612361 0)
(-0.255425 -0.663916 0)
(-0.270026 -0.733889 0)
(-0.292927 -0.827004 0)
(-0.3119 -0.921599 0)
(-0.302385 -0.958206 0)
(-0.244254 -0.863168 0)
(-0.144723 -0.607679 0)
(-0.0461487 -0.268448 0)
(0.000521754 -0.0235087 0)
(0.00485912 0.210709 0)
(0.00215274 0.443468 0)
(-0.0118009 0.567387 0)
(-0.0277517 0.652039 0)
(-0.0428393 0.713772 0)
(-0.0558513 0.749974 0)
(-0.0663333 0.758434 0)
(-0.0742872 0.741514 0)
(-0.0801091 0.705334 0)
(-0.0844753 0.657703 0)
(-0.0881095 0.605862 0)
(-0.091556 0.554827 0)
(-0.0950726 0.506904 0)
(-0.098674 0.462286 0)
(-0.10226 0.420129 0)
(-0.105733 0.379456 0)
(-0.109055 0.339606 0)
(-0.112249 0.300281 0)
(-0.115373 0.261403 0)
(-0.118492 0.22297 0)
(-0.121661 0.184972 0)
(-0.124927 0.147362 0)
(-0.12833 0.110074 0)
(-0.13191 0.0730279 0)
(-0.135662 0.0361324 0)
(-0.139556 -0.000723638 0)
(-0.143734 -0.0376538 0)
(-0.148262 -0.0747346 0)
(-0.153046 -0.11208 0)
(-0.158091 -0.149787 0)
(-0.163396 -0.187959 0)
(-0.168959 -0.226707 0)
(-0.174776 -0.266157 0)
(-0.180837 -0.30645 0)
(-0.187111 -0.347724 0)
(-0.193525 -0.390069 0)
(-0.199925 -0.433443 0)
(-0.206027 -0.47754 0)
(-0.211405 -0.521708 0)
(-0.215649 -0.565192 0)
(-0.218984 -0.608367 0)
(-0.223455 -0.655476 0)
(-0.233597 -0.717038 0)
(-0.25326 -0.80464 0)
(-0.276455 -0.910245 0)
(-0.281245 -0.982308 0)
(-0.241657 -0.934825 0)
(-0.154223 -0.707378 0)
(-0.0550284 -0.347612 0)
(-8.00228e-05 -0.0439145 0)
(0.00596197 0.205019 0)
(0.0100761 0.448568 0)
(0.00239014 0.57932 0)
(-0.0081547 0.664926 0)
(-0.0184993 0.725509 0)
(-0.0275622 0.759914 0)
(-0.035106 0.766445 0)
(-0.0411923 0.747771 0)
(-0.0460976 0.71025 0)
(-0.0502352 0.661793 0)
(-0.0540078 0.609579 0)
(-0.0576805 0.55845 0)
(-0.0613416 0.510521 0)
(-0.0649552 0.465864 0)
(-0.0684505 0.423601 0)
(-0.0717864 0.382787 0)
(-0.0749724 0.342807 0)
(-0.0780563 0.303399 0)
(-0.0811007 0.264497 0)
(-0.0841663 0.226098 0)
(-0.0873037 0.18818 0)
(-0.0905528 0.150692 0)
(-0.0939534 0.113556 0)
(-0.0975484 0.0766946 0)
(-0.101337 0.0400199 0)
(-0.105265 0.00342071 0)
(-0.109495 -0.0332431 0)
(-0.114127 -0.0700411 0)
(-0.119051 -0.107108 0)
(-0.124256 -0.144542 0)
(-0.129742 -0.182444 0)
(-0.135507 -0.220927 0)
(-0.141545 -0.26012 0)
(-0.147849 -0.300171 0)
(-0.154398 -0.341242 0)
(-0.161143 -0.383474 0)
(-0.167978 -0.426916 0)
(-0.174694 -0.471399 0)
(-0.18094 -0.516398 0)
(-0.186245 -0.561031 0)
(-0.190354 -0.604747 0)
(-0.194191 -0.649641 0)
(-0.201255 -0.704281 0)
(-0.216851 -0.783514 0)
(-0.240552 -0.891878 0)
(-0.255426 -0.991095 0)
(-0.232728 -0.990334 0)
(-0.159179 -0.799675 0)
(-0.0628619 -0.430746 0)
(-0.00109267 -0.0685712 0)
(0.00665959 0.195214 0)
(0.0174078 0.446747 0)
(0.0163579 0.585387 0)
(0.011246 0.672827 0)
(0.00552958 0.732965 0)
(0.000294182 0.7665 0)
(-0.00442411 0.772141 0)
(-0.00872969 0.752704 0)
(-0.0127595 0.714624 0)
(-0.016653 0.665829 0)
(-0.0204981 0.61344 0)
(-0.0243032 0.562206 0)
(-0.028013 0.514165 0)
(-0.0315598 0.46936 0)
(-0.0349072 0.426928 0)
(-0.0380659 0.385959 0)
(-0.0410848 0.345868 0)
(-0.0440293 0.306405 0)
(-0.0469643 0.267507 0)
(-0.049946 0.229164 0)
(-0.0530209 0.191346 0)
(-0.0562269 0.153995 0)
(-0.0596022 0.11703 0)
(-0.0631924 0.0803667 0)
(-0.0670032 0.0439261 0)
(-0.0709607 0.00760043 0)
(-0.0752295 -0.0287638 0)
(-0.0799546 -0.0652405 0)
(-0.0850281 -0.101995 0)
(-0.0904081 -0.139125 0)
(-0.0960994 -0.17673 0)
(-0.1021 -0.214921 0)
(-0.108406 -0.253828 0)
(-0.115008 -0.293607 0)
(-0.12189 -0.334435 0)
(-0.129016 -0.376488 0)
(-0.136308 -0.419881 0)
(-0.143612 -0.464556 0)
(-0.150655 -0.510131 0)
(-0.157021 -0.555786 0)
(-0.162274 -0.600542 0)
(-0.166583 -0.644884 0)
(-0.172152 -0.69475 0)
(-0.184159 -0.765124 0)
(-0.206112 -0.870156 0)
(-0.227238 -0.987826 0)
(-0.219047 -1.03023 0)
(-0.160012 -0.882302 0)
(-0.06923 -0.515074 0)
(-0.00248184 -0.0974134 0)
(0.00695062 0.18191 0)
(0.0238571 0.438 0)
(0.0297541 0.585313 0)
(0.0301981 0.67577 0)
(0.0290284 0.736244 0)
(0.0275446 0.769788 0)
(0.025623 0.775557 0)
(0.0231064 0.756321 0)
(0.0199932 0.718437 0)
(0.0164105 0.669763 0)
(0.0125721 0.617377 0)
(0.00871346 0.566025 0)
(0.00502291 0.517781 0)
(0.0015986 0.472742 0)
(-0.001556 0.430098 0)
(-0.0045012 0.388969 0)
(-0.0073189 0.348786 0)
(-0.0100889 0.309296 0)
(-0.0128782 0.27043 0)
(-0.0157401 0.232165 0)
(-0.0187191 0.194468 0)
(-0.0218535 0.157274 0)
(-0.0251819 0.120497 0)
(-0.0287533 0.0840471 0)
(-0.0325859 0.0478488 0)
(-0.0365771 0.0118129 0)
(-0.0408663 -0.0242109 0)
(-0.0456634 -0.0603229 0)
(-0.0508841 -0.0967284 0)
(-0.056445 -0.133521 0)
(-0.0623571 -0.170793 0)
(-0.0686233 -0.208655 0)
(-0.0752385 -0.247239 0)
(-0.0821935 -0.286706 0)
(-0.0894721 -0.327246 0)
(-0.0970445 -0.369061 0)
(-0.104849 -0.412315 0)
(-0.112768 -0.457033 0)
(-0.120591 -0.502958 0)
(-0.12798 -0.549391 0)
(-0.134496 -0.595241 0)
(-0.139916 -0.640001 0)
(-0.145345 -0.687136 0)
(-0.154929 -0.7497 0)
(-0.174219 -0.847658 0)
(-0.19852 -0.975682 0)
(-0.202179 -1.05585 0)
(-0.157413 -0.953973 0)
(-0.0739846 -0.59825 0)
(-0.00410557 -0.130098 0)
(0.00686666 0.165831 0)
(0.0291899 0.422516 0)
(0.0422181 0.578833 0)
(0.0484478 0.673691 0)
(0.051815 0.735406 0)
(0.0540521 0.769798 0)
(0.0549705 0.776643 0)
(0.054337 0.75853 0)
(0.0522564 0.721577 0)
(0.0490962 0.673487 0)
(0.0453529 0.621301 0)
(0.0414994 0.569838 0)
(0.0378631 0.521313 0)
(0.0345826 0.475959 0)
(0.0316417 0.433057 0)
(0.0289406 0.391764 0)
(0.0263629 0.351511 0)
(0.0238109 0.312027 0)
(0.0212121 0.273224 0)
(0.018513 0.235072 0)
(0.0156687 0.197531 0)
(0.0126377 0.160534 0)
(0.00937764 0.123997 0)
(0.00583615 0.0878292 0)
(0.00198408 0.0519547 0)
(-0.00204808 0.0162772 0)
(-0.00634239 -0.0194134 0)
(-0.0111786 -0.0551845 0)
(-0.0165284 -0.0912372 0)
(-0.0222679 -0.127672 0)
(-0.0284085 -0.164579 0)
(-0.0349594 -0.202071 0)
(-0.0419191 -0.240288 0)
(-0.0492776 -0.2794 0)
(-0.0570158 -0.319607 0)
(-0.0651048 -0.361127 0)
(-0.0734935 -0.404162 0)
(-0.0820866 -0.448804 0)
(-0.0907197 -0.494892 0)
(-0.0991276 -0.541849 0)
(-0.106932 -0.588617 0)
(-0.113777 -0.634193 0)
(-0.120037 -0.680141 0)
(-0.128547 -0.736653 0)
(-0.145276 -0.825879 0)
(-0.170579 -0.957432 0)
(-0.1835 -1.06893 0)
(-0.152186 -1.01421 0)
(-0.0772191 -0.678475 0)
(-0.00578436 -0.16607 0)
(0.00645912 0.147784 0)
(0.0332281 0.400688 0)
(0.0533884 0.56572 0)
(0.0657126 0.666434 0)
(0.0737046 0.730458 0)
(0.079675 0.766509 0)
(0.0835301 0.775304 0)
(0.0849488 0.759192 0)
(0.0840904 0.723895 0)
(0.0815188 0.676872 0)
(0.0779862 0.625117 0)
(0.0741982 0.573584 0)
(0.0706372 0.524717 0)
(0.0675064 0.478966 0)
(0.0647889 0.435751 0)
(0.0623542 0.394276 0)
(0.0600529 0.353961 0)
(0.0577644 0.314505 0)
(0.0554053 0.275794 0)
(0.0529175 0.237784 0)
(0.0502542 0.20043 0)
(0.0473707 0.163668 0)
(0.0442221 0.127413 0)
(0.0407576 0.0915742 0)
(0.0369319 0.0560686 0)
(0.0328239 0.0207852 0)
(0.0284569 -0.0145164 0)
(0.0236016 -0.0499066 0)
(0.01816 -0.0855467 0)
(0.0122483 -0.121553 0)
(0.00587051 -0.158026 0)
(-0.000985336 -0.19509 0)
(-0.00832265 -0.232891 0)
(-0.0161319 -0.2716 0)
(-0.0243886 -0.311424 0)
(-0.0330617 -0.352594 0)
(-0.0421079 -0.395341 0)
(-0.0514495 -0.439805 0)
(-0.0609551 -0.4859 0)
(-0.0704174 -0.533149 0)
(-0.079533 -0.580577 0)
(-0.0879479 -0.626988 0)
(-0.0956512 -0.672695 0)
(-0.104311 -0.724994 0)
(-0.119215 -0.8054 0)
(-0.144227 -0.935254 0)
(-0.164115 -1.07132 0)
(-0.145125 -1.0631 0)
(-0.0792058 -0.754493 0)
(-0.00736871 -0.204694 0)
(0.00579913 0.128603 0)
(0.0358546 0.373137 0)
(0.0629044 0.545829 0)
(0.0816541 0.653743 0)
(0.0944792 0.721326 0)
(0.104251 0.759851 0)
(0.111178 0.771387 0)
(0.114876 0.758102 0)
(0.115497 0.725195 0)
(0.113739 0.679769 0)
(0.110572 0.62874 0)
(0.106926 0.577235 0)
(0.103459 0.527999 0)
(0.100472 0.481778 0)
(0.0979747 0.438181 0)
(0.0958217 0.396486 0)
(0.0938322 0.356099 0)
(0.0918573 0.316681 0)
(0.0897945 0.278083 0)
(0.0875755 0.240238 0)
(0.0851482 0.203096 0)
(0.0824649 0.16659 0)
(0.0794784 0.130636 0)
(0.0761405 0.0951381 0)
(0.0724032 0.0599953 0)
(0.0682913 0.0250967 0)
(0.0638684 -0.00975679 0)
(0.058961 -0.0446598 0)
(0.0534168 -0.0797833 0)
(0.0473206 -0.115262 0)
(0.0406801 -0.151207 0)
(0.0334766 -0.18775 0)
(0.0257112 -0.225043 0)
(0.0173983 -0.263262 0)
(0.00856144 -0.30262 0)
(-0.000766464 -0.343366 0)
(-0.0105464 -0.385748 0)
(-0.0207158 -0.429938 0)
(-0.0311707 -0.475903 0)
(-0.0417529 -0.523243 0)
(-0.0522297 -0.571063 0)
(-0.0623011 -0.618121 0)
(-0.0718099 -0.664022 0)
(-0.0815781 -0.713646 0)
(-0.0956927 -0.786136 0)
(-0.119872 -0.910699 0)
(-0.144838 -1.0648 0)
(-0.13694 -1.10111 0)
(-0.0803229 -0.825522 0)
(-0.00878125 -0.245377 0)
(0.00497391 0.109104 0)
(0.0370213 0.340721 0)
(0.0704167 0.519174 0)
(0.0958604 0.635292 0)
(0.11385 0.707825 0)
(0.127574 0.749701 0)
(0.137738 0.764689 0)
(0.143987 0.754989 0)
(0.146408 0.725206 0)
(0.145757 0.681966 0)
(0.143166 0.632046 0)
(0.139776 0.580745 0)
(0.136438 0.531166 0)
(0.133586 0.484419 0)
(0.131295 0.440365 0)
(0.129427 0.398389 0)
(0.127777 0.357904 0)
(0.126165 0.318525 0)
(0.124458 0.280058 0)
(0.122572 0.242409 0)
(0.120443 0.205513 0)
(0.11802 0.169301 0)
(0.115251 0.133688 0)
(0.112088 0.0985719 0)
(0.108485 0.0638423 0)
(0.104422 0.0293814 0)
(0.0999669 -0.00498427 0)
(0.0949923 -0.0393607 0)
(0.0893309 -0.0739159 0)
(0.0830379 -0.108799 0)
(0.0761219 -0.14414 0)
(0.068561 -0.180073 0)
(0.0603506 -0.216759 0)
(0.0515021 -0.254386 0)
(0.0420357 -0.29318 0)
(0.0319805 -0.333402 0)
(0.021378 -0.375316 0)
(0.0102877 -0.419113 0)
(-0.00120922 -0.464803 0)
(-0.0129993 -0.51204 0)
(-0.0249167 -0.559992 0)
(-0.036729 -0.607428 0)
(-0.0482651 -0.653587 0)
(-0.05983 -0.701621 0)
(-0.0742439 -0.767575 0)
(-0.0976208 -0.884737 0)
(-0.126221 -1.05087 0)
(-0.128218 -1.12888 0)
(-0.0809879 -0.891149 0)
(-0.0100342 -0.28768 0)
(0.00407717 0.0900345 0)
(0.0367596 0.304536 0)
(0.0756121 0.486001 0)
(0.107847 0.610743 0)
(0.131426 0.689658 0)
(0.149361 0.735876 0)
(0.162965 0.754974 0)
(0.172062 0.749529 0)
(0.17666 0.723584 0)
(0.177484 0.683175 0)
(0.17576 0.634842 0)
(0.172805 0.584024 0)
(0.16967 0.534199 0)
(0.166961 0.486901 0)
(0.16486 0.442311 0)
(0.16327 0.399978 0)
(0.161976 0.359343 0)
(0.160767 0.319987 0)
(0.159476 0.281663 0)
(0.15799 0.244239 0)
(0.156229 0.207629 0)
(0.15413 0.171757 0)
(0.151638 0.136533 0)
(0.148702 0.101853 0)
(0.145272 0.067599 0)
(0.141303 0.0336461 0)
(0.136847 -0.000162199 0)
(0.131812 -0.0339521 0)
(0.126036 -0.0678735 0)
(0.119544 -0.102087 0)
(0.112341 -0.136739 0)
(0.104403 -0.171979 0)
(0.0957219 -0.207976 0)
(0.0863046 -0.244928 0)
(0.0761703 -0.28307 0)
(0.065347 -0.322671 0)
(0.0538703 -0.364002 0)
(0.0417836 -0.407273 0)
(0.0291417 -0.452522 0)
(0.0160255 -0.499443 0)
(0.00255155 -0.547259 0)
(-0.011113 -0.594763 0)
(-0.0248412 -0.641025 0)
(-0.0386745 -0.688096 0)
(-0.0543809 -0.748982 0)
(-0.0773797 -0.857856 0)
(-0.108586 -1.03078 0)
(-0.1194 -1.14707 0)
(-0.0816031 -0.951216 0)
(-0.0112294 -0.331376 0)
(0.00319607 0.0720279 0)
(0.0351887 0.265888 0)
(0.07825 0.446869 0)
(0.117081 0.57984 0)
(0.146686 0.666424 0)
(0.169223 0.718109 0)
(0.186527 0.741982 0)
(0.198783 0.74137 0)
(0.205974 0.719922 0)
(0.208721 0.68302 0)
(0.208251 0.636848 0)
(0.206005 0.586906 0)
(0.203224 0.537031 0)
(0.200712 0.489218 0)
(0.1988 0.444033 0)
(0.197473 0.401251 0)
(0.196538 0.360391 0)
(0.19576 0.321016 0)
(0.194935 0.28283 0)
(0.193915 0.245651 0)
(0.192592 0.209367 0)
(0.190889 0.173883 0)
(0.188738 0.139103 0)
(0.186084 0.104918 0)
(0.182871 0.0712062 0)
(0.179045 0.0378371 0)
(0.174626 0.00466443 0)
(0.169549 -0.0284592 0)
(0.163673 -0.0616668 0)
(0.156987 -0.0951259 0)
(0.149493 -0.129 0)
(0.141169 -0.163451 0)
(0.132001 -0.198658 0)
(0.121992 -0.234831 0)
(0.111158 -0.272216 0)
(0.0995222 -0.311089 0)
(0.0871127 -0.351725 0)
(0.073958 -0.394341 0)
(0.0600874 -0.43898 0)
(0.0455394 -0.485363 0)
(0.0303742 -0.532754 0)
(0.0147026 -0.579986 0)
(-0.0013876 -0.626069 0)
(-0.0178206 -0.672422 0)
(-0.0356482 -0.729549 0)
(-0.0589319 -0.830173 0)
(-0.092081 -1.00548 0)
(-0.110779 -1.15627 0)
(-0.0825137 -1.00571 0)
(-0.0125481 -0.376487 0)
(0.00239699 0.0555707 0)
(0.0325151 0.226232 0)
(0.0782076 0.402706 0)
(0.123036 0.542531 0)
(0.158988 0.637668 0)
(0.186626 0.696028 0)
(0.207978 0.725411 0)
(0.223725 0.730137 0)
(0.233943 0.713761 0)
(0.239125 0.681036 0)
(0.240407 0.637678 0)
(0.239269 0.589128 0)
(0.237107 0.539523 0)
(0.234927 0.491322 0)
(0.23325 0.445529 0)
(0.232189 0.402216 0)
(0.231607 0.361038 0)
(0.23127 0.321578 0)
(0.230947 0.283501 0)
(0.230447 0.246577 0)
(0.229631 0.210652 0)
(0.228393 0.175606 0)
(0.226654 0.14133 0)
(0.224343 0.107707 0)
(0.2214 0.0746125 0)
(0.217765 0.04191 0)
(0.213429 0.00945509 0)
(0.208342 -0.0229089 0)
(0.202387 -0.0553103 0)
(0.195523 -0.0879229 0)
(0.187745 -0.120922 0)
(0.179036 -0.154481 0)
(0.169376 -0.188792 0)
(0.158764 -0.224077 0)
(0.14721 -0.26059 0)
(0.134731 -0.29861 0)
(0.12134 -0.338415 0)
(0.107047 -0.380214 0)
(0.0918507 -0.424052 0)
(0.0757472 -0.469664 0)
(0.0587444 -0.516342 0)
(0.0408973 -0.562952 0)
(0.0222576 -0.608496 0)
(0.00295852 -0.654103 0)
(-0.0176398 -0.708494 0)
(-0.0419913 -0.80154 0)
(-0.0767164 -0.975661 0)
(-0.102494 -1.15693 0)
(-0.0839737 -1.05467 0)
(-0.014235 -0.423282 0)
(0.00171742 0.0409863 0)
(0.0290198 0.187085 0)
(0.0755255 0.354829 0)
(0.125267 0.4991 0)
(0.167606 0.602982 0)
(0.200868 0.669155 0)
(0.226729 0.704894 0)
(0.246337 0.715445 0)
(0.260023 0.704611 0)
(0.268194 0.676676 0)
(0.271827 0.636819 0)
(0.272341 0.590288 0)
(0.271216 0.541414 0)
(0.269638 0.493081 0)
(0.268335 0.446756 0)
(0.267589 0.402872 0)
(0.267368 0.361288 0)
(0.267476 0.32166 0)
(0.267669 0.283642 0)
(0.267727 0.24696 0)
(0.26747 0.211416 0)
(0.266763 0.176855 0)
(0.265501 0.143146 0)
(0.263599 0.110161 0)
(0.260985 0.0777651 0)
(0.257593 0.0458185 0)
(0.253391 0.0141731 0)
(0.248338 -0.0173328 0)
(0.242336 -0.0488286 0)
(0.235319 -0.0804947 0)
(0.227278 -0.112514 0)
(0.218199 -0.145074 0)
(0.208058 -0.178377 0)
(0.196846 -0.212655 0)
(0.184566 -0.24817 0)
(0.17122 -0.2852 0)
(0.156806 -0.324014 0)
(0.141306 -0.364812 0)
(0.124683 -0.407625 0)
(0.106887 -0.45219 0)
(0.0878738 -0.49783 0)
(0.0676474 -0.543464 0)
(0.0462396 -0.588112 0)
(0.0238442 -0.632733 0)
(5.78339e-06 -0.685108 0)
(-0.0262263 -0.771652 0)
(-0.0624047 -0.94181 0)
(-0.0945332 -1.14934 0)
(-0.086117 -1.09806 0)
(-0.0165718 -0.472253 0)
(0.00116533 0.0284397 0)
(0.02503 0.149884 0)
(0.0704432 0.304912 0)
(0.123511 0.450291 0)
(0.171811 0.562162 0)
(0.211098 0.636968 0)
(0.242011 0.679974 0)
(0.265921 0.696877 0)
(0.283521 0.691968 0)
(0.295253 0.669329 0)
(0.301912 0.633636 0)
(0.304765 0.589825 0)
(0.305276 0.542279 0)
(0.304751 0.494223 0)
(0.304111 0.447574 0)
(0.303835 0.403166 0)
(0.304039 0.361131 0)
(0.30461 0.32126 0)
(0.30533 0.283237 0)
(0.305962 0.246767 0)
(0.306299 0.211608 0)
(0.30617 0.17757 0)
(0.305441 0.144488 0)
(0.304008 0.112215 0)
(0.301783 0.0806048 0)
(0.29869 0.0495079 0)
(0.294679 0.0187716 0)
(0.289712 -0.0117736 0)
(0.283703 -0.0422593 0)
(0.276573 -0.0728727 0)
(0.268306 -0.103805 0)
(0.258887 -0.135252 0)
(0.248289 -0.167429 0)
(0.236495 -0.200573 0)
(0.223492 -0.234948 0)
(0.209266 -0.270828 0)
(0.193788 -0.308467 0)
(0.177006 -0.348043 0)
(0.158842 -0.38957 0)
(0.139199 -0.432779 0)
(0.117979 -0.477019 0)
(0.0951424 -0.521283 0)
(0.0707113 -0.564673 0)
(0.0449592 -0.608077 0)
(0.0175878 -0.658706 0)
(-0.0112661 -0.740118 0)
(-0.048981 -0.904315 0)
(-0.0867267 -1.13364 0)
(-0.088929 -1.13572 0)
(-0.0198384 -0.524081 0)
(0.000730659 0.0179563 0)
(0.0208806 0.115849 0)
(0.0634094 0.254874 0)
(0.117779 0.397393 0)
(0.171008 0.515401 0)
(0.216373 0.599021 0)
(0.252858 0.65012 0)
(0.281591 0.673964 0)
(0.303588 0.675321 0)
(0.319448 0.658356 0)
(0.329849 0.627395 0)
(0.335845 0.587009 0)
(0.338774 0.541493 0)
(0.339967 0.494283 0)
(0.340488 0.447684 0)
(0.341009 0.402937 0)
(0.341822 0.360499 0)
(0.342944 0.320354 0)
(0.344225 0.282276 0)
(0.345449 0.24598 0)
(0.346396 0.2112 0)
(0.346872 0.177706 0)
(0.346716 0.145302 0)
(0.345798 0.113812 0)
(0.344013 0.0830725 0)
(0.341274 0.0529203 0)
(0.337512 0.0231944 0)
(0.332688 -0.00628343 0)
(0.326726 -0.0356518 0)
(0.319533 -0.0651029 0)
(0.311089 -0.0948339 0)
(0.301375 -0.125051 0)
(0.290357 -0.155974 0)
(0.278005 -0.187845 0)
(0.264288 -0.220922 0)
(0.249165 -0.255468 0)
(0.232574 -0.291713 0)
(0.214421 -0.329809 0)
(0.194582 -0.369742 0)
(0.17291 -0.411239 0)
(0.149259 -0.45368 0)
(0.123554 -0.49615 0)
(0.0958252 -0.537901 0)
(0.0664335 -0.579882 0)
(0.0353155 -0.628832 0)
(0.00327344 -0.706468 0)
(-0.0362146 -0.863526 0)
(-0.078746 -1.10986 0)
(-0.092219 -1.16727 0)
(-0.0242514 -0.579565 0)
(0.000399083 0.00944805 0)
(0.0168745 0.0858513 0)
(0.0550517 0.206716 0)
(0.108426 0.342232 0)
(0.164875 0.463473 0)
(0.215793 0.555151 0)
(0.25815 0.614806 0)
(0.292251 0.646174 0)
(0.31918 0.654135 0)
(0.339748 0.643112 0)
(0.354611 0.617307 0)
(0.364618 0.580978 0)
(0.370899 0.538228 0)
(0.374695 0.492562 0)
(0.377124 0.446565 0)
(0.379002 0.401844 0)
(0.380806 0.359195 0)
(0.382709 0.31885 0)
(0.384675 0.280723 0)
(0.386551 0.244586 0)
(0.388139 0.210177 0)
(0.389241 0.177243 0)
(0.389681 0.145556 0)
(0.38931 0.11491 0)
(0.388005 0.085119 0)
(0.385664 0.0560019 0)
(0.382204 0.0273845 0)
(0.377578 -0.000918601 0)
(0.371715 -0.029063 0)
(0.364517 -0.0572406 0)
(0.355952 -0.0856537 0)
(0.345991 -0.114515 0)
(0.33459 -0.144047 0)
(0.321702 -0.174488 0)
(0.307269 -0.206085 0)
(0.291216 -0.239078 0)
(0.273439 -0.273672 0)
(0.253799 -0.309982 0)
(0.23212 -0.347968 0)
(0.208205 -0.387351 0)
(0.181869 -0.427555 0)
(0.153017 -0.46779 0)
(0.121707 -0.507516 0)
(0.0884147 -0.54787 0)
(0.0533324 -0.595339 0)
(0.0177757 -0.670111 0)
(-0.0238079 -0.819827 0)
(-0.070107 -1.07798 0)
(-0.0955978 -1.19199 0)
(-0.0298821 -0.63947 0)
(0.000165706 0.00273011 0)
(0.0132581 0.0603435 0)
(0.0460983 0.162295 0)
(0.0961467 0.287075 0)
(0.153489 0.407854 0)
(0.208674 0.50572 0)
(0.256723 0.573686 0)
(0.296605 0.612949 0)
(0.329037 0.627829 0)
(0.354924 0.622943 0)
(0.374968 0.602569 0)
(0.389871 0.570788 0)
(0.400523 0.531491 0)
(0.407982 0.488129 0)
(0.413305 0.443433 0)
(0.417376 0.399293 0)
(0.420813 0.356815 0)
(0.42395 0.316497 0)
(0.426896 0.278438 0)
(0.429601 0.242516 0)
(0.431931 0.208508 0)
(0.433716 0.176161 0)
(0.434787 0.145229 0)
(0.434991 0.115483 0)
(0.434195 0.0867104 0)
(0.432288 0.0587112 0)
(0.429172 0.0312943 0)
(0.42479 0.00426759 0)
(0.41907 -0.0225482 0)
(0.411915 -0.0493396 0)
(0.403271 -0.0763129 0)
(0.393097 -0.103683 0)
(0.381333 -0.131671 0)
(0.367906 -0.160502 0)
(0.352725 -0.190405 0)
(0.335673 -0.221593 0)
(0.316601 -0.254233 0)
(0.295318 -0.288404 0)
(0.271595 -0.32404 0)
(0.245191 -0.360863 0)
(0.215891 -0.398365 0)
(0.183607 -0.435917 0)
(0.148454 -0.473257 0)
(0.111051 -0.511814 0)
(0.0718325 -0.558001 0)
(0.0326351 -0.630687 0)
(-0.0113969 -0.773683 0)
(-0.0601835 -1.03809 0)
(-0.0984504 -1.2088 0)
(-0.0365456 -0.704301 0)
(3.98552e-05 -0.00246977 0)
(0.0102142 0.0393777 0)
(0.0372545 0.123118 0)
(0.0818776 0.234416 0)
(0.137364 0.350731 0)
(0.194716 0.451825 0)
(0.247548 0.52684 0)
(0.293253 0.573837 0)
(0.331685 0.595793 0)
(0.363533 0.597172 0)
(0.389489 0.582381 0)
(0.41016 0.555475 0)
(0.42622 0.520193 0)
(0.438492 0.479867 0)
(0.447876 0.437253 0)
(0.455222 0.394407 0)
(0.461216 0.352676 0)
(0.466322 0.312807 0)
(0.470791 0.2751 0)
(0.474704 0.239571 0)
(0.478025 0.206076 0)
(0.480652 0.174395 0)
(0.482454 0.144285 0)
(0.483296 0.115504 0)
(0.483054 0.0878214 0)
(0.481613 0.06102 0)
(0.478874 0.0348923 0)
(0.474764 0.00923717 0)
(0.46921 -0.0161434 0)
(0.462118 -0.0414318 0)
(0.453408 -0.0668358 0)
(0.443017 -0.0925669 0)
(0.430865 -0.118835 0)
(0.416848 -0.145849 0)
(0.400835 -0.17381 0)
(0.382665 -0.202897 0)
(0.362137 -0.233237 0)
(0.339007 -0.264872 0)
(0.313001 -0.297713 0)
(0.283841 -0.331502 0)
(0.251303 -0.365826 0)
(0.215331 -0.400269 0)
(0.176135 -0.434915 0)
(0.134501 -0.471578 0)
(0.0910991 -0.516744 0)
(0.0483177 -0.58812 0)
(0.00148894 -0.725547 0)
(-0.0482076 -0.990554 0)
(-0.0998949 -1.21625 0)
(-0.0436745 -0.774178 0)
(3.95863e-05 -0.00650553 0)
(0.00782023 0.0226935 0)
(0.0290085 0.0902173 0)
(0.0665481 0.186705 0)
(0.117322 0.294845 0)
(0.174067 0.395392 0)
(0.229932 0.475025 0)
(0.280882 0.528715 0)
(0.325536 0.55748 0)
(0.363938 0.565101 0)
(0.396548 0.555941 0)
(0.423844 0.534096 0)
(0.446315 0.503235 0)
(0.464545 0.466573 0)
(0.479227 0.426811 0)
(0.491086 0.386058 0)
(0.500789 0.345809 0)
(0.508865 0.307 0)
(0.515679 0.27012 0)
(0.521438 0.235333 0)
(0.526223 0.2026 0)
(0.530028 0.171763 0)
(0.532792 0.142608 0)
(0.534429 0.114901 0)
(0.53484 0.0884075 0)
(0.533929 0.0628995 0)
(0.531604 0.0381595 0)
(0.527785 0.0139788 0)
(0.522397 -0.00985071 0)
(0.515348 -0.0335092 0)
(0.506533 -0.0571996 0)
(0.495866 -0.0811223 0)
(0.483241 -0.105471 0)
(0.468518 -0.13043 0)
(0.451526 -0.156167 0)
(0.432058 -0.182821 0)
(0.409863 -0.210478 0)
(0.384652 -0.239146 0)
(0.356112 -0.268726 0)
(0.323949 -0.299001 0)
(0.287954 -0.329693 0)
(0.248139 -0.360656 0)
(0.204842 -0.392383 0)
(0.159025 -0.427154 0)
(0.111582 -0.471623 0)
(0.065408 -0.542501 0)
(0.0155325 -0.67595 0)
(-0.0333574 -0.936332 0)
(-0.0987918 -1.2127 0)
(-0.0502243 -0.848901 0)
(0.000145875 -0.0097447 0)
(0.00585317 0.00989669 0)
(0.021274 0.064173 0)
(0.050609 0.146076 0)
(0.0941079 0.24317 0)
(0.147189 0.339056 0)
(0.203626 0.419801 0)
(0.258494 0.478028 0)
(0.309088 0.512593 0)
(0.354419 0.52608 0)
(0.39437 0.522452 0)
(0.429119 0.505741 0)
(0.458941 0.47957 0)
(0.484198 0.447067 0)
(0.505363 0.410844 0)
(0.52299 0.372981 0)
(0.537653 0.335028 0)
(0.549874 0.298036 0)
(0.560075 0.262631 0)
(0.568562 0.229116 0)
(0.575526 0.197561 0)
(0.581065 0.167888 0)
(0.585208 0.139936 0)
(0.587938 0.1135 0)
(0.589211 0.0883568 0)
(0.588965 0.0642851 0)
(0.58713 0.0410671 0)
(0.583633 0.0184943 0)
(0.5784 -0.00364136 0)
(0.571344 -0.025519 0)
(0.562342 -0.0473259 0)
(0.551286 -0.0692438 0)
(0.538042 -0.091444 0)
(0.52244 -0.11408 0)
(0.504271 -0.137283 0)
(0.483287 -0.161148 0)
(0.459197 -0.185722 0)
(0.431681 -0.210986 0)
(0.40041 -0.23685 0)
(0.365102 -0.263171 0)
(0.325601 -0.28985 0)
(0.282017 -0.317063 0)
(0.234826 -0.345762 0)
(0.185148 -0.378731 0)
(0.134047 -0.422849 0)
(0.0847757 -0.493998 0)
(0.03179 -0.625209 0)
(-0.0149672 -0.877049 0)
(-0.0938706 -1.19631 0)
(-0.0546691 -0.927538 0)
(0.000214066 -0.0123286 0)
(0.00336381 0.000850621 0)
(0.0127691 0.0453434 0)
(0.0332645 0.114116 0)
(0.0676843 0.198422 0)
(0.114401 0.285754 0)
(0.168716 0.363407 0)
(0.225579 0.42292 0)
(0.281214 0.461309 0)
(0.333424 0.479682 0)
(0.381178 0.481198 0)
(0.424096 0.469556 0)
(0.462111 0.448243 0)
(0.495334 0.420279 0)
(0.524022 0.388173 0)
(0.548546 0.353933 0)
(0.569352 0.319089 0)
(0.586899 0.284732 0)
(0.601612 0.251571 0)
(0.613846 0.220007 0)
(0.623874 0.190207 0)
(0.631886 0.162176 0)
(0.638004 0.135816 0)
(0.642292 0.110968 0)
(0.64477 0.0874408 0)
(0.645429 0.0650325 0)
(0.644236 0.0435399 0)
(0.641139 0.0227661 0)
(0.636078 0.00251724 0)
(0.628967 -0.0173833 0)
(0.619687 -0.0370972 0)
(0.60811 -0.0567802 0)
(0.594082 -0.076574 0)
(0.577414 -0.0965973 0)
(0.55787 -0.116941 0)
(0.535178 -0.137659 0)
(0.509032 -0.158766 0)
(0.479108 -0.180231 0)
(0.445099 -0.201999 0)
(0.406777 -0.224039 0)
(0.364077 -0.246471 0)
(0.317222 -0.269821 0)
(0.266803 -0.295513 0)
(0.214021 -0.326823 0)
(0.159967 -0.370853 0)
(0.108017 -0.442779 0)
(0.0520211 -0.572878 0)
(0.00750564 -0.81475 0)
(-0.0837227 -1.16453 0)
(-0.0549839 -1.00671 0)
(-0.000172551 -0.0135326 0)
(-0.00186938 -0.00351982 0)
(0.000344607 0.034412 0)
(0.0116442 0.0918307 0)
(0.0363487 0.162495 0)
(0.0751667 0.238012 0)
(0.125237 0.308264 0)
(0.18209 0.365084 0)
(0.241403 0.404397 0)
(0.299904 0.425915 0)
(0.3555 0.431715 0)
(0.407011 0.424845 0)
(0.453842 0.40844 0)
(0.495764 0.385309 0)
(0.532792 0.357811 0)
(0.565111 0.32784 0)
(0.593028 0.296864 0)
(0.616914 0.265954 0)
(0.637155 0.235848 0)
(0.654117 0.207001 0)
(0.668116 0.17965 0)
(0.67941 0.153872 0)
(0.688195 0.12963 0)
(0.694611 0.10682 0)
(0.698748 0.0852936 0)
(0.700655 0.0648825 0)
(0.700348 0.0454118 0)
(0.697809 0.0267085 0)
(0.693001 0.00860571 0)
(0.685848 -0.00905833 0)
(0.676252 -0.0264181 0)
(0.664079 -0.0435983 0)
(0.649173 -0.0607045 0)
(0.631339 -0.0778175 0)
(0.610345 -0.0949895 0)
(0.585928 -0.112243 0)
(0.557807 -0.129576 0)
(0.525704 -0.146969 0)
(0.489389 -0.164432 0)
(0.448732 -0.182073 0)
(0.403777 -0.20025 0)
(0.354842 -0.219833 0)
(0.302554 -0.242675 0)
(0.248058 -0.272471 0)
(0.192254 -0.316486 0)
(0.138364 -0.389218 0)
(0.0794676 -0.518393 0)
(0.0356359 -0.751105 0)
(-0.0659483 -1.11379 0)
(-0.0484334 -1.07933 0)
(-0.00194584 -0.01058 0)
(-0.0135403 -0.00013126 0)
(-0.0209808 0.0328193 0)
(-0.0192494 0.0796248 0)
(-0.00367904 0.136021 0)
(0.0275074 0.197199 0)
(0.0726818 0.256193 0)
(0.128222 0.306256 0)
(0.189846 0.343069 0)
(0.253633 0.365331 0)
(0.316561 0.374006 0)
(0.37658 0.371258 0)
(0.43243 0.359618 0)
(0.483422 0.341507 0)
(0.529268 0.319026 0)
(0.569944 0.293901 0)
(0.605609 0.267485 0)
(0.636534 0.240791 0)
(0.663051 0.214537 0)
(0.685504 0.189198 0)
(0.704226 0.165048 0)
(0.719512 0.142216 0)
(0.731612 0.12072 0)
(0.740728 0.100507 0)
(0.747011 0.0814763 0)
(0.75057 0.0635013 0)
(0.751471 0.0464447 0)
(0.749743 0.0301677 0)
(0.745381 0.0145377 0)
(0.738347 -0.000573289 0)
(0.728558 -0.0152748 0)
(0.715906 -0.0296602 0)
(0.70026 -0.0438025 0)
(0.681459 -0.057748 0)
(0.659316 -0.0715188 0)
(0.63363 -0.0851203 0)
(0.604205 -0.0985539 0)
(0.570871 -0.111842 0)
(0.533516 -0.125076 0)
(0.49213 -0.138508 0)
(0.446842 -0.152709 0)
(0.397983 -0.168827 0)
(0.346073 -0.189038 0)
(0.292003 -0.217352 0)
(0.236252 -0.261125 0)
(0.181665 -0.334199 0)
(0.120106 -0.461917 0)
(0.0744865 -0.687238 0)
(-0.0358634 -1.04271 0)
(-0.0316594 -1.13824 0)
(-0.00678943 0.00230446 0)
(-0.0362819 0.0162631 0)
(-0.0567932 0.0426923 0)
(-0.0649328 0.0772163 0)
(-0.0569977 0.118044 0)
(-0.0316846 0.162838 0)
(0.00980084 0.207651 0)
(0.0641448 0.247549 0)
(0.12733 0.27861 0)
(0.195341 0.298966 0)
(0.264629 0.308704 0)
(0.332443 0.309058 0)
(0.396871 0.301773 0)
(0.456719 0.288692 0)
(0.511334 0.271523 0)
(0.560445 0.251726 0)
(0.604041 0.230481 0)
(0.642279 0.208694 0)
(0.67542 0.187032 0)
(0.703778 0.165951 0)
(0.727678 0.145742 0)
(0.747435 0.126562 0)
(0.763336 0.108472 0)
(0.775629 0.0914613 0)
(0.78452 0.0754761 0)
(0.790175 0.0604333 0)
(0.792716 0.0462362 0)
(0.792228 0.032784 0)
(0.788761 0.0199804 0)
(0.782327 0.0077373 0)
(0.772919 -0.00402141 0)
(0.760445 -0.015351 0)
(0.744842 -0.0263102 0)
(0.72604 -0.0369403 0)
(0.703957 -0.0472582 0)
(0.678509 -0.0572699 0)
(0.649628 -0.0669953 0)
(0.617278 -0.0765017 0)
(0.581471 -0.0859556 0)
(0.542276 -0.0957119 0)
(0.49982 -0.106465 0)
(0.454298 -0.119509 0)
(0.405915 -0.137173 0)
(0.355045 -0.163611 0)
(0.301455 -0.20621 0)
(0.247328 -0.278333 0)
(0.182963 -0.403317 0)
(0.134766 -0.620017 0)
(0.0110418 -0.959712 0)
(-0.00223792 -1.18181 0)
(-0.0170226 0.0345156 0)
(-0.0739112 0.0515685 0)
(-0.110043 0.065311 0)
(-0.127439 0.0830709 0)
(-0.124983 0.105811 0)
(-0.103079 0.132628 0)
(-0.0634024 0.161298 0)
(-0.00923227 0.188706 0)
(0.0554727 0.211688 0)
(0.126806 0.227941 0)
(0.201214 0.236897 0)
(0.275535 0.239092 0)
(0.347368 0.235481 0)
(0.41509 0.227217 0)
(0.477707 0.215487 0)
(0.534688 0.201383 0)
(0.585834 0.185833 0)
(0.631174 0.16958 0)
(0.67089 0.153192 0)
(0.705249 0.137076 0)
(0.734566 0.121509 0)
(0.759164 0.106657 0)
(0.77936 0.0926077 0)
(0.795445 0.0793847 0)
(0.807679 0.0669717 0)
(0.816287 0.0553255 0)
(0.821456 0.044388 0)
(0.823342 0.0340947 0)
(0.822065 0.0243822 0)
(0.817724 0.0151927 0)
(0.810374 0.00647981 0)
(0.800117 -0.00179237 0)
(0.786927 -0.00964678 0)
(0.770777 -0.0171191 0)
(0.751715 -0.0242544 0)
(0.729794 -0.0310876 0)
(0.705065 -0.0376625 0)
(0.677588 -0.0440704 0)
(0.647425 -0.0505023 0)
(0.614633 -0.0573298 0)
(0.57922 -0.0652415 0)
(0.5411 -0.0754813 0)
(0.499962 -0.0902672 0)
(0.455357 -0.113567 0)
(0.405816 -0.152472 0)
(0.352012 -0.219782 0)
(0.282549 -0.337437 0)
(0.228395 -0.54063 0)
(0.0734369 -0.87334 0)
(0.0413709 -1.2006 0)
(-0.0349717 0.0992346 0)
(-0.123556 0.111367 0)
(-0.168323 0.0996697 0)
(-0.188479 0.0942157 0)
(-0.187529 0.0962378 0)
(-0.16693 0.103955 0)
(-0.128461 0.11588 0)
(-0.0751089 0.129764 0)
(-0.010544 0.143022 0)
(0.0617779 0.15362 0)
(0.138708 0.160495 0)
(0.217066 0.163422 0)
(0.294071 0.162626 0)
(0.36778 0.158616 0)
(0.436926 0.152047 0)
(0.500744 0.143592 0)
(0.558841 0.133875 0)
(0.611105 0.123428 0)
(0.657617 0.112677 0)
(0.698586 0.101944 0)
(0.734292 0.0914612 0)
(0.765055 0.0813804 0)
(0.791203 0.0717923 0)
(0.813056 0.0627401 0)
(0.830914 0.0542331 0)
(0.845048 0.0462579 0)
(0.855701 0.038787 0)
(0.863085 0.0317854 0)
(0.867387 0.0252162 0)
(0.868764 0.0190444 0)
(0.867359 0.0132359 0)
(0.863285 0.00776777 0)
(0.856698 0.00262719 0)
(0.847762 -0.00220087 0)
(0.83646 -0.0067425 0)
(0.822853 -0.0110431 0)
(0.80703 -0.0151642 0)
(0.789064 -0.0191998 0)
(0.768991 -0.0233163 0)
(0.746782 -0.0278181 0)
(0.722277 -0.0332573 0)
(0.695084 -0.0406267 0)
(0.664352 -0.0517026 0)
(0.628668 -0.0696984 0)
(0.584809 -0.100449 0)
(0.530379 -0.154737 0)
(0.450619 -0.251987 0)
(0.374398 -0.425393 0)
(0.15388 -0.74329 0)
(0.118339 -1.14224 0)
(-0.0726304 0.213966 0)
(-0.143594 0.160362 0)
(-0.139862 0.104017 0)
(-0.127644 0.0851618 0)
(-0.108475 0.07348 0)
(-0.0801543 0.065121 0)
(-0.0415845 0.0619505 0)
(0.00707111 0.0632448 0)
(0.0649527 0.0670832 0)
(0.130671 0.0720674 0)
(0.202066 0.076922 0)
(0.276553 0.0805987 0)
(0.351699 0.0826194 0)
(0.425544 0.0828908 0)
(0.496625 0.0815431 0)
(0.563914 0.0788303 0)
(0.626745 0.0750572 0)
(0.684749 0.0705278 0)
(0.737781 0.0655148 0)
(0.785862 0.0602454 0)
(0.829121 0.0548975 0)
(0.86776 0.0496028 0)
(0.902019 0.0444531 0)
(0.932155 0.0395077 0)
(0.958425 0.0348007 0)
(0.981078 0.0303479 0)
(1.00034 0.0261525 0)
(1.01644 0.0222092 0)
(1.02955 0.0185081 0)
(1.03985 0.0150372 0)
(1.04751 0.0117836 0)
(1.05265 0.0087326 0)
(1.05542 0.00587064 0)
(1.05591 0.00319555 0)
(1.05432 0.000706765 0)
(1.05075 -0.00161808 0)
(1.04525 -0.00381827 0)
(1.03789 -0.00595548 0)
(1.02865 -0.00813495 0)
(1.01744 -0.0105456 0)
(1.004 -0.013526 0)
(0.987753 -0.017679 0)
(0.967526 -0.0240722 0)
(0.941234 -0.0346056 0)
(0.904283 -0.0526896 0)
(0.850883 -0.0845505 0)
(0.760886 -0.142712 0)
(0.644302 -0.253414 0)
(0.338063 -0.497121 0)
(0.328414 -0.863649 0)
(0.238769 0.159538 0)
(0.357025 0.172304 0)
(0.470564 0.127325 0)
(0.571702 0.0907582 0)
(0.64841 0.066606 0)
(0.707878 0.0498035 0)
(0.757955 0.0375085 0)
(0.803361 0.0284491 0)
(0.847095 0.0219523 0)
(0.891171 0.0175699 0)
(0.936637 0.0148558 0)
(0.983696 0.0133393 0)
(1.03196 0.012589 0)
(1.08071 0.0122521 0)
(1.12911 0.0120677 0)
(1.17633 0.0118661 0)
(1.22169 0.0115554 0)
(1.26464 0.0111005 0)
(1.30477 0.0105035 0)
(1.34184 0.00978673 0)
(1.37574 0.00898105 0)
(1.40644 0.00811857 0)
(1.43398 0.00722836 0)
(1.45847 0.00633453 0)
(1.48004 0.00545585 0)
(1.49883 0.00460606 0)
(1.515 0.00379467 0)
(1.52872 0.00302783 0)
(1.54014 0.00230917 0)
(1.5494 0.00164047 0)
(1.55666 0.00102225 0)
(1.56204 0.000453756 0)
(1.56568 -6.55167e-05 0)
(1.56769 -0.000537039 0)
(1.56819 -0.000963727 0)
(1.56728 -0.00134768 0)
(1.56507 -0.00169728 0)
(1.56162 -0.00202786 0)
(1.55694 -0.00236684 0)
(1.55095 -0.00276377 0)
(1.54339 -0.003307 0)
(1.53371 -0.00415022 0)
(1.52081 -0.00556383 0)
(1.50276 -0.00799981 0)
(1.47561 -0.0122945 0)
(1.43384 -0.0196727 0)
(1.3604 -0.0335752 0)
(1.2464 -0.057967 0)
(0.974141 -0.130906 0)
(0.997643 -0.300185 0)
)
;

boundaryField
{
    movingWall
    {
        type            fixedValue;
        value           uniform (2 0 0);
    }
    fixedWalls
    {
        type            fixedValue;
        value           uniform (0 0 0);
    }
    frontAndBack
    {
        type            empty;
    }
}


// ************************************************************************* //
