/*--------------------------------*- C++ -*----------------------------------*\
  =========                 |
  \\      /  F ield         | OpenFOAM: The Open Source CFD Toolbox
   \\    /   O peration     | Website:  https://openfoam.org
    \\  /    A nd           | Version:  7
     \\/     M anipulation  |
\*---------------------------------------------------------------------------*/
FoamFile
{
    version     2.0;
    format      ascii;
    class       surfaceScalarField;
    location    "1800";
    object      phi;
}
// * * * * * * * * * * * * * * * * * * * * * * * * * * * * * * * * * * * * * //

dimensions      [0 3 -1 0 0 0 0];

internalField   nonuniform List<scalar> 
4900
(
1.70086e-06
-1.70263e-06
6.22443e-06
-4.52358e-06
1.17168e-05
-5.49233e-06
1.65025e-05
-4.78579e-06
1.97498e-05
-3.24732e-06
2.13889e-05
-1.63907e-06
2.17674e-05
-3.78535e-07
2.12619e-05
5.05462e-07
2.00157e-05
1.24625e-06
1.78647e-05
2.151e-06
1.44157e-05
3.44892e-06
9.18201e-06
5.23369e-06
1.67245e-06
7.50954e-06
-8.56492e-06
1.02374e-05
-2.18795e-05
1.33145e-05
-3.84339e-05
1.65544e-05
-5.81324e-05
1.96985e-05
-8.05393e-05
2.24069e-05
-0.000104816
2.42767e-05
-0.000129705
2.48894e-05
-0.00015358
2.38745e-05
-0.000174553
2.09733e-05
-0.000190644
1.60903e-05
-0.000199976
9.33263e-06
-0.000201031
1.05453e-06
-0.000192867
-8.16409e-06
-0.000175241
-1.76261e-05
-0.000148675
-2.65659e-05
-0.000114463
-3.42113e-05
-7.46322e-05
-3.98311e-05
-3.18336e-05
-4.27986e-05
1.08161e-05
-4.26496e-05
5.00605e-05
-3.92444e-05
8.30494e-05
-3.2989e-05
0.000107608
-2.45584e-05
0.000122472
-1.48642e-05
0.000127529
-5.05699e-06
0.000123862
3.66741e-06
0.000113468
1.03936e-05
9.874e-05
1.47279e-05
8.20208e-05
1.67192e-05
6.52474e-05
1.67734e-05
4.97649e-05
1.54825e-05
3.6307e-05
1.34579e-05
2.51008e-05
1.12063e-05
1.60381e-05
9.06268e-06
8.89212e-06
7.14596e-06
3.59357e-06
5.29855e-06
5.04938e-07
3.08863e-06
5.04937e-07
4.47537e-06
-6.17802e-06
1.38492e-05
-1.38974e-05
2.4311e-05
-1.59542e-05
3.28992e-05
-1.3374e-05
3.80018e-05
-8.35001e-06
3.92285e-05
-2.86578e-06
3.68609e-05
1.98898e-06
3.1206e-05
6.16036e-06
2.21557e-05
1.02965e-05
9.08208e-06
1.52246e-05
-9.0118e-06
2.15428e-05
-3.32266e-05
2.94485e-05
-6.4462e-05
3.87449e-05
-0.000103157
4.89328e-05
-0.000149083
5.92404e-05
-0.000201179
6.86505e-05
-0.000257499
7.60181e-05
-0.000315332
8.02402e-05
-0.000371482
8.04265e-05
-0.000422613
7.60198e-05
-0.000465585
6.68475e-05
-0.000497723
5.31109e-05
-0.000516973
3.53398e-05
-0.000521991
1.43509e-05
-0.000512232
-8.70442e-06
-0.00048779
-3.26061e-05
-0.000449305
-5.61114e-05
-0.000397979
-7.78915e-05
-0.000335639
-9.65518e-05
-0.000264758
-0.000110712
-0.000188432
-0.000119125
-0.000110236
-0.000120846
-3.40487e-05
-0.000115431
3.6056e-05
-0.000103094
9.63869e-05
-8.48892e-05
0.000144129
-6.26062e-05
0.000177361
-3.82887e-05
0.000195293
-1.4265e-05
0.000198521
7.16586e-06
0.000189143
2.4106e-05
0.000170308
3.55541e-05
0.000145607
4.14739e-05
0.00011845
4.26394e-05
9.16021e-05
4.03061e-05
6.6929e-05
3.58793e-05
4.54178e-05
3.05739e-05
2.74582e-05
2.51056e-05
1.33343e-05
1.94225e-05
3.75512e-06
1.26678e-05
4.26006e-06
5.98745e-06
-1.21655e-05
1.73374e-05
-2.52474e-05
2.88018e-05
-2.74186e-05
3.68227e-05
-2.13949e-05
3.95383e-05
-1.10657e-05
3.636e-05
3.12495e-07
2.72248e-05
1.11242e-05
1.19255e-05
2.14596e-05
-1.03027e-05
3.25246e-05
-4.07364e-05
4.56583e-05
-8.07354e-05
6.15417e-05
-0.000131223
7.99358e-05
-0.000192264
9.97859e-05
-0.000262755
0.000119424
-0.00034035
0.000136835
-0.000421692
0.000149993
-0.000502866
0.000157192
-0.000579919
0.000157293
-0.000649306
0.000149813
-0.000708161
0.000134875
-0.000754401
0.000113087
-0.000786674
8.53845e-05
-0.000804216
5.28814e-05
-0.000806666
1.68015e-05
-0.000793892
-2.14784e-05
-0.000765919
-6.05789e-05
-0.000723059
-9.89717e-05
-0.000666034
-0.000134916
-0.000596082
-0.000166504
-0.000515058
-0.000191736
-0.000425488
-0.000208694
-0.000330564
-0.000215771
-0.000234065
-0.00021193
-0.000140133
-0.000197026
-5.29994e-05
-0.000172023
2.33743e-05
-0.00013898
8.60181e-05
-0.000100932
0.00013314
-6.13868e-05
0.000163773
-2.34674e-05
0.000178062
9.81758e-06
0.000177544
3.60719e-05
0.000165023
5.39946e-05
0.000144048
6.36145e-05
0.0001183
6.60536e-05
9.10406e-05
6.31391e-05
6.47423e-05
5.68722e-05
4.1064e-05
4.87839e-05
2.1207e-05
3.92795e-05
6.60686e-06
2.72679e-05
1.08669e-05
6.50878e-06
-1.86743e-05
1.75975e-05
-3.63361e-05
2.69531e-05
-3.67742e-05
3.07609e-05
-2.52028e-05
2.7215e-05
-7.51978e-06
1.56221e-05
1.19053e-05
-4.55299e-06
3.12992e-05
-3.4324e-05
5.12307e-05
-7.52139e-05
7.34145e-05
-0.000128699
9.91437e-05
-0.000195511
0.000128353
-0.000275069
0.000159493
-0.000365247
0.000189965
-0.00046256
0.000216736
-0.000562693
0.000236968
-0.000661198
0.000248498
-0.000754101
0.000250095
-0.000838264
0.000241456
-0.00091147
0.000223019
-0.000972315
0.00019572
-0.00101998
0.000160753
-0.00105397
0.000119378
-0.00107393
7.28381e-05
-0.00107953
2.23991e-05
-0.0010704
-3.06084e-05
-0.00104624
-8.474e-05
-0.00100687
-0.000138339
-0.000952358
-0.000189428
-0.000883139
-0.000235724
-0.000800153
-0.000274721
-0.000705017
-0.000303831
-0.000600209
-0.000320578
-0.00048916
-0.000322978
-0.000376153
-0.000310033
-0.000266016
-0.00028216
-0.000163596
-0.0002414
-7.32122e-05
-0.000191316
1.86126e-06
-0.00013646
6.00522e-05
-8.16583e-05
0.000101058
-3.1188e-05
0.000125133
1.19967e-05
0.000133569
4.55587e-05
0.000128872
6.83117e-05
0.000114338
8.05875e-05
9.355e-05
8.39267e-05
6.98707e-05
8.05514e-05
4.61161e-05
7.25385e-05
2.46361e-05
6.07595e-05
7.92819e-06
4.39758e-05
1.87951e-05
6.20576e-06
-2.48801e-05
1.48973e-05
-4.50277e-05
1.92098e-05
-4.10868e-05
1.54823e-05
-2.14753e-05
2.16798e-06
5.79452e-06
-2.16171e-05
3.56903e-05
-5.70494e-05
6.67315e-05
-0.000105855
0.000100036
-0.000169658
0.000137218
-0.000249023
0.000178508
-0.000342764
0.000222094
-0.000447866
0.000264595
-0.000559948
0.000302047
-0.000674068
0.000330856
-0.000785549
0.000348449
-0.000890571
0.00035352
-0.000986409
0.000345932
-0.00107134
0.000326386
-0.0011444
0.000296079
-0.00120511
0.000256435
-0.00125325
0.000208885
-0.00128862
0.000154752
-0.00131109
9.53069e-05
-0.00132052
3.18315e-05
-0.00131666
-3.44736e-05
-0.00129909
-0.000102304
-0.00126733
-0.0001701
-0.00122084
-0.000235918
-0.00115911
-0.000297451
-0.00108183
-0.000352004
-0.00098921
-0.000396452
-0.000882377
-0.000427412
-0.000763646
-0.000441709
-0.000636706
-0.000436973
-0.000506608
-0.000412258
-0.000379385
-0.000368623
-0.000261246
-0.000309454
-0.00015749
-0.000240216
-7.16381e-05
-0.000167511
-5.12856e-06
-9.76975e-05
4.258e-05
-3.57119e-05
7.27326e-05
1.54061e-05
8.69329e-05
5.41115e-05
8.77088e-05
7.98116e-05
7.82695e-05
9.3366e-05
6.21272e-05
9.66938e-05
4.27425e-05
9.19232e-05
2.34093e-05
8.00926e-05
7.60354e-06
5.97816e-05
2.63987e-05
4.89942e-06
-2.97795e-05
8.88406e-06
-4.90124e-05
5.29683e-06
-3.74996e-05
-8.91246e-06
-7.26606e-06
-3.50882e-05
3.19702e-05
-7.4393e-05
7.4995e-05
-0.000128545
0.000120884
-0.000199293
0.000170784
-0.000287196
0.00022512
-0.000390731
0.000282043
-0.000506253
0.000337617
-0.000628703
0.000387045
-0.000752631
0.000425975
-0.000873129
0.000451354
-0.000986394
0.000461714
-0.00108987
0.000456995
-0.00118206
0.000438127
-0.00126226
0.000406587
-0.00133028
0.000364098
-0.00138626
0.000312412
-0.00143049
0.000253119
-0.00146338
0.000187642
-0.00148539
0.000117309
-0.00149684
4.32878e-05
-0.0014978
-3.35139e-05
-0.001488
-0.000112107
-0.00146686
-0.000191238
-0.00143338
-0.000269398
-0.00138613
-0.000344704
-0.0013235
-0.000414633
-0.00124408
-0.000475875
-0.001147
-0.000524487
-0.00103246
-0.000556247
-0.000902305
-0.00056713
-0.000760501
-0.000554062
-0.000613199
-0.000515925
-0.000468182
-0.000454472
-0.000333697
-0.000374701
-0.000216809
-0.000284399
-0.000121825
-0.000192681
-4.97017e-05
-0.000107835
1.19902e-06
-3.54946e-05
3.34786e-05
2.18318e-05
4.96885e-05
6.36018e-05
5.27876e-05
9.02668e-05
4.61905e-05
0.000103291
3.35999e-05
0.000104514
1.88766e-05
9.48159e-05
6.11502e-06
7.25431e-05
3.25137e-05
2.27647e-06
-3.2056e-05
-9.08374e-07
-4.58276e-05
-1.4994e-05
-2.3414e-05
-4.21731e-05
1.9913e-05
-8.36286e-05
7.34257e-05
-0.000140795
0.000132161
-0.000215371
0.00019546
-0.000308039
0.000263452
-0.000417262
0.000334344
-0.000539098
0.000403879
-0.000668001
0.00046652
-0.000798038
0.000517082
-0.000923939
0.000551875
-0.00104168
0.000569096
-0.00114861
0.000568643
-0.00124325
0.000551633
-0.00132501
0.000519886
-0.00139397
0.000475546
-0.00145071
0.000420838
-0.00149613
0.000357835
-0.00153133
0.000288316
-0.00155749
0.000213802
-0.00157571
0.000135529
-0.00158676
5.43395e-05
-0.00159108
-2.9193e-05
-0.00158873
-0.000114455
-0.00157923
-0.000200737
-0.00156136
-0.00028727
-0.00153323
-0.000372834
-0.00149244
-0.000455427
-0.00143616
-0.000532148
-0.00136147
-0.000599184
-0.00126592
-0.000651794
-0.00114849
-0.000684558
-0.00101041
-0.000692142
-0.000855856
-0.000670482
-0.000692217
-0.000618111
-0.00052954
-0.000537378
-0.00037885
-0.000435089
-0.000249628
-0.000321903
-0.000147346
-0.000210117
-7.2462e-05
-0.000110379
-2.16712e-05
-2.8959e-05
9.34855e-06
3.2582e-05
2.4455e-05
7.51603e-05
2.74321e-05
0.000100314
2.2237e-05
0.000109709
1.30501e-05
0.000104003
4.21412e-06
8.13791e-05
3.67278e-05
-1.91423e-06
-3.01418e-05
-1.46453e-05
-3.30966e-05
-4.13096e-05
3.25032e-06
-8.31988e-05
6.18021e-05
-0.000141325
0.000131552
-0.000217086
0.000207922
-0.000311267
0.000289641
-0.000422586
0.000374771
-0.000547154
0.000458912
-0.000679167
0.000535892
-0.000812239
0.000599592
-0.000940607
0.00064545
-0.00105982
0.000671091
-0.00116693
0.000676198
-0.00126029
0.000662004
-0.00133937
0.000630713
-0.00140449
0.000585009
-0.00145667
0.000527729
-0.00149741
0.000461576
-0.00152845
0.000388872
-0.00155161
0.000311482
-0.00156865
0.00023084
-0.00158098
0.000147862
-0.00158966
6.30113e-05
-0.00159543
-2.34153e-05
-0.00159864
-0.000111245
-0.00159898
-0.000200398
-0.00159548
-0.000290771
-0.0015865
-0.000381815
-0.00156955
-0.000472372
-0.00154117
-0.000560529
-0.00149708
-0.000643274
-0.00143272
-0.000716151
-0.001344
-0.00077328
-0.00122832
-0.000807825
-0.00108591
-0.00081289
-0.000921077
-0.000782946
-0.000742695
-0.00071576
-0.00056352
-0.000614264
-0.000397916
-0.000487506
-0.000258276
-0.000349758
-0.000151368
-0.000217287
-7.68337e-05
-0.000103493
-2.92058e-05
-1.50459e-05
-2.05589e-06
4.80105e-05
9.9863e-06
8.82716e-05
1.17382e-05
0.000107957
7.79547e-06
0.000107946
2.60217e-06
8.65724e-05
3.933e-05
-7.74063e-06
-2.24012e-05
-3.18883e-05
-8.94893e-06
-7.24806e-05
4.38426e-05
-0.000129776
0.000119098
-0.000204597
0.000206373
-0.000297675
0.000301
-0.000408118
0.000400084
-0.000532421
0.000499074
-0.000664812
0.000591302
-0.000798559
0.000669639
-0.000927349
0.000728382
-0.00104616
0.000764265
-0.00115158
0.00077651
-0.00124172
0.000766332
-0.00131601
0.000736297
-0.00137501
0.000689715
-0.00142016
0.000630152
-0.00145348
0.000561049
-0.00147729
0.000485387
-0.00149391
0.000405494
-0.00150549
0.000323061
-0.00151382
0.000239168
-0.00152027
0.000154313
-0.00152591
6.86531e-05
-0.00153153
-1.77945e-05
-0.00153752
-0.000105259
-0.00154386
-0.000194053
-0.00155021
-0.000284428
-0.00155561
-0.000376411
-0.00155821
-0.000469776
-0.00155498
-0.000563758
-0.00154168
-0.000656566
-0.0015129
-0.000744932
-0.00146236
-0.000823822
-0.00138391
-0.000886275
-0.00127311
-0.000923695
-0.00112906
-0.000926994
-0.00095613
-0.000888688
-0.000764825
-0.00080557
-0.000571028
-0.000681303
-0.000392966
-0.00052782
-0.000246173
-0.000364079
-0.000138385
-0.000211282
-6.76921e-05
-8.57384e-05
-2.58861e-05
6.20447e-06
-4.30369e-06
6.66892e-05
3.87552e-06
9.97778e-05
4.28499e-06
0.000107536
1.71555e-06
8.91419e-05
4.10455e-05
-1.49306e-05
-7.47059e-06
-5.16562e-05
2.77766e-05
-0.000106474
9.86609e-05
-0.000178711
0.000191335
-0.000268719
0.00029638
-0.000375956
0.000408237
-0.000497559
0.000521687
-0.000628131
0.000629647
-0.00076082
0.000723991
-0.000888805
0.000797624
-0.00100642
0.000845999
-0.00110968
0.000867519
-0.00119631
0.000863147
-0.00126568
0.000835702
-0.00131852
0.000789133
-0.00135664
0.00072784
-0.0013826
0.000656106
-0.0013992
0.000577656
-0.00140919
0.000495374
-0.00141494
0.000411245
-0.00141836
0.000326484
-0.00142085
0.000241657
-0.00142342
0.000156875
-0.00142681
7.20465e-05
-0.00143154
-1.30656e-05
-0.00143794
-9.88568e-05
-0.00144629
-0.0001857
-0.00145678
-0.000273941
-0.00146923
-0.000363963
-0.00148286
-0.000456146
-0.00149601
-0.000550604
-0.00150573
-0.000646848
-0.00150729
-0.000743377
-0.00149407
-0.00083704
-0.00145806
-0.000922281
-0.00139103
-0.00099073
-0.00128642
-0.0010316
-0.00114196
-0.00103315
-0.000962092
-0.000985439
-0.000759343
-0.000884052
-0.000553295
-0.000733868
-0.000366416
-0.000550958
-0.000217184
-0.000360514
-0.000113328
-0.000189594
-5.01779e-05
-5.6946e-05
-1.63304e-05
3.28417e-05
-1.28468e-06
8.4732e-05
2.75098e-06
0.0001035
1.64906e-06
9.02438e-05
4.26946e-05
-2.29855e-05
1.55149e-05
-7.24396e-05
7.72308e-05
-0.000140699
0.00016692
-0.000226252
0.000276887
-0.000328575
0.000398703
-0.000445544
0.000525206
-0.000572494
0.000648636
-0.00070279
0.000759943
-0.000829277
0.000850478
-0.000945645
0.000913993
-0.00104723
0.000947587
-0.00113129
0.000951581
-0.00119697
0.000928817
-0.00124506
0.000883798
-0.00127773
0.000821803
-0.00129798
0.000748087
-0.00130911
0.000667235
-0.00131423
0.000582774
-0.00131591
0.000497057
-0.00131608
0.000411415
-0.00131601
0.000326413
-0.00131646
0.000242109
-0.0013179
0.00015831
-0.00132059
7.47358e-05
-0.0013247
-8.95493e-06
-0.00133047
-9.30874e-05
-0.00133824
-0.000177925
-0.00134843
-0.000263749
-0.00136143
-0.00035097
-0.00137748
-0.00044009
-0.00139644
-0.000531644
-0.00141717
-0.000626116
-0.00143693
-0.000723624
-0.00145076
-0.000823207
-0.0014512
-0.000921841
-0.00142851
-0.00101342
-0.00137205
-0.00108806
-0.00127293
-0.00113226
-0.0011275
-0.00113088
-0.000940609
-0.00107094
-0.000727447
-0.00094703
-0.000512007
-0.000766399
-0.000321269
-0.000551252
-0.000175838
-0.000335026
-8.16081e-05
-0.000151176
-2.96106e-05
-1.91557e-05
-5.38982e-06
6.05113e-05
2.49497e-06
9.56156e-05
2.18187e-06
9.05569e-05
4.48764e-05
-3.11634e-05
4.66783e-05
-9.24262e-05
0.000138494
-0.00017242
0.000246914
-0.000268673
0.000373141
-0.000379531
0.000509561
-0.000501311
0.000646985
-0.00062802
0.000775346
-0.000752484
0.000884407
-0.000867858
0.000965852
-0.000968755
0.00101489
-0.00105179
0.00103062
-0.0011157
0.00101549
-0.0011612
0.000974322
-0.00119064
0.000913235
-0.0012074
0.000838557
-0.00121522
0.000755907
-0.00121758
0.000669603
-0.00121729
0.000582478
-0.00121626
0.000496034
-0.00121566
0.000410805
-0.00121598
0.00032674
-0.00121739
0.000243517
-0.00121984
0.000160761
-0.00122323
7.81268e-05
-0.00122751
-4.67379e-06
-0.00123278
-8.78195e-05
-0.00123926
-0.000171443
-0.00124734
-0.000255676
-0.00125758
-0.000340729
-0.00127075
-0.000426919
-0.00128761
-0.000514782
-0.00130859
-0.000605137
-0.00133324
-0.000698968
-0.00135944
-0.000797013
-0.00138231
-0.000898972
-0.00139353
-0.0010022
-0.00138154
-0.00110005
-0.0013332
-0.0011806
-0.0012372
-0.00122688
-0.00108863
-0.00121951
-0.000893465
-0.00114219
-0.000670666
-0.000989197
-0.000449621
-0.000772297
-0.000261709
-0.000522938
-0.000127792
-0.000285093
-4.91494e-05
-9.77979e-05
-1.12715e-05
2.26334e-05
2.16068e-06
8.21834e-05
2.88168e-06
8.98359e-05
4.77581e-05
-3.85894e-05
8.52677e-05
-0.000109887
0.000209791
-0.00019915
0.000336177
-0.000302837
0.000476828
-0.000418094
0.000624817
-0.000539964
0.000768855
-0.000661705
0.000897087
-0.000776202
0.000998903
-0.000877371
0.00106702
-0.000961045
0.00109856
-0.00102534
0.00109491
-0.00107061
0.00106077
-0.00109917
0.00100288
-0.00111463
0.000928691
-0.0011211
0.000845033
-0.00112245
0.000757256
-0.00112171
0.000668866
-0.0011209
0.000581662
-0.00112106
0.000496194
-0.00112254
0.000412282
-0.00112524
0.00032945
-0.00112892
0.000247192
-0.00113326
0.000165104
-0.00113803
8.28962e-05
-0.0011431
3.96754e-07
-0.00114846
-8.24627e-05
-0.00115419
-0.000165712
-0.00116053
-0.000249341
-0.0011679
-0.000333353
-0.00117699
-0.000417829
-0.00118873
-0.000503047
-0.00120426
-0.000589608
-0.00122469
-0.000678533
-0.00125043
-0.000771273
-0.00128004
-0.000869367
-0.00130884
-0.000973398
-0.00132777
-0.00108111
-0.00132334
-0.00118504
-0.00127962
-0.00127059
-0.00118286
-0.00131627
-0.00102758
-0.00129748
-0.000822186
-0.00119459
-0.00059107
-0.00100341
-0.000369993
-0.000744015
-0.000193735
-0.00046135
-7.99899e-05
-0.000211543
-2.19453e-05
-3.54112e-05
2.49879e-07
5.99882e-05
3.27387e-06
8.68119e-05
5.1032e-05
-4.4496e-05
0.000129764
-0.000123393
0.000288688
-0.000218973
0.000431757
-0.000326563
0.000584418
-0.000442224
0.000740479
-0.000560147
0.000886778
-0.000673382
0.00101032
-0.000775336
0.00110086
-0.000861
0.00115268
-0.00092763
0.0011652
-0.000974938
0.00114222
-0.00100487
0.0010907
-0.00102104
0.00101905
-0.0010278
0.000935455
-0.00102937
0.000846602
-0.00102909
0.000756974
-0.00102912
0.000668897
-0.00103052
0.000583055
-0.0010335
0.000499176
-0.00103783
0.000416617
-0.00104311
0.000334725
-0.00104892
0.000253008
-0.00105497
0.000171148
-0.00106104
8.89695e-05
-0.00106704
6.40095e-06
-0.00107294
-7.65655e-05
-0.00107875
-0.000159901
-0.00108455
-0.000243539
-0.00109052
-0.000327388
-0.00109698
-0.000411371
-0.00110453
-0.000495489
-0.00111422
-0.000579925
-0.00112749
-0.000665259
-0.00114604
-0.000752722
-0.0011711
-0.000844313
-0.00120205
-0.000942441
-0.00123452
-0.00104865
-0.00125849
-0.00116107
-0.00125815
-0.00127093
-0.00121463
-0.00135979
-0.00111203
-0.00140007
-0.000945539
-0.00136108
-0.000728133
-0.00122082
-0.000491767
-0.000980381
-0.000279075
-0.000674042
-0.000125359
-0.00036526
-3.96765e-05
-0.000121094
-4.39011e-06
2.47018e-05
3.03258e-06
7.93891e-05
5.40646e-05
-4.8312e-05
0.000178076
-0.000131957
0.000372333
-0.000230708
0.000530507
-0.00033876
0.00069247
-0.000451335
0.000853053
-0.000562206
0.000997649
-0.000664667
0.00111278
-0.000752973
0.00118916
-0.000823382
0.00122309
-0.000874648
0.00121646
-0.000908012
0.00117558
-0.000926729
0.00110942
-0.000935199
0.00102752
-0.000937917
0.000938173
-0.000938583
0.000847267
-0.000939627
0.000758018
-0.000942206
0.000671476
-0.00094652
0.000587369
-0.000952238
0.000504894
-0.000958852
0.000423231
-0.000965902
0.000341775
-0.000973061
0.000260166
-0.00098014
0.000178227
-0.00098706
9.58893e-05
-0.000993798
1.31391e-05
-0.00100035
-7.00087e-05
-0.00100674
-0.000153521
-0.00101293
-0.000237345
-0.00101892
-0.000321394
-0.00102475
-0.000405548
-0.00103058
-0.000489657
-0.0010369
-0.000573605
-0.00104469
-0.000657472
-0.00105559
-0.000741814
-0.00107186
-0.000828042
-0.00109559
-0.000918719
-0.00112696
-0.00101728
-0.00116164
-0.00112638
-0.00118832
-0.00124424
-0.00118836
-0.00135975
-0.00113968
-0.00144876
-0.00102508
-0.00147568
-0.000842646
-0.00140326
-0.000613011
-0.00121002
-0.000377931
-0.000909123
-0.000185676
-0.000557514
-6.59167e-05
-0.000240854
-1.23345e-05
-2.88805e-05
2.04215e-06
6.50125e-05
5.61067e-05
-4.97078e-05
0.000227783
-0.000135091
0.000457717
-0.000233929
0.000629345
-0.000339361
0.000797902
-0.000446053
0.000959745
-0.000547762
0.00109936
-0.000638354
0.00120338
-0.000713132
0.00126394
-0.000769685
0.00127965
-0.000808187
0.00125496
-0.000831151
0.00119855
-0.000842685
0.00112095
-0.00084741
0.00103224
-0.000849388
0.000940151
-0.000851437
0.000849316
-0.000854969
0.000761549
-0.000860272
0.000676779
-0.000866989
0.000594087
-0.000874549
0.000512454
-0.000882441
0.000431123
-0.000890327
0.000349661
-0.000898042
0.000267881
-0.000905545
0.000185731
-0.000912865
0.000103209
-0.000920051
2.03251e-05
-0.000927147
-6.29134e-05
-0.000934166
-0.000146501
-0.000941084
-0.000230427
-0.000947825
-0.000314653
-0.000954279
-0.000399094
-0.000960336
-0.0004836
-0.000965985
-0.000567956
-0.000971515
-0.000651942
-0.000977826
-0.000735503
-0.000986734
-0.000819133
-0.001001
-0.000904456
-0.00102352
-0.000994759
-0.00105519
-0.00109471
-0.00109136
-0.00120807
-0.00111857
-0.00133254
-0.00111455
-0.00145278
-0.00105411
-0.00153611
-0.000920628
-0.00153675
-0.000718617
-0.00141203
-0.000480259
-0.00114748
-0.000258244
-0.00077953
-0.000101487
-0.000397611
-2.37468e-05
-0.00010662
3.09348e-07
4.09563e-05
5.64161e-05
-4.85966e-05
0.00027638
-0.000132765
0.000541885
-0.000228871
0.000725451
-0.000329111
0.000898142
-0.000427878
0.00105851
-0.000519229
0.00119071
-0.00059782
0.00128197
-0.000660075
0.0013262
-0.000704849
0.00132442
-0.000733514
0.00128363
-0.000749466
0.0012145
-0.000757152
0.00112864
-0.000760901
0.00103599
-0.000763992
0.000943242
-0.00076825
0.000853574
-0.000774208
0.000767507
-0.000781579
0.000684151
-0.000789767
0.000602274
-0.000798212
0.0005209
-0.000806553
0.000439464
-0.000814629
0.000357738
-0.000822429
0.000275681
-0.000830018
0.000193319
-0.000837486
0.000110678
-0.000844919
2.7758e-05
-0.000852381
-5.54521e-05
-0.000859899
-0.000138983
-0.000867465
-0.000222861
-0.000875022
-0.000307096
-0.000882445
-0.00039167
-0.00088954
-0.000476506
-0.000896062
-0.000561434
-0.000901828
-0.000646176
-0.000906947
-0.000730385
-0.00091222
-0.00081386
-0.000919622
-0.000897055
-0.000932469
-0.000981912
-0.000954499
-0.00107268
-0.000987
-0.00117557
-0.00102418
-0.00129536
-0.0010492
-0.00142776
-0.00103534
-0.00154997
-0.000955206
-0.00161688
-0.000796154
-0.00157108
-0.000574332
-0.0013693
-0.000337227
-0.00101663
-0.000146121
-0.000588716
-3.9003e-05
-0.000213738
-2.30565e-06
4.25891e-06
5.41104e-05
-4.50977e-05
0.000321478
-0.000125318
0.000622106
-0.000216265
0.000816398
-0.00030931
0.000991187
-0.000398816
0.00114802
-0.000479367
0.00127126
-0.000546517
0.00134912
-0.000597775
0.00137745
-0.000633084
0.00135973
-0.000654688
0.00130523
-0.000666429
0.00122624
-0.000672632
0.00113484
-0.000676991
0.00104035
-0.000681873
0.000948123
-0.000688227
0.000859929
-0.000695975
0.000775256
-0.000704561
0.000692736
-0.000713388
0.000611101
-0.000722051
0.000529562
-0.000730374
0.000447787
-0.000738353
0.000365717
-0.000746075
0.000283402
-0.000753654
0.000200899
-0.000761201
0.000118225
-0.0007688
3.53575e-05
-0.000776516
-4.77365e-05
-0.000784382
-0.000131117
-0.000792408
-0.000214835
-0.000800569
-0.000298935
-0.000808786
-0.000383453
-0.000816902
-0.00046839
-0.00082466
-0.000553676
-0.000831713
-0.000639122
-0.00083772
-0.000724378
-0.00084262
-0.00080896
-0.000847161
-0.000892514
-0.000853572
-0.000975501
-0.000865837
-0.00106042
-0.000888472
-0.00115294
-0.000922624
-0.00126121
-0.000960006
-0.00139037
-0.000978736
-0.00153124
-0.000947191
-0.00164843
-0.000838404
-0.00167987
-0.000649537
-0.00155817
-0.000414646
-0.00125153
-0.000197774
-0.000805588
-5.87641e-05
-0.000352749
-5.87502e-06
-4.86302e-05
4.82354e-05
-3.94834e-05
0.000360961
-0.000113352
0.000695974
-0.00019715
0.000900196
-0.000281548
0.00107558
-0.000361056
0.00122753
-0.000430922
0.00134112
-0.00048761
0.0014058
-0.000529593
0.00141944
-0.000557642
0.00138778
-0.000574512
0.0013221
-0.000584082
0.00123581
-0.000590222
0.00114098
-0.000595838
0.00104597
-0.000602447
0.000954733
-0.000610353
0.000867835
-0.00061915
0.000784052
-0.00062824
0.000701827
-0.000637166
0.000620026
-0.000645706
0.000538103
-0.000653844
0.000455925
-0.000661673
0.000373546
-0.000669324
0.000291053
-0.00067692
0.000208495
-0.000684561
0.000125865
-0.000692319
4.31157e-05
-0.000700248
-3.98075e-05
-0.000708378
-0.000122987
-0.000716727
-0.000206486
-0.00072529
-0.000290371
-0.000734034
-0.00037471
-0.000742868
-0.000459556
-0.000751616
-0.000544928
-0.000759975
-0.000630763
-0.000767504
-0.000716848
-0.000773725
-0.00080274
-0.000778451
-0.000887788
-0.000782467
-0.000971485
-0.000788424
-0.00105446
-0.000801162
-0.0011402
-0.000825833
-0.00123654
-0.000862372
-0.00135384
-0.000897878
-0.00149574
-0.000903606
-0.0016427
-0.000844162
-0.00173931
-0.000698617
-0.00170371
-0.000482271
-0.00146787
-0.000252361
-0.0010355
-8.31771e-05
-0.000521932
-1.03789e-05
-0.000121428
3.78565e-05
-3.21257e-05
0.000393087
-9.76129e-05
0.000761461
-0.000172713
0.000975297
-0.000247496
0.00115037
-0.000316725
0.00129676
-0.000376374
0.00140077
-0.000423763
0.00145319
-0.00045814
0.00145381
-0.000480816
0.00141045
-0.000494706
0.00133599
-0.00050341
0.00124451
-0.000510156
0.00114773
-0.000517067
0.00105288
-0.000524985
0.000962651
-0.000533815
0.000876665
-0.000543045
0.000793283
-0.000552177
0.000710958
-0.000560924
0.000628773
-0.000569226
0.000546405
-0.000577167
0.000463866
-0.000584886
0.000381265
-0.000592517
0.000298685
-0.000600172
0.000216149
-0.000607933
0.000133627
-0.00061586
5.10424e-05
-0.000623996
-3.16714e-05
-0.000632365
-0.000114618
-0.000640982
-0.000197869
-0.000649852
-0.000281501
-0.000658961
-0.0003656
-0.000668269
-0.000450249
-0.000677677
-0.00053552
-0.00068699
-0.00062145
-0.000695862
-0.000707977
-0.000703763
-0.000794838
-0.000710093
-0.000881458
-0.000714596
-0.000966982
-0.000718261
-0.00105079
-0.000724455
-0.00113401
-0.000739078
-0.00122192
-0.000767404
-0.00132551
-0.000806184
-0.00145696
-0.000835032
-0.00161385
-0.000817445
-0.0017569
-0.000718682
-0.00180248
-0.000533486
-0.00165307
-0.000304593
-0.00126439
-0.00011123
-0.000715295
-1.58202e-05
-0.000216838
2.20362e-05
-2.34481e-05
0.000416535
-7.89066e-05
0.00081692
-0.000144152
0.00104054
-0.00020874
0.00121495
-0.000267726
0.00135574
-0.000317812
0.00145086
-0.000357061
0.00149244
-0.000385292
0.00148204
-0.000404067
0.00142923
-0.000416173
0.0013481
-0.000424718
0.00125306
-0.000432235
0.00115525
-0.000440164
0.00106081
-0.000448879
0.000971367
-0.000458095
0.000885881
-0.000467337
0.000802525
-0.000476253
0.000719874
-0.000484713
0.000637234
-0.000492766
0.000554458
-0.000500544
0.000471644
-0.000508192
0.000388913
-0.000515834
0.000306326
-0.000523561
0.000223877
-0.000531446
0.000141511
-0.000539539
5.91357e-05
-0.000547881
-2.33296e-05
-0.000556489
-0.00010601
-0.000565372
-0.000188985
-0.000574535
-0.000272338
-0.000583969
-0.000356166
-0.000593652
-0.000440566
-0.000603534
-0.000525638
-0.000613507
-0.000611477
-0.000623351
-0.000698132
-0.000632663
-0.000785526
-0.000640819
-0.000873303
-0.000647112
-0.000960689
-0.000651328
-0.00104658
-0.000654931
-0.0011304
-0.000662408
-0.00121444
-0.000680788
-0.00130713
-0.000714134
-0.00142361
-0.000752718
-0.00157527
-0.000765678
-0.00174394
-0.00071099
-0.00185716
-0.000564444
-0.00179961
-0.000349429
-0.00147941
-0.000140926
-0.000923798
-2.2097e-05
-0.000335667
-6.08239e-08
-1.38918e-05
0.000430427
-5.80312e-05
0.000861059
-0.000112593
0.00109511
-0.000166696
0.00126906
-0.000215667
0.00140471
-0.000256884
0.00149208
-0.000289033
0.00152459
-0.000312287
0.0015053
-0.00032822
0.00144516
-0.000339269
0.00135915
-0.000347943
0.00126173
-0.000356108
0.00116341
-0.000364668
0.00106937
-0.000373716
0.000980414
-0.000382921
0.000895086
-0.000391914
0.000811517
-0.000400488
0.000728448
-0.000408629
0.000645375
-0.000416443
0.000562272
-0.000424077
0.000479277
-0.000431664
0.0003965
-0.000439309
0.000313972
-0.000447092
0.00023166
-0.000455079
0.000149498
-0.000463321
6.73779e-05
-0.00047186
-1.47903e-05
-0.00048071
-9.71607e-05
-0.000489877
-0.000179818
-0.000499359
-0.000262857
-0.000509142
-0.000346382
-0.000519209
-0.000430499
-0.000529527
-0.00051532
-0.000540036
-0.000600967
-0.00055061
-0.000687559
-0.000560987
-0.000775148
-0.000570689
-0.000863602
-0.000578979
-0.000952398
-0.00058509
-0.00104047
-0.000589033
-0.00112646
-0.000593184
-0.00121029
-0.000603623
-0.00129669
-0.000628017
-0.00139922
-0.000666282
-0.001537
-0.00069761
-0.00171261
-0.000679891
-0.00187488
-0.000574317
-0.00190519
-0.000383157
-0.00167057
-0.000169689
-0.00113726
-2.94203e-05
-0.000475936
-2.94811e-05
-3.87661e-06
0.000434303
-3.57512e-05
0.000892934
-7.90448e-05
0.0011384
-0.000122565
0.00131258
-0.000161833
0.00144398
-0.000194828
0.00152507
-0.000220723
0.00155049
-0.000239869
0.00152444
-0.000253653
0.00145895
-0.000264024
0.00136952
-0.000272855
0.00127056
-0.000281419
0.00117198
-0.000290233
0.00107818
-0.000299244
0.000989425
-0.000308166
0.000904008
-0.000316755
0.000820106
-0.000324924
0.000736618
-0.000332731
0.000653181
-0.000340304
0.000569845
-0.000347783
0.000486756
-0.000355285
0.000404003
-0.000362901
0.000321588
-0.000370703
0.000239462
-0.000378754
0.000157549
-0.000387116
7.574e-05
-0.000395835
-6.07097e-06
-0.000404927
-8.80684e-05
-0.000414396
-0.000170349
-0.000424229
-0.000253024
-0.00043441
-0.000336202
-0.000444915
-0.000419994
-0.000455715
-0.00050452
-0.00046677
-0.000589913
-0.000478001
-0.000676327
-0.00048925
-0.0007639
-0.000500191
-0.000852661
-0.000510239
-0.000942349
-0.000518545
-0.00103216
-0.000524371
-0.00112063
-0.000528308
-0.00120635
-0.000534272
-0.00129073
-0.000550199
-0.00138329
-0.000582443
-0.00150476
-0.000621511
-0.00167354
-0.000631425
-0.00186497
-0.000564828
-0.00197178
-0.000403889
-0.00183151
-0.000195075
-0.00134608
-3.78533e-05
-0.000633158
-6.73345e-05
6.06024e-06
0.000428243
-1.27356e-05
0.00091173
-4.43977e-05
0.00117006
-7.73391e-05
0.00134552
-0.000107224
0.00147387
-0.000132528
0.00155038
-0.000152799
0.00157076
-0.000168421
0.00154007
-0.000180458
0.00147098
-0.000190295
0.00137936
-0.000199174
0.00127944
-0.000207864
0.00118067
-0.000216612
0.00108693
-0.000225315
0.000998128
-0.000233772
0.000912466
-0.00024186
0.000828193
-0.000249579
0.000744337
-0.000257025
0.000660628
-0.000264331
0.00057715
-0.000271619
0.000494044
-0.000278993
0.000411377
-0.000286535
0.00032913
-0.00029431
0.000247237
-0.000302384
0.000165622
-0.00031083
8.41862e-05
-0.000319704
2.80347e-06
-0.000329032
-7.874e-05
-0.000338814
-0.000160567
-0.00034903
-0.000242808
-0.000359655
-0.000325576
-0.000370661
-0.000408988
-0.000382019
-0.000493162
-0.000393691
-0.000578241
-0.000405623
-0.000664395
-0.00041771
-0.000751813
-0.000429736
-0.000840635
-0.000441281
-0.000930804
-0.000451631
-0.00102181
-0.000459847
-0.00111242
-0.000465453
-0.00120075
-0.000470207
-0.00128597
-0.000480308
-0.00137319
-0.000504821
-0.00148024
-0.000543988
-0.00163437
-0.000571975
-0.00183698
-0.000539396
-0.00200436
-0.000411521
-0.00195938
-0.000215318
-0.00154228
-4.69715e-05
-0.000801504
-0.000114306
1.53103e-05
0.000412933
1.03759e-05
0.000916664
-9.38809e-06
0.00118982
-3.18305e-05
0.00136796
-5.26001e-05
0.00149464
-7.05996e-05
0.00156838
-8.56559e-05
0.00158581
-9.80896e-05
0.0015525
-0.000108564
0.00148146
-0.000117863
0.00138865
-0.000126627
0.00128821
-0.0001352
0.00118924
-0.000143636
0.00109536
-0.000151838
0.00100633
-0.000159705
0.000920333
-0.000167216
0.000835705
-0.000174436
0.000751557
-0.000181478
0.000667671
-0.000188467
0.000584139
-0.000195512
0.00050109
-0.000202705
0.000418569
-0.000210121
0.000336546
-0.000217825
0.000254942
-0.000225881
0.000173679
-0.000234372
9.26772e-05
-0.000243373
1.18041e-05
-0.000252924
-6.91888e-05
-0.000263024
-0.000150466
-0.000273644
-0.000232189
-0.000284751
-0.000314469
-0.000296316
-0.000397422
-0.000308308
-0.00048117
-0.00032069
-0.000565858
-0.000333416
-0.00065167
-0.000346407
-0.000738823
-0.00035951
-0.000827531
-0.000372429
-0.000917885
-0.000384616
-0.00100962
-0.00039522
-0.00110181
-0.000403336
-0.00119263
-0.000409198
-0.00128011
-0.000416641
-0.00136575
-0.000434482
-0.0014624
-0.00046948
-0.00159938
-0.000507252
-0.00179921
-0.000502207
-0.00200941
-0.000407324
-0.00205426
-0.000229554
-0.00172005
-5.62348e-05
-0.000974824
-0.000170541
2.34519e-05
0.000389481
3.28465e-05
0.000907269
2.53886e-05
0.00119728
1.32903e-05
0.00138006
1.4325e-06
0.0015065
-9.46906e-06
0.00157928
-1.95063e-05
0.00159585
-2.88798e-05
0.00156187
-3.78136e-05
0.00149039
-4.6486e-05
0.00139733
-5.49699e-05
0.00129669
-6.32298e-05
0.0011975
-7.11767e-05
0.00110331
-7.87429e-05
0.0010139
-8.59248e-05
0.000927515
-9.27899e-05
0.00084257
-9.94494e-05
0.000758216
-0.000106026
0.000674248
-0.000112634
0.000590747
-0.000119371
0.000507826
-0.00012632
0.000425519
-0.000133558
0.000343783
-0.000141149
0.000262533
-0.000149154
0.000181684
-0.000157656
0.000101179
-0.000166754
2.09016e-05
-0.000176512
-5.94302e-05
-0.000186926
-0.000140052
-0.000197957
-0.000221159
-0.000209569
-0.000302857
-0.000221738
-0.000385253
-0.000234433
-0.000468474
-0.000247619
-0.000552673
-0.000261248
-0.00063804
-0.000275254
-0.000724817
-0.000289519
-0.000813267
-0.000303819
-0.000903585
-0.000317745
-0.000995698
-0.000330608
-0.00108895
-0.000341469
-0.00118177
-0.000349755
-0.00127182
-0.000357243
-0.00135826
-0.000370849
-0.0014488
-0.000400338
-0.00156989
-0.000441718
-0.00175783
-0.000457439
-0.00199369
-0.000393395
-0.00211831
-0.000237703
-0.00187574
-6.49607e-05
-0.00114757
-0.000235501
3.02054e-05
0.000359276
5.38819e-05
0.000883593
5.93469e-05
0.00119182
5.76002e-05
0.00138181
5.44412e-05
0.00150965
5.05164e-05
0.0015832
4.54853e-05
0.00160088
3.92348e-05
0.00156812
3.19591e-05
0.00149767
2.40611e-05
0.00140522
1.6012e-05
0.00130474
8.2052e-06
0.00120531
8.64189e-07
0.00111065
-5.9705e-06
0.00102073
-1.23868e-05
0.000933931
-1.85311e-05
0.000848714
-2.45547e-05
0.00076424
-3.05876e-05
0.00068028
-3.67358e-05
0.000596895
-4.30892e-05
0.00051418
-4.97289e-05
0.000432159
-5.67325e-05
0.000350787
-6.41732e-05
0.000269974
-7.21153e-05
0.000189626
-8.06294e-05
0.000109694
-8.98048e-05
3.00772e-05
-9.97374e-05
-4.94974e-05
-0.000110432
-0.000129357
-0.000121855
-0.000209735
-0.000133976
-0.000290737
-0.000146777
-0.000372452
-0.000160233
-0.000455018
-0.000174306
-0.000538599
-0.000188949
-0.000623397
-0.000204097
-0.000709668
-0.00021965
-0.000797714
-0.000235429
-0.000887806
-0.000251114
-0.000980013
-0.000266168
-0.0010739
-0.000279776
-0.00116816
-0.000291092
-0.00126051
-0.000300508
-0.00134884
-0.000312591
-0.00143671
-0.000337291
-0.00154519
-0.00037842
-0.0017167
-0.00040875
-0.00196336
-0.000372148
-0.00215491
-0.000240269
-0.00200762
-7.25705e-05
-0.00131526
-0.000308072
3.53592e-05
0.000323916
7.27977e-05
0.000846154
9.17554e-05
0.00117286
0.000100582
0.00137298
0.000106065
0.00150417
0.000109131
0.00158014
0.000109238
0.00160077
0.000106313
0.00157105
0.000100916
0.00150306
9.39867e-05
0.00141215
8.65157e-05
0.00131221
7.92559e-05
0.00121257
7.25836e-05
0.00111732
6.65362e-05
0.00102678
6.09503e-05
0.000939517
5.56043e-05
0.00085406
5.03041e-05
0.00076954
4.49066e-05
0.000685678
3.93073e-05
0.000602495
3.34195e-05
0.000520067
2.71609e-05
0.000438417
2.04492e-05
0.000357499
1.32016e-05
0.000277222
5.34028e-06
0.000197488
-3.20347e-06
0.000118237
-1.2483e-05
3.93568e-05
-2.25576e-05
-3.94226e-05
-3.34701e-05
-0.000118445
-4.5234e-05
-0.000197971
-5.78415e-05
-0.000278129
-7.12826e-05
-0.000359011
-8.55374e-05
-0.000440763
-0.000100569
-0.000523567
-0.000116328
-0.000607638
-0.000132749
-0.000693248
-0.000149733
-0.000780729
-0.000167128
-0.000870411
-0.000184676
-0.000962465
-0.00020195
-0.00105662
-0.000218293
-0.00115182
-0.00023287
-0.00124593
-0.000245352
-0.00133636
-0.000258258
-0.00142381
-0.000280007
-0.00152344
-0.000319103
-0.00167761
-0.000359017
-0.00192344
-0.000345947
-0.00216798
-0.000238129
-0.00211544
-7.87371e-05
-0.00147466
-0.000386809
3.87749e-05
0.000285142
8.89918e-05
0.000795937
0.000121896
0.00113996
0.000141726
0.00135315
0.000155915
0.00148998
0.000166077
0.00156997
0.000171591
0.00159526
0.000172346
0.00157029
0.00016917
0.00150624
0.000163469
0.00141785
0.000156731
0.00131895
0.000150084
0.00121921
0.000144104
0.0011233
0.000138866
0.00103202
0.000134158
0.000944225
0.000129688
0.00085853
0.000125209
0.000774019
0.000120551
0.000690335
0.000115603
0.000607443
0.000110273
0.000525397
0.000104476
0.000444214
9.81225e-05
0.000363853
9.11192e-05
0.000284225
8.33839e-05
0.000205223
7.48735e-05
0.000126748
6.55632e-05
4.86672e-05
5.54043e-05
-2.92636e-05
4.42998e-05
-0.00010734
3.21972e-05
-0.000185869
1.90794e-05
-0.000265011
4.95315e-06
-0.000344885
-1.01612e-05
-0.000425649
-2.62303e-05
-0.000507498
-4.32038e-05
-0.000590665
-6.1014e-05
-0.000675438
-7.95681e-05
-0.000762175
-9.8728e-05
-0.000851251
-0.00011828
-0.000942913
-0.000137884
-0.00103702
-0.000157013
-0.00113269
-0.000174958
-0.00122799
-0.000191128
-0.00132019
-0.000206608
-0.00140833
-0.000227609
-0.00150244
-0.000264485
-0.00164073
-0.000310291
-0.00187764
-0.000316875
-0.00216139
-0.000232355
-0.00219996
-8.34205e-05
-0.00162359
-0.00047023
4.0418e-05
0.000244724
0.000101925
0.00073443
0.000148986
0.00109289
0.000180427
0.00132171
0.000203566
0.00146684
0.000221009
0.00155253
0.000232292
0.00158398
0.000237207
0.00156538
0.000236716
0.00150673
0.000232596
0.00142197
0.000226791
0.00132476
0.000220829
0.00122517
0.000215544
0.00112859
0.000211115
0.00103645
0.000207316
0.000948024
0.000203796
0.00086205
0.000200246
0.000777569
0.000196454
0.000694127
0.000192284
0.000611613
0.000187637
0.000530044
0.000182422
0.00044943
0.000176543
0.000369731
0.000169907
0.000290861
0.000162426
0.000212704
0.000154052
0.000135122
0.00014476
5.79594e-05
0.00013451
-1.90134e-05
0.000123198
-9.60278e-05
0.000110734
-0.000173405
9.70763e-05
-0.000251354
8.22211e-05
-0.000330029
6.61809e-05
-0.000409608
4.89851e-05
-0.000490303
3.06838e-05
-0.000572363
1.13486e-05
-0.000656103
-8.92426e-06
-0.000741902
-3.00095e-05
-0.000830166
-5.17277e-05
-0.000921195
-7.38075e-05
-0.00101494
-9.58401e-05
-0.00111066
-0.000117259
-0.00120657
-0.000137464
-0.00129999
-0.00015671
-0.00138908
-0.000179055
-0.00148009
-0.000214576
-0.00160521
-0.000263876
-0.00182834
-0.000286627
-0.00213864
-0.000224072
-0.00226252
-8.68282e-05
-0.00176083
-0.000557058
4.03644e-05
0.000204359
0.000111148
0.000663647
0.000172171
0.00103187
0.00021593
0.00127795
0.000248481
0.00143429
0.00027349
0.00152752
0.000290972
0.0015665
0.000300634
0.00155572
0.000303425
0.00150394
0.00030136
0.00142404
0.000296774
0.00132934
0.000291613
0.00123033
0.000287031
0.00113317
0.000283387
0.00104009
0.000280504
0.000950906
0.000277993
0.000864562
0.000275477
0.000780085
0.000272683
0.000696921
0.000269436
0.000614861
0.000265613
0.000533867
0.000261115
0.000453928
0.000255843
0.000375003
0.000249701
0.000297004
0.000242599
0.000219805
0.000234472
0.000143249
0.00022527
6.71618e-05
0.000214936
-8.67977e-06
0.000203389
-8.44804e-05
0.000190537
-0.000160553
0.000176315
-0.000237131
0.0001607
-0.000314414
0.000143692
-0.000392601
0.000125312
-0.000471922
0.000105603
-0.000552654
8.4634e-05
-0.000635134
6.2498e-05
-0.000719766
3.93159e-05
-0.000806984
1.52472e-05
-0.000897126
-9.49017e-06
-0.000990202
-3.45944e-05
-0.00108555
-5.96421e-05
-0.00118152
-8.41252e-05
-0.0012755
-0.000107918
-0.00136529
-0.000133362
-0.00145465
-0.000168965
-0.00156961
-0.00022048
-0.00177682
-0.00025649
-0.00210263
-0.000214351
-0.00230466
-8.93447e-05
-0.00188584
-0.000646402
3.87983e-05
0.000165561
0.00011634
0.000586104
0.000190552
0.000957661
0.000247283
0.00122122
0.000289946
0.00139163
0.000322946
0.00149452
0.000347109
0.00154233
0.000362188
0.00154064
0.000368993
0.00149714
0.000369611
0.00142342
0.000366671
0.00133228
0.000362519
0.00123449
0.000358691
0.001137
0.000355813
0.00104297
0.000353832
0.000952887
0.000352364
0.00086603
0.000350972
0.000781477
0.000349309
0.000698584
0.000347138
0.000617033
0.000344298
0.000536706
0.00034067
0.000457556
0.000336146
0.000379527
0.000330624
0.000302526
0.000324008
0.000226421
0.000316214
0.000151043
0.000307172
7.62039e-05
0.000296809
1.68367e-06
0.000285052
-7.2723e-05
0.000271813
-0.000147314
0.000257012
-0.000222331
0.00024061
-0.000298012
0.000222593
-0.000374584
0.000202973
-0.000452302
0.000181787
-0.000531468
0.000159099
-0.000612446
0.000134996
-0.000695664
0.000109586
-0.000781574
8.29952e-05
-0.000870535
5.53836e-05
-0.00096259
2.69739e-05
-0.00105714
-1.91324e-06
-0.00115263
-3.09081e-05
-0.00124651
-5.97855e-05
-0.00133641
-8.9703e-05
-0.00142473
-0.000127034
-0.00153228
-0.000180358
-0.0017235
-0.000227358
-0.00205563
-0.000204133
-0.00232788
-9.14587e-05
-0.00199852
-0.000737861
3.59994e-05
0.000129562
0.000117366
0.000504738
0.000203263
0.000871763
0.000273344
0.00115114
0.000327
0.00133797
0.00036861
0.00145291
0.000399998
0.00151094
0.000421211
0.00151942
0.000432885
0.00148546
0.000436996
0.00141931
0.00043632
0.00133296
0.00043355
0.00123726
0.000430633
0.00113992
0.000428545
0.00104506
0.000427449
0.000953984
0.000427031
0.000866448
0.000426826
0.000781682
0.000426409
0.000699001
0.000425465
0.000617977
0.000423775
0.000538396
0.000421182
0.000460149
0.00041756
0.000383149
0.000412795
0.000307291
0.00040678
0.000232435
0.000399418
0.000158406
0.00039062
8.50019e-05
0.000380298
1.20055e-05
0.00036838
-6.08048e-05
0.000354775
-0.000133709
0.000339399
-0.000206954
0.000322197
-0.000280811
0.000303146
-0.000355533
0.000282247
-0.000431402
0.000259528
-0.000508749
0.000235048
-0.000587965
0.000208882
-0.000669498
0.00018112
-0.000753812
0.000151853
-0.000841268
0.000121181
-0.000931918
8.92343e-05
-0.0010252
5.62102e-05
-0.00111961
2.23881e-05
-0.00121269
-1.19877e-05
-0.00130204
-4.74091e-05
-0.00138931
-8.8094e-05
-0.00149159
-0.000143448
-0.00166814
-0.000199767
-0.00199931
-0.00019418
-0.00233347
-9.36992e-05
-0.002099
-0.00083156
3.23132e-05
9.72483e-05
0.000114322
0.000422728
0.000209579
0.000776507
0.000292831
0.00106789
0.000358395
0.00127241
0.000409458
0.00140185
0.000448715
0.00147169
0.000476809
0.00149133
0.000494292
0.00146798
0.000502889
0.00141071
0.000505338
0.00133051
0.00050456
0.00123803
0.000502897
0.00114158
0.000501734
0.00104622
0.000501544
0.000954175
0.000502173
0.000865818
0.000503183
0.000780672
0.000504095
0.000698089
0.000504508
0.000617564
0.000504129
0.000538776
0.000502743
0.000461534
0.000500189
0.000385703
0.000496331
0.000311149
0.00049105
0.000237717
0.000484232
0.000165223
0.000475776
9.34582e-05
0.000465582
2.22002e-05
0.000453567
-4.879e-05
0.000439637
-0.000119779
0.000423707
-0.000191025
0.000405715
-0.000262819
0.000385625
-0.000335443
0.00036343
-0.000409207
0.000339149
-0.000484469
0.000312828
-0.000561644
0.000284526
-0.000641196
0.000254303
-0.000723589
0.000222205
-0.00080917
0.000188264
-0.000897977
0.000152519
-0.000989451
0.000115058
-0.00108215
7.60641e-05
-0.00117369
3.57629e-05
-0.00126174
-5.96037e-06
-0.00134758
-5.14666e-05
-0.00144609
-0.000109475
-0.00161013
-0.000173944
-0.00193485
-0.000185034
-0.00232238
-9.65815e-05
-0.00218745
-0.000928142
2.8106e-05
6.91423e-05
0.000107579
0.000343256
0.000209053
0.000675033
0.000304457
0.000972481
0.000382606
0.00119426
0.000444143
0.00134031
0.000492073
0.00142376
0.00052783
0.00145557
0.000552104
0.00144371
0.000566333
0.00139648
0.000573024
0.00132382
0.000575153
0.00123591
0.000575367
0.00114137
0.000575472
0.00104611
0.000576327
0.00095332
0.000578037
0.000864108
0.000580276
0.000778433
0.00058256
0.000695806
0.000584422
0.000615701
0.000585486
0.000537712
0.000585465
0.000461556
0.000584144
0.000387024
0.000581353
0.00031394
0.00057695
0.00024212
0.000570806
0.000171367
0.000562804
0.00010146
0.000552835
3.21696e-05
0.000540806
-3.67609e-05
0.000526617
-0.00010559
0.000510183
-0.000174592
0.000491436
-0.000244072
0.000470332
-0.000314339
0.000446855
-0.000385729
0.000421012
-0.000458626
0.00039283
-0.000533462
0.000362341
-0.000610707
0.000329561
-0.000690809
0.00029448
-0.000774088
0.000257049
-0.000860546
0.000217211
-0.000949612
0.000174949
-0.00103988
0.000130371
-0.00112912
8.37282e-05
-0.00121509
3.51274e-05
-0.00129898
-1.65297e-05
-0.00139443
-7.80292e-05
-0.00154863
-0.000149834
-0.00186304
-0.000176984
-0.00229523
-0.000100557
-0.00226388
-0.0010287
2.37175e-05
4.54248e-05
9.77899e-05
0.000269183
0.000201667
0.000571156
0.000307133
0.000867015
0.000397933
0.00110346
0.000470962
0.00126728
0.000528547
0.00136617
0.000572826
0.00141129
0.000604891
0.00141164
0.000625992
0.00137538
0.000638278
0.00131153
0.000644566
0.00122962
0.000647647
0.00113828
0.000649686
0.00104407
0.000651958
0.000951049
0.000654914
0.000861152
0.000658437
0.000774909
0.000662121
0.000692122
0.000665482
0.000612341
0.000668075
0.000535119
0.000669539
0.000460091
0.000669595
0.000386969
0.000668022
0.000315512
0.000664644
0.000245498
0.000659311
0.0001767
0.00065189
0.000108882
0.00064226
4.1799e-05
0.000630319
-2.48198e-05
0.000615963
-9.1234e-05
0.000599106
-0.000157734
0.000579674
-0.00022464
0.000557617
-0.000292282
0.000532907
-0.000361019
0.000505533
-0.000431252
0.000475495
-0.000503424
0.000442782
-0.000577993
0.000407354
-0.000655381
0.000369125
-0.00073586
0.000327959
-0.000819381
0.000283697
-0.00090535
0.000236224
-0.000992412
0.000185587
-0.00107848
0.000132095
-0.0011616
7.6165e-05
-0.00124305
1.74052e-05
-0.00133567
-4.86314e-05
-0.0014826
-0.000127132
-0.00178454
-0.00017002
-0.00225234
-0.000105957
-0.00232794
-0.00113466
1.9429e-05
2.59958e-05
8.58564e-05
0.000202756
0.000187955
0.000469057
0.00030022
0.00075475
0.000402714
0.00100097
0.000487899
0.0011821
0.00055622
0.00129785
0.000610005
0.00135751
0.000650886
0.00137076
0.000680134
0.00134614
0.00069953
0.00129213
0.000711547
0.0012176
0.000718903
0.00113093
0.000723972
0.001039
0.000728402
0.000946619
0.000733034
0.000856519
0.000738053
0.00076989
0.000743226
0.000686949
0.000748128
0.000607439
0.000752299
0.000530949
0.000755322
0.000457068
0.000756853
0.000385438
0.000756618
0.000315748
0.000754396
0.00024772
0.000750007
0.000181089
0.000743298
0.000115591
0.000734137
5.09608e-05
0.000722406
-1.30893e-05
0.000708
-7.68282e-05
0.000690831
-0.000140565
0.000670819
-0.000204627
0.000647903
-0.000269366
0.000622039
-0.000335155
0.00059319
-0.000402404
0.000561313
-0.000471547
0.000526339
-0.00054302
0.000488155
-0.000617197
0.000446586
-0.000694291
0.000401397
-0.000774192
0.000352328
-0.000856281
0.000299182
-0.000939265
0.000241973
-0.00102127
0.000181104
-0.00110073
0.000117332
-0.00117928
5.09392e-05
-0.00126928
-2.07132e-05
-0.00141095
-0.000105288
-0.00169997
-0.000163776
-0.00219385
-0.000112925
-0.00237879
-0.00124758
1.54578e-05
1.0538e-05
7.2834e-05
0.00014538
0.000169033
0.000372859
0.000283769
0.000640013
0.000395629
0.000889107
0.000492807
0.00108492
0.000572776
0.00121788
0.000637161
0.00129312
0.000687952
0.00131997
0.000726632
0.00130746
0.000754728
0.00126404
0.000774277
0.00119805
0.000787706
0.0011175
0.000797387
0.00102932
0.000805207
0.000938798
0.000812369
0.000849357
0.000819407
0.000762853
0.000826352
0.000680003
0.000832935
0.000600856
0.000838753
0.00052513
0.000843386
0.000452435
0.000846454
0.00038237
0.000847635
0.000314567
0.000846666
0.000248688
0.000843333
0.000184422
0.000837458
0.000121466
0.000828892
5.95266e-05
0.000817502
-1.69928e-06
0.000803182
-6.25081e-05
0.000785833
-0.000123216
0.000765366
-0.00018416
0.000741705
-0.000245704
0.000714778
-0.000308229
0.000684508
-0.000372134
0.000650794
-0.000437833
0.000613494
-0.00050572
0.000572405
-0.000576108
0.000527249
-0.000649135
0.000477689
-0.000724632
0.000423371
-0.000801963
0.000364037
-0.000879931
0.000299716
-0.000956949
0.000230955
-0.00103197
0.000158878
-0.0011072
8.4508e-05
-0.00119491
6.44759e-06
-0.00133289
-8.35527e-05
-0.00160997
-0.000157487
-0.00211992
-0.000121335
-0.00241494
-0.00136892
1.19848e-05
-1.44684e-06
5.98039e-05
9.75605e-05
0.000146518
0.000286145
0.00025867
0.00052786
0.000376044
0.000771733
0.000483716
0.000977248
0.00057563
0.00112597
0.000651644
0.00121711
0.000713529
0.00125808
0.000762954
0.00125803
0.00080135
0.00122564
0.000830345
0.00116906
0.000851931
0.00109591
0.000868251
0.001013
0.000881235
0.000925815
0.000892325
0.000838267
0.000902385
0.000752793
0.000911759
0.000670629
0.000920415
0.0005922
0.0009281
0.000517445
0.000934465
0.00044607
0.000939145
0.00037769
0.000941806
0.000311905
0.000942161
0.000248334
0.000939967
0.000186616
0.000935023
0.00012641
0.000927161
6.73877e-05
0.000916234
9.22859e-06
0.000902125
-4.83995e-05
0.000884721
-0.000105812
0.000863915
-0.000163354
0.000839603
-0.000221392
0.000811674
-0.0002803
0.000779995
-0.000340455
0.000744392
-0.00040223
0.000704634
-0.000465961
0.000660414
-0.000531888
0.00061135
-0.000600071
0.000557
-0.000670282
0.000496933
-0.000741897
0.00043087
-0.000813868
0.000358912
-0.00088499
0.000281817
-0.000954877
0.000201121
-0.00102651
0.000118563
-0.00111235
3.37407e-05
-0.00124806
-6.10229e-05
-0.0015152
-0.000149928
-0.00203101
-0.000130685
-0.00243418
-0.0014996
9.2004e-06
-1.06472e-05
4.77312e-05
5.90298e-05
0.000122279
0.000211597
0.000226581
0.000423558
0.000344242
0.000654071
0.00045923
0.000862261
0.000562223
0.00102297
0.000650461
0.00112887
0.000724608
0.00118394
0.000786152
0.00119649
0.000836446
0.00117535
0.000876804
0.0011287
0.000908752
0.00106396
0.000934038
0.000987717
0.000954419
0.000905434
0.000971399
0.000821288
0.000986065
0.000738126
0.000999055
0.00065764
0.00101061
0.00058064
0.00102071
0.000507347
0.00102915
0.000437633
0.00103565
0.000371187
0.00103993
0.000307629
0.0010417
0.00024656
0.00104073
0.00018759
0.00103679
0.000130344
0.00102972
7.4464e-05
0.00101934
1.96061e-05
0.00100552
-3.45843e-05
0.000988138
-8.84257e-05
0.000967047
-0.000142263
0.000942107
-0.000196453
0.000913154
-0.000251347
0.000879984
-0.000307285
0.000842338
-0.000364585
0.000799886
-0.000423509
0.000752214
-0.000484216
0.000698832
-0.000546689
0.000639213
-0.000610662
0.000572878
-0.000675562
0.000499579
-0.000740568
0.000419558
-0.00080497
0.00033386
-0.000869179
0.000244463
-0.000937111
0.000153752
-0.00102164
6.22344e-05
-0.00115655
-3.65656e-05
-0.0014164
-0.0001393
-0.00192828
-0.000139957
-0.00243353
-0.00163956
7.22111e-06
-1.78684e-05
3.72409e-05
2.901e-05
9.79576e-05
0.000150881
0.000189529
0.000331987
0.000301381
0.000542219
0.000418834
0.000744808
0.000530457
0.000911352
0.000630572
0.00102876
0.000717839
0.00109667
0.000792862
0.00112146
0.000856662
0.00111155
0.000910252
0.00107511
0.000954731
0.00101949
0.000991394
0.000951054
0.00102166
0.000875163
0.00104692
0.000796032
0.00106832
0.000716731
0.00108669
0.00063927
0.00110253
0.000564795
0.00111607
0.000493809
0.00112731
0.00042639
0.00113614
0.00036236
0.00114236
0.000301403
0.00114578
0.000243147
0.00114617
0.000187198
0.00114334
0.000133171
0.00113712
8.06888e-05
0.00112733
2.93947e-05
0.00111382
-2.1077e-05
0.00109644
-7.10419e-05
0.00107501
-0.000120835
0.00104935
-0.000170788
0.00101922
-0.000221216
0.000984341
-0.000272408
0.000944368
-0.000324612
0.000898869
-0.00037801
0.000847329
-0.000432676
0.000789169
-0.000488529
0.0007238
-0.000545294
0.000650751
-0.000602513
0.00056987
-0.000659687
0.000481617
-0.000716717
0.000387372
-0.000774934
0.000289559
-0.000839298
0.000191105
-0.000923181
9.32819e-05
-0.00105872
-8.85924e-06
-0.00131426
-0.000123163
-0.00181398
-0.000147518
-0.00240917
-0.00178708
5.87131e-06
-2.37397e-05
2.80842e-05
6.79707e-06
7.40687e-05
0.000104896
0.000148968
0.000257088
0.000248927
0.00044226
0.000362885
0.00063085
0.000479079
0.000795158
0.000589373
0.000918464
0.000689867
0.000996175
0.000779467
0.00103186
0.000858313
0.0010327
0.000926923
0.0010065
0.000985969
0.000960441
0.0010363
0.000900727
0.00107893
0.000832525
0.001115
0.000759967
0.00114556
0.000686171
0.00117152
0.000613315
0.00119354
0.000542773
0.00121206
0.000475286
0.00122732
0.000411135
0.00123938
0.000350298
0.00124822
0.000292565
0.00125373
0.000237628
0.0012558
0.000185128
0.00125428
0.000134695
0.00124901
8.59602e-05
0.00123983
3.85702e-05
0.00122659
-7.83216e-06
0.0012091
-5.3556e-05
0.00118717
-9.89051e-05
0.00116056
-0.000144171
0.00112896
-0.000189621
0.00109203
-0.00023548
0.00104934
-0.000281919
0.00100036
-0.000329035
0.000944517
-0.000376828
0.000881166
-0.000425178
0.000809723
-0.000473851
0.000729791
-0.000522581
0.000641391
-0.000571286
0.00054525
-0.000620576
0.00044308
-0.000672764
0.000337655
-0.000733873
0.000232276
-0.000817803
0.000128815
-0.000955262
2.35398e-05
-0.00120899
-9.86843e-05
-0.00169175
-0.000151188
-0.00235667
-0.00193826
4.14581e-06
-2.78855e-05
1.80315e-05
-7.0886e-06
4.84814e-05
7.44464e-05
0.000104155
0.000201414
0.000187374
0.000359041
0.000291998
0.000526225
0.00040777
0.000679387
0.000525203
0.000801031
0.000637901
0.000883476
0.000742502
0.000927264
0.00083761
0.000937594
0.000922833
0.000921276
0.000998256
0.000885017
0.00106427
0.000834718
0.00112149
0.000775303
0.00117072
0.00071073
0.00121285
0.00064404
0.00124873
0.000577442
0.00127908
0.000512423
0.00130448
0.000449882
0.00132535
0.000390265
0.00134195
0.000333698
0.00135442
0.000280095
0.00136281
0.000229236
0.00136711
0.000180829
0.00136726
0.000134551
0.00136315
9.00675e-05
0.00135467
4.70535e-05
0.00134165
5.18739e-06
0.00132392
-3.58332e-05
0.00130127
-7.62487e-05
0.0012734
-0.000116306
0.00123999
-0.00015621
0.00120062
-0.000196114
0.00115482
-0.00023611
0.001102
-0.000276222
0.00104157
-0.000316398
0.000972916
-0.000356522
0.000895534
-0.00039647
0.000809194
-0.000436241
0.000714149
-0.000476241
0.000611389
-0.000517816
0.000502845
-0.000564221
0.000391405
-0.000622433
0.000280401
-0.000706799
0.000171926
-0.000846787
6.29298e-05
-0.00109999
-6.31407e-05
-0.00156568
-0.000148249
-0.00227156
-0.00208651
-6.32957e-07
-2.72525e-05
1.48563e-06
-9.20719e-06
1.47774e-05
6.11547e-05
5.02472e-05
0.000165944
0.000114455
0.000294833
0.000205798
0.000434883
0.000316667
0.000568518
0.000437581
0.000680117
0.000560364
0.000760693
0.000679355
0.000808273
0.000791194
0.000825755
0.000894111
0.000818359
0.00098731
0.000791818
0.00107059
0.000751436
0.00114416
0.000701738
0.00120848
0.000646404
0.00126422
0.000588303
0.00131209
0.00052957
0.00135281
0.000471705
0.00138701
0.00041568
0.00141522
0.000362051
0.00143786
0.000311062
0.00145522
0.000262739
0.00146749
0.000216964
0.00147479
0.000173528
0.00147716
0.000132177
0.00147459
9.2637e-05
0.00146701
5.46343e-05
0.00145429
1.79066e-05
0.00143628
-1.782e-05
0.00141275
-5.2722e-05
0.00138343
-8.69854e-05
0.00134797
-0.000120748
0.00130595
-0.000154094
0.00125689
-0.000187052
0.00120027
-0.000219598
0.00113554
-0.000251673
0.00106225
-0.000283223
0.000980065
-0.00031429
0.00088901
-0.000345186
0.000789571
-0.000376802
0.000682897
-0.000411142
0.000570908
-0.000452232
0.000456246
-0.000507771
0.000341768
-0.00059232
0.000229043
-0.000734062
0.000114911
-0.000985857
-1.34473e-05
-0.00143732
-0.000134048
-0.00215096
-0.00222056
-1.33995e-05
-1.3853e-05
-3.09139e-05
8.3072e-06
-3.76732e-05
6.7914e-05
-2.18579e-05
0.000150129
2.41061e-05
0.000248869
0.000101674
0.000357315
0.000205517
0.000464675
0.000327012
0.000558622
0.000457302
0.000630403
0.000589035
0.00067654
0.000716952
0.000697838
0.000837675
0.000697636
0.000949245
0.000680248
0.00105069
0.000649994
0.00114168
0.000610745
0.00122234
0.000565741
0.00129308
0.00051757
0.00135445
0.000468199
0.00140709
0.000419059
0.00145165
0.000371123
0.0014887
0.000324998
0.00151876
0.000281006
0.00154223
0.000239267
0.00155944
0.000199753
0.00157062
0.000162345
0.00157593
0.000126868
0.00157545
9.31235e-05
0.00156917
6.0905e-05
0.00155706
3.0019e-05
0.00153897
2.68711e-07
0.00151476
-2.85054e-05
0.00148417
-5.64002e-05
0.00144693
-8.35019e-05
0.00140268
-0.000109848
0.00135107
-0.000135439
0.00129172
-0.000160249
0.00122431
-0.000184261
0.00114861
-0.000207526
0.00106459
-0.000230271
0.000972491
-0.000253084
0.000872917
-0.000277228
0.000766932
-0.000305157
0.000656085
-0.000341385
0.000542334
-0.00039402
0.000427595
-0.000477581
0.000312282
-0.00061875
0.0001921
-0.000865674
5.64226e-05
-0.00130165
-9.82959e-05
-0.00199624
-0.00231886
-4.09726e-05
2.71196e-05
-9.01809e-05
5.75154e-05
-0.000121106
9.88395e-05
-0.00012316
0.000152183
-9.13545e-05
0.000217063
-2.47113e-05
0.000290672
7.31718e-05
0.000366792
0.000194536
0.000437258
0.000330386
0.000494553
0.000472686
0.00053424
0.000614872
0.000555652
0.00075217
0.000560338
0.000881421
0.000550996
0.00100076
0.00053066
0.00110922
0.000502276
0.00120651
0.000468452
0.00129273
0.000431348
0.00136827
0.000392666
0.00143365
0.000353682
0.00148946
0.000315305
0.00153632
0.00027814
0.00157478
0.000242548
0.00160534
0.000208709
0.00162842
0.000176672
0.00164437
0.000146396
0.00165345
0.000117786
0.00165586
9.07169e-05
0.00165171
6.5053e-05
0.00164106
4.06654e-05
0.00162389
1.74444e-05
0.00160009
-4.7109e-06
0.00156958
-2.58843e-05
0.00153221
-4.61377e-05
0.00148785
-6.54913e-05
0.00143637
-8.39542e-05
0.00137766
-0.000101538
0.00131169
-0.00011829
0.00123852
-0.000134361
0.00115835
-0.000150103
0.00107151
-0.000166246
0.000978479
-0.000184192
0.000879836
-0.000206514
0.000776244
-0.000237793
0.000668356
-0.000286132
0.000556561
-0.000365786
0.000439895
-0.000502084
0.000312796
-0.000738575
0.000159772
-0.00114862
-2.67631e-05
-0.00180971
-0.00234562
-9.0105e-05
0.000117225
-0.000183175
0.000150585
-0.00024025
0.000155915
-0.000257485
0.000169418
-0.00023498
0.000194558
-0.000174202
0.000229894
-7.94191e-05
0.000272009
4.25653e-05
0.000315273
0.000183149
0.000353969
0.00033383
0.00038356
0.000487623
0.000401859
0.00063887
0.000409092
0.000783515
0.000406351
0.000918904
0.000395272
0.00104346
0.000377725
0.00115639
0.000355521
0.00125748
0.000330256
0.00134689
0.000303253
0.00142502
0.00027555
0.00149241
0.00024792
0.00154964
0.000220908
0.00159732
0.000194872
0.00163601
0.000170019
0.00166623
0.000146449
0.00168844
0.000124183
0.00170304
0.00010319
0.00171034
8.34096e-05
0.00171063
6.47671e-05
0.00170411
4.71844e-05
0.00169096
3.05924e-05
0.00167133
1.49244e-05
0.00164525
1.91266e-07
0.00161274
-1.36262e-05
0.00157391
-2.66564e-05
0.0015289
-3.89496e-05
0.00147789
-5.05303e-05
0.00142108
-6.14781e-05
0.0013587
-7.19736e-05
0.00129097
-8.23777e-05
0.0012181
-9.33769e-05
0.00114014
-0.000106236
0.00105687
-0.000123236
0.000967523
-0.00014845
0.000870583
-0.000189193
0.000763378
-0.000258581
0.000641556
-0.000380262
0.00049744
-0.000594459
0.000312251
-0.000963433
8.51068e-05
-0.00158256
-0.00226051
-0.000160371
0.000277595
-0.000293332
0.000283546
-0.000362676
0.000225259
-0.000384799
0.000191541
-0.000365763
0.000175522
-0.000308228
0.00017236
-0.000216421
0.000180201
-9.66659e-05
0.000195518
4.41969e-05
0.000213107
0.000198544
0.000229213
0.000358724
0.000241679
0.000518835
0.000248981
0.000674398
0.000250788
0.000822171
0.000247499
0.000960022
0.000239874
0.00108671
0.000228834
0.00120166
0.000215309
0.00130477
0.000200144
0.00139626
0.000184052
0.00147658
0.000167601
0.00154627
0.000151218
0.00160594
0.000135204
0.0016562
0.000119762
0.00169763
0.000105012
0.0017308
9.10141e-05
0.0017562
7.77872e-05
0.00177429
6.53226e-05
0.00178546
5.35949e-05
0.00179008
4.25709e-05
0.00178845
3.22161e-05
0.00178088
2.2497e-05
0.0017677
1.33716e-05
0.00174923
4.84114e-06
0.00172562
-3.04828e-06
0.00169703
-1.03576e-05
0.00166369
-1.71879e-05
0.00162584
-2.36301e-05
0.00158369
-2.98242e-05
0.00153735
-3.60364e-05
0.00148674
-4.27653e-05
0.00143142
-5.09201e-05
0.00137033
-6.21389e-05
0.00130124
-7.93576e-05
0.00121994
-0.000107896
0.00111885
-0.000157493
0.000984958
-0.000246369
0.000799304
-0.000408804
0.00054116
-0.000705289
0.000229436
-0.00127084
-0.00203108
-0.000223969
0.000501564
-0.0002847
0.000344277
-0.000270991
0.000211551
-0.000242546
0.000163096
-0.000199572
0.000132547
-0.000136074
0.000108862
-5.02854e-05
9.44132e-05
5.72558e-05
8.79769e-05
0.000183333
8.70299e-05
0.000323333
8.92122e-05
0.000472362
9.26501e-05
0.000625404
9.59382e-05
0.000778093
9.80988e-05
0.000926943
9.86492e-05
0.00106935
9.74649e-05
0.00120352
9.46655e-05
0.00132832
9.0511e-05
0.00144314
8.53167e-05
0.0015478
7.93968e-05
0.00164237
7.30327e-05
0.00172713
6.64583e-05
0.00180248
5.98561e-05
0.00186888
5.33613e-05
0.00192682
4.70676e-05
0.0019768
4.10363e-05
0.00201928
3.53035e-05
0.00205472
2.98875e-05
0.00208352
2.47941e-05
0.00210607
2.00211e-05
0.00212272
1.55622e-05
0.00213381
1.14092e-05
0.00213963
7.55134e-06
0.0021405
3.97392e-06
0.00213678
6.74136e-07
0.00212876
-2.34482e-06
0.00211668
-5.09996e-06
0.00210069
-7.64064e-06
0.00208091
-1.00476e-05
0.00205734
-1.24625e-05
0.00202971
-1.51385e-05
0.00199731
-1.85249e-05
0.00195859
-2.3411e-05
0.00191041
-3.11789e-05
0.00184674
-4.42274e-05
0.00175609
-6.68417e-05
0.00161636
-0.000106641
0.00138894
-0.000181385
0.00101735
-0.000333704
0.000489556
-0.000743039
-0.00154152
0.000501564
0.000845841
0.00105739
0.00122049
0.00135304
0.0014619
0.00155631
0.00164429
0.00173132
0.00182053
0.00191318
0.00200912
0.00210722
0.00220587
0.00230333
0.002398
0.00248851
0.00257382
0.00265322
0.00272625
0.00279271
0.00285257
0.00290593
0.002953
0.00299403
0.00302934
0.00305922
0.00308402
0.00310404
0.0031196
0.00313101
0.00313856
0.00314253
0.00314321
0.00314086
0.00313576
0.00312812
0.00311808
0.00310561
0.00309048
0.00307195
0.00304854
0.00301736
0.00297313
0.00290629
0.00279965
0.00261826
0.00228456
0.00154152
)
;

boundaryField
{
    movingWall
    {
        type            calculated;
        value           uniform 0;
    }
    fixedWalls
    {
        type            calculated;
        value           uniform 0;
    }
    frontAndBack
    {
        type            empty;
        value           nonuniform 0();
    }
}


// ************************************************************************* //
