/*--------------------------------*- C++ -*----------------------------------*\
  =========                 |
  \\      /  F ield         | OpenFOAM: The Open Source CFD Toolbox
   \\    /   O peration     | Website:  https://openfoam.org
    \\  /    A nd           | Version:  7
     \\/     M anipulation  |
\*---------------------------------------------------------------------------*/
FoamFile
{
    version     2.0;
    format      ascii;
    class       volVectorField;
    location    "1800";
    object      U;
}
// * * * * * * * * * * * * * * * * * * * * * * * * * * * * * * * * * * * * * //

dimensions      [0 1 -1 0 0 0 0];

internalField   nonuniform List<vector> 
2500
(
(0.000207952 -0.000200714 0)
(0.00186684 -0.000570879 0)
(0.00447451 -0.0006977 0)
(0.00716325 -0.000600064 0)
(0.00922927 -0.000418972 0)
(0.0104506 -0.000264319 0)
(0.0109304 -0.000187988 0)
(0.0108814 -0.000185859 0)
(0.010451 -0.000219845 0)
(0.00963462 -0.000245414 0)
(0.00828323 -0.000228676 0)
(0.00616446 -0.000150779 0)
(0.00302105 -2.6788e-06 0)
(-0.00139071 0.000221006 0)
(-0.00727542 0.000523411 0)
(-0.0147656 0.000908069 0)
(-0.0238836 0.00137499 0)
(-0.0344995 0.00191254 0)
(-0.0462954 0.0024875 0)
(-0.0587453 0.00303756 0)
(-0.0711207 0.00347298 0)
(-0.082528 0.0036892 0)
(-0.0919784 0.00358779 0)
(-0.0984892 0.00310353 0)
(-0.101195 0.00223073 0)
(-0.0994228 0.00102756 0)
(-0.0929036 -0.000375225 0)
(-0.0817116 -0.00181212 0)
(-0.0663146 -0.00310949 0)
(-0.0475693 -0.00410039 0)
(-0.0266945 -0.00463995 0)
(-0.0051726 -0.00460549 0)
(0.0154703 -0.00393499 0)
(0.0337646 -0.00278359 0)
(0.0484036 -0.00137055 0)
(0.0584317 0.000126433 0)
(0.0634691 0.00149754 0)
(0.0637287 0.00253473 0)
(0.0600171 0.00311217 0)
(0.0534998 0.00322498 0)
(0.0454086 0.00298647 0)
(0.0368468 0.00254956 0)
(0.0286511 0.00204864 0)
(0.0213415 0.00157428 0)
(0.0151473 0.00117418 0)
(0.0100797 0.000863374 0)
(0.00602885 0.000631206 0)
(0.00290102 0.000435995 0)
(0.000795276 0.000192768 0)
(-8.20356e-05 -8.74367e-05 0)
(0.000566459 -0.00181764 0)
(0.00437525 -0.00431582 0)
(0.00958231 -0.00511653 0)
(0.0146041 -0.00444048 0)
(0.0181617 -0.00299823 0)
(0.0197686 -0.00145775 0)
(0.0194633 -0.000192443 0)
(0.017457 0.000765611 0)
(0.0138349 0.00162519 0)
(0.0084082 0.00266501 0)
(0.000740102 0.00410236 0)
(-0.00972555 0.00604317 0)
(-0.0235178 0.00849162 0)
(-0.0409991 0.0113807 0)
(-0.0622496 0.0145719 0)
(-0.0869622 0.0178396 0)
(-0.114379 0.0208635 0)
(-0.143306 0.0232513 0)
(-0.17222 0.0245943 0)
(-0.199442 0.0245351 0)
(-0.223315 0.0228271 0)
(-0.242359 0.0193704 0)
(-0.255375 0.0142294 0)
(-0.261507 0.0076363 0)
(-0.260279 -1.86632e-05 0)
(-0.251624 -0.00821945 0)
(-0.235736 -0.0163955 0)
(-0.213066 -0.0239927 0)
(-0.184379 -0.0304485 0)
(-0.150762 -0.0352293 0)
(-0.113624 -0.0378726 0)
(-0.074668 -0.0380341 0)
(-0.0358013 -0.0355702 0)
(0.00104325 -0.0306641 0)
(0.0340197 -0.0238142 0)
(0.0614509 -0.0157466 0)
(0.0820199 -0.0072823 0)
(0.0950059 0.000696054 0)
(0.100274 0.0073452 0)
(0.0984392 0.0120831 0)
(0.0909564 0.0147124 0)
(0.079612 0.015435 0)
(0.066232 0.0147156 0)
(0.0524142 0.0131077 0)
(0.0393366 0.0111172 0)
(0.0276935 0.00911026 0)
(0.0177731 0.0072487 0)
(0.00968204 0.00543453 0)
(0.00372612 0.0033431 0)
(0.000329274 0.0009184 0)
(0.00078584 -0.00449492 0)
(0.00568881 -0.00969442 0)
(0.0117183 -0.0109167 0)
(0.0169071 -0.00900553 0)
(0.0197647 -0.00542394 0)
(0.0197139 -0.0014698 0)
(0.0166725 0.00215248 0)
(0.0106384 0.00542286 0)
(0.00138633 0.00878041 0)
(-0.0116154 0.0127915 0)
(-0.0290796 0.0178421 0)
(-0.0516339 0.0240095 0)
(-0.079584 0.0310822 0)
(-0.1127 0.0385966 0)
(-0.150109 0.0458726 0)
(-0.190335 0.0520913 0)
(-0.23149 0.0564294 0)
(-0.271538 0.0582007 0)
(-0.308557 0.0569588 0)
(-0.340919 0.0525373 0)
(-0.367387 0.0450354 0)
(-0.387116 0.0347695 0)
(-0.399596 0.0222126 0)
(-0.404562 0.00794334 0)
(-0.401938 -0.00738923 0)
(-0.391703 -0.0231 0)
(-0.373898 -0.0384754 0)
(-0.34879 -0.0527302 0)
(-0.316857 -0.0650327 0)
(-0.278871 -0.0745406 0)
(-0.23593 -0.0804767 0)
(-0.189465 -0.0822339 0)
(-0.141234 -0.0794851 0)
(-0.093242 -0.0722844 0)
(-0.0476035 -0.061178 0)
(-0.00631205 -0.0471725 0)
(0.0289103 -0.0315599 0)
(0.0567056 -0.0157872 0)
(0.0763821 -0.00114422 0)
(0.0876662 0.0111725 0)
(0.0908213 0.0202553 0)
(0.0871011 0.0257409 0)
(0.0782109 0.0278617 0)
(0.0660407 0.0273073 0)
(0.0523906 0.0249766 0)
(0.0387217 0.0217248 0)
(0.026034 0.0181222 0)
(0.0149679 0.0142391 0)
(0.00625644 0.00958292 0)
(0.000705203 0.0035866 0)
(0.000917713 -0.00772667 0)
(0.00606866 -0.0155921 0)
(0.0115468 -0.0165377 0)
(0.0151648 -0.0124518 0)
(0.0154194 -0.0057339 0)
(0.0117518 0.00169914 0)
(0.00393759 0.00894182 0)
(-0.00837192 0.0161025 0)
(-0.0258419 0.023944 0)
(-0.0492877 0.0332173 0)
(-0.0793467 0.0442025 0)
(-0.116117 0.0565586 0)
(-0.15893 0.0694102 0)
(-0.206335 0.0815346 0)
(-0.256291 0.0916029 0)
(-0.306515 0.0984291 0)
(-0.354834 0.101166 0)
(-0.39944 0.0993919 0)
(-0.439 0.0930921 0)
(-0.472633 0.0825657 0)
(-0.499817 0.068317 0)
(-0.520259 0.0509473 0)
(-0.533758 0.0310795 0)
(-0.540143 0.00934404 0)
(-0.539263 -0.0135888 0)
(-0.530943 -0.0369798 0)
(-0.515047 -0.0599908 0)
(-0.491534 -0.0816683 0)
(-0.46052 -0.100938 0)
(-0.422336 -0.116646 0)
(-0.3776 -0.127662 0)
(-0.327314 -0.132995 0)
(-0.272951 -0.131951 0)
(-0.216458 -0.124315 0)
(-0.160147 -0.110524 0)
(-0.106496 -0.0916916 0)
(-0.0578539 -0.0695187 0)
(-0.0160917 -0.0460062 0)
(0.0175964 -0.0230685 0)
(0.0426213 -0.00244862 0)
(0.0589204 0.0146171 0)
(0.066754 0.0272051 0)
(0.0672337 0.0349408 0)
(0.0619149 0.038166 0)
(0.0525876 0.0377849 0)
(0.041043 0.0349331 0)
(0.0288322 0.0305681 0)
(0.01719 0.0250317 0)
(0.00742143 0.0177399 0)
(0.00086212 0.00736581 0)
(0.000999788 -0.0110179 0)
(0.00561124 -0.0208276 0)
(0.00922982 -0.0203486 0)
(0.00967945 -0.0129026 0)
(0.0056219 -0.00193683 0)
(-0.00346156 0.0101256 0)
(-0.0180354 0.0223839 0)
(-0.0388552 0.0352816 0)
(-0.0668547 0.0497586 0)
(-0.102686 0.0663407 0)
(-0.146248 0.0846555 0)
(-0.196465 0.103473 0)
(-0.251399 0.121062 0)
(-0.308604 0.135628 0)
(-0.365572 0.145687 0)
(-0.420124 0.150285 0)
(-0.470618 0.149059 0)
(-0.515969 0.142132 0)
(-0.555541 0.129953 0)
(-0.58901 0.113145 0)
(-0.616229 0.0923901 0)
(-0.637107 0.0683407 0)
(-0.651562 0.0416171 0)
(-0.659526 0.0128592 0)
(-0.660917 -0.017258 0)
(-0.65559 -0.0480211 0)
(-0.643304 -0.0785966 0)
(-0.623795 -0.107961 0)
(-0.596797 -0.134908 0)
(-0.562073 -0.158089 0)
(-0.519549 -0.176053 0)
(-0.469523 -0.187331 0)
(-0.412824 -0.19065 0)
(-0.350928 -0.185239 0)
(-0.286032 -0.17109 0)
(-0.22097 -0.149137 0)
(-0.158914 -0.121264 0)
(-0.102867 -0.0900753 0)
(-0.055115 -0.0584258 0)
(-0.016845 -0.028833 0)
(0.0118171 -0.00307154 0)
(0.0312509 0.0176568 0)
(0.0420101 0.0326821 0)
(0.045299 0.0418504 0)
(0.0426371 0.0457005 0)
(0.0357508 0.0453008 0)
(0.0264032 0.0417607 0)
(0.0162525 0.0356006 0)
(0.00711053 0.0261578 0)
(0.00079657 0.0113831 0)
(0.000995795 -0.0139231 0)
(0.00416243 -0.0242951 0)
(0.00458244 -0.0208795 0)
(0.000398167 -0.00872794 0)
(-0.00946344 0.00765784 0)
(-0.0255648 0.0255959 0)
(-0.0486488 0.0444846 0)
(-0.0796959 0.0649969 0)
(-0.11942 0.0877898 0)
(-0.16764 0.11255 0)
(-0.223009 0.137823 0)
(-0.283227 0.161456 0)
(-0.345526 0.181229 0)
(-0.407213 0.195362 0)
(-0.466066 0.202786 0)
(-0.520503 0.203156 0)
(-0.56955 0.196696 0)
(-0.612693 0.18398 0)
(-0.649737 0.165749 0)
(-0.680692 0.1428 0)
(-0.705687 0.115885 0)
(-0.724896 0.0856808 0)
(-0.738545 0.0528443 0)
(-0.746861 0.0180201 0)
(-0.749941 -0.0182147 0)
(-0.747748 -0.0552863 0)
(-0.740094 -0.092472 0)
(-0.726584 -0.128849 0)
(-0.706594 -0.163319 0)
(-0.679323 -0.194532 0)
(-0.643974 -0.220821 0)
(-0.599933 -0.240282 0)
(-0.54696 -0.251026 0)
(-0.485482 -0.251475 0)
(-0.416909 -0.240712 0)
(-0.343792 -0.21888 0)
(-0.269706 -0.187488 0)
(-0.198835 -0.149398 0)
(-0.13523 -0.108383 0)
(-0.0818939 -0.0683163 0)
(-0.040117 -0.0323186 0)
(-0.00952334 -0.00225321 0)
(0.0110546 0.0211483 0)
(0.0228075 0.037605 0)
(0.0271638 0.0473326 0)
(0.0257871 0.0511133 0)
(0.0204679 0.0499413 0)
(0.0130797 0.0443214 0)
(0.00575001 0.0334785 0)
(0.000591107 0.0148945 0)
(0.000839998 -0.0158649 0)
(0.00148499 -0.0247715 0)
(-0.00259339 -0.0166967 0)
(-0.0126826 0.0014472 0)
(-0.0295673 0.0244012 0)
(-0.0539218 0.0495681 0)
(-0.0866457 0.0766391 0)
(-0.128499 0.106078 0)
(-0.179356 0.137638 0)
(-0.237789 0.169773 0)
(-0.301272 0.200002 0)
(-0.366773 0.225693 0)
(-0.431378 0.24473 0)
(-0.492722 0.25585 0)
(-0.549147 0.25866 0)
(-0.59966 0.253445 0)
(-0.643781 0.240905 0)
(-0.681406 0.221944 0)
(-0.712721 0.197546 0)
(-0.738122 0.168668 0)
(-0.758118 0.136153 0)
(-0.773291 0.100749 0)
(-0.784251 0.0631277 0)
(-0.791481 0.0238124 0)
(-0.795259 -0.0168089 0)
(-0.795737 -0.0583223 0)
(-0.792874 -0.100234 0)
(-0.786221 -0.141954 0)
(-0.774983 -0.182694 0)
(-0.758076 -0.221273 0)
(-0.734183 -0.256044 0)
(-0.701807 -0.284966 0)
(-0.659504 -0.305714 0)
(-0.606298 -0.315856 0)
(-0.542137 -0.313261 0)
(-0.468296 -0.296697 0)
(-0.387666 -0.266434 0)
(-0.304736 -0.224622 0)
(-0.225044 -0.175274 0)
(-0.154063 -0.12362 0)
(-0.0957923 -0.0748545 0)
(-0.0516898 -0.0327713 0)
(-0.0207413 0.000877319 0)
(-0.00073857 0.0259552 0)
(0.0103138 0.0427944 0)
(0.0143183 0.052017 0)
(0.0132107 0.05442 0)
(0.00901501 0.0503565 0)
(0.00400157 0.0389289 0)
(0.000362327 0.0174931 0)
(0.000465283 -0.0160985 0)
(-0.00257173 -0.0209766 0)
(-0.0122815 -0.00662211 0)
(-0.0292285 0.0186533 0)
(-0.0539432 0.0492655 0)
(-0.0871772 0.0828699 0)
(-0.129655 0.119114 0)
(-0.181385 0.157653 0)
(-0.241044 0.196934 0)
(-0.306046 0.234246 0)
(-0.373154 0.266543 0)
(-0.439201 0.291285 0)
(-0.501581 0.306908 0)
(-0.55845 0.312874 0)
(-0.608694 0.309476 0)
(-0.651806 0.297547 0)
(-0.687758 0.278207 0)
(-0.716907 0.252701 0)
(-0.739914 0.222274 0)
(-0.757616 0.188044 0)
(-0.770923 0.150944 0)
(-0.780759 0.111745 0)
(-0.787941 0.0710063 0)
(-0.793064 0.029043 0)
(-0.796575 -0.0139162 0)
(-0.798792 -0.0576462 0)
(-0.79976 -0.102002 0)
(-0.799125 -0.146797 0)
(-0.796248 -0.191591 0)
(-0.790131 -0.235551 0)
(-0.779288 -0.277409 0)
(-0.761735 -0.31538 0)
(-0.735185 -0.347042 0)
(-0.697373 -0.369407 0)
(-0.646473 -0.379287 0)
(-0.581718 -0.373871 0)
(-0.504115 -0.351462 0)
(-0.416954 -0.312298 0)
(-0.325816 -0.259201 0)
(-0.237856 -0.197604 0)
(-0.160267 -0.134588 0)
(-0.098229 -0.0769936 0)
(-0.0533061 -0.0293662 0)
(-0.0235724 0.00687687 0)
(-0.00555511 0.0324545 0)
(0.0036187 0.0482978 0)
(0.0064613 0.0552512 0)
(0.00529117 0.0535901 0)
(0.00248832 0.0423783 0)
(0.000209314 0.0191578 0)
(-0.000171554 -0.0137896 0)
(-0.00796326 -0.0118364 0)
(-0.024117 0.0101944 0)
(-0.0484312 0.0434962 0)
(-0.0812238 0.08263 0)
(-0.123131 0.125378 0)
(-0.174292 0.170811 0)
(-0.233634 0.217333 0)
(-0.298694 0.262093 0)
(-0.366137 0.30164 0)
(-0.432541 0.332911 0)
(-0.495 0.353893 0)
(-0.551398 0.363781 0)
(-0.600433 0.362795 0)
(-0.641526 0.351881 0)
(-0.674705 0.332414 0)
(-0.700499 0.305962 0)
(-0.719815 0.27412 0)
(-0.733785 0.238348 0)
(-0.743594 0.199844 0)
(-0.750381 0.159536 0)
(-0.755157 0.118077 0)
(-0.758698 0.0758165 0)
(-0.761583 0.032899 0)
(-0.764299 -0.0105907 0)
(-0.767171 -0.0546679 0)
(-0.770277 -0.0994722 0)
(-0.77352 -0.145079 0)
(-0.77662 -0.191369 0)
(-0.778919 -0.238009 0)
(-0.779207 -0.284336 0)
(-0.775672 -0.329105 0)
(-0.765887 -0.370262 0)
(-0.746857 -0.404899 0)
(-0.715312 -0.429363 0)
(-0.668381 -0.439572 0)
(-0.6045 -0.431722 0)
(-0.524359 -0.403379 0)
(-0.431639 -0.354705 0)
(-0.33316 -0.289363 0)
(-0.23797 -0.21456 0)
(-0.155213 -0.139703 0)
(-0.091241 -0.0736129 0)
(-0.0473964 -0.0215254 0)
(-0.0204247 0.0158114 0)
(-0.00546885 0.0401196 0)
(0.00120717 0.052783 0)
(0.00267534 0.0543903 0)
(0.00160652 0.0442041 0)
(0.000183973 0.0201692 0)
(-0.00107219 -0.00817005 0)
(-0.0144136 0.00339829 0)
(-0.0373631 0.0341325 0)
(-0.0690368 0.0760336 0)
(-0.109491 0.12412 0)
(-0.15898 0.175932 0)
(-0.216761 0.229497 0)
(-0.280677 0.281859 0)
(-0.347455 0.329204 0)
(-0.413482 0.367865 0)
(-0.47553 0.395208 0)
(-0.531154 0.409987 0)
(-0.578805 0.412234 0)
(-0.617784 0.402949 0)
(-0.648148 0.383755 0)
(-0.670582 0.356594 0)
(-0.68623 0.323467 0)
(-0.696493 0.286217 0)
(-0.702801 0.24636 0)
(-0.70645 0.205018 0)
(-0.708529 0.162946 0)
(-0.709864 0.120562 0)
(-0.711017 0.0780064 0)
(-0.712406 0.0352886 0)
(-0.714365 -0.00766258 0)
(-0.717114 -0.0510311 0)
(-0.72077 -0.0950366 0)
(-0.725474 -0.139852 0)
(-0.731265 -0.185622 0)
(-0.73793 -0.232446 0)
(-0.744896 -0.280216 0)
(-0.751075 -0.328365 0)
(-0.754591 -0.375661 0)
(-0.75259 -0.419949 0)
(-0.741316 -0.457902 0)
(-0.716516 -0.484986 0)
(-0.674214 -0.495916 0)
(-0.611869 -0.48566 0)
(-0.529757 -0.45089 0)
(-0.432077 -0.391672 0)
(-0.327162 -0.312791 0)
(-0.226232 -0.223837 0)
(-0.140476 -0.137169 0)
(-0.077113 -0.0638108 0)
(-0.036588 -0.00930184 0)
(-0.0137788 0.0268109 0)
(-0.00262481 0.0471537 0)
(0.00130445 0.0532544 0)
(0.00144733 0.0450221 0)
(0.000288235 0.0209471 0)
(-0.00217933 0.00130742 0)
(-0.0214247 0.0250158 0)
(-0.0510181 0.0650541 0)
(-0.0894959 0.115734 0)
(-0.136545 0.172602 0)
(-0.191808 0.232548 0)
(-0.253589 0.292322 0)
(-0.318882 0.3478 0)
(-0.384018 0.394675 0)
(-0.445479 0.429528 0)
(-0.500458 0.45045 0)
(-0.547098 0.457098 0)
(-0.584515 0.450407 0)
(-0.612737 0.432204 0)
(-0.632562 0.404817 0)
(-0.645352 0.370704 0)
(-0.652756 0.332146 0)
(-0.656437 0.291018 0)
(-0.657841 0.248675 0)
(-0.658097 0.205975 0)
(-0.657997 0.163369 0)
(-0.658025 0.121001 0)
(-0.658456 0.078839 0)
(-0.659448 0.0367753 0)
(-0.661101 -0.00536264 0)
(-0.663537 -0.0477729 0)
(-0.666876 -0.0906199 0)
(-0.671322 -0.134079 0)
(-0.677081 -0.178395 0)
(-0.68433 -0.223848 0)
(-0.693148 -0.270661 0)
(-0.703295 -0.318906 0)
(-0.713873 -0.368303 0)
(-0.723021 -0.417832 0)
(-0.727653 -0.465236 0)
(-0.723378 -0.506647 0)
(-0.704853 -0.536529 0)
(-0.666806 -0.548173 0)
(-0.605656 -0.534967 0)
(-0.521359 -0.492481 0)
(-0.418874 -0.420876 0)
(-0.308425 -0.326717 0)
(-0.203739 -0.222882 0)
(-0.117975 -0.125392 0)
(-0.0584533 -0.0473686 0)
(-0.0236422 0.00624913 0)
(-0.00618788 0.0377659 0)
(0.000680306 0.0503946 0)
(0.00181032 0.0453583 0)
(0.00048584 0.0218748 0)
(-0.00335773 0.0148765 0)
(-0.0283496 0.0528149 0)
(-0.0639626 0.102335 0)
(-0.1082 0.161513 0)
(-0.160269 0.226356 0)
(-0.219097 0.292803 0)
(-0.282163 0.356345 0)
(-0.345951 0.412059 0)
(-0.406759 0.45561 0)
(-0.461419 0.484175 0)
(-0.507702 0.496769 0)
(-0.544454 0.494061 0)
(-0.571577 0.477965 0)
(-0.5899 0.451156 0)
(-0.600945 0.416589 0)
(-0.606588 0.377052 0)
(-0.60871 0.334842 0)
(-0.608916 0.291599 0)
(-0.60839 0.248314 0)
(-0.607881 0.205452 0)
(-0.607777 0.163126 0)
(-0.608214 0.121247 0)
(-0.609196 0.0796592 0)
(-0.61066 0.0381863 0)
(-0.612547 -0.00334473 0)
(-0.61491 -0.0450592 0)
(-0.617815 -0.0870468 0)
(-0.621402 -0.129419 0)
(-0.625901 -0.172346 0)
(-0.631659 -0.216059 0)
(-0.639089 -0.260875 0)
(-0.648538 -0.307215 0)
(-0.66008 -0.355476 0)
(-0.67319 -0.40571 0)
(-0.686244 -0.457131 0)
(-0.695994 -0.507471 0)
(-0.697359 -0.552329 0)
(-0.683853 -0.584895 0)
(-0.648857 -0.596593 0)
(-0.587723 -0.578905 0)
(-0.500272 -0.526293 0)
(-0.392719 -0.439522 0)
(-0.277811 -0.328018 0)
(-0.172118 -0.209258 0)
(-0.0902932 -0.103556 0)
(-0.0383197 -0.0252639 0)
(-0.0113356 0.0229148 0)
(-0.000153643 0.0453715 0)
(0.00229752 0.0453572 0)
(0.000720683 0.0231575 0)
(-0.00444344 0.0323852 0)
(-0.0345357 0.0861314 0)
(-0.0751396 0.144917 0)
(-0.123721 0.211866 0)
(-0.178947 0.283344 0)
(-0.239063 0.354219 0)
(-0.300964 0.418936 0)
(-0.360959 0.472186 0)
(-0.415582 0.509998 0)
(-0.462196 0.530406 0)
(-0.49927 0.533503 0)
(-0.526452 0.521067 0)
(-0.544477 0.496013 0)
(-0.554927 0.461782 0)
(-0.55985 0.421741 0)
(-0.561333 0.378709 0)
(-0.561152 0.334698 0)
(-0.56057 0.29089 0)
(-0.560326 0.247793 0)
(-0.560729 0.205472 0)
(-0.561807 0.163765 0)
(-0.563448 0.122442 0)
(-0.565496 0.0812921 0)
(-0.567792 0.0401448 0)
(-0.57023 -0.00111517 0)
(-0.572819 -0.0425431 0)
(-0.575579 -0.0841688 0)
(-0.57856 -0.126017 0)
(-0.581925 -0.168128 0)
(-0.585949 -0.210601 0)
(-0.591033 -0.253659 0)
(-0.597705 -0.297714 0)
(-0.606584 -0.343362 0)
(-0.618157 -0.391298 0)
(-0.632326 -0.442006 0)
(-0.647734 -0.495091 0)
(-0.661048 -0.548279 0)
(-0.666527 -0.596412 0)
(-0.65641 -0.631039 0)
(-0.622591 -0.641266 0)
(-0.559487 -0.61634 0)
(-0.467306 -0.549815 0)
(-0.35435 -0.444131 0)
(-0.236693 -0.31337 0)
(-0.133899 -0.181253 0)
(-0.0609065 -0.0724151 0)
(-0.0200551 -0.000193638 0)
(-0.00226744 0.0369484 0)
(0.00247041 0.0446335 0)
(0.000940117 0.0247558 0)
(-0.00528811 0.053272 0)
(-0.0394222 0.123907 0)
(-0.0836908 0.19143 0)
(-0.134994 0.265058 0)
(-0.191458 0.34149 0)
(-0.250782 0.414571 0)
(-0.309552 0.478008 0)
(-0.36417 0.526504 0)
(-0.411606 0.556758 0)
(-0.44987 0.567863 0)
(-0.478211 0.561108 0)
(-0.497105 0.539419 0)
(-0.508049 0.506636 0)
(-0.513168 0.466742 0)
(-0.514726 0.423198 0)
(-0.514677 0.378523 0)
(-0.514411 0.334202 0)
(-0.514698 0.290848 0)
(-0.515807 0.248501 0)
(-0.517689 0.206919 0)
(-0.52015 0.165791 0)
(-0.522975 0.12485 0)
(-0.52598 0.0839039 0)
(-0.529022 0.0428375 0)
(-0.53202 0.00159444 0)
(-0.534975 -0.0398382 0)
(-0.537902 -0.0814498 0)
(-0.540793 -0.123212 0)
(-0.543711 -0.165086 0)
(-0.546768 -0.207059 0)
(-0.550181 -0.24919 0)
(-0.554345 -0.291677 0)
(-0.559888 -0.334956 0)
(-0.567646 -0.3798 0)
(-0.578465 -0.427277 0)
(-0.592711 -0.478369 0)
(-0.609395 -0.533087 0)
(-0.625079 -0.589086 0)
(-0.633182 -0.640182 0)
(-0.624478 -0.675698 0)
(-0.589365 -0.681759 0)
(-0.52169 -0.645177 0)
(-0.422931 -0.559388 0)
(-0.304702 -0.430484 0)
(-0.18731 -0.279819 0)
(-0.0928438 -0.138944 0)
(-0.0339613 -0.0351779 0)
(-0.00650185 0.0231795 0)
(0.00201324 0.0423172 0)
(0.00111664 0.0264194 0)
(-0.00577041 0.0766314 0)
(-0.0425966 0.164809 0)
(-0.0890425 0.240326 0)
(-0.141401 0.319317 0)
(-0.19732 0.398895 0)
(-0.254138 0.472058 0)
(-0.308377 0.532115 0)
(-0.356741 0.574114 0)
(-0.396756 0.595666 0)
(-0.427148 0.597071 0)
(-0.447954 0.580874 0)
(-0.460402 0.551089 0)
(-0.466549 0.512276 0)
(-0.468762 0.468641 0)
(-0.469188 0.423391 0)
(-0.469385 0.378483 0)
(-0.470218 0.334755 0)
(-0.471969 0.292276 0)
(-0.474546 0.25074 0)
(-0.4777 0.209748 0)
(-0.48117 0.168965 0)
(-0.484759 0.128169 0)
(-0.488342 0.0872359 0)
(-0.491843 0.0461099 0)
(-0.495228 0.00477462 0)
(-0.498526 -0.0367626 0)
(-0.501763 -0.0784773 0)
(-0.504912 -0.120338 0)
(-0.507964 -0.162291 0)
(-0.510913 -0.204272 0)
(-0.513796 -0.246222 0)
(-0.516756 -0.28813 0)
(-0.520132 -0.330147 0)
(-0.524568 -0.372742 0)
(-0.531073 -0.416863 0)
(-0.540875 -0.463957 0)
(-0.554818 -0.51557 0)
(-0.572218 -0.572167 0)
(-0.589388 -0.631138 0)
(-0.598657 -0.684664 0)
(-0.589074 -0.718957 0)
(-0.549603 -0.716468 0)
(-0.474289 -0.661769 0)
(-0.367358 -0.549939 0)
(-0.245345 -0.394029 0)
(-0.133352 -0.226072 0)
(-0.0540418 -0.0858245 0)
(-0.013349 0.00164637 0)
(0.000774115 0.0372275 0)
(0.00125409 0.0277895 0)
(-0.00581475 0.10133 0)
(-0.0438263 0.207356 0)
(-0.0909309 0.290029 0)
(-0.142773 0.372994 0)
(-0.196627 0.453977 0)
(-0.249657 0.525382 0)
(-0.298528 0.580437 0)
(-0.340374 0.614806 0)
(-0.373345 0.627189 0)
(-0.396883 0.619175 0)
(-0.411738 0.594535 0)
(-0.419706 0.558209 0)
(-0.423135 0.515176 0)
(-0.424325 0.469516 0)
(-0.425052 0.423897 0)
(-0.426352 0.379575 0)
(-0.428587 0.336765 0)
(-0.431672 0.295126 0)
(-0.435323 0.254169 0)
(-0.439246 0.213477 0)
(-0.443223 0.172783 0)
(-0.447139 0.131951 0)
(-0.450951 0.0909276 0)
(-0.454648 0.049702 0)
(-0.458236 0.00827655 0)
(-0.461774 -0.0333387 0)
(-0.465304 -0.0751276 0)
(-0.468799 -0.117081 0)
(-0.472229 -0.159165 0)
(-0.475546 -0.201321 0)
(-0.478688 -0.243458 0)
(-0.481609 -0.285465 0)
(-0.484346 -0.327274 0)
(-0.487154 -0.368975 0)
(-0.490683 -0.411041 0)
(-0.496103 -0.454609 0)
(-0.504994 -0.501594 0)
(-0.518662 -0.554195 0)
(-0.536638 -0.613257 0)
(-0.554678 -0.675444 0)
(-0.563522 -0.730333 0)
(-0.550192 -0.759796 0)
(-0.502649 -0.741978 0)
(-0.416579 -0.660322 0)
(-0.301093 -0.515055 0)
(-0.179337 -0.331226 0)
(-0.080522 -0.154852 0)
(-0.0231573 -0.0304515 0)
(-0.00128051 0.0280325 0)
(0.00137191 0.028489 0)
(-0.00539784 0.126125 0)
(-0.0430552 0.250042 0)
(-0.0893748 0.339049 0)
(-0.139321 0.424663 0)
(-0.189909 0.505527 0)
(-0.238302 0.573732 0)
(-0.28145 0.622697 0)
(-0.316995 0.648904 0)
(-0.343707 0.652252 0)
(-0.361681 0.63562 0)
(-0.372226 0.603892 0)
(-0.377471 0.562675 0)
(-0.379773 0.51704 0)
(-0.38113 0.470642 0)
(-0.382823 0.425442 0)
(-0.385386 0.381997 0)
(-0.388799 0.340027 0)
(-0.39278 0.298956 0)
(-0.397006 0.258262 0)
(-0.401238 0.217605 0)
(-0.405352 0.176822 0)
(-0.409319 0.135862 0)
(-0.413163 0.0947242 0)
(-0.416915 0.0534195 0)
(-0.420597 0.0119522 0)
(-0.424284 -0.0296769 0)
(-0.428026 -0.0714667 0)
(-0.431805 -0.113432 0)
(-0.435601 -0.155568 0)
(-0.439369 -0.197848 0)
(-0.44303 -0.24021 0)
(-0.446467 -0.282544 0)
(-0.449555 -0.324697 0)
(-0.452239 -0.366522 0)
(-0.454688 -0.408039 0)
(-0.457541 -0.449747 0)
(-0.462139 -0.493036 0)
(-0.470453 -0.540404 0)
(-0.484218 -0.594795 0)
(-0.502918 -0.657237 0)
(-0.521176 -0.722791 0)
(-0.527487 -0.776818 0)
(-0.506714 -0.7953 0)
(-0.446891 -0.752101 0)
(-0.347737 -0.632564 0)
(-0.225995 -0.448194 0)
(-0.112349 -0.242568 0)
(-0.0364038 -0.076113 0)
(-0.00422435 0.0132304 0)
(0.00146153 0.0281082 0)
(-0.00454433 0.149776 0)
(-0.0403756 0.291429 0)
(-0.0846162 0.386063 0)
(-0.131526 0.473181 0)
(-0.177977 0.552712 0)
(-0.221263 0.616721 0)
(-0.258712 0.659035 0)
(-0.288487 0.677084 0)
(-0.309933 0.671998 0)
(-0.323668 0.64788 0)
(-0.331362 0.610526 0)
(-0.335236 0.565925 0)
(-0.337435 0.518941 0)
(-0.339525 0.472606 0)
(-0.342298 0.42814 0)
(-0.345893 0.385509 0)
(-0.350073 0.344108 0)
(-0.354503 0.303287 0)
(-0.358917 0.262593 0)
(-0.363174 0.221803 0)
(-0.367242 0.180852 0)
(-0.371156 0.13975 0)
(-0.374976 0.0985207 0)
(-0.378746 0.0571792 0)
(-0.382489 0.01572 0)
(-0.386276 -0.0258694 0)
(-0.390164 -0.0676 0)
(-0.394143 -0.109505 0)
(-0.3982 -0.151601 0)
(-0.402313 -0.193894 0)
(-0.406424 -0.236367 0)
(-0.410433 -0.27896 0)
(-0.414184 -0.321543 0)
(-0.417487 -0.363911 0)
(-0.420194 -0.405841 0)
(-0.422399 -0.447284 0)
(-0.424769 -0.488803 0)
(-0.428874 -0.532168 0)
(-0.43712 -0.58068 0)
(-0.451571 -0.638113 0)
(-0.471201 -0.705118 0)
(-0.488617 -0.773502 0)
(-0.489294 -0.822058 0)
(-0.456338 -0.819443 0)
(-0.380134 -0.73703 0)
(-0.268 -0.568478 0)
(-0.146953 -0.346021 0)
(-0.0534054 -0.137554 0)
(-0.0082233 -0.0088126 0)
(0.00147494 0.0261907 0)
(-0.0033168 0.171141 0)
(-0.0359895 0.33022 0)
(-0.0770478 0.429963 0)
(-0.120033 0.517687 0)
(-0.161772 0.595027 0)
(-0.199783 0.654289 0)
(-0.231811 0.689865 0)
(-0.256518 0.70019 0)
(-0.273721 0.687592 0)
(-0.284405 0.657255 0)
(-0.290395 0.615657 0)
(-0.2938 0.568891 0)
(-0.29642 0.5214 0)
(-0.299368 0.475512 0)
(-0.303032 0.431777 0)
(-0.3073 0.389725 0)
(-0.311857 0.348593 0)
(-0.316412 0.307769 0)
(-0.320795 0.266916 0)
(-0.324958 0.225925 0)
(-0.328933 0.184803 0)
(-0.332789 0.143588 0)
(-0.336596 0.102311 0)
(-0.340398 0.0609739 0)
(-0.344208 0.0195598 0)
(-0.348081 -0.0219567 0)
(-0.352084 -0.0635943 0)
(-0.35621 -0.105398 0)
(-0.360445 -0.147397 0)
(-0.364784 -0.18962 0)
(-0.369197 -0.232084 0)
(-0.373624 -0.27478 0)
(-0.377948 -0.317646 0)
(-0.381982 -0.360533 0)
(-0.385475 -0.403177 0)
(-0.388203 -0.445264 0)
(-0.390214 -0.486693 0)
(-0.392262 -0.528192 0)
(-0.396257 -0.572165 0)
(-0.405114 -0.623017 0)
(-0.420992 -0.685268 0)
(-0.441501 -0.757922 0)
(-0.455963 -0.826728 0)
(-0.446356 -0.860874 0)
(-0.395726 -0.821525 0)
(-0.300798 -0.683226 0)
(-0.180789 -0.459534 0)
(-0.0736138 -0.215127 0)
(-0.0135241 -0.0398827 0)
(0.00139054 0.0222558 0)
(-0.00180416 0.189239 0)
(-0.0301682 0.365299 0)
(-0.0671428 0.469863 0)
(-0.105553 0.557585 0)
(-0.142252 0.632232 0)
(-0.175031 0.686605 0)
(-0.202062 0.715747 0)
(-0.222439 0.719095 0)
(-0.236334 0.700074 0)
(-0.244926 0.664771 0)
(-0.250016 0.620108 0)
(-0.253462 0.572067 0)
(-0.256667 0.524549 0)
(-0.260345 0.479201 0)
(-0.264602 0.43603 0)
(-0.269207 0.39429 0)
(-0.273861 0.353188 0)
(-0.278356 0.312205 0)
(-0.282616 0.271131 0)
(-0.286662 0.229941 0)
(-0.290558 0.188683 0)
(-0.294382 0.147403 0)
(-0.298202 0.106118 0)
(-0.302054 0.0648204 0)
(-0.305939 0.0234774 0)
(-0.309898 -0.0179462 0)
(-0.314007 -0.0594729 0)
(-0.318262 -0.101157 0)
(-0.32264 -0.143035 0)
(-0.327143 -0.185146 0)
(-0.331759 -0.227526 0)
(-0.336458 -0.270203 0)
(-0.341172 -0.313176 0)
(-0.345773 -0.356379 0)
(-0.350041 -0.399629 0)
(-0.353669 -0.442586 0)
(-0.356368 -0.484834 0)
(-0.358189 -0.52627 0)
(-0.360093 -0.567991 0)
(-0.364501 -0.613444 0)
(-0.374861 -0.668509 0)
(-0.392862 -0.737865 0)
(-0.413317 -0.816192 0)
(-0.420866 -0.878811 0)
(-0.39463 -0.8826 0)
(-0.321499 -0.784931 0)
(-0.210288 -0.576044 0)
(-0.0954297 -0.306794 0)
(-0.0203514 -0.081657 0)
(0.00125069 0.0158194 0)
(-0.000110568 0.203293 0)
(-0.0232181 0.395741 0)
(-0.0553992 0.505091 0)
(-0.0887867 0.592494 0)
(-0.120301 0.664281 0)
(-0.148026 0.713966 0)
(-0.170535 0.73728 0)
(-0.187272 0.734592 0)
(-0.198633 0.710288 0)
(-0.205839 0.671158 0)
(-0.210526 0.624364 0)
(-0.214227 0.575633 0)
(-0.217966 0.528299 0)
(-0.222146 0.483417 0)
(-0.226709 0.440595 0)
(-0.231398 0.398946 0)
(-0.235977 0.357718 0)
(-0.240327 0.316512 0)
(-0.244442 0.275217 0)
(-0.248381 0.233866 0)
(-0.25222 0.19252 0)
(-0.256031 0.151217 0)
(-0.259874 0.109961 0)
(-0.263781 0.0687289 0)
(-0.267742 0.027478 0)
(-0.271785 -0.0138359 0)
(-0.275996 -0.055237 0)
(-0.280381 -0.0967896 0)
(-0.2849 -0.138533 0)
(-0.289557 -0.180514 0)
(-0.294345 -0.222777 0)
(-0.299249 -0.265369 0)
(-0.304234 -0.308327 0)
(-0.309226 -0.351655 0)
(-0.314078 -0.395272 0)
(-0.318533 -0.438939 0)
(-0.322225 -0.482212 0)
(-0.324823 -0.524568 0)
(-0.326467 -0.566024 0)
(-0.328514 -0.608434 0)
(-0.334108 -0.656935 0)
(-0.347062 -0.719067 0)
(-0.367379 -0.79776 0)
(-0.384994 -0.878355 0)
(-0.379106 -0.920255 0)
(-0.329165 -0.868483 0)
(-0.232694 -0.688537 0)
(-0.116696 -0.40856 0)
(-0.0287054 -0.135285 0)
(0.00111779 0.00636996 0)
(0.00165427 0.212744 0)
(-0.0154557 0.420814 0)
(-0.0422991 0.535153 0)
(-0.0703772 0.622208 0)
(-0.0966921 0.691251 0)
(-0.119604 0.73672 0)
(-0.138048 0.755023 0)
(-0.15173 0.747346 0)
(-0.161149 0.718864 0)
(-0.167441 0.676884 0)
(-0.171986 0.628653 0)
(-0.17597 0.579577 0)
(-0.18009 0.532467 0)
(-0.184536 0.487906 0)
(-0.189172 0.445237 0)
(-0.193776 0.403526 0)
(-0.198187 0.362099 0)
(-0.20236 0.320663 0)
(-0.206331 0.279181 0)
(-0.210175 0.237716 0)
(-0.213966 0.196327 0)
(-0.217764 0.155038 0)
(-0.221624 0.113838 0)
(-0.225575 0.0726947 0)
(-0.229604 0.0315572 0)
(-0.233719 -0.00962737 0)
(-0.238029 -0.0508832 0)
(-0.24255 -0.0922873 0)
(-0.247221 -0.133883 0)
(-0.252046 -0.17572 0)
(-0.257017 -0.21785 0)
(-0.262123 -0.260325 0)
(-0.267344 -0.303203 0)
(-0.272639 -0.346532 0)
(-0.277921 -0.390312 0)
(-0.283015 -0.434427 0)
(-0.287614 -0.478545 0)
(-0.291293 -0.522074 0)
(-0.293723 -0.564426 0)
(-0.295283 -0.606015 0)
(-0.29801 -0.65016 0)
(-0.305945 -0.7045 0)
(-0.322547 -0.777527 0)
(-0.343852 -0.865746 0)
(-0.352709 -0.937221 0)
(-0.324604 -0.931492 0)
(-0.246492 -0.791143 0)
(-0.13536 -0.515377 0)
(-0.0381961 -0.20054 0)
(0.000969408 -0.0065622 0)
(0.0033844 0.217281 0)
(-0.00719003 0.439931 0)
(-0.0282912 0.559706 0)
(-0.0508878 0.646639 0)
(-0.072064 0.713287 0)
(-0.0904145 0.755213 0)
(-0.105189 0.769453 0)
(-0.116273 0.757864 0)
(-0.124167 0.726231 0)
(-0.129827 0.682211 0)
(-0.13433 0.633036 0)
(-0.138525 0.583791 0)
(-0.142848 0.536852 0)
(-0.147354 0.492457 0)
(-0.151897 0.449794 0)
(-0.15631 0.407933 0)
(-0.160505 0.366289 0)
(-0.164486 0.32465 0)
(-0.168313 0.283027 0)
(-0.172061 0.241494 0)
(-0.175795 0.2001 0)
(-0.179566 0.158854 0)
(-0.183423 0.117733 0)
(-0.187401 0.0767018 0)
(-0.191483 0.0357025 0)
(-0.195655 -0.00532575 0)
(-0.200054 -0.0464102 0)
(-0.204717 -0.0876402 0)
(-0.209554 -0.129067 0)
(-0.214568 -0.170742 0)
(-0.21975 -0.21272 0)
(-0.225085 -0.255059 0)
(-0.23056 -0.297823 0)
(-0.236149 -0.341084 0)
(-0.241798 -0.384894 0)
(-0.247399 -0.429235 0)
(-0.252734 -0.473919 0)
(-0.257433 -0.518463 0)
(-0.261023 -0.5621 0)
(-0.263269 -0.60432 0)
(-0.265047 -0.646538 0)
(-0.269445 -0.694691 0)
(-0.281247 -0.75946 0)
(-0.301649 -0.846945 0)
(-0.319399 -0.937894 0)
(-0.309849 -0.974033 0)
(-0.25143 -0.879745 0)
(-0.149938 -0.622109 0)
(-0.0480923 -0.275657 0)
(0.000665069 -0.0234222 0)
(0.00493831 0.216716 0)
(0.00127381 0.452752 0)
(-0.013775 0.578492 0)
(-0.0307997 0.665772 0)
(-0.0469302 0.730555 0)
(-0.0609453 0.769744 0)
(-0.0723592 0.78094 0)
(-0.0811713 0.766506 0)
(-0.0878048 0.732655 0)
(-0.0929763 0.687257 0)
(-0.0974371 0.63748 0)
(-0.101731 0.588136 0)
(-0.106091 0.541275 0)
(-0.1105 0.496911 0)
(-0.114834 0.454154 0)
(-0.11899 0.41211 0)
(-0.122938 0.370264 0)
(-0.126714 0.328464 0)
(-0.130386 0.286748 0)
(-0.134023 0.245187 0)
(-0.13768 0.20382 0)
(-0.141402 0.162643 0)
(-0.145233 0.121626 0)
(-0.149215 0.0807295 0)
(-0.153334 0.0398989 0)
(-0.157545 -0.000935531 0)
(-0.162019 -0.0418184 0)
(-0.166825 -0.0828387 0)
(-0.17184 -0.124065 0)
(-0.177063 -0.165552 0)
(-0.182483 -0.207355 0)
(-0.188084 -0.249533 0)
(-0.193852 -0.292156 0)
(-0.199767 -0.335306 0)
(-0.205793 -0.379066 0)
(-0.211858 -0.423486 0)
(-0.217817 -0.468495 0)
(-0.223394 -0.513768 0)
(-0.228147 -0.558607 0)
(-0.231596 -0.602099 0)
(-0.233789 -0.644232 0)
(-0.236511 -0.688609 0)
(-0.244202 -0.745285 0)
(-0.261243 -0.82663 0)
(-0.282823 -0.927232 0)
(-0.287552 -0.998037 0)
(-0.248281 -0.952093 0)
(-0.159694 -0.724258 0)
(-0.0575601 -0.357875 0)
(-4.93751e-06 -0.0446359 0)
(0.00616102 0.211278 0)
(0.0095727 0.458833 0)
(0.000924739 0.591419 0)
(-0.0105133 0.679618 0)
(-0.0216974 0.743207 0)
(-0.0315526 0.780543 0)
(-0.0398202 0.789742 0)
(-0.0465618 0.773497 0)
(-0.0520746 0.738275 0)
(-0.0568029 0.692049 0)
(-0.0611717 0.641912 0)
(-0.0654503 0.592478 0)
(-0.0697144 0.545596 0)
(-0.0739109 0.501156 0)
(-0.0779568 0.458247 0)
(-0.0818095 0.416017 0)
(-0.0854839 0.374003 0)
(-0.0890345 0.33209 0)
(-0.0925285 0.290324 0)
(-0.0960277 0.248773 0)
(-0.0995816 0.207463 0)
(-0.103228 0.166382 0)
(-0.10701 0.125493 0)
(-0.110973 0.0847564 0)
(-0.11511 0.0441265 0)
(-0.119346 0.00352867 0)
(-0.123879 -0.037115 0)
(-0.128819 -0.0778804 0)
(-0.134023 -0.118867 0)
(-0.13947 -0.160129 0)
(-0.145151 -0.201722 0)
(-0.151052 -0.243708 0)
(-0.157157 -0.286157 0)
(-0.163447 -0.329157 0)
(-0.169894 -0.372811 0)
(-0.176446 -0.417212 0)
(-0.183 -0.462374 0)
(-0.189358 -0.508113 0)
(-0.195169 -0.553885 0)
(-0.199936 -0.598725 0)
(-0.203285 -0.641808 0)
(-0.205896 -0.684624 0)
(-0.211008 -0.734971 0)
(-0.22411 -0.80776 0)
(-0.245862 -0.90985 0)
(-0.260446 -1.00655 0)
(-0.238465 -1.0076 0)
(-0.164577 -0.818343 0)
(-0.0658734 -0.444038 0)
(-0.00115797 -0.0704446 0)
(0.00695875 0.201466 0)
(0.0173241 0.457762 0)
(0.0154818 0.598339 0)
(0.00965731 0.688275 0)
(0.00331257 0.751366 0)
(-0.0025008 0.787777 0)
(-0.00773608 0.796023 0)
(-0.0124965 0.778958 0)
(-0.0169304 0.743139 0)
(-0.0211967 0.696559 0)
(-0.0254023 0.646246 0)
(-0.0295658 0.596707 0)
(-0.0336348 0.549708 0)
(-0.0375397 0.505108 0)
(-0.0412421 0.462016 0)
(-0.0447533 0.419614 0)
(-0.0481234 0.377476 0)
(-0.0514188 0.335497 0)
(-0.0547037 0.293725 0)
(-0.0580329 0.252218 0)
(-0.0614512 0.210997 0)
(-0.0649951 0.17004 0)
(-0.0687034 0.129308 0)
(-0.0726275 0.088758 0)
(-0.0767664 0.0483539 0)
(-0.0810194 0.00802489 0)
(-0.08559 -0.0323313 0)
(-0.0906499 -0.0727845 0)
(-0.0960473 -0.113479 0)
(-0.101727 -0.154469 0)
(-0.107687 -0.195806 0)
(-0.113917 -0.237553 0)
(-0.1204 -0.279782 0)
(-0.127117 -0.322587 0)
(-0.134042 -0.366081 0)
(-0.141133 -0.410386 0)
(-0.148312 -0.455578 0)
(-0.155431 -0.50158 0)
(-0.162224 -0.548002 0)
(-0.168267 -0.593986 0)
(-0.173063 -0.638383 0)
(-0.176596 -0.68119 0)
(-0.180763 -0.727472 0)
(-0.190622 -0.791637 0)
(-0.210458 -0.889425 0)
(-0.230956 -1.00302 0)
(-0.223669 -1.04693 0)
(-0.165036 -0.902017 0)
(-0.0725575 -0.531153 0)
(-0.00274659 -0.100781 0)
(0.00731767 0.187904 0)
(0.024204 0.44948 0)
(0.0295268 0.59894 0)
(0.0294396 0.691779 0)
(0.0278556 0.755132 0)
(0.0260136 0.791506 0)
(0.0237823 0.799826 0)
(0.0210086 0.782907 0)
(0.0176916 0.747236 0)
(0.0139509 0.700743 0)
(0.00998577 0.650414 0)
(0.00601409 0.600754 0)
(0.0022075 0.553558 0)
(-0.00135091 0.508738 0)
(-0.00466646 0.465445 0)
(-0.00779924 0.422896 0)
(-0.0108288 0.380676 0)
(-0.013831 0.338679 0)
(-0.0168675 0.296942 0)
(-0.019988 0.255516 0)
(-0.023235 0.214416 0)
(-0.0266458 0.173616 0)
(-0.0302593 0.133069 0)
(-0.0341306 0.0927291 0)
(-0.038274 0.0525688 0)
(-0.0425474 0.0125408 0)
(-0.0471277 -0.0274667 0)
(-0.0522758 -0.0675459 0)
(-0.0578587 -0.107896 0)
(-0.0637694 -0.148564 0)
(-0.0700172 -0.189593 0)
(-0.0765973 -0.231045 0)
(-0.0834946 -0.272996 0)
(-0.0906885 -0.315545 0)
(-0.098153 -0.358818 0)
(-0.10585 -0.402955 0)
(-0.113715 -0.448078 0)
(-0.12163 -0.494188 0)
(-0.12939 -0.541021 0)
(-0.136658 -0.587863 0)
(-0.142967 -0.633525 0)
(-0.147977 -0.677152 0)
(-0.152523 -0.721388 0)
(-0.160445 -0.778287 0)
(-0.177667 -0.868454 0)
(-0.200998 -0.99078 0)
(-0.205556 -1.07159 0)
(-0.161808 -0.973993 0)
(-0.0774339 -0.616705 0)
(-0.00459925 -0.135247 0)
(0.0072647 0.171339 0)
(0.0299436 0.434133 0)
(0.0426699 0.592922 0)
(0.0485576 0.690067 0)
(0.051718 0.754563 0)
(0.0538181 0.791739 0)
(0.0546359 0.801096 0)
(0.0539432 0.785251 0)
(0.0518569 0.750457 0)
(0.0487496 0.704498 0)
(0.0451103 0.654335 0)
(0.0413888 0.604556 0)
(0.037881 0.557097 0)
(0.0346949 0.511996 0)
(0.0317943 0.468488 0)
(0.0290753 0.425818 0)
(0.0264277 0.383562 0)
(0.0237635 0.341597 0)
(0.0210201 0.299945 0)
(0.0181498 0.258649 0)
(0.0151105 0.217721 0)
(0.0118609 0.177137 0)
(0.00835797 0.136851 0)
(0.00454719 0.0968139 0)
(0.000397806 0.0570017 0)
(-0.00390986 0.0173616 0)
(-0.00847782 -0.0223049 0)
(-0.0136654 -0.0620396 0)
(-0.0194054 -0.102037 0)
(-0.025537 -0.142351 0)
(-0.0320712 -0.183025 0)
(-0.039013 -0.224124 0)
(-0.0463522 -0.265734 0)
(-0.0540684 -0.307966 0)
(-0.062132 -0.350952 0)
(-0.0705045 -0.394851 0)
(-0.0791273 -0.439813 0)
(-0.0879031 -0.485903 0)
(-0.0966678 -0.532953 0)
(-0.105156 -0.580378 0)
(-0.112978 -0.627067 0)
(-0.119714 -0.67178 0)
(-0.125539 -0.715404 0)
(-0.13293 -0.766955 0)
(-0.147845 -0.848294 0)
(-0.171916 -0.972659 0)
(-0.185582 -1.08348 0)
(-0.155744 -1.03384 0)
(-0.0805885 -0.698776 0)
(-0.006503 -0.173191 0)
(0.00685131 0.15262 0)
(0.0343334 0.412089 0)
(0.054515 0.580021 0)
(0.0667058 0.682983 0)
(0.0746886 0.749672 0)
(0.0807391 0.788456 0)
(0.0847042 0.799734 0)
(0.0862602 0.785848 0)
(0.0855885 0.752652 0)
(0.0832715 0.707695 0)
(0.0800626 0.657912 0)
(0.0766432 0.608045 0)
(0.0734524 0.560266 0)
(0.0706477 0.514825 0)
(0.0681799 0.471076 0)
(0.065908 0.428295 0)
(0.0636894 0.386037 0)
(0.0614176 0.344148 0)
(0.0590234 0.302626 0)
(0.0564578 0.261507 0)
(0.0536777 0.220799 0)
(0.0506387 0.180484 0)
(0.0472943 0.140518 0)
(0.0435908 0.100853 0)
(0.0394774 0.0614509 0)
(0.0350756 0.0222452 0)
(0.030426 -0.0170099 0)
(0.0252293 -0.0563579 0)
(0.0193869 -0.0959303 0)
(0.0130524 -0.135805 0)
(0.00623459 -0.176037 0)
(-0.00107884 -0.216707 0)
(-0.0088861 -0.257911 0)
(-0.0171664 -0.299759 0)
(-0.0258839 -0.342391 0)
(-0.0349965 -0.385978 0)
(-0.0444507 -0.430695 0)
(-0.0541634 -0.476653 0)
(-0.0639993 -0.523757 0)
(-0.0737475 -0.571526 0)
(-0.0830979 -0.618949 0)
(-0.0916624 -0.664671 0)
(-0.0993051 -0.70849 0)
(-0.107369 -0.756552 0)
(-0.120871 -0.829363 0)
(-0.144526 -0.950846 0)
(-0.164914 -1.08461 0)
(-0.14769 -1.08176 0)
(-0.0823023 -0.776036 0)
(-0.00827891 -0.213856 0)
(0.00615281 0.132638 0)
(0.0372294 0.383959 0)
(0.0646642 0.560053 0)
(0.083521 0.670265 0)
(0.0965268 0.740393 0)
(0.106586 0.781591 0)
(0.113833 0.79559 0)
(0.117864 0.7845 0)
(0.118857 0.753635 0)
(0.117543 0.710197 0)
(0.114904 0.661072 0)
(0.11185 0.6112 0)
(0.108987 0.563074 0)
(0.106558 0.517231 0)
(0.104527 0.473196 0)
(0.102729 0.430292 0)
(0.100986 0.38805 0)
(0.099167 0.346268 0)
(0.0971861 0.304914 0)
(0.0949881 0.264007 0)
(0.0925269 0.223557 0)
(0.0897559 0.183543 0)
(0.0866271 0.143924 0)
(0.0830902 0.104645 0)
(0.0790943 0.0656472 0)
(0.0746907 0.0268631 0)
(0.0699711 -0.0119015 0)
(0.064714 -0.0507264 0)
(0.0587502 -0.0897451 0)
(0.052193 -0.129058 0)
(0.0450577 -0.168733 0)
(0.0373266 -0.208861 0)
(0.0290067 -0.249542 0)
(0.0201199 -0.290894 0)
(0.010698 -0.333064 0)
(0.000783085 -0.37624 0)
(-0.00957535 -0.420618 0)
(-0.0203044 -0.466337 0)
(-0.0312899 -0.51335 0)
(-0.0423658 -0.561254 0)
(-0.0532931 -0.609127 0)
(-0.0637512 -0.655612 0)
(-0.0735121 -0.699927 0)
(-0.0831508 -0.745962 0)
(-0.0963656 -0.811425 0)
(-0.119225 -0.926845 0)
(-0.144413 -1.07686 0)
(-0.138408 -1.11832 0)
(-0.0829731 -0.847667 0)
(-0.00982871 -0.256522 0)
(0.00526479 0.112274 0)
(0.0385634 0.35062 0)
(0.0727286 0.532991 0)
(0.0985609 0.651571 0)
(0.116923 0.726554 0)
(0.131127 0.771029 0)
(0.141816 0.788462 0)
(0.148592 0.780939 0)
(0.151567 0.753146 0)
(0.151535 0.711811 0)
(0.149658 0.66371 0)
(0.147063 0.613995 0)
(0.144549 0.565537 0)
(0.142484 0.51924 0)
(0.140882 0.474859 0)
(0.139573 0.431799 0)
(0.138349 0.38957 0)
(0.137043 0.347921 0)
(0.135547 0.306775 0)
(0.133788 0.266129 0)
(0.131714 0.225985 0)
(0.129277 0.186324 0)
(0.126427 0.147105 0)
(0.123114 0.108266 0)
(0.119292 0.0697355 0)
(0.114954 0.0314346 0)
(0.110195 -0.00679233 0)
(0.104859 -0.0450409 0)
(0.0987567 -0.0834398 0)
(0.0919654 -0.122107 0)
(0.0845022 -0.161132 0)
(0.0763438 -0.200609 0)
(0.0674893 -0.240648 0)
(0.0579565 -0.281381 0)
(0.0477739 -0.322971 0)
(0.0369819 -0.365617 0)
(0.0256347 -0.409531 0)
(0.0138039 -0.454872 0)
(0.00158187 -0.501633 0)
(-0.0109087 -0.549469 0)
(-0.0234913 -0.597523 0)
(-0.0359176 -0.644466 0)
(-0.0479774 -0.689244 0)
(-0.0598098 -0.73421 0)
(-0.0738513 -0.793849 0)
(-0.0961043 -0.901543 0)
(-0.124662 -1.06184 0)
(-0.128531 -1.14428 0)
(-0.0830447 -0.913251 0)
(-0.0111524 -0.300625 0)
(0.00429271 0.0923408 0)
(0.0383567 0.313209 0)
(0.0783554 0.499054 0)
(0.111303 0.626532 0)
(0.135461 0.707862 0)
(0.154058 0.756598 0)
(0.168381 0.77812 0)
(0.178198 0.774847 0)
(0.183526 0.750851 0)
(0.185134 0.712265 0)
(0.184289 0.665656 0)
(0.182308 0.616357 0)
(0.180198 0.567649 0)
(0.178494 0.520866 0)
(0.177305 0.476069 0)
(0.176487 0.432793 0)
(0.175814 0.390554 0)
(0.175081 0.349048 0)
(0.174141 0.308146 0)
(0.172901 0.267811 0)
(0.171294 0.228031 0)
(0.169264 0.188785 0)
(0.166758 0.150029 0)
(0.163726 0.111698 0)
(0.160121 0.0737122 0)
(0.155901 0.0359815 0)
(0.151144 -0.00162289 0)
(0.145741 -0.0392225 0)
(0.139503 -0.0769247 0)
(0.132475 -0.114858 0)
(0.124673 -0.153133 0)
(0.116069 -0.191859 0)
(0.106655 -0.231155 0)
(0.0964448 -0.271166 0)
(0.085465 -0.312067 0)
(0.0737541 -0.354068 0)
(0.0613622 -0.397389 0)
(0.0483491 -0.442209 0)
(0.034786 -0.488543 0)
(0.0207667 -0.536087 0)
(0.00641861 -0.584036 0)
(-0.00808034 -0.631106 0)
(-0.0225798 -0.676123 0)
(-0.0370152 -0.720512 0)
(-0.0528523 -0.775824 0)
(-0.0750554 -0.875329 0)
(-0.106013 -1.04084 0)
(-0.118547 -1.16043 0)
(-0.0829503 -0.972654 0)
(-0.0123465 -0.34583 0)
(0.00333627 0.0735285 0)
(0.0367299 0.273102 0)
(0.0812696 0.458794 0)
(0.121171 0.594859 0)
(0.151593 0.683911 0)
(0.174967 0.738044 0)
(0.193171 0.76431 0)
(0.206335 0.765871 0)
(0.214429 0.746348 0)
(0.218115 0.7112 0)
(0.218671 0.666653 0)
(0.217552 0.618146 0)
(0.21597 0.569361 0)
(0.214659 0.522112 0)
(0.213875 0.476833 0)
(0.213541 0.43326 0)
(0.213435 0.390956 0)
(0.213319 0.349579 0)
(0.213007 0.308942 0)
(0.212367 0.268963 0)
(0.21131 0.229607 0)
(0.209767 0.19084 0)
(0.207679 0.152616 0)
(0.204991 0.114866 0)
(0.201651 0.0775059 0)
(0.197603 0.0404382 0)
(0.192893 0.00355154 0)
(0.187444 -0.0333034 0)
(0.181089 -0.0702151 0)
(0.173834 -0.107316 0)
(0.165688 -0.144735 0)
(0.156628 -0.182594 0)
(0.146639 -0.221028 0)
(0.135728 -0.260193 0)
(0.123919 -0.30028 0)
(0.111247 -0.341507 0)
(0.0977562 -0.384107 0)
(0.0834934 -0.42826 0)
(0.0685072 -0.473992 0)
(0.052853 -0.521017 0)
(0.036603 -0.568573 0)
(0.0198797 -0.615411 0)
(0.00278645 -0.660336 0)
(-0.0145367 -0.704275 0)
(-0.032941 -0.756507 0)
(-0.0558518 -0.848214 0)
(-0.0886334 -1.01483 0)
(-0.108793 -1.16749 0)
(-0.0830686 -1.02591 0)
(-0.0135921 -0.392062 0)
(0.00247262 0.0563676 0)
(0.0339042 0.231851 0)
(0.0813234 0.413158 0)
(0.127587 0.556463 0)
(0.164636 0.654223 0)
(0.193296 0.715002 0)
(0.215716 0.746744 0)
(0.232547 0.753643 0)
(0.243839 0.739185 0)
(0.25011 0.708161 0)
(0.252548 0.666335 0)
(0.252665 0.619126 0)
(0.251844 0.570561 0)
(0.251036 0.522947 0)
(0.250684 0.477158 0)
(0.250831 0.433202 0)
(0.251294 0.390752 0)
(0.251823 0.34946 0)
(0.252193 0.309086 0)
(0.252228 0.269497 0)
(0.251807 0.23062 0)
(0.250837 0.192403 0)
(0.249246 0.154787 0)
(0.246971 0.117702 0)
(0.243955 0.0810577 0)
(0.240137 0.0447529 0)
(0.235525 0.00867974 0)
(0.230065 -0.0273176 0)
(0.223618 -0.0633285 0)
(0.216151 -0.0994871 0)
(0.20767 -0.135935 0)
(0.198154 -0.172808 0)
(0.187583 -0.210253 0)
(0.17596 -0.248443 0)
(0.163304 -0.28758 0)
(0.149642 -0.327894 0)
(0.135008 -0.369618 0)
(0.119431 -0.412931 0)
(0.102932 -0.457858 0)
(0.0855254 -0.504121 0)
(0.067232 -0.550986 0)
(0.0481166 -0.597241 0)
(0.0282456 -0.641687 0)
(0.00779779 -0.685058 0)
(-0.0137495 -0.735117 0)
(-0.0382033 -0.819956 0)
(-0.0725528 -0.984508 0)
(-0.0994543 -1.166 0)
(-0.0836901 -1.07312 0)
(-0.0151361 -0.439515 0)
(0.00174479 0.0412071 0)
(0.0301867 0.191084 0)
(0.0785485 0.363524 0)
(0.13006 0.511606 0)
(0.173813 0.618359 0)
(0.208311 0.686994 0)
(0.235402 0.725065 0)
(0.256257 0.737785 0)
(0.27118 0.728874 0)
(0.280587 0.70261 0)
(0.285497 0.664209 0)
(0.287373 0.618924 0)
(0.287701 0.571021 0)
(0.28763 0.523268 0)
(0.287819 0.477015 0)
(0.288478 0.432621 0)
(0.289514 0.389936 0)
(0.2907 0.348659 0)
(0.291784 0.308521 0)
(0.292553 0.269337 0)
(0.292842 0.230987 0)
(0.292527 0.193389 0)
(0.291516 0.156466 0)
(0.289731 0.120137 0)
(0.287107 0.084309 0)
(0.283577 0.0488742 0)
(0.279122 0.0137216 0)
(0.273699 -0.0213003 0)
(0.267192 -0.0562918 0)
(0.259542 -0.0913898 0)
(0.250746 -0.126744 0)
(0.240789 -0.162503 0)
(0.229647 -0.198829 0)
(0.217316 -0.235907 0)
(0.203807 -0.273952 0)
(0.189139 -0.313197 0)
(0.173327 -0.353873 0)
(0.156376 -0.396148 0)
(0.138272 -0.440035 0)
(0.118986 -0.485253 0)
(0.0984844 -0.531091 0)
(0.0767796 -0.576391 0)
(0.0539131 -0.619995 0)
(0.0301208 -0.662493 0)
(0.00503532 -0.710973 0)
(-0.0217803 -0.790175 0)
(-0.0576981 -0.950342 0)
(-0.0905639 -1.15638 0)
(-0.0849884 -1.11435 0)
(-0.0172647 -0.488626 0)
(0.00116126 0.0282194 0)
(0.0259388 0.152354 0)
(0.0731966 0.311659 0)
(0.128293 0.461044 0)
(0.17834 0.576078 0)
(0.219116 0.653476 0)
(0.251432 0.698826 0)
(0.27674 0.717895 0)
(0.29573 0.714918 0)
(0.308839 0.69394 0)
(0.316893 0.659651 0)
(0.321202 0.617002 0)
(0.323251 0.570349 0)
(0.324332 0.522839 0)
(0.325314 0.476296 0)
(0.326606 0.431483 0)
(0.32826 0.388503 0)
(0.330116 0.347166 0)
(0.331932 0.307215 0)
(0.333467 0.268426 0)
(0.334519 0.230635 0)
(0.334927 0.193718 0)
(0.334571 0.157571 0)
(0.333351 0.122097 0)
(0.33119 0.0871912 0)
(0.328012 0.0527401 0)
(0.323778 0.0186274 0)
(0.318451 -0.0152973 0)
(0.311929 -0.0491448 0)
(0.304137 -0.0830564 0)
(0.295065 -0.117189 0)
(0.284698 -0.151703 0)
(0.273012 -0.186772 0)
(0.259994 -0.222595 0)
(0.245645 -0.259391 0)
(0.229964 -0.297395 0)
(0.212945 -0.336826 0)
(0.194558 -0.377833 0)
(0.174749 -0.420408 0)
(0.153438 -0.464259 0)
(0.130542 -0.508697 0)
(0.106024 -0.552632 0)
(0.0799132 -0.59501 0)
(0.0525189 -0.636408 0)
(0.0236514 -0.683412 0)
(-0.00622497 -0.758419 0)
(-0.0439106 -0.912679 0)
(-0.0819999 -1.13883 0)
(-0.0869927 -1.14953 0)
(-0.0202635 -0.540049 0)
(0.000707838 0.0174238 0)
(0.0215301 0.116978 0)
(0.0657531 0.259613 0)
(0.12229 0.406113 0)
(0.177572 0.527549 0)
(0.224713 0.613971 0)
(0.262803 0.667489 0)
(0.293084 0.693515 0)
(0.31661 0.696816 0)
(0.333981 0.681517 0)
(0.345892 0.651933 0)
(0.353431 0.612647 0)
(0.357968 0.567948 0)
(0.360837 0.521233 0)
(0.363068 0.474743 0)
(0.365279 0.42966 0)
(0.3677 0.386405 0)
(0.37029 0.344966 0)
(0.372863 0.305152 0)
(0.375184 0.266736 0)
(0.377027 0.229515 0)
(0.378203 0.193327 0)
(0.378557 0.158032 0)
(0.377966 0.123508 0)
(0.376333 0.0896325 0)
(0.373575 0.0562829 0)
(0.369629 0.0233335 0)
(0.364462 -0.00936718 0)
(0.357984 -0.0419415 0)
(0.350106 -0.0745361 0)
(0.340812 -0.107314 0)
(0.330087 -0.140446 0)
(0.317901 -0.174116 0)
(0.304231 -0.208529 0)
(0.28906 -0.243905 0)
(0.272365 -0.280472 0)
(0.254104 -0.318429 0)
(0.234208 -0.357899 0)
(0.212574 -0.398844 0)
(0.189072 -0.44096 0)
(0.163567 -0.483583 0)
(0.135988 -0.525715 0)
(0.106366 -0.566462 0)
(0.0751001 -0.606521 0)
(0.0422362 -0.65214 0)
(0.00882386 -0.724115 0)
(-0.0309522 -0.871815 0)
(-0.0734769 -1.11347 0)
(-0.0895614 -1.17839 0)
(-0.0243601 -0.59458 0)
(0.000365673 0.00871628 0)
(0.017293 0.0858922 0)
(0.0569044 0.209524 0)
(0.112431 0.34874 0)
(0.17116 0.473558 0)
(0.224147 0.568283 0)
(0.268344 0.630507 0)
(0.304156 0.664115 0)
(0.332745 0.674043 0)
(0.354948 0.6647 0)
(0.371432 0.640267 0)
(0.383071 0.605001 0)
(0.391023 0.56301 0)
(0.396544 0.517785 0)
(0.400739 0.471877 0)
(0.404387 0.426856 0)
(0.407909 0.383484 0)
(0.411424 0.34199 0)
(0.41485 0.302307 0)
(0.418002 0.264248 0)
(0.420664 0.227604 0)
(0.422633 0.192179 0)
(0.423731 0.157799 0)
(0.423813 0.12431 0)
(0.422762 0.0915694 0)
(0.420481 0.0594364 0)
(0.416888 0.0277729 0)
(0.411948 -0.00357462 0)
(0.405578 -0.0347467 0)
(0.39768 -0.0658921 0)
(0.38823 -0.097179 0)
(0.377207 -0.128787 0)
(0.364573 -0.160906 0)
(0.35029 -0.19374 0)
(0.334314 -0.227504 0)
(0.31659 -0.262406 0)
(0.297036 -0.298621 0)
(0.275533 -0.336237 0)
(0.251927 -0.375185 0)
(0.226034 -0.41515 0)
(0.197677 -0.455503 0)
(0.166766 -0.495371 0)
(0.133361 -0.534085 0)
(0.0979804 -0.572579 0)
(0.0609129 -0.616966 0)
(0.0237125 -0.686732 0)
(-0.0185149 -0.82806 0)
(-0.0645491 -1.08034 0)
(-0.092357 -1.20037 0)
(-0.0296447 -0.653017 0)
(0.000126867 0.00189086 0)
(0.0134952 0.0595682 0)
(0.0474527 0.16338 0)
(0.0994812 0.29133 0)
(0.159193 0.415645 0)
(0.216693 0.516765 0)
(0.266831 0.587508 0)
(0.308611 0.629129 0)
(0.342839 0.646029 0)
(0.370475 0.642846 0)
(0.392245 0.623851 0)
(0.408869 0.59312 0)
(0.421259 0.554546 0)
(0.430488 0.511581 0)
(0.437615 0.466949 0)
(0.443501 0.42252 0)
(0.448724 0.379383 0)
(0.45357 0.33803 0)
(0.458101 0.298573 0)
(0.462227 0.260917 0)
(0.465785 0.224878 0)
(0.468591 0.190253 0)
(0.470466 0.156844 0)
(0.471254 0.124468 0)
(0.470822 0.092955 0)
(0.469061 0.0621457 0)
(0.465878 0.0318845 0)
(0.461222 0.00201442 0)
(0.455019 -0.0276284 0)
(0.447167 -0.0571923 0)
(0.437623 -0.0868493 0)
(0.426355 -0.116784 0)
(0.413314 -0.147185 0)
(0.398437 -0.17825 0)
(0.381648 -0.210177 0)
(0.362852 -0.243151 0)
(0.341916 -0.277311 0)
(0.318671 -0.312707 0)
(0.292905 -0.349239 0)
(0.264389 -0.386588 0)
(0.232914 -0.424188 0)
(0.198395 -0.461327 0)
(0.160958 -0.497632 0)
(0.121269 -0.534378 0)
(0.0798549 -0.577715 0)
(0.0388103 -0.645972 0)
(-0.00622509 -0.781764 0)
(-0.0546132 -1.03953 0)
(-0.0948112 -1.2145 0)
(-0.0359601 -0.71593 0)
(2.85691e-06 -0.00335156 0)
(0.0103376 0.0380336 0)
(0.0381823 0.122782 0)
(0.0844808 0.236537 0)
(0.142253 0.356119 0)
(0.202049 0.460553 0)
(0.257188 0.538558 0)
(0.304992 0.588086 0)
(0.345369 0.612158 0)
(0.379079 0.615285 0)
(0.40686 0.60189 0)
(0.429341 0.576036 0)
(0.447213 0.541462 0)
(0.461308 0.50151 0)
(0.472531 0.458941 0)
(0.481722 0.41581 0)
(0.489539 0.373463 0)
(0.496409 0.332646 0)
(0.502541 0.293673 0)
(0.507976 0.256578 0)
(0.512644 0.221249 0)
(0.516418 0.187502 0)
(0.51915 0.155137 0)
(0.520697 0.123952 0)
(0.520926 0.0937578 0)
(0.519725 0.0643726 0)
(0.516993 0.0356241 0)
(0.512664 0.0073459 0)
(0.506667 -0.0206414 0)
(0.4989 -0.0484895 0)
(0.489297 -0.0763712 0)
(0.477807 -0.10447 0)
(0.46436 -0.132967 0)
(0.448864 -0.162045 0)
(0.431205 -0.191879 0)
(0.411239 -0.222617 0)
(0.388783 -0.254362 0)
(0.363611 -0.287124 0)
(0.335462 -0.320776 0)
(0.304068 -0.355015 0)
(0.269209 -0.389364 0)
(0.230839 -0.423331 0)
(0.189187 -0.456911 0)
(0.145097 -0.491812 0)
(0.099335 -0.534348 0)
(0.0545543 -0.601845 0)
(0.00640836 -0.733266 0)
(-0.0429067 -0.991413 0)
(-0.0960788 -1.21949 0)
(-0.0427736 -0.783545 0)
(1.65698e-05 -0.00740142 0)
(0.00791809 0.0209661 0)
(0.0296555 0.0887952 0)
(0.068487 0.186965 0)
(0.121278 0.297892 0)
(0.18042 0.401683 0)
(0.238707 0.484443 0)
(0.291927 0.540854 0)
(0.338682 0.571873 0)
(0.379069 0.581315 0)
(0.413606 0.573585 0)
(0.442804 0.552803 0)
(0.467165 0.522651 0)
(0.487285 0.486358 0)
(0.503854 0.446637 0)
(0.517592 0.405611 0)
(0.529146 0.364782 0)
(0.539018 0.3251 0)
(0.547539 0.287064 0)
(0.55488 0.250859 0)
(0.56109 0.216472 0)
(0.566131 0.183774 0)
(0.569924 0.152585 0)
(0.572363 0.122706 0)
(0.573342 0.0939375 0)
(0.572759 0.0660851 0)
(0.570519 0.038963 0)
(0.566545 0.0123943 0)
(0.560767 -0.0138071 0)
(0.553084 -0.0397977 0)
(0.543406 -0.0657467 0)
(0.531657 -0.0918284 0)
(0.517743 -0.118211 0)
(0.501537 -0.145054 0)
(0.482883 -0.172498 0)
(0.461588 -0.200657 0)
(0.437418 -0.229588 0)
(0.410097 -0.259264 0)
(0.379324 -0.289547 0)
(0.344811 -0.320171 0)
(0.306362 -0.350797 0)
(0.264002 -0.381212 0)
(0.218103 -0.411846 0)
(0.1697 -0.444914 0)
(0.119793 -0.486975 0)
(0.0715192 -0.554483 0)
(0.020103 -0.683064 0)
(-0.028586 -0.936882 0)
(-0.0950417 -1.21379 0)
(-0.0490811 -0.855798 0)
(0.000155737 -0.0106794 0)
(0.00603119 0.00788097 0)
(0.0218347 0.0619731 0)
(0.0520652 0.144861 0)
(0.097158 0.244133 0)
(0.152375 0.342963 0)
(0.211175 0.426824 0)
(0.268392 0.487906 0)
(0.321215 0.524871 0)
(0.36866 0.540278 0)
(0.410649 0.538132 0)
(0.447399 0.522505 0)
(0.479203 0.497055 0)
(0.50643 0.46493 0)
(0.529549 0.428761 0)
(0.549106 0.39065 0)
(0.565659 0.352163 0)
(0.579708 0.314367 0)
(0.591649 0.27791 0)
(0.601757 0.243113 0)
(0.610193 0.210069 0)
(0.617028 0.178728 0)
(0.622266 0.148955 0)
(0.625874 0.120575 0)
(0.627792 0.0933959 0)
(0.62795 0.0672243 0)
(0.626272 0.0418707 0)
(0.622686 0.0171542 0)
(0.617121 -0.00711004 0)
(0.609484 -0.0310814 0)
(0.599662 -0.0549171 0)
(0.587556 -0.0787752 0)
(0.573046 -0.102803 0)
(0.555971 -0.12713 0)
(0.536136 -0.151861 0)
(0.513303 -0.177067 0)
(0.487198 -0.202762 0)
(0.457508 -0.228894 0)
(0.423916 -0.255329 0)
(0.38615 -0.281878 0)
(0.344072 -0.308388 0)
(0.29782 -0.334981 0)
(0.247922 -0.362574 0)
(0.195585 -0.393927 0)
(0.141986 -0.435877 0)
(0.0905772 -0.504139 0)
(0.0359567 -0.631442 0)
(-0.0109255 -0.877473 0)
(-0.0904301 -1.19569 0)
(-0.053396 -0.931925 0)
(0.00027997 -0.0133934 0)
(0.00371056 -0.00146397 0)
(0.0134072 0.0426022 0)
(0.0344496 0.111864 0)
(0.0699554 0.197734 0)
(0.118355 0.287544 0)
(0.174765 0.368109 0)
(0.233895 0.430476 0)
(0.291807 0.471354 0)
(0.346234 0.491741 0)
(0.396145 0.4948 0)
(0.441178 0.484277 0)
(0.481282 0.463704 0)
(0.516575 0.436137 0)
(0.547306 0.404112 0)
(0.573836 0.369662 0)
(0.596594 0.334341 0)
(0.61602 0.299261 0)
(0.632514 0.265152 0)
(0.646408 0.232438 0)
(0.657949 0.201309 0)
(0.667302 0.171794 0)
(0.674565 0.14382 0)
(0.679785 0.117251 0)
(0.682967 0.0919234 0)
(0.68409 0.067659 0)
(0.683116 0.0442792 0)
(0.679988 0.0216107 0)
(0.674647 -0.000518841 0)
(0.667007 -0.0222683 0)
(0.656951 -0.0437736 0)
(0.644358 -0.0651681 0)
(0.629087 -0.0865711 0)
(0.610955 -0.108078 0)
(0.589738 -0.129754 0)
(0.565173 -0.151628 0)
(0.536962 -0.173682 0)
(0.504794 -0.195851 0)
(0.468375 -0.218039 0)
(0.427494 -0.240173 0)
(0.382116 -0.26233 0)
(0.332512 -0.285007 0)
(0.279341 -0.309615 0)
(0.223898 -0.339435 0)
(0.167389 -0.381562 0)
(0.113335 -0.451058 0)
(0.0557102 -0.577955 0)
(0.0107326 -0.81513 0)
(-0.0808121 -1.16265 0)
(-0.0537241 -1.00873 0)
(-4.00278e-05 -0.0148566 0)
(-0.00139782 -0.00618014 0)
(0.00104474 0.0313018 0)
(0.0126219 0.088962 0)
(0.0379238 0.16069 0)
(0.077874 0.238143 0)
(0.129593 0.310919 0)
(0.188453 0.370408 0)
(0.249956 0.412171 0)
(0.31071 0.435732 0)
(0.368563 0.443118 0)
(0.422311 0.437402 0)
(0.471359 0.421764 0)
(0.515472 0.399058 0)
(0.554656 0.371677 0)
(0.589084 0.34155 0)
(0.619043 0.310166 0)
(0.644885 0.278625 0)
(0.666974 0.247685 0)
(0.685653 0.217826 0)
(0.701216 0.189308 0)
(0.713898 0.162228 0)
(0.723875 0.136574 0)
(0.731271 0.112263 0)
(0.73616 0.089168 0)
(0.738581 0.067143 0)
(0.738541 0.0460335 0)
(0.736016 0.0256868 0)
(0.73097 0.00595504 0)
(0.723326 -0.0133077 0)
(0.712982 -0.0322142 0)
(0.699811 -0.0508669 0)
(0.683665 -0.0693505 0)
(0.664357 -0.0877234 0)
(0.641662 -0.106014 0)
(0.615324 -0.124218 0)
(0.585072 -0.142302 0)
(0.550646 -0.160218 0)
(0.511833 -0.177938 0)
(0.468535 -0.195542 0)
(0.420845 -0.213361 0)
(0.369143 -0.232255 0)
(0.314139 -0.254083 0)
(0.257069 -0.282562 0)
(0.198935 -0.324961 0)
(0.143053 -0.395686 0)
(0.0826284 -0.522238 0)
(0.0380031 -0.75131 0)
(-0.0637397 -1.11113 0)
(-0.047341 -1.07929 0)
(-0.00177862 -0.0122191 0)
(-0.0131603 -0.00307781 0)
(-0.0205121 0.0295321 0)
(-0.0187373 0.0765202 0)
(-0.00296138 0.133639 0)
(0.0288436 0.196228 0)
(0.0751588 0.257239 0)
(0.132316 0.309602 0)
(0.19591 0.348655 0)
(0.261882 0.37287 0)
(0.327109 0.383109 0)
(0.389471 0.381522 0)
(0.44767 0.370671 0)
(0.500994 0.353017 0)
(0.549133 0.3307 0)
(0.592046 0.305481 0)
(0.629871 0.27874 0)
(0.662857 0.251517 0)
(0.691314 0.224557 0)
(0.715566 0.198353 0)
(0.735922 0.173204 0)
(0.752659 0.149259 0)
(0.766008 0.126558 0)
(0.776153 0.105065 0)
(0.783234 0.0847 0)
(0.787347 0.0653553 0)
(0.78855 0.0469113 0)
(0.786866 0.0292467 0)
(0.782286 0.0122465 0)
(0.774768 -0.00420425 0)
(0.76423 -0.0201969 0)
(0.750565 -0.0358053 0)
(0.733648 -0.0510808 0)
(0.713326 -0.0660465 0)
(0.689417 -0.0807021 0)
(0.661735 -0.0950305 0)
(0.630097 -0.109009 0)
(0.59436 -0.122634 0)
(0.554445 -0.135976 0)
(0.510389 -0.149268 0)
(0.462384 -0.163071 0)
(0.410833 -0.178538 0)
(0.356339 -0.197862 0)
(0.299876 -0.225075 0)
(0.241995 -0.267529 0)
(0.185595 -0.338973 0)
(0.122636 -0.464523 0)
(0.0760024 -0.687059 0)
(-0.0344642 -1.03967 0)
(-0.0308648 -1.13657 0)
(-0.00667911 0.000513138 0)
(-0.0363394 0.0132925 0)
(-0.0570941 0.0395224 0)
(-0.0654789 0.0742071 0)
(-0.0576529 0.115524 0)
(-0.0321068 0.161289 0)
(0.010095 0.207582 0)
(0.0656586 0.249285 0)
(0.130515 0.282217 0)
(0.20055 0.304288 0)
(0.272098 0.31546 0)
(0.34231 0.316921 0)
(0.409198 0.310419 0)
(0.471513 0.29782 0)
(0.528567 0.280865 0)
(0.580059 0.261044 0)
(0.625951 0.239566 0)
(0.666377 0.217367 0)
(0.701573 0.195134 0)
(0.73183 0.173348 0)
(0.757452 0.152319 0)
(0.778735 0.132224 0)
(0.795948 0.113142 0)
(0.809321 0.0950813 0)
(0.819049 0.0780039 0)
(0.825284 0.0618432 0)
(0.828141 0.0465184 0)
(0.827697 0.0319441 0)
(0.823997 0.0180398 0)
(0.817055 0.00473203 0)
(0.806846 -0.00803935 0)
(0.793288 -0.0203195 0)
(0.776334 -0.0321524 0)
(0.755924 -0.0435544 0)
(0.731987 -0.054519 0)
(0.704456 -0.065034 0)
(0.673295 -0.0751054 0)
(0.638507 -0.0847876 0)
(0.600151 -0.0942364 0)
(0.558353 -0.103801 0)
(0.513308 -0.114177 0)
(0.46528 -0.126669 0)
(0.414544 -0.143619 0)
(0.361535 -0.169193 0)
(0.306063 -0.210758 0)
(0.250327 -0.281571 0)
(0.184685 -0.404757 0)
(0.135499 -0.619132 0)
(0.0115632 -0.956675 0)
(-0.00181133 -1.17903 0)
(-0.0171224 0.0329524 0)
(-0.0748012 0.0490724 0)
(-0.111656 0.0626471 0)
(-0.129688 0.0804529 0)
(-0.127663 0.103451 0)
(-0.105842 0.130861 0)
(-0.0657688 0.160504 0)
(-0.010675 0.189186 0)
(0.0554301 0.213585 0)
(0.128572 0.231199 0)
(0.20513 0.24134 0)
(0.28183 0.244499 0)
(0.356172 0.241609 0)
(0.426455 0.233823 0)
(0.491627 0.222346 0)
(0.551114 0.208291 0)
(0.60468 0.192612 0)
(0.652325 0.176074 0)
(0.6942 0.159267 0)
(0.730548 0.142621 0)
(0.761659 0.126429 0)
(0.787837 0.110877 0)
(0.809378 0.0960668 0)
(0.826559 0.0820394 0)
(0.839624 0.0687925 0)
(0.848789 0.056297 0)
(0.854232 0.0445079 0)
(0.856104 0.033374 0)
(0.854525 0.0228446 0)
(0.849591 0.0128761 0)
(0.841371 0.00343344 0)
(0.829982 -0.00550379 0)
(0.815326 -0.013946 0)
(0.797469 -0.0219318 0)
(0.776491 -0.029491 0)
(0.752471 -0.0366397 0)
(0.725494 -0.0434103 0)
(0.695665 -0.0498892 0)
(0.663101 -0.0562657 0)
(0.627912 -0.0629125 0)
(0.590163 -0.0705226 0)
(0.549824 -0.0803482 0)
(0.506631 -0.0946136 0)
(0.460172 -0.11728 0)
(0.409 -0.1554 0)
(0.353788 -0.221665 0)
(0.283184 -0.337854 0)
(0.228209 -0.539195 0)
(0.0731098 -0.870484 0)
(0.0414352 -1.19747 0)
(-0.0353415 0.0984055 0)
(-0.12519 0.109841 0)
(-0.171092 0.0979028 0)
(-0.192322 0.092314 0)
(-0.192218 0.0943267 0)
(-0.17211 0.102258 0)
(-0.133648 0.114671 0)
(-0.0797373 0.129303 0)
(-0.0140923 0.143489 0)
(0.0597291 0.15503 0)
(0.138539 0.16277 0)
(0.219102 0.166444 0)
(0.298514 0.166242 0)
(0.374732 0.162659 0)
(0.446417 0.156349 0)
(0.512743 0.147998 0)
(0.573269 0.138247 0)
(0.627843 0.127645 0)
(0.67651 0.116636 0)
(0.719448 0.10556 0)
(0.756914 0.0946641 0)
(0.789205 0.0841157 0)
(0.816632 0.0740188 0)
(0.839499 0.064429 0)
(0.858096 0.0553673 0)
(0.872687 0.0468307 0)
(0.883512 0.0388015 0)
(0.890784 0.0312545 0)
(0.894692 0.0241612 0)
(0.895403 0.0174954 0)
(0.893077 0.0112307 0)
(0.887823 0.00536003 0)
(0.879904 -0.000122363 0)
(0.869386 -0.0052318 0)
(0.856304 -0.00999846 0)
(0.840786 -0.0144638 0)
(0.822957 -0.0186818 0)
(0.802927 -0.0227408 0)
(0.780776 -0.0268051 0)
(0.756518 -0.0311792 0)
(0.730031 -0.0364171 0)
(0.700962 -0.0435135 0)
(0.668493 -0.0542427 0)
(0.631235 -0.0718014 0)
(0.585988 -0.101981 0)
(0.530372 -0.155479 0)
(0.449706 -0.251633 0)
(0.372998 -0.42376 0)
(0.152641 -0.740844 0)
(0.1181 -1.13972 0)
(-0.0728667 0.213872 0)
(-0.144657 0.159816 0)
(-0.141814 0.103309 0)
(-0.130682 0.0842174 0)
(-0.112614 0.0722512 0)
(-0.085302 0.0637042 0)
(-0.0474554 0.0605223 0)
(0.000891489 0.0620065 0)
(0.0588771 0.0662159 0)
(0.125173 0.0716784 0)
(0.197645 0.0770784 0)
(0.273616 0.0812861 0)
(0.35054 0.0837728 0)
(0.426358 0.0844194 0)
(0.499524 0.0833459 0)
(0.568936 0.0808059 0)
(0.633866 0.0771107 0)
(0.693894 0.072575 0)
(0.748831 0.0674836 0)
(0.798663 0.0620759 0)
(0.84349 0.0565415 0)
(0.883492 0.0510229 0)
(0.918891 0.0456215 0)
(0.949932 0.040405 0)
(0.976863 0.0354152 0)
(0.999929 0.0306748 0)
(1.01936 0.0261931 0)
(1.03537 0.0219704 0)
(1.04817 0.018002 0)
(1.05793 0.0142802 0)
(1.06483 0.0107973 0)
(1.06902 0.00754112 0)
(1.07065 0.00450441 0)
(1.06989 0.00169509 0)
(1.06693 -0.000892286 0)
(1.06188 -0.00328182 0)
(1.05484 -0.00551063 0)
(1.04587 -0.00763712 0)
(1.03501 -0.00976531 0)
(1.02221 -0.0120843 0)
(1.00722 -0.014933 0)
(0.989516 -0.0189137 0)
(0.967945 -0.0250897 0)
(0.940457 -0.035347 0)
(0.9025 -0.0530686 0)
(0.848348 -0.0844435 0)
(0.757964 -0.141979 0)
(0.641503 -0.252052 0)
(0.33598 -0.495522 0)
(0.327932 -0.862143 0)
(0.238783 0.159772 0)
(0.357183 0.172611 0)
(0.470705 0.12763 0)
(0.571647 0.0910147 0)
(0.647998 0.0667755 0)
(0.706932 0.0498578 0)
(0.756333 0.0374312 0)
(0.801018 0.0282416 0)
(0.844094 0.0216304 0)
(0.887684 0.0171776 0)
(0.932924 0.0144508 0)
(0.980054 0.0129736 0)
(1.02869 0.0122999 0)
(1.07807 0.0120594 0)
(1.12732 0.0119749 0)
(1.17556 0.0118641 0)
(1.22204 0.0116273 0)
(1.26614 0.0112257 0)
(1.30742 0.0106606 0)
(1.3456 0.00995554 0)
(1.38051 0.00914399 0)
(1.4121 0.00826092 0)
(1.4404 0.00733836 0)
(1.46549 0.00640333 0)
(1.48748 0.00547726 0)
(1.50654 0.00457639 0)
(1.5228 0.0037125 0)
(1.53643 0.0028937 0)
(1.5476 0.0021253 0)
(1.55646 0.00141067 0)
(1.56317 0.000751764 0)
(1.56787 0.000149103 0)
(1.57072 -0.000397553 0)
(1.57185 -0.000888745 0)
(1.5714 -0.00132395 0)
(1.5695 -0.00170634 0)
(1.56629 -0.00204404 0)
(1.56184 -0.00235212 0)
(1.5562 -0.00265844 0)
(1.5493 -0.00301335 0)
(1.54092 -0.00350575 0)
(1.53053 -0.00428924 0)
(1.51705 -0.00563253 0)
(1.49861 -0.00798299 0)
(1.47127 -0.0121687 0)
(1.42962 -0.0194049 0)
(1.35663 -0.0331315 0)
(1.24348 -0.0573391 0)
(0.972336 -0.130185 0)
(0.997204 -0.299608 0)
)
;

boundaryField
{
    movingWall
    {
        type            fixedValue;
        value           uniform (2 0 0);
    }
    fixedWalls
    {
        type            fixedValue;
        value           uniform (0 0 0);
    }
    frontAndBack
    {
        type            empty;
    }
}


// ************************************************************************* //
