/*--------------------------------*- C++ -*----------------------------------*\
  =========                 |
  \\      /  F ield         | OpenFOAM: The Open Source CFD Toolbox
   \\    /   O peration     | Website:  https://openfoam.org
    \\  /    A nd           | Version:  7
     \\/     M anipulation  |
\*---------------------------------------------------------------------------*/
FoamFile
{
    version     2.0;
    format      ascii;
    class       volVectorField;
    location    "650";
    object      U;
}
// * * * * * * * * * * * * * * * * * * * * * * * * * * * * * * * * * * * * * //

dimensions      [0 1 -1 0 0 0 0];

internalField   nonuniform List<vector> 
2500
(
(0.000205021 -0.000203968 0)
(0.00186254 -0.000572745 0)
(0.00447334 -0.000698301 0)
(0.00716345 -0.000600314 0)
(0.0092298 -0.000419083 0)
(0.010451 -0.00026441 0)
(0.0109306 -0.000188102 0)
(0.0108812 -0.000186003 0)
(0.0104502 -0.000219994 0)
(0.00963292 -0.000245528 0)
(0.00828001 -0.000228715 0)
(0.006159 -0.000150706 0)
(0.00301248 -2.45152e-06 0)
(-0.00140343 0.00022143 0)
(-0.00729346 0.000524086 0)
(-0.0147903 0.000909081 0)
(-0.0239164 0.00137645 0)
(-0.0345418 0.00191459 0)
(-0.0463488 0.00249029 0)
(-0.0588112 0.00304124 0)
(-0.0712005 0.00347762 0)
(-0.0826229 0.00369477 0)
(-0.0920891 0.00359417 0)
(-0.0986161 0.00311053 0)
(-0.101338 0.002238 0)
(-0.0995805 0.00103454 0)
(-0.0930741 -0.000369131 0)
(-0.0818917 -0.00180733 0)
(-0.0665001 -0.00310644 0)
(-0.0477552 -0.00409947 0)
(-0.0268754 -0.00464145 0)
(-0.00534331 -0.00460986 0)
(0.0153148 -0.00394177 0)
(0.0336287 -0.00279127 0)
(0.0482906 -0.00137853 0)
(0.0583431 0.000118602 0)
(0.0634044 0.0014906 0)
(0.0636858 0.0025293 0)
(0.0599919 0.00310861 0)
(0.0534878 0.00322312 0)
(0.0454054 0.00298586 0)
(0.0368489 0.00254971 0)
(0.0286557 0.00204916 0)
(0.0213468 0.00157491 0)
(0.0151522 0.00117478 0)
(0.0100837 0.000863893 0)
(0.00603178 0.000631634 0)
(0.00290287 0.000436353 0)
(0.000796162 0.000193064 0)
(-8.187e-05 -8.7262e-05 0)
(0.000565093 -0.00182339 0)
(0.00437238 -0.00432087 0)
(0.00958083 -0.0051192 0)
(0.0146032 -0.00444156 0)
(0.0181603 -0.00299834 0)
(0.019766 -0.00145732 0)
(0.0194589 -0.000191711 0)
(0.0174501 0.000766721 0)
(0.0138245 0.00162696 0)
(0.00839289 0.00266783 0)
(0.000717952 0.00410659 0)
(-0.00975685 0.00604916 0)
(-0.0235608 0.0084997 0)
(-0.0410564 0.0113911 0)
(-0.0623238 0.014585 0)
(-0.0870552 0.0178555 0)
(-0.114492 0.0208821 0)
(-0.14344 0.0232723 0)
(-0.172375 0.0246173 0)
(-0.199617 0.0245598 0)
(-0.223509 0.0228528 0)
(-0.242571 0.0193965 0)
(-0.255603 0.0142553 0)
(-0.261749 0.00766134 0)
(-0.260533 4.47254e-06 0)
(-0.25189 -0.0081994 0)
(-0.236012 -0.0163796 0)
(-0.213348 -0.0239825 0)
(-0.184663 -0.0304451 0)
(-0.151045 -0.0352334 0)
(-0.113903 -0.0378846 0)
(-0.074936 -0.0380551 0)
(-0.0360521 -0.0355993 0)
(0.000813211 -0.0306993 0)
(0.0338145 -0.0238532 0)
(0.0612741 -0.0157867 0)
(0.0818739 -0.00732111 0)
(0.0948909 0.000661013 0)
(0.10019 0.00731605 0)
(0.0983818 0.012061 0)
(0.090921 0.0146973 0)
(0.0795932 0.015426 0)
(0.0662245 0.0147111 0)
(0.0524136 0.0131064 0)
(0.0393394 0.0111177 0)
(0.0276974 0.00911169 0)
(0.0177767 0.00725047 0)
(0.00968464 0.00543634 0)
(0.00372748 0.00334471 0)
(0.000329526 0.00091929 0)
(0.000785649 -0.00449863 0)
(0.00568755 -0.00969904 0)
(0.0117165 -0.0109194 0)
(0.016904 -0.00900586 0)
(0.0197593 -0.00542241 0)
(0.0197053 -0.00146696 0)
(0.0166596 0.00215653 0)
(0.0106197 0.00542853 0)
(0.00135975 0.00878853 0)
(-0.0116526 0.012803 0)
(-0.0291305 0.0178579 0)
(-0.0517019 0.0240302 0)
(-0.0796717 0.0311081 0)
(-0.11281 0.0386275 0)
(-0.15024 0.0459077 0)
(-0.190487 0.0521297 0)
(-0.231661 0.0564696 0)
(-0.271724 0.0582414 0)
(-0.308754 0.0569989 0)
(-0.341125 0.0525765 0)
(-0.367599 0.0450737 0)
(-0.387333 0.0348061 0)
(-0.399814 0.0222463 0)
(-0.404784 0.00797466 0)
(-0.402166 -0.00735894 0)
(-0.391938 -0.0230723 0)
(-0.374137 -0.0384549 0)
(-0.349031 -0.0527187 0)
(-0.317106 -0.0650286 0)
(-0.279127 -0.074545 0)
(-0.236186 -0.0804942 0)
(-0.189716 -0.0822666 0)
(-0.141477 -0.0795303 0)
(-0.0934738 -0.0723396 0)
(-0.0478184 -0.061241 0)
(-0.00650571 -0.04724 0)
(0.028741 -0.0316273 0)
(0.056562 -0.0158511 0)
(0.076264 -0.00120176 0)
(0.0875751 0.011124 0)
(0.0907549 0.0202175 0)
(0.0870558 0.0257139 0)
(0.0781827 0.0278443 0)
(0.0660251 0.0272976 0)
(0.0523834 0.0249724 0)
(0.0387193 0.0217242 0)
(0.0260341 0.0181236 0)
(0.0149687 0.0142414 0)
(0.00625707 0.0095854 0)
(0.000705357 0.00358812 0)
(0.000917695 -0.00772959 0)
(0.00606738 -0.0155955 0)
(0.0115432 -0.0165386 0)
(0.0151578 -0.0124493 0)
(0.0154077 -0.00572853 0)
(0.0117344 0.00170707 0)
(0.00391266 0.00895257 0)
(-0.00840679 0.0161172 0)
(-0.0258898 0.0239642 0)
(-0.0493521 0.0332444 0)
(-0.0794307 0.0442372 0)
(-0.116222 0.0566009 0)
(-0.159057 0.0694588 0)
(-0.20648 0.0815872 0)
(-0.25645 0.0916571 0)
(-0.306683 0.0984826 0)
(-0.355005 0.101216 0)
(-0.399608 0.0994376 0)
(-0.43916 0.093133 0)
(-0.472786 0.0826049 0)
(-0.499962 0.0683543 0)
(-0.520391 0.0509792 0)
(-0.533879 0.0311083 0)
(-0.540265 0.00937784 0)
(-0.53939 -0.013551 0)
(-0.531069 -0.0369489 0)
(-0.515171 -0.0599697 0)
(-0.491673 -0.0816491 0)
(-0.460678 -0.10092 0)
(-0.422505 -0.116642 0)
(-0.377774 -0.12768 0)
(-0.327497 -0.133031 0)
(-0.273144 -0.131999 0)
(-0.216652 -0.124379 0)
(-0.160334 -0.110602 0)
(-0.106671 -0.0917793 0)
(-0.0580135 -0.0696085 0)
(-0.0162332 -0.0460933 0)
(0.0174749 -0.023149 0)
(0.0425193 -0.00251969 0)
(0.058839 0.0145576 0)
(0.0666921 0.0271585 0)
(0.0671891 0.034907 0)
(0.0618849 0.0381438 0)
(0.0525688 0.0377721 0)
(0.0410322 0.0349271 0)
(0.0288266 0.0305666 0)
(0.0171875 0.0250327 0)
(0.00742058 0.017742 0)
(0.000862053 0.00736733 0)
(0.000999711 -0.0110201 0)
(0.00560883 -0.0208287 0)
(0.00922305 -0.0203456 0)
(0.00966682 -0.0128949 0)
(0.00560217 -0.00192488 0)
(-0.00348994 0.0101418 0)
(-0.0180749 0.0224053 0)
(-0.0389088 0.0353102 0)
(-0.0669256 0.0497961 0)
(-0.102776 0.0663879 0)
(-0.146358 0.0847115 0)
(-0.196592 0.103535 0)
(-0.251538 0.121126 0)
(-0.308746 0.135691 0)
(-0.365711 0.145744 0)
(-0.420252 0.150336 0)
(-0.470727 0.1491 0)
(-0.516053 0.142162 0)
(-0.555602 0.129978 0)
(-0.589051 0.11317 0)
(-0.616243 0.0924083 0)
(-0.637095 0.0683534 0)
(-0.651542 0.0416413 0)
(-0.659507 0.0128983 0)
(-0.660888 -0.0172234 0)
(-0.655549 -0.0479966 0)
(-0.643278 -0.0785642 0)
(-0.623798 -0.107916 0)
(-0.596817 -0.134872 0)
(-0.562102 -0.158078 0)
(-0.519602 -0.176058 0)
(-0.46961 -0.187346 0)
(-0.412936 -0.190684 0)
(-0.351053 -0.185301 0)
(-0.286165 -0.171174 0)
(-0.221109 -0.149233 0)
(-0.159051 -0.121367 0)
(-0.102994 -0.0901793 0)
(-0.0552265 -0.0585245 0)
(-0.0169411 -0.0289216 0)
(0.0117357 -0.00314791 0)
(0.0311847 0.0175938 0)
(0.0419585 0.0326331 0)
(0.0452605 0.0418151 0)
(0.04261 0.0456772 0)
(0.035733 0.0452871 0)
(0.0263924 0.0417539 0)
(0.0162467 0.0355982 0)
(0.00710816 0.0261578 0)
(0.000796286 0.0113838 0)
(0.00099547 -0.0139238 0)
(0.004158 -0.0242918 0)
(0.00457131 -0.0208701 0)
(0.000378846 -0.00871236 0)
(-0.0094923 0.00767912 0)
(-0.025605 0.0256236 0)
(-0.0487031 0.0445204 0)
(-0.0797667 0.0650429 0)
(-0.119509 0.0878465 0)
(-0.167744 0.112616 0)
(-0.223125 0.137894 0)
(-0.283346 0.161527 0)
(-0.345638 0.181292 0)
(-0.407309 0.195415 0)
(-0.466137 0.202826 0)
(-0.520541 0.20318 0)
(-0.569548 0.196704 0)
(-0.612652 0.183978 0)
(-0.649661 0.165747 0)
(-0.680579 0.142792 0)
(-0.705532 0.115869 0)
(-0.724719 0.0856783 0)
(-0.738363 0.0528685 0)
(-0.746659 0.0180458 0)
(-0.749713 -0.0181994 0)
(-0.747527 -0.0552526 0)
(-0.739905 -0.0924066 0)
(-0.726411 -0.128782 0)
(-0.706425 -0.163275 0)
(-0.679182 -0.194497 0)
(-0.643886 -0.220781 0)
(-0.599889 -0.240257 0)
(-0.546945 -0.251037 0)
(-0.485499 -0.251519 0)
(-0.416965 -0.240777 0)
(-0.343877 -0.218964 0)
(-0.269804 -0.187591 0)
(-0.198936 -0.149512 0)
(-0.135327 -0.108495 0)
(-0.0819809 -0.0684195 0)
(-0.0401915 -0.0324087 0)
(-0.00958566 -0.00232856 0)
(0.0110036 0.0210874 0)
(0.0227673 0.0375583 0)
(0.0271335 0.0472991 0)
(0.0257657 0.0510911 0)
(0.020454 0.0499278 0)
(0.0130718 0.044314 0)
(0.00574665 0.033475 0)
(0.000590711 0.0148936 0)
(0.00083926 -0.0158627 0)
(0.00147797 -0.0247614 0)
(-0.00260935 -0.0166784 0)
(-0.0127088 0.00147281 0)
(-0.0296049 0.0244341 0)
(-0.0539725 0.0496096 0)
(-0.0867112 0.0766909 0)
(-0.128579 0.106141 0)
(-0.179448 0.137709 0)
(-0.237887 0.169847 0)
(-0.301366 0.200072 0)
(-0.36685 0.225752 0)
(-0.431427 0.244771 0)
(-0.492733 0.255871 0)
(-0.549113 0.25866 0)
(-0.599575 0.253423 0)
(-0.643642 0.240866 0)
(-0.681219 0.221901 0)
(-0.712487 0.197501 0)
(-0.737835 0.168614 0)
(-0.757792 0.136108 0)
(-0.77295 0.100736 0)
(-0.783883 0.0631281 0)
(-0.791072 0.0238046 0)
(-0.794844 -0.0167926 0)
(-0.79535 -0.0582572 0)
(-0.792497 -0.100153 0)
(-0.785836 -0.141888 0)
(-0.77462 -0.182626 0)
(-0.75777 -0.221181 0)
(-0.733927 -0.255951 0)
(-0.701585 -0.284906 0)
(-0.659327 -0.305687 0)
(-0.606186 -0.315848 0)
(-0.542086 -0.313277 0)
(-0.468289 -0.296751 0)
(-0.387694 -0.266521 0)
(-0.304793 -0.224728 0)
(-0.225117 -0.175387 0)
(-0.154138 -0.123732 0)
(-0.0958598 -0.0749566 0)
(-0.0517467 -0.0328581 0)
(-0.0207879 0.000806769 0)
(-0.000776291 0.0258994 0)
(0.0102843 0.0427523 0)
(0.0142966 0.0519869 0)
(0.0131961 0.0543997 0)
(0.00900651 0.0503435 0)
(0.003998 0.0389212 0)
(0.00036195 0.0174902 0)
(0.00046402 -0.0160917 0)
(-0.00258143 -0.0209575 0)
(-0.0123018 -0.00659322 0)
(-0.0292602 0.0186904 0)
(-0.053987 0.0493111 0)
(-0.0872337 0.0829253 0)
(-0.129724 0.11918 0)
(-0.181461 0.157726 0)
(-0.241121 0.197008 0)
(-0.306113 0.234313 0)
(-0.373197 0.266593 0)
(-0.439207 0.291311 0)
(-0.501539 0.306906 0)
(-0.558353 0.312844 0)
(-0.608536 0.309419 0)
(-0.651584 0.297466 0)
(-0.687474 0.278113 0)
(-0.716567 0.252605 0)
(-0.739516 0.222173 0)
(-0.757165 0.187945 0)
(-0.770441 0.150874 0)
(-0.780247 0.111702 0)
(-0.787381 0.0709637 0)
(-0.792482 0.0290236 0)
(-0.79601 -0.0138773 0)
(-0.79823 -0.0575748 0)
(-0.799179 -0.101934 0)
(-0.798552 -0.146716 0)
(-0.795725 -0.191468 0)
(-0.789655 -0.235407 0)
(-0.778838 -0.277284 0)
(-0.761325 -0.315277 0)
(-0.734849 -0.346944 0)
(-0.697114 -0.369324 0)
(-0.646275 -0.379245 0)
(-0.58158 -0.373877 0)
(-0.504042 -0.351503 0)
(-0.416939 -0.312367 0)
(-0.32584 -0.259295 0)
(-0.237902 -0.197712 0)
(-0.160321 -0.134696 0)
(-0.0982806 -0.0770904 0)
(-0.0533491 -0.0294466 0)
(-0.0236065 0.00681306 0)
(-0.00558179 0.0324051 0)
(0.00359892 0.0482608 0)
(0.00644781 0.0552246 0)
(0.00528339 0.0535716 0)
(0.00248517 0.0423665 0)
(0.000209044 0.0191531 0)
(-0.000173355 -0.0137767 0)
(-0.00797504 -0.0118068 0)
(-0.0241401 0.0102348 0)
(-0.0484655 0.0435451 0)
(-0.0812688 0.0826874 0)
(-0.123186 0.125444 0)
(-0.174351 0.170883 0)
(-0.23369 0.217404 0)
(-0.298735 0.262154 0)
(-0.366149 0.30168 0)
(-0.43251 0.332921 0)
(-0.494915 0.353868 0)
(-0.55125 0.363718 0)
(-0.600217 0.362699 0)
(-0.641239 0.351756 0)
(-0.674348 0.332267 0)
(-0.700077 0.305806 0)
(-0.71933 0.273963 0)
(-0.73324 0.238191 0)
(-0.743002 0.199706 0)
(-0.749753 0.159429 0)
(-0.754482 0.117987 0)
(-0.757987 0.0757484 0)
(-0.760871 0.032887 0)
(-0.763586 -0.0105548 0)
(-0.766432 -0.0546191 0)
(-0.769533 -0.0994002 0)
(-0.772812 -0.144954 0)
(-0.775951 -0.191205 0)
(-0.778266 -0.237844 0)
(-0.778583 -0.284176 0)
(-0.775113 -0.328931 0)
(-0.765405 -0.370084 0)
(-0.746434 -0.404751 0)
(-0.714952 -0.429258 0)
(-0.668103 -0.439501 0)
(-0.604308 -0.431685 0)
(-0.524239 -0.403387 0)
(-0.43158 -0.354757 0)
(-0.333151 -0.289445 0)
(-0.237994 -0.214657 0)
(-0.155252 -0.139801 0)
(-0.0912798 -0.0737014 0)
(-0.0474282 -0.0215979 0)
(-0.0204489 0.0157548 0)
(-0.00548637 0.0400763 0)
(0.00119553 0.0527507 0)
(0.00266883 0.0543669 0)
(0.00160405 0.0441887 0)
(0.000183823 0.0201629 0)
(-0.00107439 -0.00815007 0)
(-0.0144262 0.00343884 0)
(-0.0373862 0.0341837 0)
(-0.0690691 0.0760923 0)
(-0.10953 0.124185 0)
(-0.159021 0.176001 0)
(-0.216797 0.229564 0)
(-0.280696 0.281914 0)
(-0.347442 0.329234 0)
(-0.413424 0.36786 0)
(-0.475413 0.395161 0)
(-0.53097 0.409896 0)
(-0.578548 0.412101 0)
(-0.617452 0.40278 0)
(-0.647741 0.383557 0)
(-0.670103 0.356379 0)
(-0.685685 0.323246 0)
(-0.695883 0.285997 0)
(-0.702133 0.246151 0)
(-0.705736 0.204836 0)
(-0.70777 0.162793 0)
(-0.70906 0.120436 0)
(-0.710193 0.0779274 0)
(-0.711572 0.0352657 0)
(-0.713504 -0.00765338 0)
(-0.716238 -0.0509887 0)
(-0.719915 -0.0949355 0)
(-0.724647 -0.139697 0)
(-0.730447 -0.185445 0)
(-0.73713 -0.232256 0)
(-0.74415 -0.279995 0)
(-0.750394 -0.328121 0)
(-0.753961 -0.375426 0)
(-0.752015 -0.419742 0)
(-0.740819 -0.457715 0)
(-0.71611 -0.484822 0)
(-0.673891 -0.495797 0)
(-0.611623 -0.485596 0)
(-0.529591 -0.450875 0)
(-0.431986 -0.391697 0)
(-0.32713 -0.312851 0)
(-0.226238 -0.223919 0)
(-0.140501 -0.137257 0)
(-0.0771409 -0.0638897 0)
(-0.0366106 -0.00936568 0)
(-0.013795 0.0267612 0)
(-0.00263521 0.047116 0)
(0.0012989 0.0532267 0)
(0.00144534 0.0450037 0)
(0.000288146 0.0209397 0)
(-0.00218157 0.00133457 0)
(-0.0214361 0.0250662 0)
(-0.0510376 0.0651139 0)
(-0.0895207 0.115798 0)
(-0.13657 0.172668 0)
(-0.191827 0.232611 0)
(-0.25359 0.292371 0)
(-0.318851 0.347822 0)
(-0.383941 0.394658 0)
(-0.445343 0.429464 0)
(-0.500253 0.450335 0)
(-0.546817 0.456932 0)
(-0.584157 0.450197 0)
(-0.612302 0.431959 0)
(-0.632052 0.404546 0)
(-0.64477 0.370419 0)
(-0.652107 0.331859 0)
(-0.655724 0.290738 0)
(-0.657072 0.248415 0)
(-0.657279 0.205744 0)
(-0.65713 0.163171 0)
(-0.657122 0.120846 0)
(-0.65753 0.07874 0)
(-0.658495 0.036725 0)
(-0.660126 -0.0053686 0)
(-0.662566 -0.0477173 0)
(-0.66592 -0.0905008 0)
(-0.670372 -0.133918 0)
(-0.676142 -0.178202 0)
(-0.68343 -0.223611 0)
(-0.692303 -0.270384 0)
(-0.702494 -0.318616 0)
(-0.713118 -0.368019 0)
(-0.722336 -0.417551 0)
(-0.727051 -0.464961 0)
(-0.722853 -0.506402 0)
(-0.704401 -0.536332 0)
(-0.66644 -0.548023 0)
(-0.605382 -0.534864 0)
(-0.52117 -0.49243 0)
(-0.418758 -0.420876 0)
(-0.308371 -0.326758 0)
(-0.203731 -0.222948 0)
(-0.11799 -0.125467 0)
(-0.0584733 -0.0474373 0)
(-0.023658 0.00619347 0)
(-0.00619833 0.0377229 0)
(0.000674728 0.0503627 0)
(0.00180826 0.0453373 0)
(0.000485704 0.0218665 0)
(-0.00335943 0.0149097 0)
(-0.0283575 0.0528725 0)
(-0.0639746 0.102399 0)
(-0.108212 0.161577 0)
(-0.160273 0.226414 0)
(-0.219084 0.292847 0)
(-0.282119 0.356362 0)
(-0.345863 0.412035 0)
(-0.406613 0.455534 0)
(-0.461205 0.484043 0)
(-0.507414 0.496579 0)
(-0.544089 0.493818 0)
(-0.571133 0.477677 0)
(-0.589379 0.450834 0)
(-0.60035 0.416245 0)
(-0.605922 0.376698 0)
(-0.607977 0.33449 0)
(-0.60812 0.29126 0)
(-0.607537 0.248 0)
(-0.606976 0.205171 0)
(-0.606824 0.162887 0)
(-0.607225 0.121062 0)
(-0.608176 0.0795304 0)
(-0.609612 0.0381132 0)
(-0.611488 -0.00335317 0)
(-0.613853 -0.0449976 0)
(-0.616759 -0.0869257 0)
(-0.62035 -0.129246 0)
(-0.624876 -0.172118 0)
(-0.630675 -0.215776 0)
(-0.638144 -0.260558 0)
(-0.647633 -0.306881 0)
(-0.659236 -0.355126 0)
(-0.672422 -0.40535 0)
(-0.685547 -0.456783 0)
(-0.695365 -0.507157 0)
(-0.69681 -0.55205 0)
(-0.683394 -0.584654 0)
(-0.648483 -0.5964 0)
(-0.587431 -0.578771 0)
(-0.500062 -0.526216 0)
(-0.392589 -0.439498 0)
(-0.277748 -0.328038 0)
(-0.172102 -0.209309 0)
(-0.0903018 -0.103619 0)
(-0.0383341 -0.0253232 0)
(-0.0113469 0.0228666 0)
(-0.0001603 0.0453352 0)
(0.00229474 0.0453332 0)
(0.000720381 0.023148 0)
(-0.00444407 0.0324218 0)
(-0.034538 0.0861918 0)
(-0.0751405 0.14498 0)
(-0.123715 0.211923 0)
(-0.178924 0.283385 0)
(-0.239013 0.354234 0)
(-0.300873 0.418909 0)
(-0.360813 0.472107 0)
(-0.415372 0.509856 0)
(-0.461913 0.5302 0)
(-0.498911 0.533236 0)
(-0.526015 0.520745 0)
(-0.543964 0.495648 0)
(-0.554339 0.461385 0)
(-0.559189 0.421325 0)
(-0.560602 0.378286 0)
(-0.560353 0.334281 0)
(-0.559708 0.290491 0)
(-0.559405 0.247423 0)
(-0.559755 0.205142 0)
(-0.560786 0.163485 0)
(-0.562388 0.122221 0)
(-0.564403 0.0811338 0)
(-0.566676 0.0400553 0)
(-0.569103 -0.00112973 0)
(-0.571686 -0.0424857 0)
(-0.574444 -0.0840441 0)
(-0.577438 -0.125823 0)
(-0.58083 -0.167867 0)
(-0.584884 -0.210285 0)
(-0.590001 -0.253303 0)
(-0.596724 -0.297322 0)
(-0.605668 -0.342942 0)
(-0.617309 -0.390871 0)
(-0.631544 -0.441591 0)
(-0.647029 -0.494698 0)
(-0.66043 -0.547913 0)
(-0.665992 -0.596087 0)
(-0.655951 -0.630768 0)
(-0.622212 -0.64105 0)
(-0.559192 -0.616177 0)
(-0.467094 -0.549709 0)
(-0.354216 -0.444083 0)
(-0.236626 -0.313372 0)
(-0.13388 -0.181292 0)
(-0.0609122 -0.0724686 0)
(-0.0200658 -0.00024423 0)
(-0.00227533 0.036908 0)
(0.00246657 0.0446059 0)
(0.00093957 0.0247445 0)
(-0.00528723 0.0533081 0)
(-0.0394172 0.123965 0)
(-0.083678 0.191485 0)
(-0.134966 0.265099 0)
(-0.191405 0.341504 0)
(-0.250693 0.414546 0)
(-0.309413 0.47793 0)
(-0.363971 0.526361 0)
(-0.411339 0.556545 0)
(-0.449529 0.567582 0)
(-0.477795 0.560764 0)
(-0.496614 0.539022 0)
(-0.507484 0.506197 0)
(-0.51253 0.466272 0)
(-0.514016 0.422711 0)
(-0.513897 0.378032 0)
(-0.513563 0.333719 0)
(-0.513786 0.290387 0)
(-0.514836 0.248074 0)
(-0.516665 0.206539 0)
(-0.51908 0.165468 0)
(-0.521865 0.124592 0)
(-0.524838 0.0837187 0)
(-0.52786 0.0427307 0)
(-0.530842 0.00156809 0)
(-0.533788 -0.0397851 0)
(-0.536718 -0.0813163 0)
(-0.539622 -0.122999 0)
(-0.542559 -0.164801 0)
(-0.545641 -0.206712 0)
(-0.549091 -0.248788 0)
(-0.553306 -0.291227 0)
(-0.558906 -0.334474 0)
(-0.566725 -0.379307 0)
(-0.577617 -0.426785 0)
(-0.591949 -0.47789 0)
(-0.608718 -0.532639 0)
(-0.624481 -0.588685 0)
(-0.632663 -0.639834 0)
(-0.62404 -0.6754 0)
(-0.589004 -0.681515 0)
(-0.521403 -0.64499 0)
(-0.422722 -0.559262 0)
(-0.304571 -0.430418 0)
(-0.187248 -0.27981 0)
(-0.092829 -0.138974 0)
(-0.0339669 -0.0352244 0)
(-0.0065099 0.0231363 0)
(0.00200849 0.0422856 0)
(0.00111583 0.0264057 0)
(-0.00576775 0.0766622 0)
(-0.0425833 0.164857 0)
(-0.0890149 0.240366 0)
(-0.141351 0.319334 0)
(-0.197238 0.398874 0)
(-0.254011 0.471987 0)
(-0.308196 0.531979 0)
(-0.356497 0.573905 0)
(-0.396443 0.595383 0)
(-0.426764 0.596717 0)
(-0.447498 0.580457 0)
(-0.459874 0.550619 0)
(-0.465949 0.511764 0)
(-0.468091 0.468099 0)
(-0.468445 0.422833 0)
(-0.468572 0.377923 0)
(-0.469337 0.334206 0)
(-0.471025 0.291754 0)
(-0.473544 0.250258 0)
(-0.476646 0.209318 0)
(-0.480072 0.168599 0)
(-0.483623 0.127876 0)
(-0.487177 0.0870246 0)
(-0.490656 0.0459841 0)
(-0.494025 0.00473635 0)
(-0.497316 -0.0367116 0)
(-0.500556 -0.0783369 0)
(-0.503713 -0.120112 0)
(-0.50678 -0.161986 0)
(-0.509754 -0.203894 0)
(-0.512672 -0.245777 0)
(-0.515674 -0.287631 0)
(-0.519099 -0.32961 0)
(-0.523596 -0.37218 0)
(-0.530176 -0.41629 0)
(-0.540059 -0.463394 0)
(-0.554085 -0.515039 0)
(-0.571572 -0.571684 0)
(-0.58883 -0.630707 0)
(-0.598179 -0.684291 0)
(-0.588664 -0.718643 0)
(-0.54926 -0.71621 0)
(-0.474017 -0.661565 0)
(-0.367163 -0.549794 0)
(-0.245229 -0.393951 0)
(-0.133303 -0.226057 0)
(-0.0540342 -0.0858533 0)
(-0.0133548 0.00160489 0)
(0.00076899 0.0371926 0)
(0.00125302 0.027773 0)
(-0.00581029 0.10135 0)
(-0.0438046 0.207389 0)
(-0.0908885 0.290047 0)
(-0.142702 0.372979 0)
(-0.196518 0.453915 0)
(-0.249499 0.525259 0)
(-0.298312 0.580241 0)
(-0.340096 0.614531 0)
(-0.372999 0.626838 0)
(-0.396469 0.618751 0)
(-0.411256 0.594048 0)
(-0.419156 0.557668 0)
(-0.422515 0.514593 0)
(-0.423635 0.468903 0)
(-0.424291 0.423268 0)
(-0.425522 0.378946 0)
(-0.427691 0.336151 0)
(-0.430715 0.294544 0)
(-0.434311 0.253633 0)
(-0.438185 0.213001 0)
(-0.442121 0.172377 0)
(-0.446001 0.131626 0)
(-0.449785 0.0906909 0)
(-0.453461 0.0495577 0)
(-0.457034 0.00822754 0)
(-0.460566 -0.0332907 0)
(-0.464096 -0.0749838 0)
(-0.467596 -0.116845 0)
(-0.47104 -0.158841 0)
(-0.47438 -0.200915 0)
(-0.477551 -0.242977 0)
(-0.480507 -0.284923 0)
(-0.483289 -0.326682 0)
(-0.486154 -0.368346 0)
(-0.489749 -0.410394 0)
(-0.495242 -0.453966 0)
(-0.504217 -0.500975 0)
(-0.517977 -0.553619 0)
(-0.536046 -0.612741 0)
(-0.554169 -0.674998 0)
(-0.563084 -0.729954 0)
(-0.549817 -0.759473 0)
(-0.502335 -0.741703 0)
(-0.41633 -0.660101 0)
(-0.30092 -0.514899 0)
(-0.179243 -0.331147 0)
(-0.0804908 -0.154844 0)
(-0.023157 -0.0304832 0)
(-0.0012852 0.0279961 0)
(0.00137057 0.0284694 0)
(-0.00539182 0.126129 0)
(-0.0430257 0.250053 0)
(-0.0893191 0.339039 0)
(-0.139231 0.424612 0)
(-0.189777 0.505419 0)
(-0.238119 0.573554 0)
(-0.281209 0.622441 0)
(-0.316693 0.648566 0)
(-0.343342 0.651834 0)
(-0.361252 0.63513 0)
(-0.371733 0.603338 0)
(-0.376912 0.562066 0)
(-0.379147 0.516388 0)
(-0.380435 0.469959 0)
(-0.38206 0.424744 0)
(-0.384556 0.381302 0)
(-0.387907 0.339351 0)
(-0.39183 0.298317 0)
(-0.396004 0.257676 0)
(-0.400191 0.217085 0)
(-0.404266 0.17638 0)
(-0.408201 0.135507 0)
(-0.412019 0.0944634 0)
(-0.41575 0.0532577 0)
(-0.419418 0.0118924 0)
(-0.423097 -0.0296334 0)
(-0.426837 -0.0713209 0)
(-0.430622 -0.113187 0)
(-0.434429 -0.155227 0)
(-0.438216 -0.197418 0)
(-0.441902 -0.2397 0)
(-0.445371 -0.281964 0)
(-0.4485 -0.324057 0)
(-0.451231 -0.365837 0)
(-0.453736 -0.407327 0)
(-0.456656 -0.449027 0)
(-0.461333 -0.492329 0)
(-0.469736 -0.539735 0)
(-0.483593 -0.594189 0)
(-0.502383 -0.656711 0)
(-0.520723 -0.722342 0)
(-0.5271 -0.776435 0)
(-0.506378 -0.79497 0)
(-0.446604 -0.751815 0)
(-0.347514 -0.632331 0)
(-0.225852 -0.448036 0)
(-0.112284 -0.242502 0)
(-0.0363919 -0.0761208 0)
(-0.00422772 0.0131966 0)
(0.00145991 0.0280858 0)
(-0.0045372 0.149761 0)
(-0.0403398 0.291413 0)
(-0.0845497 0.386021 0)
(-0.131422 0.47309 0)
(-0.177828 0.552556 0)
(-0.221063 0.616489 0)
(-0.258456 0.65872 0)
(-0.288174 0.676685 0)
(-0.309561 0.67152 0)
(-0.323237 0.647328 0)
(-0.33087 0.609909 0)
(-0.334682 0.565251 0)
(-0.336816 0.518222 0)
(-0.33884 0.471856 0)
(-0.341549 0.427377 0)
(-0.345081 0.384751 0)
(-0.349202 0.343374 0)
(-0.353579 0.302596 0)
(-0.357946 0.26196 0)
(-0.362162 0.221243 0)
(-0.366194 0.180375 0)
(-0.370078 0.139366 0)
(-0.373872 0.098237 0)
(-0.377622 0.0570003 0)
(-0.381352 0.0156491 0)
(-0.38513 -0.025831 0)
(-0.389015 -0.067453 0)
(-0.392998 -0.109252 0)
(-0.397065 -0.151246 0)
(-0.401193 -0.193444 0)
(-0.405326 -0.23583 0)
(-0.409364 -0.278346 0)
(-0.41315 -0.320863 0)
(-0.416494 -0.363179 0)
(-0.419249 -0.405072 0)
(-0.421513 -0.446495 0)
(-0.42395 -0.488016 0)
(-0.428134 -0.531411 0)
(-0.436471 -0.579981 0)
(-0.451017 -0.637495 0)
(-0.470739 -0.704592 0)
(-0.488225 -0.773063 0)
(-0.488952 -0.821684 0)
(-0.456035 -0.819108 0)
(-0.379879 -0.73673 0)
(-0.267813 -0.56824 0)
(-0.14685 -0.345879 0)
(-0.0533749 -0.137519 0)
(-0.00822391 -0.00883703 0)
(0.00147307 0.0261665 0)
(-0.0033092 0.171102 0)
(-0.0359494 0.330172 0)
(-0.0769738 0.429885 0)
(-0.11992 0.517554 0)
(-0.161614 0.594823 0)
(-0.199574 0.654005 0)
(-0.23155 0.689495 0)
(-0.256203 0.699736 0)
(-0.273353 0.687057 0)
(-0.283983 0.656646 0)
(-0.289916 0.61498 0)
(-0.293263 0.568155 0)
(-0.295822 0.520617 0)
(-0.298707 0.474698 0)
(-0.302311 0.430952 0)
(-0.306521 0.388909 0)
(-0.311026 0.347806 0)
(-0.315533 0.30703 0)
(-0.319872 0.266241 0)
(-0.323998 0.225328 0)
(-0.32794 0.184294 0)
(-0.331767 0.143177 0)
(-0.33555 0.102005 0)
(-0.339333 0.0607783 0)
(-0.343128 0.0194775 0)
(-0.346993 -0.0219243 0)
(-0.350992 -0.0634475 0)
(-0.35512 -0.105139 0)
(-0.359363 -0.147031 0)
(-0.363714 -0.189152 0)
(-0.368147 -0.231523 0)
(-0.372598 -0.274136 0)
(-0.376953 -0.316931 0)
(-0.381024 -0.359759 0)
(-0.384559 -0.402359 0)
(-0.387336 -0.444417 0)
(-0.389404 -0.485839 0)
(-0.39152 -0.527355 0)
(-0.395596 -0.571373 0)
(-0.404545 -0.622303 0)
(-0.420517 -0.684657 0)
(-0.441108 -0.757419 0)
(-0.455629 -0.826309 0)
(-0.446059 -0.860501 0)
(-0.395459 -0.821177 0)
(-0.300581 -0.682916 0)
(-0.180648 -0.459309 0)
(-0.073558 -0.21503 0)
(-0.0135195 -0.0398876 0)
(0.00138845 0.0222312 0)
(-0.00179681 0.189176 0)
(-0.030126 0.365216 0)
(-0.067065 0.469747 0)
(-0.105436 0.557409 0)
(-0.14209 0.631981 0)
(-0.174822 0.686271 0)
(-0.201805 0.715327 0)
(-0.222134 0.718589 0)
(-0.23598 0.699488 0)
(-0.244523 0.664109 0)
(-0.249561 0.619376 0)
(-0.252952 0.571274 0)
(-0.256101 0.523707 0)
(-0.259722 0.478329 0)
(-0.263924 0.435148 0)
(-0.268478 0.393421 0)
(-0.273084 0.352353 0)
(-0.277537 0.311423 0)
(-0.281758 0.270417 0)
(-0.285769 0.22931 0)
(-0.289634 0.188145 0)
(-0.293431 0.146966 0)
(-0.297229 0.105791 0)
(-0.301063 0.0646084 0)
(-0.304933 0.0233834 0)
(-0.308884 -0.0179206 0)
(-0.312988 -0.0593278 0)
(-0.317243 -0.100895 0)
(-0.321625 -0.142659 0)
(-0.326139 -0.184663 0)
(-0.330771 -0.226945 0)
(-0.335491 -0.269533 0)
(-0.340232 -0.312429 0)
(-0.344865 -0.355568 0)
(-0.34917 -0.398768 0)
(-0.35284 -0.441691 0)
(-0.355587 -0.483923 0)
(-0.357464 -0.525364 0)
(-0.359437 -0.567117 0)
(-0.363926 -0.612639 0)
(-0.374378 -0.667807 0)
(-0.39247 -0.737285 0)
(-0.412997 -0.815722 0)
(-0.420585 -0.87841 0)
(-0.394368 -0.882223 0)
(-0.321266 -0.784567 0)
(-0.210116 -0.575738 0)
(-0.0953458 -0.306619 0)
(-0.0203382 -0.0816279 0)
(0.00124821 0.0157967 0)
(-0.000104265 0.203204 0)
(-0.0231763 0.395623 0)
(-0.0553214 0.504936 0)
(-0.0886702 0.592277 0)
(-0.120143 0.663985 0)
(-0.147825 0.713585 0)
(-0.17029 0.736814 0)
(-0.186984 0.734041 0)
(-0.198302 0.709656 0)
(-0.205464 0.670448 0)
(-0.210105 0.623582 0)
(-0.213756 0.574787 0)
(-0.217444 0.527404 0)
(-0.221574 0.482492 0)
(-0.226088 0.439663 0)
(-0.230731 0.39803 0)
(-0.235268 0.356841 0)
(-0.23958 0.315692 0)
(-0.243661 0.274469 0)
(-0.247569 0.233203 0)
(-0.25138 0.191954 0)
(-0.255167 0.150757 0)
(-0.258989 0.109614 0)
(-0.262878 0.068501 0)
(-0.266826 0.0273722 0)
(-0.270858 -0.0138179 0)
(-0.275064 -0.0550951 0)
(-0.279447 -0.0965258 0)
(-0.283968 -0.138152 0)
(-0.288632 -0.18002 0)
(-0.293432 -0.222179 0)
(-0.298353 -0.264677 0)
(-0.303361 -0.307552 0)
(-0.308381 -0.350811 0)
(-0.313265 -0.394374 0)
(-0.317757 -0.438003 0)
(-0.321489 -0.481253 0)
(-0.324134 -0.523606 0)
(-0.325833 -0.565083 0)
(-0.327948 -0.607547 0)
(-0.333625 -0.656141 0)
(-0.346672 -0.7184 0)
(-0.36707 -0.797229 0)
(-0.384733 -0.877925 0)
(-0.378863 -0.919861 0)
(-0.328934 -0.868084 0)
(-0.232504 -0.688161 0)
(-0.116586 -0.408299 0)
(-0.0286797 -0.135204 0)
(0.00111468 0.00635236 0)
(0.00165879 0.212632 0)
(-0.0154168 0.42066 0)
(-0.0422251 0.534961 0)
(-0.0702666 0.621952 0)
(-0.0965434 0.690915 0)
(-0.119417 0.736299 0)
(-0.137822 0.754516 0)
(-0.151467 0.746755 0)
(-0.160849 0.718191 0)
(-0.167102 0.676131 0)
(-0.171607 0.627825 0)
(-0.175548 0.578684 0)
(-0.179624 0.531525 0)
(-0.184025 0.486935 0)
(-0.188619 0.444261 0)
(-0.193184 0.402569 0)
(-0.197559 0.361184 0)
(-0.201698 0.319808 0)
(-0.205639 0.278402 0)
(-0.209456 0.237025 0)
(-0.213221 0.195737 0)
(-0.216998 0.154556 0)
(-0.220838 0.113473 0)
(-0.224773 0.0724517 0)
(-0.228789 0.0314397 0)
(-0.232894 -0.00961758 0)
(-0.237198 -0.050746 0)
(-0.241714 -0.0920243 0)
(-0.246385 -0.133498 0)
(-0.251214 -0.175219 0)
(-0.256193 -0.217239 0)
(-0.261312 -0.259615 0)
(-0.266551 -0.302406 0)
(-0.271869 -0.345661 0)
(-0.277178 -0.389382 0)
(-0.282303 -0.433454 0)
(-0.286937 -0.477546 0)
(-0.290655 -0.521066 0)
(-0.29313 -0.56343 0)
(-0.294744 -0.605058 0)
(-0.29754 -0.649282 0)
(-0.305559 -0.703746 0)
(-0.322246 -0.776925 0)
(-0.343614 -0.865279 0)
(-0.352495 -0.936816 0)
(-0.324391 -0.931077 0)
(-0.246296 -0.790716 0)
(-0.135229 -0.515031 0)
(-0.0381547 -0.200391 0)
(0.000965877 -0.00656998 0)
(0.00338648 0.217149 0)
(-0.00715632 0.439744 0)
(-0.0282244 0.559479 0)
(-0.0507877 0.646347 0)
(-0.07193 0.712915 0)
(-0.0902469 0.754756 0)
(-0.104988 0.76891 0)
(-0.116041 0.757238 0)
(-0.123904 0.725523 0)
(-0.129532 0.681422 0)
(-0.134 0.63217 0)
(-0.138159 0.582858 0)
(-0.142445 0.535869 0)
(-0.146914 0.491446 0)
(-0.151422 0.44878 0)
(-0.155802 0.406943 0)
(-0.159967 0.365342 0)
(-0.163919 0.323766 0)
(-0.16772 0.282221 0)
(-0.171444 0.240779 0)
(-0.175156 0.199487 0)
(-0.178908 0.158353 0)
(-0.182748 0.117352 0)
(-0.18671 0.0764447 0)
(-0.19078 0.0355736 0)
(-0.194943 -0.00532472 0)
(-0.199335 -0.046279 0)
(-0.203991 -0.0873802 0)
(-0.208826 -0.128681 0)
(-0.213841 -0.170236 0)
(-0.219026 -0.212101 0)
(-0.22437 -0.254335 0)
(-0.229858 -0.297008 0)
(-0.235464 -0.34019 0)
(-0.241135 -0.383937 0)
(-0.246762 -0.428232 0)
(-0.252126 -0.472886 0)
(-0.256858 -0.517418 0)
(-0.260484 -0.561061 0)
(-0.262772 -0.60331 0)
(-0.264604 -0.645591 0)
(-0.269072 -0.693855 0)
(-0.280957 -0.75878 0)
(-0.301433 -0.846428 0)
(-0.319217 -0.937477 0)
(-0.309663 -0.973617 0)
(-0.251243 -0.879287 0)
(-0.149794 -0.621688 0)
(-0.0480343 -0.27543 0)
(0.000662152 -0.0234137 0)
(0.00493736 0.216569 0)
(0.00130009 0.452533 0)
(-0.0137185 0.578234 0)
(-0.0307138 0.665449 0)
(-0.0468153 0.730152 0)
(-0.0608021 0.769256 0)
(-0.0721891 0.780368 0)
(-0.0809756 0.765852 0)
(-0.087584 0.731918 0)
(-0.0927298 0.686438 0)
(-0.0971634 0.636583 0)
(-0.101429 0.58717 0)
(-0.10576 0.540259 0)
(-0.110139 0.495868 0)
(-0.114445 0.453111 0)
(-0.118575 0.411091 0)
(-0.122498 0.369291 0)
(-0.126251 0.327555 0)
(-0.129901 0.285918 0)
(-0.133517 0.244451 0)
(-0.137156 0.203189 0)
(-0.140861 0.162125 0)
(-0.144677 0.121229 0)
(-0.148645 0.0804596 0)
(-0.152753 0.039759 0)
(-0.156954 -0.000943602 0)
(-0.161421 -0.0416943 0)
(-0.166219 -0.0825836 0)
(-0.171229 -0.123682 0)
(-0.17645 -0.165045 0)
(-0.18187 -0.206731 0)
(-0.187475 -0.248802 0)
(-0.193251 -0.291328 0)
(-0.199177 -0.334395 0)
(-0.205219 -0.378089 0)
(-0.211305 -0.422459 0)
(-0.217287 -0.467434 0)
(-0.222889 -0.512692 0)
(-0.227671 -0.557533 0)
(-0.231153 -0.601047 0)
(-0.233387 -0.64323 0)
(-0.236164 -0.6877 0)
(-0.243928 -0.744525 0)
(-0.261045 -0.826053 0)
(-0.282671 -0.926798 0)
(-0.2874 -0.997631 0)
(-0.248113 -0.951626 0)
(-0.159547 -0.723778 0)
(-0.057487 -0.357564 0)
(-5.46486e-06 -0.0446029 0)
(0.00615684 0.211121 0)
(0.00958946 0.458586 0)
(0.000968556 0.591134 0)
(-0.0104447 0.679268 0)
(-0.0216051 0.742778 0)
(-0.0314377 0.78003 0)
(-0.0396843 0.789147 0)
(-0.0464063 0.772821 0)
(-0.0519004 0.737516 0)
(-0.0566097 0.691207 0)
(-0.0609589 0.640991 0)
(-0.0652169 0.591487 0)
(-0.0694598 0.544554 0)
(-0.073635 0.500088 0)
(-0.0776603 0.45718 0)
(-0.0814931 0.414975 0)
(-0.0851484 0.373008 0)
(-0.0886807 0.331161 0)
(-0.0921573 0.289476 0)
(-0.09564 0.248019 0)
(-0.0991785 0.206815 0)
(-0.102811 0.165849 0)
(-0.106579 0.125083 0)
(-0.110531 0.0844748 0)
(-0.114657 0.0439763 0)
(-0.118884 0.00351135 0)
(-0.123408 -0.0369991 0)
(-0.12834 -0.0776321 0)
(-0.133537 -0.118489 0)
(-0.138979 -0.159624 0)
(-0.144657 -0.201098 0)
(-0.150558 -0.242973 0)
(-0.156665 -0.285322 0)
(-0.162962 -0.328235 0)
(-0.169418 -0.371819 0)
(-0.175983 -0.416166 0)
(-0.182554 -0.461292 0)
(-0.188932 -0.507013 0)
(-0.194765 -0.552784 0)
(-0.199557 -0.597641 0)
(-0.202934 -0.640765 0)
(-0.205586 -0.683659 0)
(-0.210756 -0.73414 0)
(-0.22393 -0.807118 0)
(-0.245737 -0.909388 0)
(-0.260328 -1.00615 0)
(-0.238323 -1.00714 0)
(-0.164436 -0.817822 0)
(-0.0657888 -0.443647 0)
(-0.00115417 -0.0703777 0)
(0.00695174 0.201307 0)
(0.01733 0.457493 0)
(0.0155106 0.598029 0)
(0.00970634 0.687904 0)
(0.00337966 0.750917 0)
(-0.00241701 0.787246 0)
(-0.00763718 0.795411 0)
(-0.0123841 0.778265 0)
(-0.0168057 0.742365 0)
(-0.0210602 0.695702 0)
(-0.0252538 0.645308 0)
(-0.029405 0.595699 0)
(-0.0334612 0.548649 0)
(-0.0373529 0.504023 0)
(-0.0410421 0.460931 0)
(-0.04454 0.418556 0)
(-0.0478968 0.376465 0)
(-0.0511791 0.334553 0)
(-0.054451 0.292862 0)
(-0.0577677 0.25145 0)
(-0.0611739 0.210335 0)
(-0.0647063 0.169495 0)
(-0.0684037 0.128887 0)
(-0.0723172 0.0884661 0)
(-0.0764461 0.0481941 0)
(-0.0806908 0.00799853 0)
(-0.0852529 -0.032224 0)
(-0.0903033 -0.0725442 0)
(-0.0956916 -0.113108 0)
(-0.101363 -0.15397 0)
(-0.107317 -0.195186 0)
(-0.113543 -0.236819 0)
(-0.120024 -0.278945 0)
(-0.126742 -0.32166 0)
(-0.133671 -0.365079 0)
(-0.140769 -0.409327 0)
(-0.147958 -0.454481 0)
(-0.15509 -0.500463 0)
(-0.161898 -0.546882 0)
(-0.167958 -0.59288 0)
(-0.172773 -0.637312 0)
(-0.176333 -0.680184 0)
(-0.180542 -0.726582 0)
(-0.190462 -0.790931 0)
(-0.210358 -0.888925 0)
(-0.230874 -1.00264 0)
(-0.22356 -1.04649 0)
(-0.164908 -0.901477 0)
(-0.0724664 -0.530691 0)
(-0.00273703 -0.100671 0)
(0.00730862 0.187749 0)
(0.0241986 0.449196 0)
(0.029539 0.59861 0)
(0.0294674 0.691392 0)
(0.0278958 0.754669 0)
(0.0260645 0.790962 0)
(0.0238423 0.799202 0)
(0.0210761 0.782205 0)
(0.0177651 0.746453 0)
(0.014029 0.699878 0)
(0.0100679 0.649469 0)
(0.00610007 0.599738 0)
(0.00229768 0.552491 0)
(-0.00125583 0.507644 0)
(-0.00456557 0.464351 0)
(-0.0076917 0.421828 0)
(-0.0107139 0.379655 0)
(-0.0137082 0.337724 0)
(-0.0167364 0.296068 0)
(-0.0198484 0.254738 0)
(-0.0230866 0.213744 0)
(-0.0264885 0.173061 0)
(-0.030093 0.132639 0)
(-0.033955 0.0924283 0)
(-0.0380891 0.0524005 0)
(-0.0423545 0.0125058 0)
(-0.0469266 -0.0273684 0)
(-0.0520645 -0.0673149 0)
(-0.0576368 -0.107534 0)
(-0.0635376 -0.148073 0)
(-0.0697764 -0.188979 0)
(-0.0763487 -0.230316 0)
(-0.0832397 -0.272162 0)
(-0.0904294 -0.314619 0)
(-0.0978918 -0.357814 0)
(-0.105589 -0.401891 0)
(-0.113457 -0.446973 0)
(-0.121378 -0.49306 0)
(-0.129145 -0.539889 0)
(-0.136423 -0.586743 0)
(-0.142743 -0.632436 0)
(-0.147769 -0.676118 0)
(-0.152343 -0.720454 0)
(-0.160312 -0.777522 0)
(-0.177592 -0.867911 0)
(-0.200951 -0.990397 0)
(-0.205483 -1.07118 0)
(-0.1617 -0.973454 0)
(-0.0773421 -0.616185 0)
(-0.00458342 -0.135088 0)
(0.00725454 0.171195 0)
(0.0299273 0.433843 0)
(0.0426644 0.592578 0)
(0.048563 0.689668 0)
(0.0517303 0.754091 0)
(0.0538351 0.791188 0)
(0.0546561 0.800467 0)
(0.0539649 0.784544 0)
(0.0518782 0.749672 0)
(0.0487687 0.703632 0)
(0.0451256 0.65339 0)
(0.0413996 0.603541 0)
(0.0378874 0.556029 0)
(0.0346979 0.510901 0)
(0.0317954 0.467392 0)
(0.0290762 0.424746 0)
(0.0264298 0.382536 0)
(0.0237682 0.340636 0)
(0.0210283 0.299065 0)
(0.0181626 0.257864 0)
(0.0151287 0.217042 0)
(0.0118854 0.176574 0)
(0.0083897 0.136412 0)
(0.00458702 0.0965038 0)
(0.000446633 0.0568235 0)
(-0.00385303 0.017316 0)
(-0.00841322 -0.0222175 0)
(-0.0135906 -0.0618196 0)
(-0.0193188 -0.101685 0)
(-0.0254389 -0.14187 0)
(-0.0319616 -0.18242 0)
(-0.0388925 -0.223403 0)
(-0.0462215 -0.264908 0)
(-0.0539285 -0.307045 0)
(-0.0619845 -0.349952 0)
(-0.0703511 -0.393789 0)
(-0.0789702 -0.438707 0)
(-0.0877441 -0.484772 0)
(-0.0965089 -0.531815 0)
(-0.104999 -0.579251 0)
(-0.112825 -0.625968 0)
(-0.119567 -0.67073 0)
(-0.125406 -0.71444 0)
(-0.132828 -0.766142 0)
(-0.147793 -0.847705 0)
(-0.171898 -0.972273 0)
(-0.185544 -1.08311 0)
(-0.155661 -1.03332 0)
(-0.0805015 -0.698213 0)
(-0.00648137 -0.172979 0)
(0.00684102 0.152492 0)
(0.0343074 0.411801 0)
(0.0544918 0.579669 0)
(0.0666883 0.682578 0)
(0.0746728 0.749197 0)
(0.0807221 0.787904 0)
(0.0846844 0.799106 0)
(0.086236 0.785144 0)
(0.0855578 0.751872 0)
(0.0832319 0.706836 0)
(0.0800119 0.656975 0)
(0.0765799 0.607038 0)
(0.0733762 0.559207 0)
(0.0705597 0.513736 0)
(0.0680821 0.469984 0)
(0.065803 0.427225 0)
(0.0635792 0.385012 0)
(0.0613044 0.343187 0)
(0.0589089 0.301745 0)
(0.0563438 0.260718 0)
(0.0535656 0.220116 0)
(0.0505301 0.179915 0)
(0.047191 0.140071 0)
(0.0434943 0.100534 0)
(0.0393895 0.0612624 0)
(0.0349964 0.0221881 0)
(0.0303549 -0.0169345 0)
(0.0251681 -0.0561502 0)
(0.0193378 -0.0955912 0)
(0.0130163 -0.135337 0)
(0.00621192 -0.175446 0)
(-0.00108765 -0.215999 0)
(-0.00888091 -0.257096 0)
(-0.0171474 -0.298849 0)
(-0.0258518 -0.341401 0)
(-0.0349523 -0.384924 0)
(-0.0443958 -0.429595 0)
(-0.0540994 -0.475527 0)
(-0.0639279 -0.522622 0)
(-0.0736703 -0.570401 0)
(-0.0830163 -0.61785 0)
(-0.0915786 -0.663616 0)
(-0.099224 -0.707511 0)
(-0.107303 -0.755705 0)
(-0.120842 -0.828733 0)
(-0.144533 -0.950449 0)
(-0.164909 -1.08428 0)
(-0.147635 -1.08127 0)
(-0.0822246 -0.775448 0)
(-0.00825272 -0.213589 0)
(0.00614329 0.13253 0)
(0.0371958 0.383683 0)
(0.0646242 0.5597 0)
(0.0834806 0.669859 0)
(0.0964831 0.739921 0)
(0.106536 0.781044 0)
(0.113773 0.794968 0)
(0.117794 0.783804 0)
(0.118776 0.752865 0)
(0.117446 0.709351 0)
(0.114789 0.660151 0)
(0.111714 0.610211 0)
(0.10883 0.562031 0)
(0.106381 0.516157 0)
(0.104333 0.472117 0)
(0.10252 0.429232 0)
(0.100766 0.387032 0)
(0.0989377 0.345312 0)
(0.0969505 0.304035 0)
(0.0947485 0.26322 0)
(0.0922855 0.222873 0)
(0.0895152 0.182972 0)
(0.0863892 0.143473 0)
(0.0828576 0.104319 0)
(0.0788691 0.0654507 0)
(0.0744741 0.0267969 0)
(0.0697631 -0.0118365 0)
(0.0645161 -0.0505303 0)
(0.0585651 -0.0894189 0)
(0.0520224 -0.128604 0)
(0.0449027 -0.168157 0)
(0.0371883 -0.208169 0)
(0.0288862 -0.248744 0)
(0.0200177 -0.29 0)
(0.0106143 -0.33209 0)
(0.000717615 -0.3752 0)
(-0.00962335 -0.419532 0)
(-0.020336 -0.465223 0)
(-0.0313064 -0.512226 0)
(-0.0423689 -0.560138 0)
(-0.0532842 -0.608035 0)
(-0.0637321 -0.654562 0)
(-0.0734861 -0.698945 0)
(-0.0831271 -0.745097 0)
(-0.096364 -0.81076 0)
(-0.119258 -0.926432 0)
(-0.144441 -1.07656 0)
(-0.138384 -1.11788 0)
(-0.0829094 -0.84707 0)
(-0.00979958 -0.256204 0)
(0.00525674 0.112188 0)
(0.0385248 0.350365 0)
(0.0726736 0.532645 0)
(0.0984986 0.651168 0)
(0.116853 0.72609 0)
(0.131045 0.770493 0)
(0.141719 0.787853 0)
(0.14848 0.780258 0)
(0.151436 0.752393 0)
(0.151384 0.710986 0)
(0.149482 0.662812 0)
(0.14686 0.61303 0)
(0.144317 0.56452 0)
(0.142223 0.518189 0)
(0.140595 0.4738 0)
(0.139264 0.430755 0)
(0.138022 0.388566 0)
(0.136701 0.346975 0)
(0.135193 0.305904 0)
(0.133426 0.265347 0)
(0.131347 0.225303 0)
(0.128907 0.185753 0)
(0.126056 0.146651 0)
(0.122747 0.107936 0)
(0.118931 0.0695321 0)
(0.114601 0.03136 0)
(0.109851 -0.00673726 0)
(0.104525 -0.0448565 0)
(0.0984367 -0.0831272 0)
(0.0916614 -0.121669 0)
(0.0842159 -0.160573 0)
(0.0760772 -0.199936 0)
(0.0672441 -0.239869 0)
(0.057734 -0.280508 0)
(0.0475752 -0.322017 0)
(0.0368075 -0.364598 0)
(0.0254846 -0.408465 0)
(0.0136775 -0.453777 0)
(0.00147802 -0.500527 0)
(-0.0109914 -0.548369 0)
(-0.0235544 -0.596446 0)
(-0.035963 -0.643429 0)
(-0.0480076 -0.688269 0)
(-0.0598312 -0.733339 0)
(-0.0738808 -0.793159 0)
(-0.0961627 -0.901113 0)
(-0.124722 -1.06157 0)
(-0.12854 -1.14389 0)
(-0.0829996 -0.912664 0)
(-0.0111224 -0.300263 0)
(0.00428654 0.0922761 0)
(0.038316 0.312983 0)
(0.0782885 0.498725 0)
(0.111221 0.62614 0)
(0.135366 0.707411 0)
(0.153946 0.756078 0)
(0.16825 0.777528 0)
(0.178045 0.774185 0)
(0.18335 0.75012 0)
(0.184932 0.711465 0)
(0.184056 0.664787 0)
(0.182042 0.615424 0)
(0.179896 0.566663 0)
(0.178155 0.519847 0)
(0.176933 0.475038 0)
(0.176085 0.431774 0)
(0.175387 0.389569 0)
(0.174632 0.348119 0)
(0.173675 0.307288 0)
(0.172422 0.267038 0)
(0.170804 0.227356 0)
(0.168768 0.188217 0)
(0.166259 0.149575 0)
(0.163229 0.111365 0)
(0.159627 0.073503 0)
(0.155414 0.0358986 0)
(0.150666 -0.00157827 0)
(0.145274 -0.0390508 0)
(0.139051 -0.0766272 0)
(0.132041 -0.114437 0)
(0.124258 -0.152594 0)
(0.115677 -0.191207 0)
(0.106288 -0.2304 0)
(0.0961048 -0.270318 0)
(0.0851539 -0.311141 0)
(0.0734732 -0.353077 0)
(0.0611121 -0.396351 0)
(0.0481298 -0.44114 0)
(0.0345966 -0.487463 0)
(0.0206061 -0.535011 0)
(0.00628532 -0.582982 0)
(-0.00818825 -0.63009 0)
(-0.0226645 -0.675166 0)
(-0.0370811 -0.719648 0)
(-0.0529114 -0.775121 0)
(-0.0751322 -0.874881 0)
(-0.106096 -1.04059 0)
(-0.118585 -1.1601 0)
(-0.0829256 -0.972093 0)
(-0.0123181 -0.345433 0)
(0.00333204 0.0734846 0)
(0.03669 0.272911 0)
(0.0811946 0.45849 0)
(0.121071 0.594484 0)
(0.151475 0.683476 0)
(0.174828 0.737544 0)
(0.193007 0.763742 0)
(0.206145 0.765234 0)
(0.214211 0.745645 0)
(0.217866 0.71043 0)
(0.218387 0.665819 0)
(0.217229 0.617251 0)
(0.215605 0.568416 0)
(0.214251 0.521131 0)
(0.213426 0.475838 0)
(0.213055 0.432273 0)
(0.212915 0.389999 0)
(0.212771 0.348672 0)
(0.212436 0.308102 0)
(0.211777 0.268204 0)
(0.210706 0.228942 0)
(0.209153 0.190278 0)
(0.207059 0.152164 0)
(0.204368 0.114531 0)
(0.20103 0.0772922 0)
(0.196988 0.0403478 0)
(0.192286 0.00358556 0)
(0.186849 -0.0331452 0)
(0.180509 -0.0699341 0)
(0.173273 -0.106915 0)
(0.16515 -0.144218 0)
(0.156115 -0.181968 0)
(0.146154 -0.220301 0)
(0.135275 -0.259376 0)
(0.1235 -0.299385 0)
(0.110864 -0.34055 0)
(0.0974101 -0.383102 0)
(0.0831848 -0.427225 0)
(0.0682357 -0.472945 0)
(0.0526176 -0.519973 0)
(0.0364023 -0.567549 0)
(0.0197119 -0.614423 0)
(0.00264967 -0.659404 0)
(-0.0146457 -0.70343 0)
(-0.0330298 -0.755805 0)
(-0.0559447 -0.847754 0)
(-0.0887339 -1.01461 0)
(-0.108858 -1.16721 0)
(-0.083064 -1.02539 0)
(-0.0135668 -0.391641 0)
(0.00247011 0.0563422 0)
(0.0338678 0.2317 0)
(0.0812449 0.41289 0)
(0.127475 0.556113 0)
(0.164498 0.653811 0)
(0.193133 0.714528 0)
(0.215524 0.746203 0)
(0.232324 0.753035 0)
(0.243584 0.738513 0)
(0.249819 0.707427 0)
(0.252218 0.66554 0)
(0.252292 0.618274 0)
(0.251425 0.569661 0)
(0.250568 0.522012 0)
(0.250168 0.476206 0)
(0.250269 0.432254 0)
(0.250692 0.389829 0)
(0.251186 0.348581 0)
(0.251526 0.30827 0)
(0.251537 0.268758 0)
(0.251096 0.229969 0)
(0.250112 0.191851 0)
(0.248512 0.154342 0)
(0.246232 0.117369 0)
(0.243215 0.0808414 0)
(0.239401 0.0446561 0)
(0.234797 0.00870348 0)
(0.229348 -0.0271733 0)
(0.222917 -0.0630651 0)
(0.215471 -0.0991073 0)
(0.207014 -0.135443 0)
(0.197526 -0.17221 0)
(0.186988 -0.209558 0)
(0.175401 -0.247661 0)
(0.162783 -0.286723 0)
(0.149162 -0.326976 0)
(0.134571 -0.368654 0)
(0.119038 -0.411937 0)
(0.102583 -0.456851 0)
(0.0852197 -0.503116 0)
(0.0669679 -0.549999 0)
(0.0478925 -0.596288 0)
(0.0280596 -0.640789 0)
(0.00764698 -0.684241 0)
(-0.0138709 -0.73443 0)
(-0.0383175 -0.819491 0)
(-0.072675 -0.984294 0)
(-0.0995487 -1.16578 0)
(-0.0837077 -1.07265 0)
(-0.015115 -0.439083 0)
(0.0017436 0.041197 0)
(0.0301558 0.190974 0)
(0.0784714 0.363298 0)
(0.129941 0.51129 0)
(0.17366 0.617975 0)
(0.208128 0.686549 0)
(0.235187 0.724556 0)
(0.256007 0.737212 0)
(0.270892 0.728238 0)
(0.280261 0.701914 0)
(0.285128 0.663457 0)
(0.286958 0.61812 0)
(0.287235 0.570171 0)
(0.287112 0.522384 0)
(0.287247 0.476113 0)
(0.287854 0.43172 0)
(0.288843 0.389055 0)
(0.289986 0.347817 0)
(0.291034 0.307736 0)
(0.291772 0.268622 0)
(0.292036 0.230356 0)
(0.291703 0.192851 0)
(0.290678 0.156029 0)
(0.288885 0.119808 0)
(0.286258 0.0840921 0)
(0.28273 0.0487721 0)
(0.278281 0.0137356 0)
(0.27287 -0.0211703 0)
(0.26638 -0.0560471 0)
(0.258751 -0.0910332 0)
(0.249982 -0.12628 0)
(0.240056 -0.161938 0)
(0.228949 -0.19817 0)
(0.216658 -0.235165 0)
(0.203193 -0.273137 0)
(0.188571 -0.312324 0)
(0.172808 -0.352955 0)
(0.155906 -0.395201 0)
(0.137853 -0.439074 0)
(0.118616 -0.484294 0)
(0.0981621 -0.530149 0)
(0.076504 -0.575481 0)
(0.0536823 -0.619137 0)
(0.0299321 -0.661712 0)
(0.00488328 -0.71031 0)
(-0.0219139 -0.789709 0)
(-0.0578366 -0.950137 0)
(-0.0906832 -1.15621 0)
(-0.0850301 -1.11394 0)
(-0.0172504 -0.488198 0)
(0.00116097 0.0282211 0)
(0.0259143 0.152283 0)
(0.0731257 0.311481 0)
(0.128173 0.46077 0)
(0.178179 0.575729 0)
(0.218918 0.653064 0)
(0.251198 0.698352 0)
(0.276468 0.717359 0)
(0.295418 0.714322 0)
(0.308484 0.693287 0)
(0.316493 0.658945 0)
(0.320753 0.616248 0)
(0.322749 0.569552 0)
(0.323774 0.522011 0)
(0.324698 0.47545 0)
(0.325933 0.430634 0)
(0.327534 0.38767 0)
(0.329341 0.346367 0)
(0.331113 0.306466 0)
(0.332611 0.267742 0)
(0.333632 0.230028 0)
(0.334017 0.193198 0)
(0.333642 0.157148 0)
(0.332411 0.121775 0)
(0.330244 0.0869758 0)
(0.327067 0.0526342 0)
(0.322838 0.0186323 0)
(0.317522 -0.0151816 0)
(0.311017 -0.0489196 0)
(0.303248 -0.0827246 0)
(0.294204 -0.116754 0)
(0.283871 -0.151172 0)
(0.272224 -0.186153 0)
(0.259249 -0.221896 0)
(0.244947 -0.258624 0)
(0.229318 -0.296571 0)
(0.212351 -0.33596 0)
(0.194019 -0.376939 0)
(0.174266 -0.419499 0)
(0.15301 -0.463351 0)
(0.130168 -0.507805 0)
(0.105703 -0.551771 0)
(0.0796437 -0.594198 0)
(0.0522988 -0.63567 0)
(0.0234758 -0.682783 0)
(-0.00636834 -0.757963 0)
(-0.04405 -0.912481 0)
(-0.0821301 -1.13872 0)
(-0.0870537 -1.14919 0)
(-0.0202581 -0.539639 0)
(0.000708104 0.017434 0)
(0.0215123 0.116942 0)
(0.065692 0.259484 0)
(0.122175 0.405888 0)
(0.177409 0.527243 0)
(0.224507 0.613598 0)
(0.262556 0.667054 0)
(0.292796 0.69302 0)
(0.316278 0.696263 0)
(0.333604 0.680909 0)
(0.345467 0.651275 0)
(0.352956 0.611944 0)
(0.357438 0.567207 0)
(0.360248 0.520463 0)
(0.36242 0.473956 0)
(0.36457 0.42887 0)
(0.366933 0.385627 0)
(0.369468 0.344217 0)
(0.371992 0.304447 0)
(0.37427 0.266088 0)
(0.376077 0.228939 0)
(0.377224 0.192831 0)
(0.377555 0.157625 0)
(0.376949 0.123196 0)
(0.375307 0.0894214 0)
(0.372546 0.0561749 0)
(0.368605 0.0233303 0)
(0.363448 -0.00926562 0)
(0.356987 -0.0417366 0)
(0.349133 -0.0742304 0)
(0.339869 -0.106911 0)
(0.329179 -0.139952 0)
(0.317034 -0.173539 0)
(0.303411 -0.207877 0)
(0.288291 -0.243189 0)
(0.271651 -0.279703 0)
(0.253447 -0.317619 0)
(0.23361 -0.357062 0)
(0.212037 -0.397993 0)
(0.188595 -0.44011 0)
(0.163149 -0.482747 0)
(0.135628 -0.524909 0)
(0.106064 -0.565704 0)
(0.0748543 -0.605834 0)
(0.0420422 -0.651554 0)
(0.00867213 -0.723683 0)
(-0.0310904 -0.871621 0)
(-0.0736149 -1.1134 0)
(-0.089635 -1.17812 0)
(-0.0243621 -0.594202 0)
(0.000366272 0.00873214 0)
(0.0172812 0.0858844 0)
(0.0568555 0.209444 0)
(0.112329 0.348569 0)
(0.171002 0.473302 0)
(0.223939 0.567954 0)
(0.26809 0.630115 0)
(0.303858 0.663664 0)
(0.332402 0.673536 0)
(0.354557 0.66414 0)
(0.370991 0.639659 0)
(0.382578 0.604352 0)
(0.390474 0.562326 0)
(0.395937 0.517075 0)
(0.40007 0.471151 0)
(0.403656 0.426126 0)
(0.407117 0.382765 0)
(0.410574 0.341295 0)
(0.413945 0.30165 0)
(0.417049 0.263644 0)
(0.419669 0.227063 0)
(0.421603 0.191711 0)
(0.422675 0.157413 0)
(0.422737 0.124013 0)
(0.421674 0.0913652 0)
(0.419388 0.0593284 0)
(0.415798 0.0277627 0)
(0.410867 -0.00348681 0)
(0.404514 -0.0345623 0)
(0.39664 -0.0656135 0)
(0.387221 -0.0968101 0)
(0.376235 -0.128333 0)
(0.363645 -0.160374 0)
(0.34941 -0.193139 0)
(0.333488 -0.226842 0)
(0.315822 -0.261695 0)
(0.296328 -0.297871 0)
(0.274888 -0.335462 0)
(0.251345 -0.374396 0)
(0.225517 -0.414361 0)
(0.197224 -0.454729 0)
(0.166376 -0.494626 0)
(0.133035 -0.533387 0)
(0.0977145 -0.571948 0)
(0.0607035 -0.61643 0)
(0.0235491 -0.686332 0)
(-0.0186591 -0.82787 0)
(-0.0647 -1.08029 0)
(-0.0924448 -1.20017 0)
(-0.0296536 -0.652681 0)
(0.000127652 0.00190995 0)
(0.0134882 0.059582 0)
(0.0474164 0.163344 0)
(0.0993951 0.291214 0)
(0.159049 0.415445 0)
(0.216493 0.516487 0)
(0.26658 0.587163 0)
(0.308312 0.628725 0)
(0.342491 0.645569 0)
(0.370078 0.642336 0)
(0.391797 0.623296 0)
(0.408367 0.592525 0)
(0.420701 0.55392 0)
(0.429872 0.510932 0)
(0.436937 0.466286 0)
(0.44276 0.421853 0)
(0.44792 0.378724 0)
(0.452706 0.337393 0)
(0.45718 0.29797 0)
(0.461253 0.260359 0)
(0.464766 0.224378 0)
(0.467533 0.189819 0)
(0.469377 0.156484 0)
(0.470141 0.124188 0)
(0.469694 0.0927609 0)
(0.467926 0.06204 0)
(0.464743 0.031869 0)
(0.460095 0.00208935 0)
(0.453908 -0.0274642 0)
(0.446079 -0.0569413 0)
(0.436566 -0.0865149 0)
(0.425337 -0.116371 0)
(0.41234 -0.1467 0)
(0.397513 -0.177701 0)
(0.38078 -0.209573 0)
(0.362043 -0.2425 0)
(0.34117 -0.276624 0)
(0.31799 -0.311996 0)
(0.292291 -0.348516 0)
(0.263843 -0.385866 0)
(0.232436 -0.42348 0)
(0.197984 -0.460648 0)
(0.160614 -0.496998 0)
(0.120991 -0.533808 0)
(0.0796371 -0.577231 0)
(0.0386418 -0.645608 0)
(-0.00636684 -0.781579 0)
(-0.0547644 -1.03951 0)
(-0.0949121 -1.21438 0)
(-0.0359797 -0.715647 0)
(3.6362e-06 -0.00333095 0)
(0.0103337 0.0380626 0)
(0.038157 0.122782 0)
(0.0844129 0.236475 0)
(0.142129 0.355977 0)
(0.201865 0.460332 0)
(0.256948 0.538265 0)
(0.3047 0.587731 0)
(0.345026 0.611748 0)
(0.378685 0.614825 0)
(0.406414 0.601388 0)
(0.428841 0.575497 0)
(0.446656 0.540894 0)
(0.460692 0.50092 0)
(0.471855 0.458339 0)
(0.480984 0.415206 0)
(0.488738 0.372867 0)
(0.495547 0.332069 0)
(0.50162 0.293125 0)
(0.507001 0.256071 0)
(0.51162 0.220792 0)
(0.515352 0.187105 0)
(0.51805 0.154806 0)
(0.519569 0.123694 0)
(0.51978 0.0935768 0)
(0.518569 0.0642718 0)
(0.515835 0.0356051 0)
(0.511513 0.00740925 0)
(0.50553 -0.0204967 0)
(0.497786 -0.0482656 0)
(0.488213 -0.0760714 0)
(0.476761 -0.104098 0)
(0.463359 -0.13253 0)
(0.447913 -0.16155 0)
(0.43031 -0.191332 0)
(0.410405 -0.222029 0)
(0.388013 -0.253741 0)
(0.362908 -0.28648 0)
(0.334828 -0.320122 0)
(0.303503 -0.354361 0)
(0.268716 -0.388725 0)
(0.230417 -0.422722 0)
(0.188836 -0.456346 0)
(0.144816 -0.491307 0)
(0.0991181 -0.533922 0)
(0.0543919 -0.601523 0)
(0.00628312 -0.733094 0)
(-0.0430363 -0.991408 0)
(-0.0961772 -1.21942 0)
(-0.0428021 -0.783326 0)
(1.70357e-05 -0.00738012 0)
(0.00791508 0.0210055 0)
(0.0296377 0.0888237 0)
(0.068436 0.18695 0)
(0.121177 0.297808 0)
(0.18026 0.401521 0)
(0.238488 0.484207 0)
(0.291652 0.540552 0)
(0.338353 0.571514 0)
(0.378689 0.580907 0)
(0.413173 0.573136 0)
(0.442315 0.55232 0)
(0.46662 0.52214 0)
(0.486681 0.485828 0)
(0.503189 0.446097 0)
(0.516866 0.405069 0)
(0.528358 0.364248 0)
(0.53817 0.324583 0)
(0.546633 0.286573 0)
(0.553919 0.250405 0)
(0.560078 0.216062 0)
(0.565077 0.183416 0)
(0.568832 0.152287 0)
(0.571242 0.122472 0)
(0.5722 0.0937722 0)
(0.571605 0.0659915 0)
(0.56936 0.0389427 0)
(0.565391 0.0124479 0)
(0.559626 -0.0136805 0)
(0.551965 -0.0395998 0)
(0.542315 -0.0654806 0)
(0.530604 -0.0914979 0)
(0.516733 -0.117821 0)
(0.500577 -0.144611 0)
(0.481978 -0.17201 0)
(0.460744 -0.200131 0)
(0.436638 -0.229032 0)
(0.409385 -0.258689 0)
(0.378682 -0.288963 0)
(0.344241 -0.31959 0)
(0.305866 -0.350231 0)
(0.26358 -0.380675 0)
(0.217755 -0.411352 0)
(0.169424 -0.444477 0)
(0.119583 -0.48661 0)
(0.0713659 -0.554209 0)
(0.0199913 -0.682912 0)
(-0.0286974 -0.936882 0)
(-0.0951287 -1.21377 0)
(-0.04911 -0.855644 0)
(0.000155434 -0.0106569 0)
(0.00602644 0.00792816 0)
(0.0218196 0.062022 0)
(0.0520268 0.144883 0)
(0.0970793 0.244101 0)
(0.152243 0.342859 0)
(0.210986 0.426646 0)
(0.268145 0.48766 0)
(0.320913 0.524566 0)
(0.368304 0.539924 0)
(0.410238 0.537737 0)
(0.446933 0.522078 0)
(0.47868 0.496602 0)
(0.505848 0.46446 0)
(0.528907 0.428282 0)
(0.548404 0.390169 0)
(0.564896 0.351689 0)
(0.578885 0.313909 0)
(0.590769 0.277476 0)
(0.600823 0.242711 0)
(0.609209 0.209706 0)
(0.615999 0.178411 0)
(0.6212 0.14869 0)
(0.624777 0.120367 0)
(0.626672 0.0932485 0)
(0.626816 0.06714 0)
(0.625132 0.0418511 0)
(0.621548 0.0171999 0)
(0.615994 -0.00699961 0)
(0.608377 -0.0309079 0)
(0.598582 -0.0546833 0)
(0.586512 -0.0784843 0)
(0.572044 -0.102459 0)
(0.555018 -0.126739 0)
(0.535237 -0.15143 0)
(0.512464 -0.176602 0)
(0.486423 -0.202273 0)
(0.456802 -0.228388 0)
(0.423281 -0.254817 0)
(0.385588 -0.281371 0)
(0.343586 -0.307897 0)
(0.29741 -0.334519 0)
(0.247587 -0.362153 0)
(0.195321 -0.393559 0)
(0.141787 -0.435574 0)
(0.0904329 -0.503913 0)
(0.0358517 -0.631314 0)
(-0.0110298 -0.877479 0)
(-0.0905143 -1.19571 0)
(-0.0534254 -0.931829 0)
(0.00027836 -0.0133676 0)
(0.00370187 -0.00140894 0)
(0.0133907 0.0426654 0)
(0.0344187 0.111913 0)
(0.0698966 0.197743 0)
(0.118254 0.287493 0)
(0.174612 0.367987 0)
(0.233687 0.430287 0)
(0.291542 0.471105 0)
(0.345914 0.491442 0)
(0.39577 0.494461 0)
(0.440746 0.483906 0)
(0.480793 0.463309 0)
(0.516026 0.435726 0)
(0.546697 0.403693 0)
(0.573167 0.369242 0)
(0.595866 0.333927 0)
(0.615232 0.298861 0)
(0.63167 0.264774 0)
(0.645511 0.232088 0)
(0.657002 0.200994 0)
(0.666311 0.171519 0)
(0.673537 0.14359 0)
(0.678725 0.11707 0)
(0.681883 0.0917951 0)
(0.682992 0.0675856 0)
(0.682009 0.0442621 0)
(0.678883 0.0216504 0)
(0.673551 -0.000422816 0)
(0.665929 -0.0221174 0)
(0.655898 -0.0435702 0)
(0.643339 -0.0649151 0)
(0.628109 -0.0862724 0)
(0.610024 -0.107739 0)
(0.588861 -0.12938 0)
(0.564354 -0.151226 0)
(0.536208 -0.173259 0)
(0.504109 -0.195416 0)
(0.467761 -0.217601 0)
(0.426955 -0.239741 0)
(0.381654 -0.261916 0)
(0.332126 -0.284621 0)
(0.279029 -0.309267 0)
(0.223656 -0.339134 0)
(0.167209 -0.381317 0)
(0.113205 -0.450877 0)
(0.0556189 -0.577852 0)
(0.0106496 -0.815138 0)
(-0.0808892 -1.16271 0)
(-0.0537574 -1.0087 0)
(-4.31659e-05 -0.0148244 0)
(-0.0014094 -0.00611629 0)
(0.00102718 0.0313747 0)
(0.0125968 0.089027 0)
(0.0378828 0.160727 0)
(0.0778041 0.238133 0)
(0.129482 0.310849 0)
(0.188293 0.370274 0)
(0.249742 0.411978 0)
(0.31044 0.43549 0)
(0.368236 0.442836 0)
(0.421926 0.437089 0)
(0.470915 0.421428 0)
(0.514969 0.398706 0)
(0.554092 0.371318 0)
(0.58846 0.341189 0)
(0.618359 0.309811 0)
(0.644143 0.278282 0)
(0.666176 0.247362 0)
(0.684802 0.217527 0)
(0.700316 0.189038 0)
(0.712954 0.161993 0)
(0.722894 0.136378 0)
(0.730259 0.112109 0)
(0.735124 0.0890596 0)
(0.737529 0.0670816 0)
(0.73748 0.0460202 0)
(0.734955 0.0257219 0)
(0.729917 0.00603822 0)
(0.722289 -0.0131777 0)
(0.711969 -0.0320394 0)
(0.698831 -0.0506502 0)
(0.682724 -0.0690954 0)
(0.663463 -0.0874341 0)
(0.640821 -0.105696 0)
(0.614541 -0.123877 0)
(0.584355 -0.141945 0)
(0.549997 -0.159852 0)
(0.511257 -0.177573 0)
(0.468034 -0.195186 0)
(0.42042 -0.213023 0)
(0.368793 -0.231944 0)
(0.313859 -0.253806 0)
(0.256856 -0.282326 0)
(0.198779 -0.32477 0)
(0.142945 -0.395548 0)
(0.0825568 -0.522164 0)
(0.0379542 -0.751318 0)
(-0.0637875 -1.1112 0)
(-0.0473676 -1.07931 0)
(-0.00178252 -0.0121794 0)
(-0.0131696 -0.0030067 0)
(-0.0205237 0.0296098 0)
(-0.0187506 0.0765918 0)
(-0.00298086 0.133691 0)
(0.0288076 0.196247 0)
(0.0750936 0.257208 0)
(0.13221 0.309516 0)
(0.195756 0.348517 0)
(0.261674 0.372684 0)
(0.326844 0.382884 0)
(0.389148 0.381268 0)
(0.447287 0.370395 0)
(0.50055 0.352726 0)
(0.548627 0.330401 0)
(0.591478 0.30518 0)
(0.629243 0.278444 0)
(0.662171 0.251232 0)
(0.690571 0.224287 0)
(0.71477 0.198104 0)
(0.735077 0.172981 0)
(0.751771 0.149065 0)
(0.765082 0.126396 0)
(0.775196 0.104939 0)
(0.782253 0.0846119 0)
(0.78635 0.0653064 0)
(0.787544 0.0469025 0)
(0.785858 0.0292781 0)
(0.781286 0.0123178 0)
(0.773784 -0.00409422 0)
(0.76327 -0.02005 0)
(0.749636 -0.0356242 0)
(0.732759 -0.0508685 0)
(0.712483 -0.065807 0)
(0.688629 -0.0804404 0)
(0.661006 -0.0947519 0)
(0.629433 -0.108719 0)
(0.593765 -0.12234 0)
(0.553923 -0.135684 0)
(0.50994 -0.148987 0)
(0.462009 -0.162807 0)
(0.410529 -0.178297 0)
(0.3561 -0.197651 0)
(0.299696 -0.224897 0)
(0.241867 -0.267388 0)
(0.18551 -0.338875 0)
(0.122583 -0.46448 0)
(0.0759736 -0.68708 0)
(-0.0344847 -1.03974 0)
(-0.0308773 -1.13662 0)
(-0.00668159 0.000556476 0)
(-0.0363381 0.0133643 0)
(-0.0570869 0.0395974 0)
(-0.0654664 0.0742771 0)
(-0.0576389 0.115581 0)
(-0.0320999 0.161323 0)
(0.010083 0.20758 0)
(0.0656156 0.24924 0)
(0.130431 0.282127 0)
(0.200415 0.304157 0)
(0.271909 0.315293 0)
(0.342061 0.316727 0)
(0.408887 0.310204 0)
(0.47114 0.297591 0)
(0.528131 0.280628 0)
(0.57956 0.260805 0)
(0.62539 0.239331 0)
(0.665756 0.217139 0)
(0.700895 0.194919 0)
(0.731099 0.17315 0)
(0.756672 0.152141 0)
(0.777912 0.13207 0)
(0.795086 0.113015 0)
(0.808428 0.0949831 0)
(0.818132 0.0779362 0)
(0.82435 0.0618071 0)
(0.827198 0.0465144 0)
(0.826754 0.0319722 0)
(0.823062 0.0180995 0)
(0.816136 0.00482213 0)
(0.805952 -0.00792076 0)
(0.792427 -0.0201746 0)
(0.775514 -0.0319837 0)
(0.755152 -0.0433655 0)
(0.731269 -0.0543142 0)
(0.703799 -0.0648182 0)
(0.672704 -0.0748832 0)
(0.637984 -0.0845641 0)
(0.599698 -0.0940173 0)
(0.55797 -0.103592 0)
(0.512993 -0.113983 0)
(0.46503 -0.126493 0)
(0.414352 -0.143466 0)
(0.361393 -0.169067 0)
(0.305965 -0.210662 0)
(0.250268 -0.281508 0)
(0.184652 -0.404739 0)
(0.135482 -0.619172 0)
(0.0115521 -0.956754 0)
(-0.00181897 -1.1791 0)
(-0.0171198 0.0329902 0)
(-0.0747798 0.0491325 0)
(-0.111617 0.0627102 0)
(-0.129635 0.080514 0)
(-0.127601 0.103505 0)
(-0.10578 0.130901 0)
(-0.065717 0.160521 0)
(-0.0106464 0.189172 0)
(0.0554239 0.213537 0)
(0.128522 0.231118 0)
(0.205027 0.24123 0)
(0.281669 0.244365 0)
(0.355949 0.241456 0)
(0.426168 0.233658 0)
(0.491275 0.222173 0)
(0.550698 0.208116 0)
(0.604201 0.192437 0)
(0.651785 0.175905 0)
(0.693601 0.159108 0)
(0.729895 0.142474 0)
(0.760957 0.126298 0)
(0.787092 0.110764 0)
(0.808596 0.0959741 0)
(0.825746 0.0819685 0)
(0.838788 0.0687447 0)
(0.847937 0.0562729 0)
(0.853374 0.0445078 0)
(0.855247 0.0333977 0)
(0.853677 0.0228915 0)
(0.848762 0.012945 0)
(0.840568 0.00352261 0)
(0.829212 -0.00539645 0)
(0.8146 -0.0138228 0)
(0.796792 -0.0217951 0)
(0.775869 -0.0293443 0)
(0.751908 -0.0364867 0)
(0.724994 -0.0432544 0)
(0.69523 -0.0497332 0)
(0.66273 -0.0561137 0)
(0.627604 -0.0627695 0)
(0.589915 -0.070392 0)
(0.549633 -0.0802303 0)
(0.50649 -0.0945096 0)
(0.460074 -0.117196 0)
(0.408938 -0.155341 0)
(0.353758 -0.221633 0)
(0.28318 -0.337854 0)
(0.228218 -0.539239 0)
(0.0731136 -0.870563 0)
(0.0414303 -1.19755 0)
(-0.0353323 0.0984259 0)
(-0.125151 0.109878 0)
(-0.171025 0.0979453 0)
(-0.19223 0.0923594 0)
(-0.192108 0.094372 0)
(-0.17199 0.102298 0)
(-0.133529 0.114698 0)
(-0.0796321 0.129313 0)
(-0.014013 0.143476 0)
(0.059772 0.154994 0)
(0.138536 0.162713 0)
(0.219045 0.166369 0)
(0.298397 0.166152 0)
(0.374553 0.162558 0)
(0.446175 0.15624 0)
(0.512437 0.147887 0)
(0.572901 0.138136 0)
(0.627415 0.127536 0)
(0.676025 0.116533 0)
(0.718911 0.105465 0)
(0.75633 0.0945796 0)
(0.78858 0.0840433 0)
(0.815972 0.0739599 0)
(0.838812 0.0643846 0)
(0.857389 0.0553381 0)
(0.871968 0.0468171 0)
(0.882789 0.0388035 0)
(0.890065 0.0312718 0)
(0.893985 0.0241934 0)
(0.894716 0.0175414 0)
(0.892416 0.0112892 0)
(0.887197 0.00542927 0)
(0.879316 -4.3978e-05 0)
(0.868845 -0.00514598 0)
(0.855813 -0.00990741 0)
(0.840347 -0.0143702 0)
(0.822574 -0.0185874 0)
(0.8026 -0.0226462 0)
(0.780504 -0.0267123 0)
(0.756298 -0.031093 0)
(0.729861 -0.0363409 0)
(0.700841 -0.0434455 0)
(0.668414 -0.0541812 0)
(0.631192 -0.0717521 0)
(0.585975 -0.101953 0)
(0.530384 -0.155474 0)
(0.449738 -0.251649 0)
(0.373041 -0.4238 0)
(0.152675 -0.740906 0)
(0.118106 -1.13979 0)
(-0.0728603 0.213875 0)
(-0.144631 0.15983 0)
(-0.141766 0.103327 0)
(-0.130609 0.0842406 0)
(-0.112515 0.072281 0)
(-0.0851785 0.063738 0)
(-0.0473145 0.0605558 0)
(0.00103947 0.0620351 0)
(0.0590213 0.0662356 0)
(0.125302 0.0716868 0)
(0.197747 0.0770738 0)
(0.273681 0.0812687 0)
(0.350561 0.0837438 0)
(0.42633 0.084381 0)
(0.499444 0.0833006 0)
(0.568802 0.0807561 0)
(0.63368 0.0770585 0)
(0.693655 0.0725225 0)
(0.748543 0.0674329 0)
(0.798329 0.0620284 0)
(0.843115 0.0564986 0)
(0.883081 0.0509858 0)
(0.91845 0.0455911 0)
(0.949467 0.0403819 0)
(0.976381 0.0353999 0)
(0.999437 0.0306674 0)
(1.01886 0.0261935 0)
(1.03488 0.0219786 0)
(1.04769 0.0180178 0)
(1.05746 0.0143031 0)
(1.06438 0.0108262 0)
(1.0686 0.00757528 0)
(1.07027 0.00454328 0)
(1.06954 0.00173775 0)
(1.06662 -0.000847333 0)
(1.06161 -0.00323655 0)
(1.05461 -0.00546601 0)
(1.04568 -0.00759258 0)
(1.03487 -0.00972125 0)
(1.02211 -0.0120444 0)
(1.00716 -0.0149008 0)
(0.989492 -0.0188872 0)
(0.967953 -0.0250652 0)
(0.940495 -0.035328 0)
(0.902561 -0.0530636 0)
(0.848421 -0.0844555 0)
(0.758041 -0.142004 0)
(0.641576 -0.252086 0)
(0.336036 -0.49556 0)
(0.327948 -0.86218 0)
(0.238782 0.159767 0)
(0.357179 0.172605 0)
(0.470703 0.127624 0)
(0.57165 0.0910097 0)
(0.648009 0.0667725 0)
(0.706956 0.0498574 0)
(0.756373 0.0374338 0)
(0.801075 0.028247 0)
(0.844166 0.0216385 0)
(0.887767 0.0171873 0)
(0.933012 0.0144608 0)
(0.98014 0.0129827 0)
(1.02876 0.0123071 0)
(1.07813 0.0120642 0)
(1.12736 0.0119773 0)
(1.17558 0.0118644 0)
(1.22202 0.0116255 0)
(1.26609 0.0112225 0)
(1.30735 0.0106566 0)
(1.34549 0.00995132 0)
(1.38038 0.00913982 0)
(1.41194 0.00825732 0)
(1.44022 0.0073357 0)
(1.4653 0.00640174 0)
(1.48729 0.00547698 0)
(1.50633 0.00457759 0)
(1.52259 0.0037151 0)
(1.53623 0.00289769 0)
(1.5474 0.00213081 0)
(1.55628 0.00141752 0)
(1.563 0.000759568 0)
(1.56772 0.000157676 0)
(1.57059 -0.000388187 0)
(1.57175 -0.000878726 0)
(1.57132 -0.0013138 0)
(1.56946 -0.00169666 0)
(1.56627 -0.00203513 0)
(1.56185 -0.00234381 0)
(1.55623 -0.0026507 0)
(1.54936 -0.003007 0)
(1.54099 -0.00350177 0)
(1.53062 -0.00428729 0)
(1.51716 -0.00563154 0)
(1.49872 -0.00798341 0)
(1.47139 -0.0121726 0)
(1.42973 -0.0194135 0)
(1.35672 -0.0331444 0)
(1.24355 -0.0573551 0)
(0.97238 -0.130201 0)
(0.997217 -0.299621 0)
)
;

boundaryField
{
    movingWall
    {
        type            fixedValue;
        value           uniform (2 0 0);
    }
    fixedWalls
    {
        type            fixedValue;
        value           uniform (0 0 0);
    }
    frontAndBack
    {
        type            empty;
    }
}


// ************************************************************************* //
