/*--------------------------------*- C++ -*----------------------------------*\
  =========                 |
  \\      /  F ield         | OpenFOAM: The Open Source CFD Toolbox
   \\    /   O peration     | Website:  https://openfoam.org
    \\  /    A nd           | Version:  7
     \\/     M anipulation  |
\*---------------------------------------------------------------------------*/
FoamFile
{
    version     2.0;
    format      ascii;
    class       volVectorField;
    location    "1400";
    object      U;
}
// * * * * * * * * * * * * * * * * * * * * * * * * * * * * * * * * * * * * * //

dimensions      [0 1 -1 0 0 0 0];

internalField   nonuniform List<vector> 
2500
(
(0.000207614 -0.000201091 0)
(0.00186631 -0.000571127 0)
(0.00447444 -0.000697738 0)
(0.00716334 -0.000600115 0)
(0.00922942 -0.000418992 0)
(0.0104507 -0.000264332 0)
(0.0109305 -0.000188001 0)
(0.0108814 -0.000185875 0)
(0.0104509 -0.000219863 0)
(0.00963448 -0.000245429 0)
(0.00828291 -0.000228682 0)
(0.00616387 -0.000150771 0)
(0.00302009 -2.65301e-06 0)
(-0.00139215 0.000221054 0)
(-0.00727749 0.000523491 0)
(-0.0147684 0.000908193 0)
(-0.0238874 0.00137516 0)
(-0.0345044 0.00191277 0)
(-0.0463016 0.00248782 0)
(-0.0587529 0.003038 0)
(-0.0711299 0.00347352 0)
(-0.082539 0.00368983 0)
(-0.0919912 0.0035885 0)
(-0.0985038 0.00310433 0)
(-0.101212 0.00223158 0)
(-0.0994409 0.00102835 0)
(-0.0929234 -0.00037454 0)
(-0.0817325 -0.00181155 0)
(-0.0663359 -0.00310912 0)
(-0.0475905 -0.00410031 0)
(-0.0267154 -0.00464014 0)
(-0.00519259 -0.00460597 0)
(0.0154522 -0.00393575 0)
(0.0337489 -0.00278447 0)
(0.0483904 -0.00137148 0)
(0.0584213 0.000125514 0)
(0.0634615 0.00149673 0)
(0.0637237 0.00253409 0)
(0.0600141 0.00311175 0)
(0.0534984 0.00322475 0)
(0.0454082 0.00298639 0)
(0.0368471 0.00254957 0)
(0.0286517 0.0020487 0)
(0.0213421 0.00157436 0)
(0.0151479 0.00117425 0)
(0.0100802 0.000863437 0)
(0.00602922 0.000631258 0)
(0.00290125 0.00043604 0)
(0.000795387 0.000192806 0)
(-8.2015e-05 -8.7415e-05 0)
(0.000566271 -0.00181836 0)
(0.00437494 -0.00431648 0)
(0.00958217 -0.00511694 0)
(0.0146041 -0.00444064 0)
(0.0181617 -0.00299827 0)
(0.0197685 -0.00145771 0)
(0.019463 -0.000192349 0)
(0.0174564 0.000765752 0)
(0.0138339 0.00162541 0)
(0.00840656 0.00266535 0)
(0.000737653 0.00410286 0)
(-0.00972908 0.00604387 0)
(-0.0235227 0.00849257 0)
(-0.0410057 0.0113819 0)
(-0.0622582 0.0145734 0)
(-0.0869729 0.0178415 0)
(-0.114392 0.0208657 0)
(-0.143321 0.0232537 0)
(-0.172238 0.024597 0)
(-0.199462 0.024538 0)
(-0.223338 0.02283 0)
(-0.242384 0.0193733 0)
(-0.255401 0.0142323 0)
(-0.261534 0.00763921 0)
(-0.260308 -1.59603e-05 0)
(-0.251655 -0.00821705 0)
(-0.235769 -0.0163936 0)
(-0.213098 -0.0239917 0)
(-0.184411 -0.0304483 0)
(-0.150794 -0.0352296 0)
(-0.113658 -0.0378736 0)
(-0.0746991 -0.0380365 0)
(-0.0358297 -0.0355737 0)
(0.00101683 -0.0306682 0)
(0.0339958 -0.0238187 0)
(0.0614303 -0.0157512 0)
(0.0820029 -0.00728681 0)
(0.0949925 0.000691974 0)
(0.100264 0.00734179 0)
(0.0984325 0.0120805 0)
(0.0909523 0.0147106 0)
(0.0796098 0.0154339 0)
(0.0662311 0.014715 0)
(0.0524142 0.0131076 0)
(0.039337 0.0111172 0)
(0.027694 0.00911043 0)
(0.0177736 0.00724891 0)
(0.00968237 0.00543476 0)
(0.00372629 0.0033433 0)
(0.000329305 0.000918511 0)
(0.000785858 -0.00449539 0)
(0.00568867 -0.00969511 0)
(0.0117182 -0.0109172 0)
(0.0169069 -0.00900567 0)
(0.0197642 -0.00542383 0)
(0.0197131 -0.00146949 0)
(0.0166712 0.00215296 0)
(0.0106364 0.00542354 0)
(0.00138337 0.00878138 0)
(-0.0116196 0.0127928 0)
(-0.0290854 0.017844 0)
(-0.0516418 0.0240119 0)
(-0.0795942 0.0310852 0)
(-0.112713 0.0386002 0)
(-0.150124 0.0458767 0)
(-0.190353 0.0520959 0)
(-0.23151 0.056434 0)
(-0.27156 0.0582051 0)
(-0.308579 0.0569633 0)
(-0.340943 0.052542 0)
(-0.367412 0.0450401 0)
(-0.387141 0.0347733 0)
(-0.399619 0.0222155 0)
(-0.404587 0.00794678 0)
(-0.401966 -0.00738432 0)
(-0.391732 -0.0230958 0)
(-0.373924 -0.0384744 0)
(-0.348814 -0.0527308 0)
(-0.316886 -0.0650314 0)
(-0.278904 -0.0745388 0)
(-0.235959 -0.0804785 0)
(-0.189492 -0.0822392 0)
(-0.141261 -0.0794908 0)
(-0.0932697 -0.07229 0)
(-0.047629 -0.061185 0)
(-0.00633428 -0.0471804 0)
(0.0288909 -0.0315678 0)
(0.056689 -0.0157946 0)
(0.0763684 -0.00115093 0)
(0.0876557 0.0111668 0)
(0.0908136 0.0202508 0)
(0.0870958 0.0257377 0)
(0.0782076 0.0278596 0)
(0.0660389 0.0273061 0)
(0.0523898 0.0249761 0)
(0.0387214 0.0217247 0)
(0.0260341 0.0181223 0)
(0.014968 0.0142394 0)
(0.00625653 0.00958323 0)
(0.000705223 0.00358679 0)
(0.000917708 -0.00772709 0)
(0.00606858 -0.0155927 0)
(0.0115465 -0.016538 0)
(0.0151641 -0.0124516 0)
(0.0154181 -0.00573337 0)
(0.0117499 0.00170004 0)
(0.00393481 0.00894309 0)
(-0.00837589 0.0161043 0)
(-0.0258474 0.0239464 0)
(-0.0492951 0.0332205 0)
(-0.0793565 0.0442066 0)
(-0.116129 0.0565636 0)
(-0.158945 0.0694159 0)
(-0.206352 0.0815406 0)
(-0.25631 0.0916093 0)
(-0.306535 0.0984356 0)
(-0.354854 0.101171 0)
(-0.399459 0.0993961 0)
(-0.439018 0.0930969 0)
(-0.472652 0.082572 0)
(-0.499835 0.0683214 0)
(-0.520271 0.0509477 0)
(-0.533769 0.0310811 0)
(-0.540161 0.00935192 0)
(-0.539282 -0.0135806 0)
(-0.530954 -0.0369799 0)
(-0.515054 -0.0599944 0)
(-0.491551 -0.0816643 0)
(-0.460545 -0.100929 0)
(-0.422356 -0.116645 0)
(-0.377614 -0.127669 0)
(-0.327333 -0.133001 0)
(-0.272976 -0.131953 0)
(-0.216482 -0.124321 0)
(-0.160167 -0.110534 0)
(-0.106515 -0.0917026 0)
(-0.0578723 -0.069529 0)
(-0.0161083 -0.0460161 0)
(0.0175823 -0.0230779 0)
(0.0426095 -0.00245689 0)
(0.058911 0.0146101 0)
(0.0667469 0.0271997 0)
(0.0672286 0.0349368 0)
(0.0619115 0.0381633 0)
(0.0525854 0.0377834 0)
(0.0410418 0.0349324 0)
(0.0288315 0.0305679 0)
(0.0171898 0.0250319 0)
(0.00742135 0.0177402 0)
(0.000862114 0.00736601 0)
(0.000999785 -0.0110183 0)
(0.00561101 -0.020828 0)
(0.00922911 -0.0203485 0)
(0.00967808 -0.0129019 0)
(0.00561969 -0.00193553 0)
(-0.0034648 0.0101274 0)
(-0.01804 0.0223864 0)
(-0.0388614 0.035285 0)
(-0.066863 0.049763 0)
(-0.102697 0.0663463 0)
(-0.146261 0.0846622 0)
(-0.19648 0.10348 0)
(-0.251416 0.121069 0)
(-0.30862 0.135636 0)
(-0.365589 0.145694 0)
(-0.42014 0.150292 0)
(-0.47063 0.149062 0)
(-0.515977 0.142135 0)
(-0.55555 0.129959 0)
(-0.589018 0.11315 0)
(-0.616226 0.0923869 0)
(-0.6371 0.0683372 0)
(-0.651565 0.0416264 0)
(-0.659532 0.0128721 0)
(-0.660909 -0.01726 0)
(-0.655573 -0.0480304 0)
(-0.643302 -0.0785905 0)
(-0.623807 -0.107943 0)
(-0.596801 -0.134902 0)
(-0.562065 -0.158099 0)
(-0.519551 -0.176058 0)
(-0.46954 -0.187325 0)
(-0.412841 -0.19065 0)
(-0.350939 -0.185249 0)
(-0.286044 -0.171103 0)
(-0.220987 -0.149147 0)
(-0.158931 -0.121274 0)
(-0.102882 -0.0900873 0)
(-0.0551275 -0.0584374 0)
(-0.016856 -0.0288433 0)
(0.0118078 -0.00308042 0)
(0.0312433 0.0176494 0)
(0.0420042 0.0326764 0)
(0.0452946 0.0418463 0)
(0.042634 0.0456978 0)
(0.0357488 0.0452992 0)
(0.026402 0.04176 0)
(0.0162519 0.0356004 0)
(0.00711027 0.0261579 0)
(0.000796539 0.0113832 0)
(0.000995765 -0.0139233 0)
(0.00416196 -0.024295 0)
(0.0045812 -0.0208787 0)
(0.000395968 -0.00872631 0)
(-0.00946678 0.00766025 0)
(-0.0255695 0.0255992 0)
(-0.0486552 0.0444888 0)
(-0.0797042 0.0650024 0)
(-0.119431 0.0877966 0)
(-0.167652 0.112558 0)
(-0.223023 0.137832 0)
(-0.283241 0.161464 0)
(-0.345539 0.181236 0)
(-0.407225 0.195369 0)
(-0.466076 0.202792 0)
(-0.520508 0.203158 0)
(-0.569548 0.196694 0)
(-0.61269 0.183981 0)
(-0.649732 0.165753 0)
(-0.680677 0.142794 0)
(-0.705662 0.115874 0)
(-0.724879 0.0856865 0)
(-0.738536 0.0528605 0)
(-0.746832 0.0180166 0)
(-0.749897 -0.0182316 0)
(-0.747723 -0.0552806 0)
(-0.74009 -0.0924446 0)
(-0.726567 -0.128838 0)
(-0.706558 -0.163331 0)
(-0.679299 -0.194535 0)
(-0.643975 -0.220803 0)
(-0.599936 -0.24027 0)
(-0.546951 -0.251035 0)
(-0.485477 -0.251488 0)
(-0.416918 -0.240717 0)
(-0.343805 -0.218885 0)
(-0.269716 -0.1875 0)
(-0.198845 -0.149413 0)
(-0.135241 -0.108396 0)
(-0.0819041 -0.068328 0)
(-0.0401257 -0.0323291 0)
(-0.00953052 -0.00226201 0)
(0.0110487 0.0211412 0)
(0.0228029 0.0375995 0)
(0.0271603 0.0473287 0)
(0.0257847 0.0511108 0)
(0.0204664 0.0499398 0)
(0.0130788 0.0443206 0)
(0.00574964 0.0334782 0)
(0.000591063 0.0148945 0)
(0.000839921 -0.0158648 0)
(0.0014842 -0.0247706 0)
(-0.00259523 -0.0166948 0)
(-0.0126857 0.00145003 0)
(-0.0295718 0.024405 0)
(-0.0539278 0.049573 0)
(-0.0866535 0.0766453 0)
(-0.128508 0.106086 0)
(-0.179367 0.137646 0)
(-0.237801 0.169781 0)
(-0.301283 0.20001 0)
(-0.366782 0.2257 0)
(-0.431384 0.244734 0)
(-0.492724 0.255853 0)
(-0.549144 0.258661 0)
(-0.599649 0.25344 0)
(-0.643765 0.2409 0)
(-0.681388 0.221944 0)
(-0.712695 0.197541 0)
(-0.738082 0.168652 0)
(-0.758081 0.136149 0)
(-0.773265 0.100762 0)
(-0.784207 0.0631251 0)
(-0.791414 0.0237891 0)
(-0.795209 -0.0168078 0)
(-0.795714 -0.0582907 0)
(-0.792836 -0.100219 0)
(-0.786155 -0.141969 0)
(-0.774931 -0.182697 0)
(-0.758057 -0.221245 0)
(-0.734164 -0.25602 0)
(-0.70177 -0.284971 0)
(-0.659472 -0.305723 0)
(-0.60629 -0.315849 0)
(-0.542139 -0.313253 0)
(-0.468294 -0.296705 0)
(-0.387665 -0.266449 0)
(-0.304742 -0.224634 0)
(-0.225054 -0.175285 0)
(-0.154073 -0.123633 0)
(-0.0957999 -0.0748666 0)
(-0.0516962 -0.0327815 0)
(-0.0207466 0.000869071 0)
(-0.000742825 0.0259487 0)
(0.0103105 0.0427895 0)
(0.0143159 0.0520135 0)
(0.0132091 0.0544177 0)
(0.00901408 0.0503551 0)
(0.00400118 0.0389281 0)
(0.000362287 0.0174928 0)
(0.000465143 -0.0160979 0)
(-0.00257285 -0.0209747 0)
(-0.0122839 -0.00661898 0)
(-0.0292323 0.0186575 0)
(-0.0539485 0.0492708 0)
(-0.0871841 0.0828765 0)
(-0.129663 0.119122 0)
(-0.181394 0.157662 0)
(-0.241054 0.196943 0)
(-0.306054 0.234254 0)
(-0.37316 0.266549 0)
(-0.439202 0.291288 0)
(-0.501577 0.306907 0)
(-0.55844 0.312872 0)
(-0.608676 0.309469 0)
(-0.65178 0.297535 0)
(-0.687727 0.278198 0)
(-0.71687 0.252693 0)
(-0.739864 0.222257 0)
(-0.757561 0.188028 0)
(-0.770876 0.150947 0)
(-0.780703 0.111744 0)
(-0.787859 0.0709819 0)
(-0.792992 0.0290352 0)
(-0.796531 -0.0138882 0)
(-0.798736 -0.0576289 0)
(-0.799672 -0.102017 0)
(-0.799045 -0.146801 0)
(-0.796205 -0.191558 0)
(-0.79009 -0.235519 0)
(-0.779222 -0.277409 0)
(-0.761672 -0.315383 0)
(-0.735154 -0.347022 0)
(-0.697355 -0.369384 0)
(-0.646446 -0.379285 0)
(-0.581693 -0.373881 0)
(-0.504106 -0.351467 0)
(-0.416956 -0.312301 0)
(-0.32582 -0.259211 0)
(-0.23786 -0.197618 0)
(-0.160272 -0.134601 0)
(-0.0982349 -0.0770048 0)
(-0.053311 -0.0293755 0)
(-0.0235762 0.00686941 0)
(-0.00555807 0.0324488 0)
(0.00361652 0.0482935 0)
(0.00645983 0.0552482 0)
(0.00529032 0.0535881 0)
(0.00248798 0.042377 0)
(0.000209286 0.0191573 0)
(-0.000171761 -0.0137883 0)
(-0.00796465 -0.0118332 0)
(-0.0241198 0.0101989 0)
(-0.0484354 0.0435019 0)
(-0.0812293 0.0826368 0)
(-0.123138 0.125386 0)
(-0.174299 0.17082 0)
(-0.233642 0.217341 0)
(-0.2987 0.262101 0)
(-0.366139 0.301645 0)
(-0.432538 0.332912 0)
(-0.49499 0.35389 0)
(-0.551381 0.363774 0)
(-0.600409 0.362784 0)
(-0.641493 0.351865 0)
(-0.674664 0.332396 0)
(-0.700451 0.305946 0)
(-0.719758 0.274101 0)
(-0.733718 0.238324 0)
(-0.743529 0.199832 0)
(-0.750313 0.15953 0)
(-0.755069 0.118056 0)
(-0.758609 0.0757992 0)
(-0.761517 0.032914 0)
(-0.764227 -0.0105752 0)
(-0.767068 -0.0546806 0)
(-0.770178 -0.0994784 0)
(-0.773453 -0.145048 0)
(-0.776558 -0.191334 0)
(-0.778831 -0.238003 0)
(-0.779118 -0.284334 0)
(-0.775615 -0.329075 0)
(-0.765846 -0.370225 0)
(-0.746803 -0.404887 0)
(-0.715258 -0.429363 0)
(-0.668349 -0.439563 0)
(-0.604485 -0.431709 0)
(-0.524345 -0.403378 0)
(-0.431629 -0.354715 0)
(-0.333158 -0.289374 0)
(-0.237974 -0.21457 0)
(-0.155218 -0.139714 0)
(-0.0912456 -0.0736234 0)
(-0.0474 -0.0215339 0)
(-0.0204274 0.0158049 0)
(-0.00547074 0.0401146 0)
(0.00120592 0.0527794 0)
(0.00267465 0.0543878 0)
(0.00160627 0.0442025 0)
(0.00018396 0.0201685 0)
(-0.00107245 -0.00816791 0)
(-0.0144152 0.0034028 0)
(-0.0373659 0.0341384 0)
(-0.0690408 0.0760405 0)
(-0.109496 0.124127 0)
(-0.158985 0.17594 0)
(-0.216766 0.229506 0)
(-0.28068 0.281866 0)
(-0.347454 0.329208 0)
(-0.413476 0.367864 0)
(-0.475517 0.395203 0)
(-0.531133 0.409976 0)
(-0.578775 0.412219 0)
(-0.617746 0.402929 0)
(-0.648101 0.383731 0)
(-0.670527 0.356569 0)
(-0.686168 0.323443 0)
(-0.696421 0.286189 0)
(-0.702723 0.246334 0)
(-0.706371 0.205001 0)
(-0.70844 0.162927 0)
(-0.709764 0.12054 0)
(-0.710929 0.0780035 0)
(-0.71232 0.0352964 0)
(-0.714254 -0.00767237 0)
(-0.717001 -0.0510393 0)
(-0.720682 -0.0950146 0)
(-0.725393 -0.13982 0)
(-0.731161 -0.18561 0)
(-0.737822 -0.23244 0)
(-0.744817 -0.280183 0)
(-0.751011 -0.328322 0)
(-0.754513 -0.375638 0)
(-0.75251 -0.419939 0)
(-0.74126 -0.457879 0)
(-0.716479 -0.484955 0)
(-0.674177 -0.495901 0)
(-0.611834 -0.485659 0)
(-0.529735 -0.450891 0)
(-0.432069 -0.391672 0)
(-0.32716 -0.312796 0)
(-0.226232 -0.223847 0)
(-0.140479 -0.13718 0)
(-0.077116 -0.0638201 0)
(-0.0365905 -0.00930924 0)
(-0.0137805 0.0268052 0)
(-0.00262591 0.0471495 0)
(0.00130387 0.0532514 0)
(0.00144712 0.0450201 0)
(0.000288228 0.0209463 0)
(-0.00217961 0.00131043 0)
(-0.0214261 0.0250215 0)
(-0.0510206 0.0650611 0)
(-0.0894992 0.115742 0)
(-0.136548 0.17261 0)
(-0.191811 0.232556 0)
(-0.25359 0.292328 0)
(-0.318879 0.347803 0)
(-0.38401 0.394673 0)
(-0.445464 0.429521 0)
(-0.500435 0.450437 0)
(-0.547065 0.457079 0)
(-0.584474 0.450382 0)
(-0.612687 0.432175 0)
(-0.632503 0.404784 0)
(-0.645285 0.370671 0)
(-0.652681 0.332113 0)
(-0.656353 0.290984 0)
(-0.657753 0.248645 0)
(-0.658004 0.205949 0)
(-0.657894 0.163343 0)
(-0.657923 0.120983 0)
(-0.658356 0.0788336 0)
(-0.659333 0.0367659 0)
(-0.66098 -0.00537262 0)
(-0.663432 -0.0477618 0)
(-0.666777 -0.0905959 0)
(-0.671207 -0.134066 0)
(-0.676961 -0.178385 0)
(-0.684231 -0.223816 0)
(-0.693064 -0.270617 0)
(-0.703199 -0.318876 0)
(-0.713773 -0.368283 0)
(-0.722943 -0.417798 0)
(-0.727595 -0.465193 0)
(-0.723317 -0.506618 0)
(-0.704792 -0.536515 0)
(-0.666761 -0.548157 0)
(-0.605629 -0.53495 0)
(-0.52134 -0.492472 0)
(-0.418859 -0.420878 0)
(-0.308417 -0.326723 0)
(-0.203738 -0.22289 0)
(-0.117977 -0.125401 0)
(-0.0584557 -0.0473766 0)
(-0.023644 0.00624277 0)
(-0.00618902 0.0377611 0)
(0.000679707 0.0503911 0)
(0.00181011 0.0453561 0)
(0.000485827 0.021874 0)
(-0.00335795 0.0148803 0)
(-0.0283506 0.0528216 0)
(-0.0639643 0.102342 0)
(-0.108202 0.161521 0)
(-0.16027 0.226363 0)
(-0.219096 0.292809 0)
(-0.282159 0.356348 0)
(-0.345942 0.412057 0)
(-0.406743 0.455601 0)
(-0.461394 0.48416 0)
(-0.507669 0.496747 0)
(-0.544412 0.494033 0)
(-0.571525 0.477931 0)
(-0.58984 0.451118 0)
(-0.600876 0.416548 0)
(-0.606511 0.37701 0)
(-0.608625 0.334801 0)
(-0.608824 0.291559 0)
(-0.608293 0.248278 0)
(-0.607776 0.205419 0)
(-0.607666 0.163097 0)
(-0.608102 0.121228 0)
(-0.609078 0.0796441 0)
(-0.610534 0.0381732 0)
(-0.612428 -0.00334452 0)
(-0.614795 -0.0450462 0)
(-0.617691 -0.0870348 0)
(-0.621273 -0.129406 0)
(-0.625786 -0.172319 0)
(-0.631555 -0.216018 0)
(-0.638979 -0.26084 0)
(-0.648424 -0.307186 0)
(-0.659983 -0.355435 0)
(-0.673111 -0.405659 0)
(-0.686164 -0.45709 0)
(-0.695912 -0.507443 0)
(-0.697294 -0.552298 0)
(-0.683807 -0.58486 0)
(-0.648816 -0.596567 0)
(-0.587685 -0.578893 0)
(-0.500245 -0.526286 0)
(-0.392705 -0.439519 0)
(-0.277805 -0.328019 0)
(-0.172116 -0.209264 0)
(-0.0902943 -0.103564 0)
(-0.0383213 -0.0252707 0)
(-0.0113369 0.0229094 0)
(-0.000154384 0.0453675 0)
(0.00229721 0.0453547 0)
(0.00072065 0.0231565 0)
(-0.00444354 0.0323895 0)
(-0.0345362 0.0861386 0)
(-0.07514 0.144925 0)
(-0.123721 0.211873 0)
(-0.178945 0.283349 0)
(-0.239058 0.354222 0)
(-0.300954 0.418933 0)
(-0.360942 0.472178 0)
(-0.415558 0.509982 0)
(-0.462163 0.530382 0)
(-0.499229 0.533472 0)
(-0.526401 0.521029 0)
(-0.544418 0.49597 0)
(-0.554859 0.461736 0)
(-0.559773 0.421692 0)
(-0.561249 0.37866 0)
(-0.561059 0.33465 0)
(-0.560471 0.290844 0)
(-0.56022 0.24775 0)
(-0.560617 0.205433 0)
(-0.56169 0.163733 0)
(-0.563326 0.122417 0)
(-0.565369 0.0812722 0)
(-0.567664 0.0401343 0)
(-0.570104 -0.00111415 0)
(-0.572689 -0.0425372 0)
(-0.575445 -0.0841585 0)
(-0.578432 -0.125994 0)
(-0.581805 -0.168094 0)
(-0.585826 -0.210565 0)
(-0.590908 -0.253624 0)
(-0.597592 -0.297669 0)
(-0.606485 -0.343308 0)
(-0.61806 -0.391249 0)
(-0.632229 -0.441964 0)
(-0.647651 -0.495046 0)
(-0.660983 -0.54823 0)
(-0.666467 -0.596372 0)
(-0.656352 -0.631012 0)
(-0.622544 -0.641244 0)
(-0.559455 -0.616319 0)
(-0.467284 -0.5498 0)
(-0.354335 -0.444125 0)
(-0.236685 -0.313371 0)
(-0.133896 -0.181258 0)
(-0.060907 -0.0724213 0)
(-0.0200563 -0.00019926 0)
(-0.00226834 0.036944 0)
(0.00246997 0.0446306 0)
(0.000940054 0.0247546 0)
(-0.00528804 0.0532763 0)
(-0.0394218 0.123914 0)
(-0.0836896 0.191437 0)
(-0.134991 0.265064 0)
(-0.191452 0.341492 0)
(-0.250772 0.414569 0)
(-0.309536 0.477999 0)
(-0.364148 0.526488 0)
(-0.411575 0.556733 0)
(-0.449831 0.56783 0)
(-0.478163 0.561068 0)
(-0.497048 0.539373 0)
(-0.507983 0.506585 0)
(-0.513095 0.466687 0)
(-0.514644 0.423141 0)
(-0.514587 0.378466 0)
(-0.514314 0.334146 0)
(-0.514594 0.290795 0)
(-0.515696 0.248451 0)
(-0.517572 0.206875 0)
(-0.520028 0.165754 0)
(-0.522847 0.124819 0)
(-0.525849 0.0838822 0)
(-0.528891 0.0428261 0)
(-0.531885 0.00159122 0)
(-0.534837 -0.0398341 0)
(-0.537767 -0.0814346 0)
(-0.540662 -0.123185 0)
(-0.543579 -0.165053 0)
(-0.546636 -0.207022 0)
(-0.550056 -0.249144 0)
(-0.55423 -0.291622 0)
(-0.559775 -0.3349 0)
(-0.567535 -0.379747 0)
(-0.578366 -0.427221 0)
(-0.592628 -0.478309 0)
(-0.609318 -0.533033 0)
(-0.625005 -0.589044 0)
(-0.633119 -0.640144 0)
(-0.62443 -0.675659 0)
(-0.589326 -0.681727 0)
(-0.521656 -0.645156 0)
(-0.422905 -0.559375 0)
(-0.304686 -0.430477 0)
(-0.187303 -0.279818 0)
(-0.0928424 -0.138947 0)
(-0.0339621 -0.0351831 0)
(-0.00650284 0.0231748 0)
(0.00201267 0.0423138 0)
(0.00111654 0.0264179 0)
(-0.00577013 0.0766352 0)
(-0.0425952 0.164815 0)
(-0.0890397 0.240331 0)
(-0.141395 0.31932 0)
(-0.197311 0.398893 0)
(-0.254124 0.472051 0)
(-0.308357 0.5321 0)
(-0.356713 0.57409 0)
(-0.39672 0.595633 0)
(-0.427103 0.59703 0)
(-0.447902 0.580825 0)
(-0.460341 0.551034 0)
(-0.466479 0.512216 0)
(-0.468685 0.468578 0)
(-0.469102 0.423327 0)
(-0.469291 0.378419 0)
(-0.470117 0.334691 0)
(-0.47186 0.292216 0)
(-0.474431 0.250685 0)
(-0.477579 0.209698 0)
(-0.481045 0.168922 0)
(-0.484629 0.128135 0)
(-0.488209 0.0872118 0)
(-0.491708 0.0460955 0)
(-0.49509 0.00476937 0)
(-0.498388 -0.036757 0)
(-0.501627 -0.0784604 0)
(-0.504775 -0.120312 0)
(-0.507827 -0.162257 0)
(-0.510781 -0.204229 0)
(-0.51367 -0.246169 0)
(-0.516632 -0.288073 0)
(-0.520011 -0.330088 0)
(-0.524455 -0.372678 0)
(-0.530974 -0.416794 0)
(-0.540782 -0.463891 0)
(-0.554729 -0.515512 0)
(-0.572141 -0.572113 0)
(-0.589327 -0.631084 0)
(-0.598605 -0.684618 0)
(-0.589024 -0.718922 0)
(-0.549561 -0.716441 0)
(-0.474257 -0.661746 0)
(-0.367337 -0.549921 0)
(-0.245332 -0.394019 0)
(-0.133347 -0.22607 0)
(-0.054041 -0.0858276 0)
(-0.0133498 0.00164183 0)
(0.000773491 0.0372237 0)
(0.00125396 0.0277877 0)
(-0.00581426 0.101333 0)
(-0.043824 0.207361 0)
(-0.0909263 0.290032 0)
(-0.142765 0.372993 0)
(-0.196615 0.45397 0)
(-0.249639 0.525369 0)
(-0.298503 0.580415 0)
(-0.340342 0.614774 0)
(-0.373305 0.627148 0)
(-0.396835 0.619125 0)
(-0.411682 0.594478 0)
(-0.419643 0.558146 0)
(-0.423064 0.515108 0)
(-0.424246 0.469445 0)
(-0.424964 0.423824 0)
(-0.426257 0.379502 0)
(-0.428484 0.336694 0)
(-0.431562 0.295059 0)
(-0.435207 0.254107 0)
(-0.439125 0.213422 0)
(-0.443098 0.172736 0)
(-0.447009 0.131913 0)
(-0.450818 0.0909005 0)
(-0.454513 0.0496852 0)
(-0.458099 0.00827072 0)
(-0.461638 -0.033333 0)
(-0.465167 -0.0751113 0)
(-0.468661 -0.117055 0)
(-0.472094 -0.159129 0)
(-0.475414 -0.201274 0)
(-0.478559 -0.243403 0)
(-0.481482 -0.285405 0)
(-0.484225 -0.327207 0)
(-0.487042 -0.368901 0)
(-0.490576 -0.410967 0)
(-0.496002 -0.454537 0)
(-0.504904 -0.501524 0)
(-0.518585 -0.554126 0)
(-0.536572 -0.613196 0)
(-0.554616 -0.675394 0)
(-0.563468 -0.730291 0)
(-0.550148 -0.759758 0)
(-0.502615 -0.741943 0)
(-0.416551 -0.660296 0)
(-0.301073 -0.515038 0)
(-0.179326 -0.331217 0)
(-0.0805182 -0.154851 0)
(-0.0231573 -0.030455 0)
(-0.00128105 0.0280285 0)
(0.00137175 0.0284869 0)
(-0.00539717 0.126126 0)
(-0.0430519 0.250044 0)
(-0.0893686 0.339049 0)
(-0.139311 0.424658 0)
(-0.189894 0.505515 0)
(-0.238281 0.573712 0)
(-0.281423 0.622668 0)
(-0.31696 0.648865 0)
(-0.343665 0.652203 0)
(-0.361631 0.635563 0)
(-0.372169 0.603827 0)
(-0.377406 0.562604 0)
(-0.379701 0.516964 0)
(-0.38105 0.470563 0)
(-0.382736 0.425361 0)
(-0.38529 0.381917 0)
(-0.388697 0.33995 0)
(-0.392671 0.298883 0)
(-0.396891 0.258195 0)
(-0.401118 0.217545 0)
(-0.405228 0.176771 0)
(-0.409192 0.135821 0)
(-0.413033 0.0946944 0)
(-0.416782 0.0534009 0)
(-0.420464 0.0119454 0)
(-0.424149 -0.0296721 0)
(-0.42789 -0.0714505 0)
(-0.431671 -0.113405 0)
(-0.435468 -0.155529 0)
(-0.439238 -0.197799 0)
(-0.442901 -0.240152 0)
(-0.446342 -0.282478 0)
(-0.449436 -0.324624 0)
(-0.452124 -0.366444 0)
(-0.454577 -0.407959 0)
(-0.457439 -0.449665 0)
(-0.462048 -0.492953 0)
(-0.470372 -0.540326 0)
(-0.484143 -0.594727 0)
(-0.502854 -0.657178 0)
(-0.521124 -0.722737 0)
(-0.527445 -0.77677 0)
(-0.506676 -0.795261 0)
(-0.446856 -0.752069 0)
(-0.34771 -0.632538 0)
(-0.225978 -0.448176 0)
(-0.112341 -0.24256 0)
(-0.0364026 -0.0761137 0)
(-0.00422478 0.0132266 0)
(0.00146134 0.0281057 0)
(-0.00454352 0.149775 0)
(-0.0403715 0.291428 0)
(-0.0846087 0.386059 0)
(-0.131514 0.473171 0)
(-0.17796 0.552695 0)
(-0.22124 0.616694 0)
(-0.258682 0.658998 0)
(-0.288451 0.677038 0)
(-0.30989 0.671942 0)
(-0.323618 0.647816 0)
(-0.331305 0.610455 0)
(-0.335172 0.565847 0)
(-0.337363 0.518858 0)
(-0.339446 0.472519 0)
(-0.342212 0.428052 0)
(-0.3458 0.385422 0)
(-0.349974 0.344024 0)
(-0.354397 0.303208 0)
(-0.358806 0.262521 0)
(-0.363059 0.221739 0)
(-0.367123 0.180798 0)
(-0.371034 0.139706 0)
(-0.374851 0.0984884 0)
(-0.378618 0.0571588 0)
(-0.382361 0.0157119 0)
(-0.386146 -0.0258652 0)
(-0.390034 -0.0675835 0)
(-0.394014 -0.109476 0)
(-0.398072 -0.15156 0)
(-0.402186 -0.193843 0)
(-0.406299 -0.236307 0)
(-0.410312 -0.27889 0)
(-0.414067 -0.321465 0)
(-0.417373 -0.363829 0)
(-0.420086 -0.405753 0)
(-0.422298 -0.447193 0)
(-0.424675 -0.488712 0)
(-0.428788 -0.532082 0)
(-0.437044 -0.580601 0)
(-0.451508 -0.63804 0)
(-0.47115 -0.705054 0)
(-0.488571 -0.773452 0)
(-0.489252 -0.822017 0)
(-0.456301 -0.819405 0)
(-0.380105 -0.736994 0)
(-0.267979 -0.56845 0)
(-0.146942 -0.346004 0)
(-0.0534021 -0.137549 0)
(-0.00822345 -0.00881531 0)
(0.00147471 0.026188 0)
(-0.00331592 0.171137 0)
(-0.0359849 0.330215 0)
(-0.0770393 0.429955 0)
(-0.12002 0.517673 0)
(-0.161754 0.595004 0)
(-0.199759 0.654257 0)
(-0.231781 0.689822 0)
(-0.256481 0.700137 0)
(-0.273678 0.68753 0)
(-0.284356 0.657184 0)
(-0.290339 0.615578 0)
(-0.293738 0.568806 0)
(-0.296351 0.521309 0)
(-0.299292 0.475418 0)
(-0.302949 0.431682 0)
(-0.307211 0.389631 0)
(-0.311762 0.348503 0)
(-0.316312 0.307684 0)
(-0.32069 0.266839 0)
(-0.324849 0.225857 0)
(-0.32882 0.184745 0)
(-0.332673 0.143542 0)
(-0.336478 0.102276 0)
(-0.340278 0.0609517 0)
(-0.344086 0.0195504 0)
(-0.347958 -0.0219531 0)
(-0.351961 -0.0635778 0)
(-0.356087 -0.105369 0)
(-0.360323 -0.147356 0)
(-0.364663 -0.189567 0)
(-0.369078 -0.232021 0)
(-0.373507 -0.274707 0)
(-0.377835 -0.317565 0)
(-0.381873 -0.360445 0)
(-0.385371 -0.403084 0)
(-0.388104 -0.445167 0)
(-0.39012 -0.486596 0)
(-0.392177 -0.528097 0)
(-0.396182 -0.572073 0)
(-0.405049 -0.622934 0)
(-0.420936 -0.685198 0)
(-0.441453 -0.757865 0)
(-0.455923 -0.826679 0)
(-0.446323 -0.860829 0)
(-0.395696 -0.821483 0)
(-0.300773 -0.68319 0)
(-0.180773 -0.459508 0)
(-0.0736072 -0.215116 0)
(-0.0135235 -0.0398831 0)
(0.00139029 0.022253 0)
(-0.0018033 0.189232 0)
(-0.0301633 0.36529 0)
(-0.0671339 0.469851 0)
(-0.10554 0.557565 0)
(-0.142233 0.632203 0)
(-0.175007 0.686567 0)
(-0.202032 0.715699 0)
(-0.222404 0.719036 0)
(-0.236293 0.700006 0)
(-0.244879 0.664694 0)
(-0.249963 0.620023 0)
(-0.253403 0.571975 0)
(-0.256601 0.524452 0)
(-0.260273 0.479101 0)
(-0.264524 0.435929 0)
(-0.269124 0.394191 0)
(-0.273773 0.353092 0)
(-0.278263 0.312116 0)
(-0.282519 0.27105 0)
(-0.28656 0.229869 0)
(-0.290453 0.188622 0)
(-0.294274 0.147353 0)
(-0.298092 0.106081 0)
(-0.301942 0.0647965 0)
(-0.305825 0.0234668 0)
(-0.309784 -0.0179433 0)
(-0.313892 -0.0594566 0)
(-0.318147 -0.101128 0)
(-0.322525 -0.142993 0)
(-0.32703 -0.185091 0)
(-0.331647 -0.22746 0)
(-0.336348 -0.270127 0)
(-0.341066 -0.313091 0)
(-0.34567 -0.356287 0)
(-0.349942 -0.399531 0)
(-0.353574 -0.442484 0)
(-0.356279 -0.48473 0)
(-0.358106 -0.526166 0)
(-0.360018 -0.56789 0)
(-0.364434 -0.613352 0)
(-0.374804 -0.668429 0)
(-0.392817 -0.737797 0)
(-0.413282 -0.816136 0)
(-0.420834 -0.878763 0)
(-0.394599 -0.882557 0)
(-0.321471 -0.78489 0)
(-0.210267 -0.576009 0)
(-0.09542 -0.306774 0)
(-0.0203498 -0.0816535 0)
(0.00125042 0.0158169 0)
(-0.000109818 0.203283 0)
(-0.0232133 0.395728 0)
(-0.0553901 0.505074 0)
(-0.0887731 0.59247 0)
(-0.120283 0.664247 0)
(-0.148003 0.713922 0)
(-0.170507 0.737226 0)
(-0.187238 0.734528 0)
(-0.198595 0.710215 0)
(-0.205795 0.671076 0)
(-0.210477 0.624274 0)
(-0.214172 0.575536 0)
(-0.217906 0.528196 0)
(-0.222081 0.483311 0)
(-0.226638 0.440488 0)
(-0.231322 0.398841 0)
(-0.235896 0.357618 0)
(-0.240242 0.316419 0)
(-0.244353 0.275132 0)
(-0.248289 0.233791 0)
(-0.252125 0.192456 0)
(-0.255933 0.151165 0)
(-0.259774 0.109922 0)
(-0.263679 0.0687032 0)
(-0.267639 0.0274661 0)
(-0.27168 -0.0138339 0)
(-0.275891 -0.055221 0)
(-0.280276 -0.0967599 0)
(-0.284794 -0.13849 0)
(-0.289452 -0.180458 0)
(-0.294242 -0.22271 0)
(-0.299147 -0.265291 0)
(-0.304135 -0.308239 0)
(-0.30913 -0.351559 0)
(-0.313986 -0.39517 0)
(-0.318445 -0.438833 0)
(-0.322141 -0.482102 0)
(-0.324745 -0.524458 0)
(-0.326394 -0.565916 0)
(-0.328449 -0.608333 0)
(-0.334052 -0.656843 0)
(-0.347018 -0.718988 0)
(-0.367344 -0.797697 0)
(-0.384961 -0.878306 0)
(-0.379076 -0.92021 0)
(-0.329138 -0.868437 0)
(-0.232673 -0.688493 0)
(-0.116684 -0.40853 0)
(-0.0287026 -0.135276 0)
(0.00111743 0.00636799 0)
(0.00165482 0.212731 0)
(-0.0154512 0.420797 0)
(-0.0422904 0.535131 0)
(-0.0703642 0.622179 0)
(-0.0966747 0.691212 0)
(-0.119582 0.736672 0)
(-0.138021 0.754964 0)
(-0.151699 0.747277 0)
(-0.161114 0.718786 0)
(-0.167401 0.676796 0)
(-0.171942 0.628557 0)
(-0.175921 0.579474 0)
(-0.180036 0.532359 0)
(-0.184477 0.487795 0)
(-0.189109 0.445126 0)
(-0.193708 0.403417 0)
(-0.198116 0.361995 0)
(-0.202284 0.320566 0)
(-0.206252 0.279092 0)
(-0.210094 0.237638 0)
(-0.213882 0.196261 0)
(-0.217678 0.154984 0)
(-0.221535 0.113797 0)
(-0.225485 0.0726673 0)
(-0.229512 0.031544 0)
(-0.233626 -0.00962625 0)
(-0.237936 -0.0508678 0)
(-0.242456 -0.0922577 0)
(-0.247126 -0.13384 0)
(-0.251952 -0.175664 0)
(-0.256924 -0.217781 0)
(-0.262032 -0.260245 0)
(-0.267255 -0.303113 0)
(-0.272552 -0.346433 0)
(-0.277837 -0.390206 0)
(-0.282934 -0.434316 0)
(-0.287537 -0.478431 0)
(-0.29122 -0.521959 0)
(-0.293655 -0.564313 0)
(-0.295221 -0.605905 0)
(-0.297957 -0.650058 0)
(-0.3059 -0.704413 0)
(-0.32251 -0.777458 0)
(-0.343823 -0.865692 0)
(-0.352685 -0.937173 0)
(-0.324581 -0.931442 0)
(-0.24647 -0.791093 0)
(-0.135345 -0.515337 0)
(-0.0381915 -0.200522 0)
(0.000968978 -0.00656308 0)
(0.00338467 0.217266 0)
(-0.00718603 0.43991 0)
(-0.0282833 0.55968 0)
(-0.050876 0.646606 0)
(-0.0720482 0.713245 0)
(-0.0903948 0.75516 0)
(-0.105165 0.76939 0)
(-0.116246 0.757792 0)
(-0.124136 0.726149 0)
(-0.129793 0.682119 0)
(-0.134292 0.632936 0)
(-0.138483 0.583684 0)
(-0.142801 0.536739 0)
(-0.147303 0.492342 0)
(-0.151842 0.449678 0)
(-0.156252 0.407821 0)
(-0.160443 0.366181 0)
(-0.164421 0.32455 0)
(-0.168245 0.282936 0)
(-0.171991 0.241413 0)
(-0.175723 0.200031 0)
(-0.179492 0.158797 0)
(-0.183347 0.117691 0)
(-0.187323 0.0766729 0)
(-0.191403 0.0356881 0)
(-0.195574 -0.0053256 0)
(-0.199973 -0.0463954 0)
(-0.204635 -0.087611 0)
(-0.209472 -0.129023 0)
(-0.214486 -0.170685 0)
(-0.219668 -0.212651 0)
(-0.225005 -0.254977 0)
(-0.230481 -0.297731 0)
(-0.236071 -0.340983 0)
(-0.241723 -0.384785 0)
(-0.247327 -0.429121 0)
(-0.252665 -0.473802 0)
(-0.257368 -0.518344 0)
(-0.260962 -0.561982 0)
(-0.263213 -0.604205 0)
(-0.264996 -0.646429 0)
(-0.269402 -0.694596 0)
(-0.281214 -0.759381 0)
(-0.301626 -0.846884 0)
(-0.319379 -0.937844 0)
(-0.309828 -0.973984 0)
(-0.251408 -0.879692 0)
(-0.149921 -0.622061 0)
(-0.0480855 -0.275631 0)
(0.00066473 -0.0234212 0)
(0.00493823 0.2167 0)
(0.00127697 0.452727 0)
(-0.0137683 0.578462 0)
(-0.0307895 0.665735 0)
(-0.0469166 0.730509 0)
(-0.0609284 0.769688 0)
(-0.0723391 0.780874 0)
(-0.0811483 0.76643 0)
(-0.0877789 0.73257 0)
(-0.0929476 0.687162 0)
(-0.0974053 0.637377 0)
(-0.101696 0.588025 0)
(-0.106053 0.541159 0)
(-0.110459 0.496792 0)
(-0.11479 0.454035 0)
(-0.118943 0.411994 0)
(-0.122888 0.370154 0)
(-0.126662 0.328361 0)
(-0.130331 0.286654 0)
(-0.133965 0.245104 0)
(-0.137621 0.203749 0)
(-0.141341 0.162585 0)
(-0.14517 0.121582 0)
(-0.14915 0.0806992 0)
(-0.153268 0.0398832 0)
(-0.157478 -0.000936406 0)
(-0.161952 -0.0418044 0)
(-0.166756 -0.08281 0)
(-0.171771 -0.124022 0)
(-0.176994 -0.165495 0)
(-0.182413 -0.207285 0)
(-0.188015 -0.249451 0)
(-0.193784 -0.292063 0)
(-0.1997 -0.335203 0)
(-0.205728 -0.378956 0)
(-0.211796 -0.42337 0)
(-0.217757 -0.468374 0)
(-0.223336 -0.513646 0)
(-0.228092 -0.558484 0)
(-0.231545 -0.601979 0)
(-0.233743 -0.644118 0)
(-0.236471 -0.688504 0)
(-0.244171 -0.745196 0)
(-0.26122 -0.826562 0)
(-0.282804 -0.927182 0)
(-0.287532 -0.997991 0)
(-0.248261 -0.952039 0)
(-0.159677 -0.724202 0)
(-0.0575517 -0.357839 0)
(-5.00302e-06 -0.0446321 0)
(0.00616057 0.21126 0)
(0.00957478 0.458805 0)
(0.000930032 0.591387 0)
(-0.010505 0.679578 0)
(-0.0216864 0.743157 0)
(-0.0315389 0.780483 0)
(-0.0398041 0.789673 0)
(-0.0465435 0.773419 0)
(-0.0520542 0.738187 0)
(-0.0567803 0.691952 0)
(-0.0611469 0.641806 0)
(-0.0654232 0.592364 0)
(-0.069685 0.545477 0)
(-0.0738791 0.501034 0)
(-0.0779228 0.458126 0)
(-0.0817733 0.415898 0)
(-0.0854456 0.37389 0)
(-0.0889942 0.331985 0)
(-0.0924863 0.290229 0)
(-0.0959838 0.248688 0)
(-0.099536 0.20739 0)
(-0.103181 0.166322 0)
(-0.106961 0.125447 0)
(-0.110923 0.0847248 0)
(-0.115059 0.0441097 0)
(-0.119294 0.00352675 0)
(-0.123826 -0.037102 0)
(-0.128765 -0.0778525 0)
(-0.133968 -0.118825 0)
(-0.139414 -0.160072 0)
(-0.145095 -0.201652 0)
(-0.150997 -0.243625 0)
(-0.157102 -0.286063 0)
(-0.163392 -0.329053 0)
(-0.16984 -0.372699 0)
(-0.176393 -0.417094 0)
(-0.182949 -0.462251 0)
(-0.189309 -0.507988 0)
(-0.195123 -0.553759 0)
(-0.199893 -0.598601 0)
(-0.203245 -0.641688 0)
(-0.20586 -0.684513 0)
(-0.210978 -0.734875 0)
(-0.224088 -0.807687 0)
(-0.245846 -0.909797 0)
(-0.260432 -1.0065 0)
(-0.23845 -1.00754 0)
(-0.164561 -0.818282 0)
(-0.0658638 -0.443993 0)
(-0.00115755 -0.0704369 0)
(0.00695797 0.201448 0)
(0.0173249 0.457731 0)
(0.0154853 0.598304 0)
(0.0096633 0.688232 0)
(0.0033207 0.751314 0)
(-0.00249071 0.787716 0)
(-0.00772423 0.795953 0)
(-0.0124831 0.778878 0)
(-0.0169157 0.74305 0)
(-0.0211807 0.69646 0)
(-0.0253849 0.646138 0)
(-0.0295471 0.596591 0)
(-0.0336146 0.549587 0)
(-0.0375181 0.504984 0)
(-0.0412191 0.461892 0)
(-0.0447288 0.419494 0)
(-0.0480975 0.377361 0)
(-0.0513915 0.33539 0)
(-0.0546749 0.293627 0)
(-0.0580027 0.252132 0)
(-0.0614197 0.210922 0)
(-0.0649624 0.169979 0)
(-0.0686695 0.129261 0)
(-0.0725924 0.0887253 0)
(-0.0767301 0.0483359 0)
(-0.0809822 0.00802195 0)
(-0.0855518 -0.0323193 0)
(-0.0906107 -0.0727574 0)
(-0.096007 -0.113438 0)
(-0.101685 -0.154413 0)
(-0.107645 -0.195736 0)
(-0.113874 -0.23747 0)
(-0.120357 -0.279688 0)
(-0.127074 -0.322482 0)
(-0.134 -0.365968 0)
(-0.141092 -0.410266 0)
(-0.148272 -0.455454 0)
(-0.155392 -0.501454 0)
(-0.162187 -0.547875 0)
(-0.168232 -0.59386 0)
(-0.17303 -0.63826 0)
(-0.176566 -0.681075 0)
(-0.180737 -0.72737 0)
(-0.190604 -0.791556 0)
(-0.210448 -0.889365 0)
(-0.230949 -1.00298 0)
(-0.223657 -1.04688 0)
(-0.165022 -0.901955 0)
(-0.0725471 -0.5311 0)
(-0.00274549 -0.100769 0)
(0.00731665 0.187886 0)
(0.0242035 0.449448 0)
(0.0295285 0.598902 0)
(0.0294432 0.691735 0)
(0.0278606 0.755079 0)
(0.0260199 0.791443 0)
(0.0237896 0.799754 0)
(0.0210168 0.782826 0)
(0.0177005 0.747146 0)
(0.0139602 0.700643 0)
(0.00999553 0.650305 0)
(0.00602426 0.600637 0)
(0.00221812 0.553436 0)
(-0.00133976 0.508613 0)
(-0.00465469 0.46532 0)
(-0.00778675 0.422775 0)
(-0.0108155 0.38056 0)
(-0.0138168 0.338571 0)
(-0.0168524 0.296843 0)
(-0.019972 0.255429 0)
(-0.023218 0.21434 0)
(-0.0266279 0.173553 0)
(-0.0302404 0.133021 0)
(-0.0341107 0.0926953 0)
(-0.0382529 0.0525499 0)
(-0.0425255 0.0125369 0)
(-0.0471049 -0.0274557 0)
(-0.0522518 -0.0675199 0)
(-0.0578335 -0.107855 0)
(-0.0637431 -0.148509 0)
(-0.0699899 -0.189524 0)
(-0.0765691 -0.230963 0)
(-0.0834657 -0.272902 0)
(-0.0906591 -0.315441 0)
(-0.0981233 -0.358704 0)
(-0.10582 -0.402835 0)
(-0.113685 -0.447953 0)
(-0.121601 -0.49406 0)
(-0.129362 -0.540892 0)
(-0.136631 -0.587735 0)
(-0.142941 -0.633401 0)
(-0.147953 -0.677033 0)
(-0.152503 -0.72128 0)
(-0.160431 -0.778198 0)
(-0.177658 -0.86839 0)
(-0.200991 -0.990736 0)
(-0.205545 -1.07154 0)
(-0.161795 -0.973931 0)
(-0.0774232 -0.616645 0)
(-0.00459745 -0.135229 0)
(0.00726354 0.171323 0)
(0.0299419 0.4341 0)
(0.0426695 0.592883 0)
(0.0485586 0.690021 0)
(0.0517198 0.754509 0)
(0.0538204 0.791675 0)
(0.0546387 0.801023 0)
(0.0539461 0.785169 0)
(0.0518597 0.750366 0)
(0.0487522 0.704398 0)
(0.0451124 0.654226 0)
(0.0413903 0.60444 0)
(0.037882 0.556975 0)
(0.0346956 0.511871 0)
(0.0317947 0.468364 0)
(0.0290757 0.425696 0)
(0.0264282 0.383446 0)
(0.0237643 0.341488 0)
(0.0210212 0.299846 0)
(0.0181515 0.258561 0)
(0.0151128 0.217645 0)
(0.0118639 0.177074 0)
(0.00836179 0.136801 0)
(0.00455191 0.0967791 0)
(0.000403536 0.0569817 0)
(-0.00390323 0.0173565 0)
(-0.00847032 -0.022295 0)
(-0.0136568 -0.0620148 0)
(-0.0193954 -0.101997 0)
(-0.0255258 -0.142297 0)
(-0.0320586 -0.182957 0)
(-0.0389992 -0.224043 0)
(-0.0463373 -0.265641 0)
(-0.0540524 -0.307862 0)
(-0.0621152 -0.350839 0)
(-0.070487 -0.394731 0)
(-0.0791094 -0.439688 0)
(-0.087885 -0.485775 0)
(-0.0966496 -0.532823 0)
(-0.105138 -0.580249 0)
(-0.11296 -0.626941 0)
(-0.119697 -0.671659 0)
(-0.125524 -0.715293 0)
(-0.132917 -0.766861 0)
(-0.147836 -0.848226 0)
(-0.17191 -0.972615 0)
(-0.185576 -1.08343 0)
(-0.155734 -1.03378 0)
(-0.0805781 -0.698711 0)
(-0.00650056 -0.173167 0)
(0.00685013 0.152605 0)
(0.0343305 0.412055 0)
(0.0545126 0.57998 0)
(0.0667042 0.682936 0)
(0.0746872 0.749617 0)
(0.0807376 0.788392 0)
(0.0847024 0.799662 0)
(0.0862578 0.785766 0)
(0.0855853 0.752562 0)
(0.0832673 0.707596 0)
(0.0800571 0.657804 0)
(0.0766363 0.607929 0)
(0.073444 0.560145 0)
(0.0706379 0.514701 0)
(0.068169 0.470952 0)
(0.0658964 0.428173 0)
(0.0636771 0.385921 0)
(0.061405 0.344039 0)
(0.0590107 0.302527 0)
(0.0564452 0.261418 0)
(0.0536653 0.220723 0)
(0.0506267 0.18042 0)
(0.0472829 0.140468 0)
(0.0435801 0.100817 0)
(0.0394677 0.0614297 0)
(0.0350669 0.0222388 0)
(0.0304182 -0.0170014 0)
(0.0252226 -0.0563345 0)
(0.0193816 -0.0958922 0)
(0.0130485 -0.135752 0)
(0.00623223 -0.175971 0)
(-0.00107966 -0.216628 0)
(-0.00888535 -0.257819 0)
(-0.0171641 -0.299656 0)
(-0.0258802 -0.342279 0)
(-0.0349914 -0.385859 0)
(-0.0444444 -0.430571 0)
(-0.054156 -0.476526 0)
(-0.0639911 -0.523628 0)
(-0.0737386 -0.571398 0)
(-0.0830885 -0.618824 0)
(-0.0916527 -0.66455 0)
(-0.0992955 -0.708378 0)
(-0.107361 -0.756455 0)
(-0.120868 -0.829291 0)
(-0.144529 -0.950799 0)
(-0.164916 -1.08457 0)
(-0.147685 -1.0817 0)
(-0.0822933 -0.775968 0)
(-0.00827587 -0.213825 0)
(0.00615171 0.132626 0)
(0.0372256 0.383927 0)
(0.0646598 0.560012 0)
(0.0835167 0.670219 0)
(0.0965221 0.740338 0)
(0.106581 0.781527 0)
(0.113826 0.795518 0)
(0.117856 0.784419 0)
(0.118848 0.753546 0)
(0.117533 0.7101 0)
(0.114891 0.660966 0)
(0.111834 0.611087 0)
(0.108969 0.562955 0)
(0.106538 0.517109 0)
(0.104505 0.473074 0)
(0.102706 0.430172 0)
(0.100962 0.387934 0)
(0.0991413 0.34616 0)
(0.0971597 0.304815 0)
(0.0949613 0.263919 0)
(0.0924999 0.22348 0)
(0.089729 0.183479 0)
(0.0866005 0.143873 0)
(0.0830643 0.104608 0)
(0.0790691 0.0656251 0)
(0.0746665 0.0268557 0)
(0.0699479 -0.0118942 0)
(0.0646919 -0.0507044 0)
(0.0587295 -0.0897084 0)
(0.052174 -0.129007 0)
(0.0450404 -0.168668 0)
(0.0373111 -0.208783 0)
(0.0289933 -0.249452 0)
(0.0201085 -0.290793 0)
(0.0106887 -0.332954 0)
(0.000775802 -0.376122 0)
(-0.00958067 -0.420495 0)
(-0.0203079 -0.466211 0)
(-0.0312917 -0.513222 0)
(-0.0423661 -0.561127 0)
(-0.053292 -0.609002 0)
(-0.063749 -0.655491 0)
(-0.0735094 -0.699814 0)
(-0.083149 -0.745862 0)
(-0.0963673 -0.811347 0)
(-0.119231 -0.926796 0)
(-0.144417 -1.07683 0)
(-0.138405 -1.11827 0)
(-0.0829663 -0.847598 0)
(-0.00982529 -0.256485 0)
(0.00526386 0.112264 0)
(0.038559 0.350591 0)
(0.0727224 0.532951 0)
(0.0985541 0.651524 0)
(0.116915 0.7265 0)
(0.131118 0.770967 0)
(0.141805 0.788392 0)
(0.14858 0.780861 0)
(0.151552 0.753059 0)
(0.151518 0.711716 0)
(0.149638 0.663607 0)
(0.14704 0.613885 0)
(0.144523 0.565421 0)
(0.142454 0.51912 0)
(0.140849 0.474739 0)
(0.139538 0.43168 0)
(0.138312 0.389456 0)
(0.137005 0.347814 0)
(0.135507 0.306677 0)
(0.133747 0.266041 0)
(0.131673 0.225908 0)
(0.129236 0.18626 0)
(0.126385 0.147054 0)
(0.123073 0.108229 0)
(0.119251 0.0697127 0)
(0.114915 0.0314262 0)
(0.110157 -0.00678611 0)
(0.104822 -0.0450202 0)
(0.0987208 -0.0834046 0)
(0.0919314 -0.122058 0)
(0.0844701 -0.161069 0)
(0.0763139 -0.200533 0)
(0.0674618 -0.24056 0)
(0.0579315 -0.281283 0)
(0.0477516 -0.322863 0)
(0.0369623 -0.365502 0)
(0.0256178 -0.40941 0)
(0.0137897 -0.454748 0)
(0.00157017 -0.501507 0)
(-0.010918 -0.549344 0)
(-0.0234984 -0.5974 0)
(-0.0359226 -0.644347 0)
(-0.0479806 -0.689131 0)
(-0.0598116 -0.734109 0)
(-0.0738531 -0.793768 0)
(-0.0961078 -0.901493 0)
(-0.124665 -1.06181 0)
(-0.12853 -1.14424 0)
(-0.0830394 -0.913183 0)
(-0.011149 -0.300583 0)
(0.004292 0.0923331 0)
(0.038352 0.313183 0)
(0.0783479 0.499016 0)
(0.111294 0.626487 0)
(0.135451 0.70781 0)
(0.154046 0.756538 0)
(0.168367 0.778052 0)
(0.178181 0.774771 0)
(0.183506 0.750766 0)
(0.185112 0.712173 0)
(0.184263 0.665556 0)
(0.182278 0.61625 0)
(0.180164 0.567536 0)
(0.178455 0.52075 0)
(0.177262 0.475952 0)
(0.176442 0.432677 0)
(0.175766 0.390442 0)
(0.17503 0.348943 0)
(0.174089 0.308049 0)
(0.172847 0.267724 0)
(0.171239 0.227955 0)
(0.169208 0.188721 0)
(0.166702 0.149978 0)
(0.16367 0.111661 0)
(0.160065 0.0736888 0)
(0.155846 0.0359722 0)
(0.15109 -0.00161783 0)
(0.145688 -0.0392032 0)
(0.139452 -0.0768912 0)
(0.132427 -0.11481 0)
(0.124626 -0.153073 0)
(0.116025 -0.191785 0)
(0.106614 -0.23107 0)
(0.0964066 -0.27107 0)
(0.0854299 -0.311963 0)
(0.0737224 -0.353956 0)
(0.061334 -0.397272 0)
(0.0483243 -0.442087 0)
(0.0347646 -0.488421 0)
(0.0207485 -0.535964 0)
(0.00640356 -0.583916 0)
(-0.00809241 -0.63099 0)
(-0.022589 -0.676013 0)
(-0.0370218 -0.720413 0)
(-0.0528574 -0.775744 0)
(-0.075062 -0.875277 0)
(-0.106021 -1.04081 0)
(-0.118551 -1.16039 0)
(-0.0829463 -0.972588 0)
(-0.0123432 -0.345784 0)
(0.00333578 0.0735232 0)
(0.0367253 0.273079 0)
(0.0812611 0.458758 0)
(0.12116 0.594815 0)
(0.15158 0.683861 0)
(0.174952 0.737986 0)
(0.193152 0.764245 0)
(0.206313 0.765797 0)
(0.214405 0.746267 0)
(0.218087 0.711111 0)
(0.218638 0.666557 0)
(0.217515 0.618043 0)
(0.215928 0.569253 0)
(0.214613 0.522 0)
(0.213824 0.47672 0)
(0.213486 0.433148 0)
(0.213376 0.390847 0)
(0.213258 0.349476 0)
(0.212942 0.308847 0)
(0.212301 0.268878 0)
(0.211242 0.229532 0)
(0.209698 0.190777 0)
(0.20761 0.152565 0)
(0.204921 0.114828 0)
(0.201581 0.0774819 0)
(0.197534 0.0404281 0)
(0.192825 0.00355542 0)
(0.187377 -0.0332856 0)
(0.181024 -0.0701834 0)
(0.173771 -0.107271 0)
(0.165628 -0.144677 0)
(0.156571 -0.182524 0)
(0.146584 -0.220946 0)
(0.135677 -0.260101 0)
(0.123872 -0.300179 0)
(0.111204 -0.341399 0)
(0.097717 -0.383993 0)
(0.0834584 -0.428142 0)
(0.0684764 -0.473873 0)
(0.0528263 -0.520898 0)
(0.0365802 -0.568456 0)
(0.0198605 -0.615298 0)
(0.00277067 -0.660229 0)
(-0.0145497 -0.704178 0)
(-0.0329527 -0.756426 0)
(-0.0558658 -0.84816 0)
(-0.088649 -1.0148 0)
(-0.108803 -1.16745 0)
(-0.083068 -1.02585 0)
(-0.0135891 -0.392013 0)
(0.00247233 0.0563645 0)
(0.0339 0.231833 0)
(0.0813145 0.413127 0)
(0.127574 0.556422 0)
(0.164621 0.654175 0)
(0.193277 0.714947 0)
(0.215694 0.746681 0)
(0.232522 0.753573 0)
(0.24381 0.739107 0)
(0.250077 0.708076 0)
(0.25251 0.666243 0)
(0.252622 0.619028 0)
(0.251796 0.570458 0)
(0.250983 0.52284 0)
(0.250626 0.477049 0)
(0.250767 0.433095 0)
(0.251226 0.390647 0)
(0.251751 0.34936 0)
(0.252117 0.308994 0)
(0.25215 0.269414 0)
(0.251727 0.230547 0)
(0.250755 0.19234 0)
(0.249164 0.154737 0)
(0.246888 0.117664 0)
(0.243872 0.0810334 0)
(0.240054 0.0447421 0)
(0.235443 0.00868247 0)
(0.229984 -0.0273014 0)
(0.223539 -0.0632988 0)
(0.216074 -0.0994443 0)
(0.207596 -0.135879 0)
(0.198083 -0.17274 0)
(0.187516 -0.210174 0)
(0.175897 -0.248355 0)
(0.163245 -0.287484 0)
(0.149587 -0.32779 0)
(0.134958 -0.369509 0)
(0.119386 -0.412818 0)
(0.102892 -0.457743 0)
(0.0854906 -0.504006 0)
(0.0672019 -0.550873 0)
(0.048091 -0.597132 0)
(0.0282241 -0.641584 0)
(0.00778006 -0.684963 0)
(-0.0137644 -0.735036 0)
(-0.0382176 -0.819901 0)
(-0.0725679 -0.984483 0)
(-0.0994652 -1.16598 0)
(-0.0836933 -1.07307 0)
(-0.0151337 -0.439464 0)
(0.00174465 0.0412058 0)
(0.0301832 0.191071 0)
(0.0785396 0.363498 0)
(0.130046 0.51157 0)
(0.173795 0.618314 0)
(0.208291 0.686943 0)
(0.235378 0.725006 0)
(0.256228 0.737719 0)
(0.271147 0.7288 0)
(0.28055 0.702529 0)
(0.285455 0.664122 0)
(0.287325 0.618832 0)
(0.287648 0.570924 0)
(0.287571 0.523167 0)
(0.287754 0.476912 0)
(0.288407 0.432518 0)
(0.289438 0.389836 0)
(0.290619 0.348564 0)
(0.291699 0.308432 0)
(0.292465 0.269256 0)
(0.29275 0.230916 0)
(0.292434 0.193328 0)
(0.291422 0.156417 0)
(0.289636 0.1201 0)
(0.287011 0.0842846 0)
(0.283481 0.0488627 0)
(0.279027 0.0137232 0)
(0.273606 -0.0212857 0)
(0.2671 -0.0562642 0)
(0.259452 -0.0913496 0)
(0.25066 -0.126692 0)
(0.240706 -0.162439 0)
(0.229568 -0.198755 0)
(0.217241 -0.235823 0)
(0.203737 -0.27386 0)
(0.189074 -0.313098 0)
(0.173268 -0.353769 0)
(0.156323 -0.396041 0)
(0.138224 -0.439926 0)
(0.118944 -0.485144 0)
(0.0984476 -0.530984 0)
(0.0767482 -0.576287 0)
(0.0538868 -0.619896 0)
(0.0300997 -0.662402 0)
(0.00501924 -0.710896 0)
(-0.0217925 -0.790121 0)
(-0.0577098 -0.950318 0)
(-0.090575 -1.15636 0)
(-0.0849927 -1.1143 0)
(-0.0172631 -0.488577 0)
(0.00116123 0.0282194 0)
(0.0259359 0.152345 0)
(0.0731884 0.311638 0)
(0.128279 0.461012 0)
(0.178322 0.576037 0)
(0.219094 0.653428 0)
(0.251405 0.698771 0)
(0.276709 0.717833 0)
(0.295694 0.714849 0)
(0.308798 0.693864 0)
(0.316847 0.659569 0)
(0.321151 0.616915 0)
(0.323194 0.570257 0)
(0.324269 0.522744 0)
(0.325244 0.4762 0)
(0.32653 0.431386 0)
(0.328178 0.388408 0)
(0.330028 0.347076 0)
(0.331839 0.30713 0)
(0.33337 0.268349 0)
(0.334418 0.230566 0)
(0.334824 0.193659 0)
(0.334466 0.157524 0)
(0.333245 0.122061 0)
(0.331083 0.0871669 0)
(0.327906 0.0527283 0)
(0.323672 0.018628 0)
(0.318346 -0.0152842 0)
(0.311826 -0.0491194 0)
(0.304036 -0.083019 0)
(0.294968 -0.11714 0)
(0.284605 -0.151643 0)
(0.272923 -0.186702 0)
(0.25991 -0.222516 0)
(0.245566 -0.259304 0)
(0.229891 -0.297302 0)
(0.212877 -0.336727 0)
(0.194496 -0.377731 0)
(0.174693 -0.420304 0)
(0.15339 -0.464156 0)
(0.130499 -0.508595 0)
(0.105988 -0.552533 0)
(0.0798824 -0.594916 0)
(0.0524939 -0.636323 0)
(0.0236318 -0.68334 0)
(-0.00624073 -0.758367 0)
(-0.0439261 -0.912655 0)
(-0.0820149 -1.13882 0)
(-0.0869981 -1.14949 0)
(-0.0202626 -0.540001 0)
(0.000707869 0.0174248 0)
(0.021528 0.116974 0)
(0.0657461 0.259597 0)
(0.122276 0.406086 0)
(0.177554 0.527513 0)
(0.22469 0.613927 0)
(0.262775 0.667438 0)
(0.293051 0.693457 0)
(0.316572 0.696752 0)
(0.333938 0.681446 0)
(0.345843 0.651857 0)
(0.353377 0.612566 0)
(0.357907 0.567863 0)
(0.360769 0.521145 0)
(0.362994 0.474653 0)
(0.365198 0.42957 0)
(0.367612 0.386317 0)
(0.370196 0.344881 0)
(0.372764 0.305072 0)
(0.37508 0.266662 0)
(0.37692 0.22945 0)
(0.378092 0.193271 0)
(0.378443 0.157986 0)
(0.377851 0.123473 0)
(0.376217 0.0896088 0)
(0.373459 0.0562708 0)
(0.369513 0.0233332 0)
(0.364347 -0.00935569 0)
(0.357871 -0.0419184 0)
(0.349996 -0.0745015 0)
(0.340705 -0.107268 0)
(0.329984 -0.14039 0)
(0.317803 -0.174051 0)
(0.304138 -0.208455 0)
(0.288973 -0.243824 0)
(0.272284 -0.280385 0)
(0.254029 -0.318337 0)
(0.23414 -0.357803 0)
(0.212513 -0.398747 0)
(0.189017 -0.440863 0)
(0.163519 -0.483487 0)
(0.135946 -0.525622 0)
(0.106331 -0.566374 0)
(0.0750714 -0.606442 0)
(0.0422128 -0.652072 0)
(0.00880386 -0.724064 0)
(-0.0309721 -0.871792 0)
(-0.073496 -1.11346 0)
(-0.0895705 -1.17836 0)
(-0.0243603 -0.594536 0)
(0.000365743 0.00871793 0)
(0.0172916 0.0858908 0)
(0.0568988 0.209514 0)
(0.112419 0.348719 0)
(0.171142 0.473528 0)
(0.224123 0.568245 0)
(0.268315 0.630462 0)
(0.304122 0.664063 0)
(0.332706 0.673985 0)
(0.354903 0.664635 0)
(0.371381 0.640197 0)
(0.383014 0.604926 0)
(0.39096 0.562931 0)
(0.396475 0.517703 0)
(0.400662 0.471794 0)
(0.404304 0.426772 0)
(0.407819 0.383402 0)
(0.411327 0.341911 0)
(0.414747 0.302232 0)
(0.417893 0.26418 0)
(0.420551 0.227543 0)
(0.422516 0.192126 0)
(0.423611 0.157755 0)
(0.423691 0.124277 0)
(0.422639 0.0915464 0)
(0.420357 0.0594242 0)
(0.416764 0.0277718 0)
(0.411825 -0.00356466 0)
(0.405458 -0.0347259 0)
(0.397563 -0.0658606 0)
(0.388116 -0.0971373 0)
(0.377097 -0.128736 0)
(0.364468 -0.160846 0)
(0.35019 -0.193672 0)
(0.33422 -0.227429 0)
(0.316503 -0.262325 0)
(0.296955 -0.298536 0)
(0.27546 -0.336149 0)
(0.25186 -0.375095 0)
(0.225975 -0.415059 0)
(0.197625 -0.455414 0)
(0.166721 -0.495285 0)
(0.133324 -0.534005 0)
(0.0979496 -0.572505 0)
(0.0608883 -0.616903 0)
(0.023693 -0.686684 0)
(-0.0185319 -0.828037 0)
(-0.0645663 -1.08033 0)
(-0.0923687 -1.20034 0)
(-0.0296461 -0.652977 0)
(0.00012696 0.00189289 0)
(0.0134944 0.0595694 0)
(0.0474485 0.163375 0)
(0.0994712 0.291316 0)
(0.159177 0.415621 0)
(0.21667 0.516732 0)
(0.266802 0.587468 0)
(0.308577 0.629082 0)
(0.342799 0.645975 0)
(0.370429 0.642787 0)
(0.392193 0.623787 0)
(0.408811 0.593051 0)
(0.421195 0.554474 0)
(0.430418 0.511507 0)
(0.437537 0.466873 0)
(0.443416 0.422444 0)
(0.448632 0.379307 0)
(0.453472 0.337957 0)
(0.457996 0.298504 0)
(0.462116 0.260853 0)
(0.465669 0.224821 0)
(0.46847 0.190204 0)
(0.470342 0.156803 0)
(0.471127 0.124436 0)
(0.470694 0.0929331 0)
(0.468932 0.0621338 0)
(0.465749 0.0318828 0)
(0.461094 0.00202294 0)
(0.454893 -0.0276098 0)
(0.447043 -0.0571639 0)
(0.437503 -0.0868114 0)
(0.42624 -0.116737 0)
(0.413203 -0.14713 0)
(0.398331 -0.178188 0)
(0.381549 -0.210109 0)
(0.362759 -0.243077 0)
(0.341831 -0.277233 0)
(0.318593 -0.312626 0)
(0.292835 -0.349156 0)
(0.264326 -0.386506 0)
(0.232859 -0.424107 0)
(0.198348 -0.461249 0)
(0.160918 -0.497559 0)
(0.121237 -0.534311 0)
(0.0798303 -0.577658 0)
(0.0387924 -0.645929 0)
(-0.0062385 -0.781742 0)
(-0.0546274 -1.03953 0)
(-0.0948217 -1.21449 0)
(-0.0359623 -0.715897 0)
(2.95104e-06 -0.00334935 0)
(0.0103371 0.0380365 0)
(0.0381793 0.122781 0)
(0.0844729 0.236529 0)
(0.142239 0.356102 0)
(0.202028 0.460527 0)
(0.25716 0.538523 0)
(0.304958 0.588045 0)
(0.345329 0.612111 0)
(0.379033 0.615232 0)
(0.406809 0.601832 0)
(0.429284 0.575974 0)
(0.447149 0.541397 0)
(0.461237 0.501442 0)
(0.472453 0.458872 0)
(0.481637 0.415741 0)
(0.489447 0.373394 0)
(0.49631 0.33258 0)
(0.502436 0.29361 0)
(0.507865 0.25652 0)
(0.512527 0.221197 0)
(0.516296 0.187457 0)
(0.519025 0.1551 0)
(0.520568 0.123923 0)
(0.520796 0.0937373 0)
(0.519593 0.0643612 0)
(0.516861 0.0356219 0)
(0.512533 0.00735311 0)
(0.506538 -0.020625 0)
(0.498773 -0.048464 0)
(0.489173 -0.0763372 0)
(0.477687 -0.104427 0)
(0.464246 -0.132918 0)
(0.448755 -0.161989 0)
(0.431102 -0.191816 0)
(0.411143 -0.22255 0)
(0.388695 -0.254292 0)
(0.363531 -0.28705 0)
(0.335389 -0.320701 0)
(0.304003 -0.35494 0)
(0.269153 -0.38929 0)
(0.23079 -0.423261 0)
(0.189147 -0.456846 0)
(0.145065 -0.491753 0)
(0.0993099 -0.534299 0)
(0.0545357 -0.601808 0)
(0.00639365 -0.733246 0)
(-0.0429225 -0.991411 0)
(-0.0960886 -1.21948 0)
(-0.0427762 -0.783518 0)
(1.66303e-05 -0.00739912 0)
(0.00791776 0.0209703 0)
(0.0296534 0.0887978 0)
(0.068481 0.186963 0)
(0.121266 0.297881 0)
(0.180401 0.401663 0)
(0.238681 0.484416 0)
(0.291895 0.540819 0)
(0.338644 0.571831 0)
(0.379025 0.581268 0)
(0.413556 0.573533 0)
(0.442747 0.552747 0)
(0.467102 0.522592 0)
(0.487215 0.486297 0)
(0.503777 0.446575 0)
(0.517508 0.405548 0)
(0.529055 0.364721 0)
(0.538921 0.325041 0)
(0.547435 0.287008 0)
(0.55477 0.250808 0)
(0.560974 0.216425 0)
(0.566011 0.183733 0)
(0.569799 0.152551 0)
(0.572235 0.12268 0)
(0.573212 0.0939187 0)
(0.572627 0.0660745 0)
(0.570386 0.0389607 0)
(0.566413 0.0124004 0)
(0.560636 -0.0137927 0)
(0.552957 -0.0397752 0)
(0.543281 -0.0657164 0)
(0.531537 -0.0917909 0)
(0.517628 -0.118167 0)
(0.501427 -0.145003 0)
(0.482779 -0.172443 0)
(0.461491 -0.200597 0)
(0.437329 -0.229524 0)
(0.410016 -0.259199 0)
(0.37925 -0.28948 0)
(0.344746 -0.320104 0)
(0.306304 -0.350732 0)
(0.263953 -0.38115 0)
(0.218063 -0.411788 0)
(0.169668 -0.444863 0)
(0.119768 -0.486933 0)
(0.0715002 -0.554451 0)
(0.0200876 -0.683045 0)
(-0.0286028 -0.936883 0)
(-0.0950535 -1.21379 0)
(-0.0490845 -0.855779 0)
(0.000155711 -0.0106769 0)
(0.00603067 0.00788603 0)
(0.021833 0.0619782 0)
(0.0520607 0.144863 0)
(0.0971488 0.244129 0)
(0.152359 0.34295 0)
(0.211153 0.426804 0)
(0.268363 0.487877 0)
(0.32118 0.524835 0)
(0.368619 0.540237 0)
(0.410601 0.538086 0)
(0.447345 0.522456 0)
(0.479142 0.497003 0)
(0.506363 0.464876 0)
(0.529475 0.428706 0)
(0.549025 0.390595 0)
(0.565571 0.352108 0)
(0.579613 0.314315 0)
(0.591548 0.27786 0)
(0.60165 0.243067 0)
(0.61008 0.210027 0)
(0.61691 0.178692 0)
(0.622144 0.148925 0)
(0.625748 0.120551 0)
(0.627664 0.0933792 0)
(0.62782 0.0672147 0)
(0.626141 0.0418685 0)
(0.622555 0.0171594 0)
(0.616992 -0.00709748 0)
(0.609357 -0.0310616 0)
(0.599538 -0.0548905 0)
(0.587437 -0.0787421 0)
(0.572931 -0.102764 0)
(0.555862 -0.127085 0)
(0.536032 -0.151812 0)
(0.513207 -0.177014 0)
(0.487109 -0.202706 0)
(0.457427 -0.228836 0)
(0.423843 -0.255271 0)
(0.386085 -0.28182 0)
(0.344015 -0.308331 0)
(0.297772 -0.334927 0)
(0.247883 -0.362525 0)
(0.195554 -0.393884 0)
(0.141962 -0.435841 0)
(0.0905599 -0.504112 0)
(0.0359444 -0.631426 0)
(-0.0109373 -0.877474 0)
(-0.0904415 -1.19569 0)
(-0.0534002 -0.931914 0)
(0.000279797 -0.0133906 0)
(0.00370959 -0.001458 0)
(0.0134053 0.042609 0)
(0.034446 0.111869 0)
(0.0699485 0.197735 0)
(0.118343 0.287538 0)
(0.174747 0.368094 0)
(0.233871 0.430454 0)
(0.291776 0.471325 0)
(0.346197 0.491707 0)
(0.396102 0.494761 0)
(0.441128 0.484234 0)
(0.481225 0.463658 0)
(0.516511 0.43609 0)
(0.547235 0.404064 0)
(0.573759 0.369614 0)
(0.59651 0.334293 0)
(0.615929 0.299215 0)
(0.632417 0.265109 0)
(0.646305 0.232398 0)
(0.65784 0.201273 0)
(0.667188 0.171763 0)
(0.674447 0.143794 0)
(0.679663 0.117231 0)
(0.682842 0.0919088 0)
(0.683964 0.0676506 0)
(0.682989 0.0442772 0)
(0.679861 0.0216152 0)
(0.674521 -0.000507929 0)
(0.666884 -0.0222511 0)
(0.65683 -0.0437505 0)
(0.644241 -0.0651393 0)
(0.628975 -0.0865371 0)
(0.610848 -0.108039 0)
(0.589637 -0.129712 0)
(0.565078 -0.151582 0)
(0.536876 -0.173634 0)
(0.504715 -0.195802 0)
(0.468304 -0.217989 0)
(0.427432 -0.240123 0)
(0.382063 -0.262282 0)
(0.332467 -0.284962 0)
(0.279304 -0.309574 0)
(0.22387 -0.339399 0)
(0.167368 -0.381533 0)
(0.11332 -0.451036 0)
(0.0557007 -0.577943 0)
(0.010726 -0.815129 0)
(-0.080819 -1.16266 0)
(-0.0537279 -1.00873 0)
(-4.03752e-05 -0.0148531 0)
(-0.00139912 -0.00617316 0)
(0.00104273 0.0313097 0)
(0.012619 0.088969 0)
(0.0379189 0.160694 0)
(0.0778657 0.238142 0)
(0.12958 0.310911 0)
(0.188434 0.370392 0)
(0.249931 0.412149 0)
(0.310679 0.435704 0)
(0.368524 0.443086 0)
(0.422266 0.437366 0)
(0.471307 0.421725 0)
(0.515413 0.399017 0)
(0.55459 0.371636 0)
(0.589011 0.341508 0)
(0.618964 0.310125 0)
(0.644799 0.278585 0)
(0.666882 0.247648 0)
(0.685554 0.217792 0)
(0.701112 0.189277 0)
(0.713789 0.162201 0)
(0.723762 0.136552 0)
(0.731154 0.112245 0)
(0.736041 0.0891556 0)
(0.73846 0.0671359 0)
(0.738419 0.046032 0)
(0.735894 0.0256908 0)
(0.730848 0.00596448 0)
(0.723207 -0.0132929 0)
(0.712865 -0.0321943 0)
(0.699698 -0.0508422 0)
(0.683557 -0.0693215 0)
(0.664254 -0.0876904 0)
(0.641565 -0.105977 0)
(0.615233 -0.124179 0)
(0.584989 -0.142261 0)
(0.55057 -0.160176 0)
(0.511766 -0.177897 0)
(0.468477 -0.195501 0)
(0.420795 -0.213322 0)
(0.369102 -0.232219 0)
(0.314106 -0.254051 0)
(0.257044 -0.282534 0)
(0.198917 -0.324938 0)
(0.143041 -0.39567 0)
(0.0826199 -0.52223 0)
(0.0379967 -0.751311 0)
(-0.0637439 -1.11113 0)
(-0.0473434 -1.07929 0)
(-0.00177906 -0.0122147 0)
(-0.0131614 -0.00306998 0)
(-0.0205135 0.0295406 0)
(-0.018739 0.0765281 0)
(-0.00296382 0.133644 0)
(0.0288392 0.19623 0)
(0.075151 0.257235 0)
(0.132303 0.309592 0)
(0.195891 0.348639 0)
(0.261858 0.372848 0)
(0.327078 0.383083 0)
(0.389434 0.381493 0)
(0.447626 0.370639 0)
(0.500943 0.352983 0)
(0.549074 0.330666 0)
(0.59198 0.305446 0)
(0.629798 0.278706 0)
(0.662778 0.251485 0)
(0.691228 0.224526 0)
(0.715474 0.198324 0)
(0.735824 0.173179 0)
(0.752556 0.149237 0)
(0.765901 0.126539 0)
(0.776043 0.105051 0)
(0.783121 0.0846899 0)
(0.787232 0.0653496 0)
(0.788434 0.0469103 0)
(0.786749 0.0292502 0)
(0.782171 0.0122546 0)
(0.774654 -0.00419174 0)
(0.764119 -0.0201802 0)
(0.750458 -0.0357847 0)
(0.733545 -0.0510566 0)
(0.713228 -0.0660192 0)
(0.689326 -0.0806722 0)
(0.66165 -0.0949985 0)
(0.63002 -0.108975 0)
(0.594291 -0.1226 0)
(0.554384 -0.135942 0)
(0.510337 -0.149235 0)
(0.46234 -0.16304 0)
(0.410797 -0.17851 0)
(0.356311 -0.197838 0)
(0.299855 -0.225054 0)
(0.241979 -0.267512 0)
(0.185584 -0.338961 0)
(0.12263 -0.464518 0)
(0.0759966 -0.687062 0)
(-0.0344695 -1.03968 0)
(-0.030867 -1.13657 0)
(-0.00667939 0.000517953 0)
(-0.0363393 0.0133005 0)
(-0.0570934 0.0395307 0)
(-0.0654776 0.0742149 0)
(-0.0576516 0.11553 0)
(-0.0321063 0.161293 0)
(0.0100932 0.207582 0)
(0.0656532 0.24928 0)
(0.130505 0.282206 0)
(0.200534 0.304273 0)
(0.272076 0.315441 0)
(0.342281 0.316898 0)
(0.409161 0.310394 0)
(0.47147 0.297794 0)
(0.528517 0.280837 0)
(0.580001 0.261016 0)
(0.625886 0.239539 0)
(0.666305 0.217341 0)
(0.701494 0.195109 0)
(0.731745 0.173325 0)
(0.757362 0.152298 0)
(0.77864 0.132206 0)
(0.795848 0.113127 0)
(0.809218 0.09507 0)
(0.818943 0.0779961 0)
(0.825176 0.0618391 0)
(0.828032 0.0465179 0)
(0.827588 0.0319472 0)
(0.823889 0.0180466 0)
(0.816949 0.00474227 0)
(0.806742 -0.00802582 0)
(0.793188 -0.020303 0)
(0.776239 -0.0321332 0)
(0.755835 -0.0435329 0)
(0.731904 -0.0544956 0)
(0.70438 -0.0650092 0)
(0.673226 -0.0750797 0)
(0.638446 -0.084762 0)
(0.600099 -0.0942115 0)
(0.558309 -0.103776 0)
(0.513271 -0.114154 0)
(0.46525 -0.126648 0)
(0.414521 -0.143602 0)
(0.361519 -0.169178 0)
(0.306051 -0.210746 0)
(0.250319 -0.281563 0)
(0.184681 -0.404754 0)
(0.135498 -0.619135 0)
(0.0115598 -0.956686 0)
(-0.00181353 -1.17904 0)
(-0.0171222 0.0329566 0)
(-0.0747989 0.0490791 0)
(-0.111651 0.0626542 0)
(-0.129682 0.0804597 0)
(-0.127656 0.103457 0)
(-0.105836 0.130866 0)
(-0.0657633 0.160506 0)
(-0.0106722 0.189184 0)
(0.0554289 0.213579 0)
(0.128566 0.23119 0)
(0.205118 0.241328 0)
(0.281811 0.244484 0)
(0.356146 0.241591 0)
(0.426421 0.233804 0)
(0.491586 0.222326 0)
(0.551066 0.208271 0)
(0.604625 0.192592 0)
(0.652262 0.176054 0)
(0.69413 0.159249 0)
(0.730472 0.142604 0)
(0.761577 0.126414 0)
(0.78775 0.110864 0)
(0.809288 0.0960561 0)
(0.826465 0.0820312 0)
(0.839528 0.0687871 0)
(0.84869 0.0562942 0)
(0.854133 0.0445079 0)
(0.856005 0.0333766 0)
(0.854427 0.0228499 0)
(0.849496 0.0128839 0)
(0.841278 0.00344368 0)
(0.829893 -0.00549148 0)
(0.815242 -0.013932 0)
(0.797391 -0.0219163 0)
(0.776419 -0.0294743 0)
(0.752405 -0.0366219 0)
(0.725435 -0.043392 0)
(0.695613 -0.0498716 0)
(0.663057 -0.056249 0)
(0.627877 -0.0628956 0)
(0.590134 -0.070506 0)
(0.5498 -0.0803344 0)
(0.506613 -0.0946034 0)
(0.460162 -0.11727 0)
(0.408994 -0.15539 0)
(0.353783 -0.221661 0)
(0.283182 -0.337856 0)
(0.228213 -0.539199 0)
(0.0731131 -0.870491 0)
(0.0414349 -1.19749 0)
(-0.0353404 0.0984078 0)
(-0.125186 0.109845 0)
(-0.171084 0.0979076 0)
(-0.192311 0.0923191 0)
(-0.192205 0.0943318 0)
(-0.172097 0.102263 0)
(-0.133635 0.114674 0)
(-0.0797257 0.129304 0)
(-0.0140837 0.143488 0)
(0.0597336 0.155026 0)
(0.138538 0.162763 0)
(0.219095 0.166435 0)
(0.2985 0.166231 0)
(0.374711 0.162647 0)
(0.446389 0.156336 0)
(0.512707 0.147986 0)
(0.573227 0.138235 0)
(0.627793 0.127633 0)
(0.676454 0.116624 0)
(0.719386 0.105549 0)
(0.756847 0.0946544 0)
(0.789133 0.0841074 0)
(0.816556 0.074012 0)
(0.83942 0.0644239 0)
(0.858014 0.055364 0)
(0.872604 0.0468291 0)
(0.883428 0.0388017 0)
(0.890701 0.0312564 0)
(0.89461 0.0241648 0)
(0.895324 0.0175006 0)
(0.893 0.0112375 0)
(0.88775 0.00536806 0)
(0.879835 -0.000113499 0)
(0.869323 -0.0052223 0)
(0.856247 -0.00998823 0)
(0.840735 -0.0144526 0)
(0.822912 -0.0186701 0)
(0.802889 -0.0227302 0)
(0.780744 -0.0267961 0)
(0.756493 -0.0311695 0)
(0.730011 -0.0364056 0)
(0.700947 -0.0435043 0)
(0.668482 -0.0542388 0)
(0.63123 -0.0717978 0)
(0.585988 -0.101974 0)
(0.530374 -0.155476 0)
(0.449708 -0.251638 0)
(0.373002 -0.423767 0)
(0.152648 -0.740849 0)
(0.118103 -1.13973 0)
(-0.0728659 0.213872 0)
(-0.144654 0.159818 0)
(-0.141808 0.103311 0)
(-0.130674 0.08422 0)
(-0.112603 0.0722546 0)
(-0.0852881 0.063708 0)
(-0.0474396 0.0605261 0)
(0.0009081 0.0620097 0)
(0.0588932 0.0662181 0)
(0.125188 0.0716793 0)
(0.197656 0.0770778 0)
(0.273623 0.0812841 0)
(0.350542 0.0837695 0)
(0.426355 0.084415 0)
(0.499515 0.0833407 0)
(0.56892 0.0808001 0)
(0.633845 0.0771048 0)
(0.693866 0.0725691 0)
(0.748798 0.0674778 0)
(0.798624 0.0620704 0)
(0.843447 0.0565366 0)
(0.883444 0.0510186 0)
(0.91884 0.045618 0)
(0.949878 0.0404024 0)
(0.976808 0.0354135 0)
(0.999872 0.030674 0)
(1.0193 0.0261931 0)
(1.03532 0.0219713 0)
(1.04811 0.0180037 0)
(1.05788 0.0142828 0)
(1.06478 0.0108008 0)
(1.06897 0.0075452 0)
(1.07061 0.00450874 0)
(1.06985 0.0016996 0)
(1.0669 -0.000887398 0)
(1.06185 -0.0032762 0)
(1.05481 -0.00550446 0)
(1.04585 -0.00763198 0)
(1.035 -0.00976213 0)
(1.02219 -0.0120806 0)
(1.00721 -0.0149265 0)
(0.989515 -0.0189081 0)
(0.967947 -0.0250899 0)
(0.94046 -0.0353489 0)
(0.902506 -0.0530653 0)
(0.848358 -0.0844395 0)
(0.757975 -0.141983 0)
(0.641508 -0.252061 0)
(0.335985 -0.495527 0)
(0.327935 -0.862145 0)
(0.238782 0.159771 0)
(0.357182 0.172611 0)
(0.470705 0.12763 0)
(0.571648 0.0910142 0)
(0.647999 0.0667751 0)
(0.706935 0.0498578 0)
(0.756338 0.0374315 0)
(0.801024 0.0282422 0)
(0.844102 0.0216313 0)
(0.887694 0.0171787 0)
(0.932934 0.0144519 0)
(0.980063 0.0129746 0)
(1.02869 0.0123008 0)
(1.07808 0.01206 0)
(1.12732 0.0119751 0)
(1.17556 0.0118641 0)
(1.22204 0.0116271 0)
(1.26613 0.0112253 0)
(1.30741 0.0106601 0)
(1.34558 0.00995505 0)
(1.38049 0.00914353 0)
(1.41208 0.0082605 0)
(1.44038 0.00733803 0)
(1.46546 0.00640315 0)
(1.48746 0.00547726 0)
(1.50651 0.00457655 0)
(1.52278 0.0037128 0)
(1.53641 0.00289414 0)
(1.54758 0.00212589 0)
(1.55644 0.00141145 0)
(1.56315 0.000752732 0)
(1.56785 0.000150154 0)
(1.5707 -0.000396513 0)
(1.57183 -0.000887708 0)
(1.57139 -0.00132286 0)
(1.5695 -0.00170513 0)
(1.56628 -0.00204275 0)
(1.56184 -0.00235108 0)
(1.5562 -0.00265798 0)
(1.5493 -0.00301298 0)
(1.54092 -0.00350471 0)
(1.53054 -0.00428816 0)
(1.51707 -0.00563292 0)
(1.49862 -0.00798437 0)
(1.47128 -0.0121689 0)
(1.42963 -0.0194042 0)
(1.35664 -0.0331326 0)
(1.24349 -0.0573425 0)
(0.972338 -0.130188 0)
(0.997204 -0.299609 0)
)
;

boundaryField
{
    movingWall
    {
        type            fixedValue;
        value           uniform (2 0 0);
    }
    fixedWalls
    {
        type            fixedValue;
        value           uniform (0 0 0);
    }
    frontAndBack
    {
        type            empty;
    }
}


// ************************************************************************* //
