/*--------------------------------*- C++ -*----------------------------------*\
  =========                 |
  \\      /  F ield         | OpenFOAM: The Open Source CFD Toolbox
   \\    /   O peration     | Website:  https://openfoam.org
    \\  /    A nd           | Version:  7
     \\/     M anipulation  |
\*---------------------------------------------------------------------------*/
FoamFile
{
    version     2.0;
    format      ascii;
    class       volVectorField;
    location    "50";
    object      U;
}
// * * * * * * * * * * * * * * * * * * * * * * * * * * * * * * * * * * * * * //

dimensions      [0 1 -1 0 0 0 0];

internalField   nonuniform List<vector> 
2500
(
(-0.00268459 -0.00318572 0)
(-0.00332447 -0.00205918 0)
(0.00140597 -0.00108138 0)
(0.00427222 -0.00080018 0)
(0.00617665 -0.000595574 0)
(0.00734739 -0.000415878 0)
(0.00789233 -0.000285657 0)
(0.00790618 -0.00020031 0)
(0.00746399 -0.000140376 0)
(0.00658435 -8.32068e-05 0)
(0.00522725 -8.14096e-06 0)
(0.00331162 9.70612e-05 0)
(0.000736081 0.000238059 0)
(-0.00260248 0.000416769 0)
(-0.00678704 0.000632209 0)
(-0.0118628 0.000879827 0)
(-0.0178171 0.00115087 0)
(-0.0245617 0.00143069 0)
(-0.0319174 0.00169782 0)
(-0.0396058 0.00192332 0)
(-0.0472517 0.002073 0)
(-0.0543998 0.00211149 0)
(-0.060545 0.00200849 0)
(-0.0651721 0.00174466 0)
(-0.0677985 0.00131381 0)
(-0.06802 0.000723103 0)
(-0.0655779 1.36655e-05 0)
(-0.0604152 -0.000748212 0)
(-0.0526811 -0.00148383 0)
(-0.042739 -0.00211183 0)
(-0.0311508 -0.00255929 0)
(-0.0186411 -0.00277039 0)
(-0.00603724 -0.00271531 0)
(0.00584652 -0.00239416 0)
(0.0162604 -0.00186543 0)
(0.0246495 -0.00120497 0)
(0.030637 -0.000500222 0)
(0.0340675 0.000156601 0)
(0.0350331 0.000687818 0)
(0.0338549 0.00104982 0)
(0.0310362 0.00124074 0)
(0.0271306 0.00128774 0)
(0.0226636 0.00123134 0)
(0.0180753 0.00111452 0)
(0.0136835 0.000973305 0)
(0.00967936 0.000831545 0)
(0.00616011 0.000695421 0)
(0.00321375 0.000544708 0)
(0.00105706 0.000327231 0)
(2.27479e-05 1.98948e-05 0)
(-0.000919258 -0.00647136 0)
(-0.00104057 -0.00759006 0)
(0.00395967 -0.00572647 0)
(0.00838845 -0.00427076 0)
(0.0115542 -0.00289783 0)
(0.0131338 -0.00159508 0)
(0.0131391 -0.000459948 0)
(0.0116762 0.000504551 0)
(0.00882587 0.00139051 0)
(0.00456741 0.00230716 0)
(-0.00121685 0.00335585 0)
(-0.00871396 0.00460546 0)
(-0.0181309 0.00607669 0)
(-0.0296137 0.00774205 0)
(-0.0431877 0.00953186 0)
(-0.0587107 0.0113348 0)
(-0.0758383 0.0129989 0)
(-0.0940153 0.0143411 0)
(-0.112499 0.0151656 0)
(-0.13041 0.0152889 0)
(-0.146807 0.0145655 0)
(-0.160764 0.0129122 0)
(-0.171451 0.0103216 0)
(-0.178189 0.00686507 0)
(-0.180486 0.00268411 0)
(-0.178 -0.00203027 0)
(-0.170713 -0.0069243 0)
(-0.158794 -0.0116729 0)
(-0.142611 -0.0159476 0)
(-0.122734 -0.019435 0)
(-0.0999217 -0.0218578 0)
(-0.0751028 -0.0229989 0)
(-0.0493576 -0.0227359 0)
(-0.0238786 -0.0210128 0)
(9.45645e-05 -0.0180047 0)
(0.021225 -0.0140931 0)
(0.0385057 -0.00964903 0)
(0.0513397 -0.00502801 0)
(0.0593918 -0.000625565 0)
(0.0626895 0.00312941 0)
(0.0616553 0.00594568 0)
(0.0572027 0.00774981 0)
(0.0503132 0.00860358 0)
(0.0419889 0.00867556 0)
(0.0331201 0.00819456 0)
(0.0243964 0.00738202 0)
(0.0162952 0.00637081 0)
(0.00919639 0.00512222 0)
(0.00358677 0.00340666 0)
(0.000409591 0.00109959 0)
(0.000258903 -0.00561992 0)
(0.0019845 -0.0104165 0)
(0.00586969 -0.0102824 0)
(0.00943081 -0.00823801 0)
(0.0115572 -0.00532039 0)
(0.0116853 -0.00217569 0)
(0.00961855 0.000842525 0)
(0.00528703 0.00368228 0)
(-0.0013881 0.00647841 0)
(-0.0105691 0.00944279 0)
(-0.0224823 0.0127634 0)
(-0.0373313 0.0165062 0)
(-0.0552032 0.0206048 0)
(-0.0759875 0.0248686 0)
(-0.0993179 0.0290027 0)
(-0.124557 0.0326384 0)
(-0.150829 0.0353766 0)
(-0.177094 0.0368393 0)
(-0.202245 0.0367196 0)
(-0.225207 0.0348202 0)
(-0.245017 0.0310758 0)
(-0.260878 0.0255569 0)
(-0.272191 0.0184569 0)
(-0.278553 0.0100641 0)
(-0.279728 0.000724356 0)
(-0.275551 -0.00921038 0)
(-0.266061 -0.0191553 0)
(-0.251422 -0.0286473 0)
(-0.231955 -0.0371894 0)
(-0.208156 -0.0442973 0)
(-0.180702 -0.0495247 0)
(-0.150458 -0.0524987 0)
(-0.118458 -0.0529547 0)
(-0.085864 -0.050764 0)
(-0.0539002 -0.0459554 0)
(-0.0238019 -0.0388217 0)
(0.00306936 -0.0300371 0)
(0.0253596 -0.0204647 0)
(0.0424246 -0.0108259 0)
(0.0539726 -0.00183094 0)
(0.0599183 0.00578588 0)
(0.0606779 0.0115322 0)
(0.0571937 0.0152855 0)
(0.050529 0.0171698 0)
(0.041819 0.0175104 0)
(0.032122 0.0167114 0)
(0.0223238 0.015082 0)
(0.0131717 0.0126411 0)
(0.00548327 0.00902 0)
(0.00070293 0.00347941 0)
(0.000481252 -0.00683797 0)
(0.00267707 -0.0135991 0)
(0.00545956 -0.0137791 0)
(0.00721085 -0.0105597 0)
(0.00699891 -0.00563243 0)
(0.0042537 -8.03631e-05 0)
(-0.00132692 0.00553096 0)
(-0.00997526 0.0110971 0)
(-0.0219363 0.0168344 0)
(-0.0374802 0.0230019 0)
(-0.0567969 0.0297318 0)
(-0.0798921 0.0369383 0)
(-0.106501 0.0443122 0)
(-0.136048 0.0513688 0)
(-0.167674 0.0575219 0)
(-0.20031 0.0621696 0)
(-0.232792 0.0647782 0)
(-0.263977 0.0649489 0)
(-0.292831 0.0624572 0)
(-0.318487 0.0572607 0)
(-0.340255 0.0494844 0)
(-0.357612 0.0393887 0)
(-0.370174 0.0273341 0)
(-0.377662 0.0137398 0)
(-0.379859 -0.000967583 0)
(-0.376522 -0.0164022 0)
(-0.367567 -0.0317913 0)
(-0.353016 -0.0465533 0)
(-0.333016 -0.0600283 0)
(-0.307884 -0.0715485 0)
(-0.278125 -0.0804693 0)
(-0.244466 -0.0862167 0)
(-0.207855 -0.088346 0)
(-0.169454 -0.0865991 0)
(-0.130578 -0.080963 0)
(-0.0926239 -0.0717073 0)
(-0.0569874 -0.0594007 0)
(-0.0250046 -0.0449662 0)
(0.00199042 -0.0296316 0)
(0.0229042 -0.0147333 0)
(0.037523 -0.00131593 0)
(0.045907 0.00975512 0)
(0.0486074 0.0179922 0)
(0.0465967 0.0232831 0)
(0.0409926 0.0258607 0)
(0.033007 0.0261815 0)
(0.0238057 0.0246782 0)
(0.0144804 0.0214428 0)
(0.00618996 0.0159679 0)
(0.000805419 0.00663986 0)
(0.000478579 -0.00826572 0)
(0.00206063 -0.0160255 0)
(0.00302253 -0.015373 0)
(0.00205088 -0.0102089 0)
(-0.00157043 -0.00263917 0)
(-0.00837968 0.00595 0)
(-0.018691 0.0148747 0)
(-0.0328541 0.024062 0)
(-0.0511986 0.0337193 0)
(-0.0739328 0.0440085 0)
(-0.101016 0.0548408 0)
(-0.132077 0.065822 0)
(-0.166406 0.076311 0)
(-0.203016 0.0855375 0)
(-0.240754 0.0927287 0)
(-0.278435 0.097222 0)
(-0.314952 0.0985406 0)
(-0.349345 0.096427 0)
(-0.380829 0.0908349 0)
(-0.408778 0.081896 0)
(-0.432688 0.0698762 0)
(-0.452143 0.055137 0)
(-0.466799 0.0381081 0)
(-0.476371 0.0192634 0)
(-0.480607 -0.000924086 0)
(-0.479221 -0.0220873 0)
(-0.472067 -0.0432803 0)
(-0.459027 -0.0638403 0)
(-0.44006 -0.0829708 0)
(-0.415245 -0.0998345 0)
(-0.384821 -0.113575 0)
(-0.349252 -0.123373 0)
(-0.309277 -0.128525 0)
(-0.26594 -0.128535 0)
(-0.22059 -0.123205 0)
(-0.17482 -0.112721 0)
(-0.130363 -0.0976911 0)
(-0.0889399 -0.0791322 0)
(-0.0520987 -0.0583924 0)
(-0.0210931 -0.0370873 0)
(0.00313 -0.0169019 0)
(0.0200836 0.000590053 0)
(0.0300942 0.0145083 0)
(0.034078 0.0245831 0)
(0.0331342 0.030818 0)
(0.0284942 0.0335457 0)
(0.0214801 0.0332004 0)
(0.0134296 0.0298807 0)
(0.00580443 0.0229296 0)
(0.000745214 0.00990242 0)
(0.000348327 -0.00911355 0)
(0.000481562 -0.0167969 0)
(-0.00122621 -0.0141501 0)
(-0.00579778 -0.00619908 0)
(-0.0137713 0.00470842 0)
(-0.025514 0.0169698 0)
(-0.0413855 0.029906 0)
(-0.0617682 0.0434557 0)
(-0.0869133 0.0577056 0)
(-0.116794 0.0725502 0)
(-0.151015 0.0875454 0)
(-0.188816 0.101942 0)
(-0.229162 0.114826 0)
(-0.270882 0.125277 0)
(-0.312795 0.132512 0)
(-0.353821 0.135964 0)
(-0.39303 0.135311 0)
(-0.429652 0.130464 0)
(-0.463053 0.121521 0)
(-0.492711 0.10872 0)
(-0.518195 0.0924049 0)
(-0.539154 0.072995 0)
(-0.555319 0.0509734 0)
(-0.566494 0.0268703 0)
(-0.572526 0.00121711 0)
(-0.573218 -0.0256278 0)
(-0.568478 -0.0526735 0)
(-0.558075 -0.0792367 0)
(-0.541785 -0.104465 0)
(-0.51939 -0.127417 0)
(-0.490749 -0.147059 0)
(-0.455886 -0.162319 0)
(-0.4151 -0.172164 0)
(-0.369068 -0.175725 0)
(-0.318919 -0.172444 0)
(-0.266252 -0.162208 0)
(-0.213068 -0.145469 0)
(-0.161609 -0.123286 0)
(-0.11411 -0.0972729 0)
(-0.0725152 -0.0694454 0)
(-0.0382063 -0.0419619 0)
(-0.0118783 -0.0168633 0)
(0.00632782 0.00418247 0)
(0.0169111 0.0202189 0)
(0.0212614 0.0313107 0)
(0.0207189 0.0376151 0)
(0.0167364 0.0394412 0)
(0.0108505 0.0368151 0)
(0.0047263 0.0289205 0)
(0.000588406 0.012752 0)
(8.07132e-05 -0.00887635 0)
(-0.00191612 -0.0150435 0)
(-0.00711171 -0.00931072 0)
(-0.0160524 0.00226439 0)
(-0.0289701 0.0171031 0)
(-0.0461233 0.0335725 0)
(-0.0678927 0.0510741 0)
(-0.0945686 0.0694546 0)
(-0.126184 0.0885344 0)
(-0.162392 0.107834 0)
(-0.202462 0.126535 0)
(-0.245375 0.143611 0)
(-0.289961 0.158009 0)
(-0.335039 0.168809 0)
(-0.37951 0.17532 0)
(-0.422405 0.177118 0)
(-0.462886 0.174026 0)
(-0.500248 0.16608 0)
(-0.533911 0.153488 0)
(-0.563438 0.136592 0)
(-0.588533 0.115838 0)
(-0.609044 0.0917465 0)
(-0.624936 0.0648844 0)
(-0.636258 0.035839 0)
(-0.643085 0.00517318 0)
(-0.645436 -0.0267322 0)
(-0.643326 -0.0590456 0)
(-0.636507 -0.0911508 0)
(-0.624601 -0.122273 0)
(-0.6071 -0.151488 0)
(-0.583424 -0.177693 0)
(-0.553032 -0.199623 0)
(-0.515562 -0.215916 0)
(-0.47101 -0.225241 0)
(-0.419902 -0.22648 0)
(-0.36344 -0.218949 0)
(-0.303544 -0.202614 0)
(-0.242776 -0.178262 0)
(-0.1841 -0.147551 0)
(-0.130489 -0.11291 0)
(-0.0844528 -0.0772348 0)
(-0.0475903 -0.0434293 0)
(-0.0203529 -0.0138907 0)
(-0.00229244 0.00976475 0)
(0.00782408 0.0269825 0)
(0.0116997 0.0379264 0)
(0.0110733 0.0428438 0)
(0.00770228 0.0416543 0)
(0.00341928 0.0334241 0)
(0.000418287 0.0149327 0)
(-0.00032451 -0.00713771 0)
(-0.00505006 -0.0100864 0)
(-0.0144017 -0.000175267 0)
(-0.0281613 0.015661 0)
(-0.0462106 0.0348149 0)
(-0.0688211 0.0558854 0)
(-0.0963004 0.0782615 0)
(-0.128751 0.101577 0)
(-0.165926 0.125295 0)
(-0.207186 0.14855 0)
(-0.251568 0.170224 0)
(-0.297927 0.189131 0)
(-0.345062 0.204188 0)
(-0.391816 0.214539 0)
(-0.437113 0.219601 0)
(-0.479985 0.219065 0)
(-0.519586 0.212876 0)
(-0.555233 0.201205 0)
(-0.586448 0.184425 0)
(-0.612994 0.163064 0)
(-0.634875 0.137757 0)
(-0.652296 0.10918 0)
(-0.66559 0.0779931 0)
(-0.675145 0.0448086 0)
(-0.681339 0.0101639 0)
(-0.684458 -0.0255571 0)
(-0.684664 -0.0618202 0)
(-0.6818 -0.0982073 0)
(-0.675422 -0.134164 0)
(-0.664833 -0.168944 0)
(-0.649096 -0.20154 0)
(-0.627119 -0.230652 0)
(-0.597798 -0.2547 0)
(-0.560225 -0.271918 0)
(-0.513954 -0.280535 0)
(-0.459278 -0.279044 0)
(-0.397456 -0.266538 0)
(-0.330821 -0.243039 0)
(-0.262675 -0.209759 0)
(-0.196947 -0.169171 0)
(-0.137594 -0.124815 0)
(-0.0878473 -0.080761 0)
(-0.049508 -0.0407955 0)
(-0.0226367 -0.0076315 0)
(-0.00590875 0.0174176 0)
(0.00278081 0.0343089 0)
(0.00563218 0.0432733 0)
(0.00479056 0.0442726 0)
(0.00229964 0.03637 0)
(0.000296876 0.0164439 0)
(-0.000845176 -0.00354915 0)
(-0.00873668 -0.00130085 0)
(-0.0226853 0.0136593 0)
(-0.0412712 0.0340246 0)
(-0.0642943 0.0577394 0)
(-0.0920014 0.0835894 0)
(-0.124564 0.110856 0)
(-0.161853 0.138872 0)
(-0.203362 0.166722 0)
(-0.248229 0.19321 0)
(-0.295351 0.217011 0)
(-0.343511 0.236856 0)
(-0.39147 0.251671 0)
(-0.438015 0.260655 0)
(-0.481998 0.26331 0)
(-0.522386 0.25944 0)
(-0.558333 0.24916 0)
(-0.589273 0.232878 0)
(-0.614979 0.211249 0)
(-0.63558 0.1851 0)
(-0.651516 0.155321 0)
(-0.663434 0.122764 0)
(-0.672069 0.0881569 0)
(-0.678142 0.052077 0)
(-0.682306 0.0149573 0)
(-0.685076 -0.0228705 0)
(-0.686754 -0.0612135 0)
(-0.687323 -0.0999734 0)
(-0.68641 -0.138912 0)
(-0.683332 -0.177604 0)
(-0.677029 -0.215335 0)
(-0.666086 -0.250994 0)
(-0.648814 -0.283023 0)
(-0.623424 -0.309418 0)
(-0.588317 -0.327849 0)
(-0.542467 -0.335916 0)
(-0.485841 -0.33154 0)
(-0.419758 -0.313464 0)
(-0.347068 -0.28176 0)
(-0.272034 -0.238217 0)
(-0.19982 -0.186441 0)
(-0.135602 -0.131493 0)
(-0.0834167 -0.0789564 0)
(-0.0451123 -0.0335991 0)
(-0.0200223 0.0017643 0)
(-0.00564417 0.0264139 0)
(0.00096637 0.0407225 0)
(0.00256472 0.0448278 0)
(0.00159386 0.0380052 0)
(0.000261068 0.0174723 0)
(-0.00144703 0.00214106 0)
(-0.0127823 0.0117095 0)
(-0.0312942 0.0321092 0)
(-0.0544174 0.0571097 0)
(-0.0819524 0.0854379 0)
(-0.114079 0.11601 0)
(-0.150806 0.147916 0)
(-0.191781 0.180144 0)
(-0.236283 0.211426 0)
(-0.283289 0.240302 0)
(-0.33159 0.265295 0)
(-0.379874 0.285071 0)
(-0.426792 0.298552 0)
(-0.471005 0.304973 0)
(-0.511264 0.303934 0)
(-0.546523 0.295434 0)
(-0.576072 0.279887 0)
(-0.599644 0.258084 0)
(-0.617444 0.231091 0)
(-0.630099 0.200099 0)
(-0.638533 0.166262 0)
(-0.643803 0.13056 0)
(-0.64694 0.093719 0)
(-0.64885 0.0561966 0)
(-0.650293 0.0182465 0)
(-0.651869 -0.0199201 0)
(-0.653929 -0.0584127 0)
(-0.656561 -0.0974722 0)
(-0.659607 -0.137169 0)
(-0.662624 -0.177469 0)
(-0.664775 -0.218089 0)
(-0.664744 -0.258356 0)
(-0.66069 -0.297056 0)
(-0.650305 -0.332317 0)
(-0.631017 -0.361588 0)
(-0.600387 -0.38178 0)
(-0.556652 -0.389624 0)
(-0.499354 -0.382247 0)
(-0.429885 -0.357913 0)
(-0.351769 -0.316788 0)
(-0.270494 -0.261514 0)
(-0.192762 -0.197309 0)
(-0.125157 -0.131297 0)
(-0.0724362 -0.0709269 0)
(-0.0361042 -0.0218549 0)
(-0.0142564 0.0134235 0)
(-0.00309883 0.0350006 0)
(0.00104727 0.0435152 0)
(0.00134465 0.038702 0)
(0.000309361 0.0182807 0)
(-0.00207418 0.0100507 0)
(-0.0167869 0.0288596 0)
(-0.0395401 0.0548434 0)
(-0.0666754 0.0844147 0)
(-0.098027 0.117217 0)
(-0.133693 0.152244 0)
(-0.173517 0.18833 0)
(-0.216952 0.224113 0)
(-0.263103 0.258006 0)
(-0.310813 0.288323 0)
(-0.358744 0.313444 0)
(-0.405444 0.331958 0)
(-0.449406 0.342765 0)
(-0.48917 0.345166 0)
(-0.523468 0.338957 0)
(-0.551411 0.324487 0)
(-0.572642 0.302645 0)
(-0.587401 0.274747 0)
(-0.596476 0.242339 0)
(-0.601035 0.206956 0)
(-0.602411 0.169917 0)
(-0.601886 0.132196 0)
(-0.600538 0.0943847 0)
(-0.599181 0.0567354 0)
(-0.598413 0.0192745 0)
(-0.598693 -0.0179526 0)
(-0.60028 -0.0552443 0)
(-0.603293 -0.093053 0)
(-0.60783 -0.131634 0)
(-0.613837 -0.171271 0)
(-0.620995 -0.212127 0)
(-0.628546 -0.254111 0)
(-0.635106 -0.296658 0)
(-0.638525 -0.338492 0)
(-0.635884 -0.377401 0)
(-0.623732 -0.410153 0)
(-0.598612 -0.432665 0)
(-0.557848 -0.440503 0)
(-0.50046 -0.429739 0)
(-0.427974 -0.398051 0)
(-0.344817 -0.345864 0)
(-0.258057 -0.277157 0)
(-0.176251 -0.199477 0)
(-0.107455 -0.122688 0)
(-0.0567766 -0.0563115 0)
(-0.0246478 -0.00642408 0)
(-0.00740648 0.0254342 0)
(-0.000148315 0.0403016 0)
(0.00138812 0.0387396 0)
(0.000422108 0.0190973 0)
(-0.00266345 0.0201389 0)
(-0.0204738 0.0497636 0)
(-0.0468455 0.0813209 0)
(-0.0772726 0.115241 0)
(-0.111595 0.152218 0)
(-0.149818 0.191271 0)
(-0.191629 0.230938 0)
(-0.236311 0.269506 0)
(-0.282823 0.305096 0)
(-0.329864 0.335798 0)
(-0.375943 0.359839 0)
(-0.41944 0.375718 0)
(-0.458718 0.382348 0)
(-0.492295 0.379205 0)
(-0.519071 0.366458 0)
(-0.53855 0.345009 0)
(-0.550958 0.316391 0)
(-0.557212 0.282528 0)
(-0.558727 0.245405 0)
(-0.557113 0.206748 0)
(-0.553873 0.167826 0)
(-0.550199 0.129385 0)
(-0.546884 0.0917214 0)
(-0.544375 0.0548121 0)
(-0.542892 0.0184705 0)
(-0.542562 -0.0174065 0)
(-0.54345 -0.0531581 0)
(-0.545657 -0.0892236 0)
(-0.549429 -0.12586 0)
(-0.55505 -0.16346 0)
(-0.562764 -0.202465 0)
(-0.572601 -0.243286 0)
(-0.584114 -0.286123 0)
(-0.596063 -0.330654 0)
(-0.606128 -0.375634 0)
(-0.610804 -0.418504 0)
(-0.605647 -0.455201 0)
(-0.585985 -0.480343 0)
(-0.548044 -0.487963 0)
(-0.490274 -0.47279 0)
(-0.414493 -0.431897 0)
(-0.326415 -0.366359 0)
(-0.235139 -0.282306 0)
(-0.151371 -0.19064 0)
(-0.0844403 -0.104674 0)
(-0.0389515 -0.0357766 0)
(-0.0132376 0.0106275 0)
(-0.00168599 0.0347135 0)
(0.00146351 0.0381244 0)
(0.000559449 0.0200258 0)
(-0.00316174 0.0321806 0)
(-0.0235302 0.0738247 0)
(-0.052753 0.110819 0)
(-0.0856353 0.148763 0)
(-0.122012 0.189503 0)
(-0.161788 0.232042 0)
(-0.2045 0.274596 0)
(-0.249288 0.315109 0)
(-0.294967 0.351406 0)
(-0.340088 0.381348 0)
(-0.382997 0.402999 0)
(-0.421944 0.414801 0)
(-0.455261 0.415788 0)
(-0.481625 0.405798 0)
(-0.500338 0.385599 0)
(-0.511531 0.356848 0)
(-0.516184 0.321835 0)
(-0.515928 0.283052 0)
(-0.512665 0.242729 0)
(-0.508153 0.202493 0)
(-0.503698 0.163253 0)
(-0.500051 0.125299 0)
(-0.497482 0.088524 0)
(-0.495954 0.0526365 0)
(-0.495295 0.0173249 0)
(-0.495303 -0.0175841 0)
(-0.495875 -0.0523399 0)
(-0.497065 -0.0871893 0)
(-0.499101 -0.122253 0)
(-0.50238 -0.157808 0)
(-0.507453 -0.194285 0)
(-0.514939 -0.232297 0)
(-0.525338 -0.272571 0)
(-0.538688 -0.315731 0)
(-0.554087 -0.361857 0)
(-0.569189 -0.409864 0)
(-0.579922 -0.456843 0)
(-0.580725 -0.497676 0)
(-0.565506 -0.525282 0)
(-0.529251 -0.531708 0)
(-0.469913 -0.510075 0)
(-0.389971 -0.457036 0)
(-0.297002 -0.375105 0)
(-0.202706 -0.273885 0)
(-0.120062 -0.168963 0)
(-0.0589339 -0.0775105 0)
(-0.0219169 -0.0115561 0)
(-0.0042899 0.0257346 0)
(0.00127541 0.036507 0)
(0.000691826 0.0210154 0)
(-0.00350428 0.0458032 0)
(-0.0257745 0.100268 0)
(-0.0569549 0.142511 0)
(-0.0914079 0.184098 0)
(-0.128914 0.228117 0)
(-0.169266 0.273536 0)
(-0.211869 0.318234 0)
(-0.255728 0.359806 0)
(-0.299523 0.395781 0)
(-0.341661 0.423782 0)
(-0.380367 0.441735 0)
(-0.413849 0.448123 0)
(-0.440567 0.442279 0)
(-0.459567 0.424635 0)
(-0.470769 0.396792 0)
(-0.47509 0.361311 0)
(-0.474282 0.321213 0)
(-0.470515 0.279345 0)
(-0.465829 0.237827 0)
(-0.461702 0.197809 0)
(-0.45888 0.159571 0)
(-0.457483 0.122841 0)
(-0.457251 0.0871469 0)
(-0.457785 0.0520514 0)
(-0.458696 0.0172492 0)
(-0.459633 -0.0174053 0)
(-0.460436 -0.0520064 0)
(-0.46111 -0.0865732 0)
(-0.46177 -0.121064 0)
(-0.462717 -0.155538 0)
(-0.46446 -0.19021 0)
(-0.467744 -0.22554 0)
(-0.473523 -0.262315 0)
(-0.482785 -0.30163 0)
(-0.496149 -0.34465 0)
(-0.513198 -0.392026 0)
(-0.531673 -0.442947 0)
(-0.546927 -0.494084 0)
(-0.552128 -0.538928 0)
(-0.539573 -0.568138 0)
(-0.502982 -0.571254 0)
(-0.440122 -0.539664 0)
(-0.354808 -0.470209 0)
(-0.257331 -0.368312 0)
(-0.162552 -0.24901 0)
(-0.0853728 -0.133986 0)
(-0.034517 -0.043657 0)
(-0.0085324 0.0118993 0)
(0.000614837 0.0332143 0)
(0.000793274 0.0218777 0)
(-0.00366387 0.0605025 0)
(-0.0270412 0.128237 0)
(-0.0592791 0.175533 0)
(-0.0944277 0.220359 0)
(-0.132175 0.267138 0)
(-0.172201 0.3148 0)
(-0.213785 0.360882 0)
(-0.255819 0.402627 0)
(-0.296863 0.437262 0)
(-0.335219 0.462192 0)
(-0.36906 0.475281 0)
(-0.396684 0.475204 0)
(-0.416855 0.461816 0)
(-0.429171 0.436388 0)
(-0.434309 0.401533 0)
(-0.433976 0.360727 0)
(-0.430507 0.317515 0)
(-0.426229 0.274703 0)
(-0.422858 0.23386 0)
(-0.421223 0.195348 0)
(-0.421363 0.158732 0)
(-0.422846 0.123288 0)
(-0.425091 0.0883724 0)
(-0.427583 0.0535721 0)
(-0.429937 0.0186992 0)
(-0.431842 -0.0162955 0)
(-0.433169 -0.0513677 0)
(-0.433911 -0.0863768 0)
(-0.434076 -0.121175 0)
(-0.433806 -0.155648 0)
(-0.433383 -0.189767 0)
(-0.433319 -0.223685 0)
(-0.434444 -0.257876 0)
(-0.437951 -0.293293 0)
(-0.445276 -0.331425 0)
(-0.457651 -0.374082 0)
(-0.475217 -0.422623 0)
(-0.495841 -0.476567 0)
(-0.514193 -0.531945 0)
(-0.521946 -0.580287 0)
(-0.509638 -0.60924 0)
(-0.469917 -0.605313 0)
(-0.401065 -0.558412 0)
(-0.309336 -0.46698 0)
(-0.208799 -0.341832 0)
(-0.117738 -0.206036 0)
(-0.0515594 -0.088078 0)
(-0.0148568 -0.00870492 0)
(-0.00065436 0.0273539 0)
(0.000862749 0.0223487 0)
(-0.00360084 0.0756956 0)
(-0.0272804 0.15685 0)
(-0.0596876 0.209028 0)
(-0.0946998 0.256694 0)
(-0.131869 0.305709 0)
(-0.170757 0.354981 0)
(-0.210541 0.401707 0)
(-0.250019 0.44278 0)
(-0.287666 0.475136 0)
(-0.321737 0.496018 0)
(-0.350458 0.503344 0)
(-0.372349 0.496173 0)
(-0.386627 0.475114 0)
(-0.393557 0.442477 0)
(-0.394574 0.401944 0)
(-0.391999 0.357739 0)
(-0.38838 0.313536 0)
(-0.385739 0.271608 0)
(-0.385103 0.23262 0)
(-0.386537 0.196058 0)
(-0.389504 0.160934 0)
(-0.393291 0.126334 0)
(-0.39727 0.091667 0)
(-0.401008 0.0566728 0)
(-0.404248 0.0213218 0)
(-0.406817 -0.0143233 0)
(-0.408647 -0.0501346 0)
(-0.409758 -0.0858977 0)
(-0.410101 -0.12143 0)
(-0.409711 -0.156539 0)
(-0.408659 -0.191054 0)
(-0.407144 -0.224878 0)
(-0.4056 -0.258098 0)
(-0.404855 -0.291184 0)
(-0.406262 -0.325245 0)
(-0.411657 -0.362213 0)
(-0.422876 -0.404649 0)
(-0.440614 -0.454725 0)
(-0.462746 -0.512202 0)
(-0.482978 -0.571972 0)
(-0.491157 -0.622672 0)
(-0.476026 -0.647958 0)
(-0.42975 -0.631007 0)
(-0.352395 -0.561332 0)
(-0.254223 -0.441746 0)
(-0.154114 -0.292245 0)
(-0.073035 -0.146561 0)
(-0.023533 -0.0381219 0)
(-0.0025845 0.0178902 0)
(0.000895303 0.0221261 0)
(-0.00332725 0.0907612 0)
(-0.0264783 0.185253 0)
(-0.0582341 0.242183 0)
(-0.09235 0.292321 0)
(-0.128209 0.343064 0)
(-0.165262 0.393344 0)
(-0.202606 0.440028 0)
(-0.238975 0.479674 0)
(-0.272813 0.508965 0)
(-0.302402 0.52506 0)
(-0.326123 0.526082 0)
(-0.342833 0.511671 0)
(-0.352291 0.48339 0)
(-0.355434 0.444689 0)
(-0.354313 0.400224 0)
(-0.351538 0.354613 0)
(-0.349444 0.311166 0)
(-0.349393 0.271219 0)
(-0.351624 0.23441 0)
(-0.355593 0.199526 0)
(-0.360489 0.165325 0)
(-0.365592 0.130968 0)
(-0.370408 0.0960644 0)
(-0.374667 0.0605492 0)
(-0.378263 0.0245303 0)
(-0.38115 -0.0118424 0)
(-0.383315 -0.048404 0)
(-0.38482 -0.084931 0)
(-0.385599 -0.121244 0)
(-0.385657 -0.15715 0)
(-0.38496 -0.192446 0)
(-0.383499 -0.226924 0)
(-0.381357 -0.260419 0)
(-0.378857 -0.292949 0)
(-0.376784 -0.324974 0)
(-0.376622 -0.35779 0)
(-0.380589 -0.393867 0)
(-0.391109 -0.436668 0)
(-0.409318 -0.489239 0)
(-0.43277 -0.551235 0)
(-0.453668 -0.615411 0)
(-0.459627 -0.666079 0)
(-0.437855 -0.681848 0)
(-0.381278 -0.642975 0)
(-0.293735 -0.54127 0)
(-0.191377 -0.388708 0)
(-0.0981579 -0.219358 0)
(-0.034735 -0.0782339 0)
(-0.00530293 0.00363772 0)
(0.000888662 0.020894 0)
(-0.00283897 0.105079 0)
(-0.0246944 0.212642 0)
(-0.0550537 0.274254 0)
(-0.0875965 0.326537 0)
(-0.121514 0.378539 0)
(-0.156154 0.429282 0)
(-0.190559 0.475329 0)
(-0.223448 0.512931 0)
(-0.253287 0.538574 0)
(-0.278467 0.54944 0)
(-0.297608 0.544009 0)
(-0.309975 0.522675 0)
(-0.315874 0.488082 0)
(-0.316811 0.444794 0)
(-0.315195 0.398182 0)
(-0.313558 0.352815 0)
(-0.313686 0.311194 0)
(-0.316173 0.273538 0)
(-0.320615 0.238596 0)
(-0.326166 0.204768 0)
(-0.332014 0.170854 0)
(-0.3376 0.136245 0)
(-0.342619 0.100797 0)
(-0.346956 0.0646151 0)
(-0.350611 0.0278991 0)
(-0.353611 -0.0091572 0)
(-0.355965 -0.0463767 0)
(-0.357772 -0.0835584 0)
(-0.358967 -0.120529 0)
(-0.35957 -0.157128 0)
(-0.35954 -0.193182 0)
(-0.358802 -0.228488 0)
(-0.357259 -0.262806 0)
(-0.354878 -0.295901 0)
(-0.35187 -0.32771 0)
(-0.34899 -0.35871 0)
(-0.347875 -0.390479 0)
(-0.351167 -0.426225 0)
(-0.361849 -0.470534 0)
(-0.381245 -0.52725 0)
(-0.405949 -0.595084 0)
(-0.425847 -0.662903 0)
(-0.426025 -0.708736 0)
(-0.393069 -0.705481 0)
(-0.32288 -0.632585 0)
(-0.225767 -0.489551 0)
(-0.125278 -0.304708 0)
(-0.0484191 -0.130411 0)
(-0.0089013 -0.0167488 0)
(0.000825262 0.0183159 0)
(-0.00218007 0.118076 0)
(-0.0220174 0.23829 0)
(-0.0503242 0.304574 0)
(-0.0807102 0.358735 0)
(-0.11216 0.411584 0)
(-0.143926 0.462321 0)
(-0.175037 0.507253 0)
(-0.20424 0.542366 0)
(-0.230085 0.564021 0)
(-0.251138 0.569531 0)
(-0.266314 0.557866 0)
(-0.275297 0.530301 0)
(-0.278871 0.490581 0)
(-0.278921 0.444236 0)
(-0.277911 0.396995 0)
(-0.277995 0.35295 0)
(-0.280271 0.313537 0)
(-0.284675 0.277917 0)
(-0.290443 0.244245 0)
(-0.296699 0.210844 0)
(-0.302794 0.176734 0)
(-0.308376 0.141588 0)
(-0.313305 0.105474 0)
(-0.317566 0.0686155 0)
(-0.321213 0.0312553 0)
(-0.324283 -0.00640376 0)
(-0.326764 -0.0441882 0)
(-0.328797 -0.0819189 0)
(-0.330302 -0.119416 0)
(-0.331339 -0.156542 0)
(-0.331901 -0.193173 0)
(-0.33194 -0.229165 0)
(-0.331334 -0.26432 0)
(-0.329904 -0.298354 0)
(-0.327511 -0.330946 0)
(-0.324284 -0.361961 0)
(-0.320999 -0.391958 0)
(-0.319542 -0.423006 0)
(-0.323064 -0.459393 0)
(-0.335045 -0.507088 0)
(-0.356482 -0.570316 0)
(-0.381968 -0.645113 0)
(-0.398104 -0.713678 0)
(-0.387694 -0.745645 0)
(-0.338812 -0.70908 0)
(-0.25371 -0.588022 0)
(-0.152014 -0.398905 0)
(-0.0640949 -0.194891 0)
(-0.0134967 -0.0444464 0)
(0.00069162 0.0140232 0)
(-0.00137572 0.129238 0)
(-0.0185729 0.261553 0)
(-0.0442601 0.332564 0)
(-0.0719957 0.388406 0)
(-0.100553 0.441757 0)
(-0.1291 0.492113 0)
(-0.156687 0.535589 0)
(-0.182136 0.567959 0)
(-0.204139 0.585536 0)
(-0.221481 0.58586 0)
(-0.233392 0.568489 0)
(-0.239932 0.535622 0)
(-0.24223 0.492039 0)
(-0.24232 0.44399 0)
(-0.242461 0.397194 0)
(-0.244259 0.354964 0)
(-0.248176 0.317635 0)
(-0.253722 0.283538 0)
(-0.260044 0.250542 0)
(-0.266403 0.217105 0)
(-0.272363 0.182537 0)
(-0.277748 0.146763 0)
(-0.282527 0.110001 0)
(-0.286731 0.0725346 0)
(-0.290418 0.0346127 0)
(-0.293607 -0.00357224 0)
(-0.296222 -0.0418683 0)
(-0.298457 -0.0800874 0)
(-0.300201 -0.11803 0)
(-0.301546 -0.155563 0)
(-0.302532 -0.192595 0)
(-0.303171 -0.229051 0)
(-0.303392 -0.264824 0)
(-0.303017 -0.299703 0)
(-0.301787 -0.333334 0)
(-0.299479 -0.365285 0)
(-0.296187 -0.395379 0)
(-0.292818 -0.424422 0)
(-0.291664 -0.455344 0)
(-0.296509 -0.494035 0)
(-0.311107 -0.547991 0)
(-0.335169 -0.620566 0)
(-0.359798 -0.701917 0)
(-0.367631 -0.763839 0)
(-0.340766 -0.766513 0)
(-0.272569 -0.677754 0)
(-0.175835 -0.496938 0)
(-0.0807574 -0.270446 0)
(-0.0190519 -0.0804246 0)
(0.000483235 0.0076083 0)
(-0.000486463 0.138152 0)
(-0.0145029 0.281872 0)
(-0.0370865 0.357728 0)
(-0.0617665 0.415133 0)
(-0.0871023 0.46872 0)
(-0.112188 0.518425 0)
(-0.136126 0.560247 0)
(-0.157862 0.589814 0)
(-0.176268 0.603458 0)
(-0.190376 0.599017 0)
(-0.199711 0.576684 0)
(-0.204626 0.53955 0)
(-0.20643 0.493278 0)
(-0.207089 0.444559 0)
(-0.208479 0.398811 0)
(-0.211638 0.358437 0)
(-0.216557 0.322802 0)
(-0.222567 0.28969 0)
(-0.2289 0.256923 0)
(-0.235023 0.223197 0)
(-0.240691 0.188097 0)
(-0.245848 0.151739 0)
(-0.250513 0.114426 0)
(-0.25472 0.0764526 0)
(-0.258511 0.0380534 0)
(-0.261878 -0.000594686 0)
(-0.264667 -0.0393809 0)
(-0.267118 -0.0780663 0)
(-0.26909 -0.116425 0)
(-0.270683 -0.154301 0)
(-0.271982 -0.191618 0)
(-0.273057 -0.228352 0)
(-0.273907 -0.264496 0)
(-0.274417 -0.299958 0)
(-0.274337 -0.334475 0)
(-0.273329 -0.367569 0)
(-0.271118 -0.398685 0)
(-0.267858 -0.427697 0)
(-0.264748 -0.455983 0)
(-0.264711 -0.487963 0)
(-0.272238 -0.531773 0)
(-0.290749 -0.596009 0)
(-0.317019 -0.680182 0)
(-0.336999 -0.763423 0)
(-0.329955 -0.803488 0)
(-0.281114 -0.753822 0)
(-0.194575 -0.593422 0)
(-0.0970169 -0.354433 0)
(-0.0254807 -0.125251 0)
(0.000220766 -0.00130993 0)
(0.000445748 0.144499 0)
(-0.00996501 0.298778 0)
(-0.0290378 0.379653 0)
(-0.0503353 0.43859 0)
(-0.0722073 0.492232 0)
(-0.0936745 0.541118 0)
(-0.113924 0.581229 0)
(-0.132057 0.60811 0)
(-0.147155 0.618171 0)
(-0.158499 0.609579 0)
(-0.165867 0.583147 0)
(-0.169795 0.542767 0)
(-0.171611 0.494784 0)
(-0.173041 0.446078 0)
(-0.175497 0.401582 0)
(-0.179536 0.362824 0)
(-0.184871 0.328421 0)
(-0.190841 0.295859 0)
(-0.196854 0.263056 0)
(-0.202575 0.22896 0)
(-0.207901 0.193379 0)
(-0.212841 0.156551 0)
(-0.217427 0.118811 0)
(-0.221672 0.0804385 0)
(-0.225594 0.0416432 0)
(-0.229163 0.00258615 0)
(-0.23217 -0.0366729 0)
(-0.234871 -0.0758201 0)
(-0.2371 -0.114592 0)
(-0.238952 -0.152787 0)
(-0.240539 -0.19032 0)
(-0.241979 -0.227205 0)
(-0.243334 -0.263519 0)
(-0.244558 -0.299302 0)
(-0.245459 -0.334427 0)
(-0.245706 -0.368502 0)
(-0.244898 -0.400869 0)
(-0.242772 -0.430881 0)
(-0.239675 -0.458695 0)
(-0.237338 -0.486864 0)
(-0.239577 -0.522249 0)
(-0.251415 -0.575699 0)
(-0.274542 -0.654859 0)
(-0.300403 -0.749521 0)
(-0.309003 -0.821221 0)
(-0.279543 -0.813318 0)
(-0.206879 -0.683492 0)
(-0.111467 -0.44331 0)
(-0.0324435 -0.178656 0)
(-7.28196e-05 -0.013025 0)
(0.00135917 0.148085 0)
(-0.0051217 0.311883 0)
(-0.0203448 0.397996 0)
(-0.0380026 0.45853 0)
(-0.0562429 0.512129 0)
(-0.074007 0.560129 0)
(-0.090585 0.598599 0)
(-0.10526 0.623066 0)
(-0.117338 0.630049 0)
(-0.126336 0.618047 0)
(-0.132223 0.588426 0)
(-0.135613 0.54573 0)
(-0.137708 0.496778 0)
(-0.139888 0.448443 0)
(-0.143104 0.405126 0)
(-0.147553 0.367615 0)
(-0.152845 0.334021 0)
(-0.158438 0.301712 0)
(-0.163937 0.268759 0)
(-0.169173 0.234327 0)
(-0.174131 0.198378 0)
(-0.178848 0.161217 0)
(-0.183345 0.123177 0)
(-0.187612 0.0845094 0)
(-0.191649 0.0454 0)
(-0.195416 0.00599578 0)
(-0.198662 -0.0336982 0)
(-0.201645 -0.0732993 0)
(-0.204189 -0.112484 0)
(-0.206354 -0.15099 0)
(-0.208271 -0.188701 0)
(-0.210089 -0.225649 0)
(-0.211922 -0.261985 0)
(-0.21378 -0.297876 0)
(-0.215534 -0.333345 0)
(-0.216898 -0.368132 0)
(-0.217464 -0.401623 0)
(-0.216813 -0.432962 0)
(-0.214796 -0.46155 0)
(-0.212152 -0.488326 0)
(-0.211469 -0.518054 0)
(-0.217633 -0.561223 0)
(-0.235349 -0.63071 0)
(-0.261942 -0.727647 0)
(-0.281183 -0.822795 0)
(-0.269212 -0.85541 0)
(-0.212317 -0.763429 0)
(-0.122983 -0.533279 0)
(-0.0394969 -0.239504 0)
(-0.00042873 -0.0277465 0)
(0.00220371 0.148819 0)
(-0.000146824 0.320884 0)
(-0.0112343 0.41248 0)
(-0.0250538 0.47477 0)
(-0.0395561 0.528318 0)
(-0.0535863 0.57545 0)
(-0.0665461 0.612454 0)
(-0.0779145 0.634896 0)
(-0.0872262 0.639419 0)
(-0.0942099 0.624818 0)
(-0.0989682 0.592904 0)
(-0.102093 0.548696 0)
(-0.104561 0.499291 0)
(-0.107352 0.45144 0)
(-0.111003 0.40906 0)
(-0.115477 0.372399 0)
(-0.1204 0.339268 0)
(-0.125397 0.307036 0)
(-0.130264 0.273924 0)
(-0.134955 0.239251 0)
(-0.139505 0.203072 0)
(-0.143953 0.165714 0)
(-0.148305 0.127492 0)
(-0.152534 0.0886311 0)
(-0.156632 0.0492976 0)
(-0.160565 0.00963106 0)
(-0.16405 -0.0304265 0)
(-0.167338 -0.0704508 0)
(-0.170259 -0.110033 0)
(-0.172814 -0.148839 0)
(-0.175145 -0.186702 0)
(-0.177416 -0.223651 0)
(-0.179774 -0.259902 0)
(-0.182273 -0.295737 0)
(-0.184833 -0.331333 0)
(-0.187216 -0.366577 0)
(-0.18905 -0.400953 0)
(-0.189892 -0.433566 0)
(-0.189381 -0.463436 0)
(-0.187631 -0.490389 0)
(-0.186067 -0.517111 0)
(-0.188506 -0.552162 0)
(-0.200659 -0.610403 0)
(-0.224624 -0.702592 0)
(-0.249716 -0.812211 0)
(-0.252147 -0.880988 0)
(-0.211315 -0.83091 0)
(-0.130963 -0.620856 0)
(-0.0461065 -0.305966 0)
(-0.000911068 -0.0455881 0)
(0.00291992 0.146747 0)
(0.00477093 0.325564 0)
(-0.0019183 0.422885 0)
(-0.0117567 0.487183 0)
(-0.0224654 0.540754 0)
(-0.0327696 0.587109 0)
(-0.0421804 0.6229 0)
(-0.0503776 0.643788 0)
(-0.0571193 0.646539 0)
(-0.0623213 0.630175 0)
(-0.066168 0.596817 0)
(-0.0691586 0.551774 0)
(-0.0719815 0.502253 0)
(-0.0752069 0.454835 0)
(-0.0790191 0.413069 0)
(-0.083239 0.376876 0)
(-0.0875753 0.343945 0)
(-0.0918381 0.311697 0)
(-0.0959863 0.278471 0)
(-0.100067 0.243677 0)
(-0.104144 0.207404 0)
(-0.108247 0.169974 0)
(-0.112369 0.131684 0)
(-0.116472 0.0927348 0)
(-0.12055 0.0532811 0)
(-0.124597 0.0134612 0)
(-0.128298 -0.0268456 0)
(-0.131886 -0.0672269 0)
(-0.135233 -0.107164 0)
(-0.138257 -0.146241 0)
(-0.141105 -0.184223 0)
(-0.143944 -0.221124 0)
(-0.146929 -0.257209 0)
(-0.150137 -0.292868 0)
(-0.153522 -0.328425 0)
(-0.15689 -0.363916 0)
(-0.159914 -0.398939 0)
(-0.162177 -0.432632 0)
(-0.163266 -0.463852 0)
(-0.162986 -0.491777 0)
(-0.161941 -0.517468 0)
(-0.162657 -0.547036 0)
(-0.170408 -0.59473 0)
(-0.190217 -0.677808 0)
(-0.217284 -0.793524 0)
(-0.230588 -0.892091 0)
(-0.204888 -0.884967 0)
(-0.135303 -0.703226 0)
(-0.0518301 -0.375892 0)
(-0.00157795 -0.0665178 0)
(0.00347134 0.142073 0)
(0.00940967 0.325674 0)
(0.00736194 0.429052 0)
(0.00164262 0.495696 0)
(-0.00524896 0.549435 0)
(-0.0118687 0.595165 0)
(-0.0178089 0.630042 0)
(-0.0229445 0.649884 0)
(-0.0272462 0.651573 0)
(-0.0307955 0.634275 0)
(-0.0338237 0.60027 0)
(-0.0366992 0.554969 0)
(-0.0397969 0.50555 0)
(-0.0432922 0.458422 0)
(-0.0470681 0.41692 0)
(-0.0508602 0.380846 0)
(-0.0544823 0.347903 0)
(-0.0579202 0.315594 0)
(-0.0612767 0.282325 0)
(-0.0646747 0.247533 0)
(-0.0681955 0.211295 0)
(-0.071863 0.173914 0)
(-0.0756569 0.135667 0)
(-0.0795413 0.0967434 0)
(-0.0835126 0.0572865 0)
(-0.0875922 0.0174388 0)
(-0.0914603 -0.0229736 0)
(-0.0953034 -0.063614 0)
(-0.0990983 -0.103825 0)
(-0.102652 -0.14311 0)
(-0.10612 -0.181151 0)
(-0.10966 -0.217943 0)
(-0.113407 -0.253796 0)
(-0.117433 -0.289198 0)
(-0.12171 -0.324599 0)
(-0.126078 -0.360177 0)
(-0.130255 -0.395647 0)
(-0.133873 -0.430198 0)
(-0.136534 -0.462636 0)
(-0.137938 -0.491796 0)
(-0.138214 -0.51766 0)
(-0.138809 -0.544086 0)
(-0.143841 -0.583177 0)
(-0.159422 -0.655277 0)
(-0.185819 -0.770232 0)
(-0.206603 -0.891314 0)
(-0.194355 -0.925715 0)
(-0.136346 -0.778409 0)
(-0.0563735 -0.447166 0)
(-0.00240508 -0.0903456 0)
(0.00384333 0.135083 0)
(0.0136081 0.321233 0)
(0.0163405 0.430751 0)
(0.0148363 0.500253 0)
(0.0117527 0.554378 0)
(0.00878431 0.599663 0)
(0.00627506 0.633956 0)
(0.00415818 0.653287 0)
(0.0022533 0.654628 0)
(0.000323686 0.637199 0)
(-0.00189136 0.603286 0)
(-0.00460929 0.558231 0)
(-0.00788782 0.50907 0)
(-0.0115275 0.462068 0)
(-0.0151452 0.420499 0)
(-0.0184169 0.38423 0)
(-0.0212619 0.351093 0)
(-0.0238254 0.318687 0)
(-0.0263377 0.28544 0)
(-0.0289888 0.250757 0)
(-0.0318777 0.214665 0)
(-0.0350233 0.177431 0)
(-0.0384034 0.139324 0)
(-0.0419874 0.10054 0)
(-0.0457639 0.0612122 0)
(-0.0497716 0.0214648 0)
(-0.0537187 -0.0188859 0)
(-0.0576897 -0.0596579 0)
(-0.0618983 -0.100005 0)
(-0.0660172 -0.139366 0)
(-0.0702005 -0.177355 0)
(-0.0745777 -0.213958 0)
(-0.0792398 -0.249522 0)
(-0.0842164 -0.284614 0)
(-0.0894767 -0.31979 0)
(-0.094889 -0.355347 0)
(-0.100215 -0.391106 0)
(-0.105144 -0.426316 0)
(-0.109331 -0.459768 0)
(-0.112467 -0.490129 0)
(-0.114462 -0.516744 0)
(-0.116024 -0.541742 0)
(-0.119989 -0.574543 0)
(-0.132199 -0.635711 0)
(-0.156493 -0.744974 0)
(-0.18189 -0.881311 0)
(-0.181075 -0.954011 0)
(-0.134684 -0.845233 0)
(-0.0596728 -0.517988 0)
(-0.00330787 -0.116716 0)
(0.00402906 0.126131 0)
(0.0172257 0.312368 0)
(0.0247867 0.42785 0)
(0.027618 0.500805 0)
(0.0283047 0.555642 0)
(0.0288606 0.600665 0)
(0.0296786 0.63467 0)
(0.0305402 0.653978 0)
(0.0310754 0.655642 0)
(0.030895 0.638858 0)
(0.0296807 0.605772 0)
(0.0273131 0.561474 0)
(0.0239992 0.512739 0)
(0.0202817 0.465702 0)
(0.0168187 0.423742 0)
(0.014035 0.386977 0)
(0.0119478 0.353475 0)
(0.0102728 0.320946 0)
(0.00864665 0.287802 0)
(0.00679074 0.253362 0)
(0.00456442 0.217571 0)
(0.00194026 0.180646 0)
(-0.0010452 0.142842 0)
(-0.00430964 0.104339 0)
(-0.00779554 0.0652553 0)
(-0.0115349 0.0257352 0)
(-0.0153229 -0.0143982 0)
(-0.0191664 -0.0552377 0)
(-0.0237014 -0.0955651 0)
(-0.028428 -0.134834 0)
(-0.0334305 -0.172639 0)
(-0.038782 -0.208967 0)
(-0.0444997 -0.244201 0)
(-0.050555 -0.278969 0)
(-0.056894 -0.313902 0)
(-0.0634026 -0.349385 0)
(-0.0698897 -0.385324 0)
(-0.076109 -0.421021 0)
(-0.0817847 -0.455269 0)
(-0.086647 -0.486657 0)
(-0.0905338 -0.514183 0)
(-0.093725 -0.538811 0)
(-0.0979736 -0.567436 0)
(-0.10809 -0.618911 0)
(-0.129854 -0.719469 0)
(-0.157683 -0.864468 0)
(-0.166277 -0.971119 0)
(-0.131058 -0.903205 0)
(-0.0618681 -0.586997 0)
(-0.00415885 -0.145173 0)
(0.0040428 0.11563 0)
(0.0201501 0.299325 0)
(0.0324608 0.420277 0)
(0.039744 0.497282 0)
(0.0442105 0.553296 0)
(0.0481986 0.598282 0)
(0.0522602 0.632249 0)
(0.0560785 0.651942 0)
(0.0591131 0.654501 0)
(0.0608236 0.639042 0)
(0.060821 0.607461 0)
(0.0590452 0.564453 0)
(0.0558998 0.516402 0)
(0.0522046 0.469286 0)
(0.0488734 0.426677 0)
(0.0464818 0.389103 0)
(0.0450669 0.355 0)
(0.0442703 0.32224 0)
(0.0436199 0.289204 0)
(0.0427389 0.255083 0)
(0.0414181 0.219697 0)
(0.0395926 0.183177 0)
(0.0372834 0.145743 0)
(0.0345454 0.107583 0)
(0.0314404 0.0688398 0)
(0.0279852 0.0296573 0)
(0.0241788 -0.00996765 0)
(0.0202551 -0.0505367 0)
(0.015297 -0.0905152 0)
(0.00982443 -0.129384 0)
(0.00389548 -0.166777 0)
(-0.00250525 -0.202712 0)
(-0.00935649 -0.237608 0)
(-0.0165772 -0.272092 0)
(-0.024061 -0.30682 0)
(-0.0316968 -0.342232 0)
(-0.0393449 -0.378285 0)
(-0.0468375 -0.414322 0)
(-0.0539789 -0.449155 0)
(-0.0605605 -0.481339 0)
(-0.0664164 -0.509691 0)
(-0.0716091 -0.534472 0)
(-0.077121 -0.56056 0)
(-0.0864831 -0.604137 0)
(-0.106005 -0.694624 0)
(-0.134791 -0.842725 0)
(-0.150966 -0.978427 0)
(-0.126208 -0.952323 0)
(-0.0632737 -0.653303 0)
(-0.00485567 -0.175255 0)
(0.00389735 0.104028 0)
(0.0222984 0.282491 0)
(0.0391354 0.408041 0)
(0.0509485 0.489608 0)
(0.059236 0.54738 0)
(0.0665777 0.592616 0)
(0.0737924 0.626762 0)
(0.0805464 0.647167 0)
(0.0861587 0.651096 0)
(0.0899446 0.63755 0)
(0.0914266 0.608089 0)
(0.0905504 0.566902 0)
(0.0878338 0.519877 0)
(0.0842958 0.472778 0)
(0.0810782 0.429392 0)
(0.0789479 0.390755 0)
(0.0780442 0.355788 0)
(0.0780083 0.322608 0)
(0.0782954 0.289596 0)
(0.0784292 0.25581 0)
(0.0781098 0.220908 0)
(0.0772061 0.184909 0)
(0.0756984 0.147972 0)
(0.0736175 0.110269 0)
(0.0709957 0.0719484 0)
(0.0678649 0.0331828 0)
(0.064055 -0.00580751 0)
(0.0599191 -0.0457691 0)
(0.0544864 -0.0850858 0)
(0.0481993 -0.123287 0)
(0.041266 -0.160097 0)
(0.0337597 -0.195536 0)
(0.0257657 -0.229991 0)
(0.0174135 -0.264111 0)
(0.00883469 -0.298583 0)
(0.000129849 -0.333869 0)
(-0.00863192 -0.369962 0)
(-0.0173715 -0.406208 0)
(-0.0259651 -0.441419 0)
(-0.0342677 -0.474143 0)
(-0.0421403 -0.503114 0)
(-0.0495457 -0.528202 0)
(-0.0569794 -0.552857 0)
(-0.066779 -0.59041 0)
(-0.0847697 -0.670711 0)
(-0.113656 -0.817527 0)
(-0.135892 -0.977249 0)
(-0.120828 -0.992885 0)
(-0.0643185 -0.716434 0)
(-0.00535892 -0.206606 0)
(0.00363072 0.0917828 0)
(0.0236241 0.262379 0)
(0.0445989 0.391265 0)
(0.0609461 0.477713 0)
(0.073117 0.537902 0)
(0.0837549 0.583754 0)
(0.0940235 0.618269 0)
(0.103681 0.639621 0)
(0.111956 0.645283 0)
(0.118034 0.634131 0)
(0.121329 0.60734 0)
(0.121736 0.568515 0)
(0.119792 0.522955 0)
(0.11662 0.476126 0)
(0.113536 0.431988 0)
(0.111521 0.392122 0)
(0.110899 0.356029 0)
(0.111398 0.322181 0)
(0.112464 0.289027 0)
(0.113538 0.255507 0)
(0.114217 0.221114 0)
(0.114275 0.185728 0)
(0.113622 0.149425 0)
(0.112235 0.112349 0)
(0.110107 0.0746613 0)
(0.107248 0.0365635 0)
(0.103434 -0.00157198 0)
(0.0990393 -0.0405888 0)
(0.0931536 -0.0789617 0)
(0.0861445 -0.116266 0)
(0.0783106 -0.152323 0)
(0.0698093 -0.187183 0)
(0.0607752 -0.221224 0)
(0.0513774 -0.255065 0)
(0.0417697 -0.28936 0)
(0.0320386 -0.324531 0)
(0.0222013 -0.360536 0)
(0.012254 -0.396756 0)
(0.00222688 -0.432054 0)
(-0.00780533 -0.46502 0)
(-0.0177428 -0.494343 0)
(-0.0274971 -0.519667 0)
(-0.0372755 -0.543529 0)
(-0.0484686 -0.576724 0)
(-0.065836 -0.647568 0)
(-0.094452 -0.789856 0)
(-0.121563 -0.968704 0)
(-0.115492 -1.02531 0)
(-0.0654785 -0.776254 0)
(-0.00571041 -0.239079 0)
(0.00326627 0.0793383 0)
(0.0241226 0.239631 0)
(0.0486719 0.370208 0)
(0.0694419 0.461562 0)
(0.0855599 0.524841 0)
(0.0994688 0.571769 0)
(0.112692 0.60684 0)
(0.1252 0.62928 0)
(0.136212 0.636905 0)
(0.144805 0.628496 0)
(0.150275 0.604831 0)
(0.152409 0.568894 0)
(0.151674 0.525326 0)
(0.149187 0.47919 0)
(0.146358 0.434527 0)
(0.14437 0.39342 0)
(0.143787 0.356007 0)
(0.144522 0.321225 0)
(0.146088 0.287694 0)
(0.147897 0.254304 0)
(0.149451 0.220394 0)
(0.150416 0.185692 0)
(0.150598 0.150172 0)
(0.149901 0.113928 0)
(0.148255 0.0771153 0)
(0.145639 0.0399517 0)
(0.141875 0.00283091 0)
(0.137215 -0.0349441 0)
(0.130964 -0.0721813 0)
(0.123386 -0.108453 0)
(0.114825 -0.143645 0)
(0.105514 -0.177855 0)
(0.0956277 -0.211449 0)
(0.085355 -0.245001 0)
(0.0748539 -0.279105 0)
(0.0641852 -0.31412 0)
(0.053313 -0.349962 0)
(0.0421566 -0.386002 0)
(0.0306573 -0.421132 0)
(0.0188258 -0.453982 0)
(0.00674473 -0.483299 0)
(-0.00546866 -0.508645 0)
(-0.0178613 -0.531998 0)
(-0.0311594 -0.56216 0)
(-0.0488429 -0.624771 0)
(-0.0771646 -0.760311 0)
(-0.108264 -0.953654 0)
(-0.11065 -1.05001 0)
(-0.0672373 -0.832861 0)
(-0.00605612 -0.272778 0)
(0.00285158 0.0670964 0)
(0.0238269 0.214995 0)
(0.0512182 0.345296 0)
(0.0761428 0.4412 0)
(0.0962389 0.508161 0)
(0.11343 0.556713 0)
(0.129521 0.592556 0)
(0.144806 0.616143 0)
(0.158594 0.625819 0)
(0.169903 0.620349 0)
(0.177908 0.600141 0)
(0.182251 0.56756 0)
(0.183249 0.526551 0)
(0.181903 0.481682 0)
(0.179614 0.436933 0)
(0.177707 0.394786 0)
(0.176998 0.356002 0)
(0.17766 0.320066 0)
(0.179374 0.285895 0)
(0.181592 0.252423 0)
(0.183764 0.218891 0)
(0.185455 0.184883 0)
(0.186361 0.15025 0)
(0.186289 0.115012 0)
(0.185106 0.0792902 0)
(0.182742 0.043286 0)
(0.179071 0.00733397 0)
(0.174221 -0.0289908 0)
(0.167749 -0.06493 0)
(0.15981 -0.10005 0)
(0.150753 -0.134284 0)
(0.140869 -0.167777 0)
(0.130369 -0.200885 0)
(0.119438 -0.234123 0)
(0.108211 -0.26799 0)
(0.096709 -0.302753 0)
(0.0848386 -0.338261 0)
(0.072449 -0.373874 0)
(0.059412 -0.408526 0)
(0.0456898 -0.440927 0)
(0.0313542 -0.4699 0)
(0.0165476 -0.494988 0)
(0.00134193 -0.517869 0)
(-0.0145606 -0.545952 0)
(-0.0334316 -0.601769 0)
(-0.0616553 -0.729208 0)
(-0.0960948 -0.932709 0)
(-0.106591 -1.06726 0)
(-0.0700191 -0.886464 0)
(-0.00661042 -0.308129 0)
(0.00240705 0.0554091 0)
(0.0228221 0.189298 0)
(0.0521654 0.317131 0)
(0.0807833 0.41679 0)
(0.104804 0.487833 0)
(0.125309 0.538607 0)
(0.144211 0.5755 0)
(0.162181 0.600247 0)
(0.178737 0.611925 0)
(0.192911 0.609422 0)
(0.203775 0.592843 0)
(0.210809 0.563976 0)
(0.214121 0.526072 0)
(0.214505 0.48313 0)
(0.213242 0.438928 0)
(0.211694 0.396185 0)
(0.210887 0.356199 0)
(0.21128 0.31903 0)
(0.212799 0.283995 0)
(0.215034 0.250195 0)
(0.217457 0.216854 0)
(0.219572 0.183452 0)
(0.220984 0.149721 0)
(0.221404 0.115587 0)
(0.220628 0.0811049 0)
(0.218532 0.0464272 0)
(0.215015 0.0118123 0)
(0.210118 -0.0229516 0)
(0.203603 -0.0574568 0)
(0.19554 -0.0913199 0)
(0.18626 -0.124517 0)
(0.176083 -0.157227 0)
(0.165231 -0.189789 0)
(0.153866 -0.222635 0)
(0.142073 -0.25615 0)
(0.129818 -0.290489 0)
(0.116948 -0.325428 0)
(0.103257 -0.360318 0)
(0.0885709 -0.394149 0)
(0.0728224 -0.425734 0)
(0.0560857 -0.454006 0)
(0.0385503 -0.478549 0)
(0.0203946 -0.500846 0)
(0.00155884 -0.527488 0)
(-0.0192599 -0.57799 0)
(-0.04771 -0.696684 0)
(-0.0849826 -0.90625 0)
(-0.103418 -1.07714 0)
(-0.0741661 -0.937282 0)
(-0.00769524 -0.345862 0)
(0.00197336 0.0445505 0)
(0.0212162 0.163394 0)
(0.0515167 0.286498 0)
(0.0831492 0.388666 0)
(0.110897 0.463879 0)
(0.134736 0.51745 0)
(0.156423 0.555744 0)
(0.176985 0.581659 0)
(0.196254 0.595185 0)
(0.213365 0.59551 0)
(0.227342 0.582554 0)
(0.237501 0.557601 0)
(0.243718 0.523251 0)
(0.246517 0.482903 0)
(0.246954 0.440005 0)
(0.246313 0.397334 0)
(0.245725 0.356579 0)
(0.245897 0.318323 0)
(0.247038 0.28234 0)
(0.248955 0.248006 0)
(0.251237 0.214635 0)
(0.253405 0.181674 0)
(0.255019 0.148764 0)
(0.255721 0.115734 0)
(0.255243 0.0825547 0)
(0.253404 0.0493031 0)
(0.2501 0.0161448 0)
(0.245314 -0.0170034 0)
(0.23894 -0.0499931 0)
(0.230997 -0.0825322 0)
(0.221774 -0.114635 0)
(0.211578 -0.146494 0)
(0.200615 -0.178411 0)
(0.188998 -0.210724 0)
(0.176743 -0.243691 0)
(0.16375 -0.277349 0)
(0.149814 -0.311408 0)
(0.134695 -0.34522 0)
(0.118199 -0.377852 0)
(0.100252 -0.408241 0)
(0.0809431 -0.43546 0)
(0.0605194 -0.459189 0)
(0.0392783 -0.480797 0)
(0.0173626 -0.506259 0)
(-0.00598399 -0.552889 0)
(-0.0350568 -0.662797 0)
(-0.0747176 -0.874523 0)
(-0.101027 -1.07948 0)
(-0.0798511 -0.985396 0)
(-0.00967238 -0.387068 0)
(0.00155769 0.0347264 0)
(0.019167 0.138123 0)
(0.0493626 0.254341 0)
(0.0831119 0.357371 0)
(0.114182 0.436431 0)
(0.141301 0.493235 0)
(0.165773 0.533334 0)
(0.188853 0.560465 0)
(0.210741 0.575623 0)
(0.230785 0.578493 0)
(0.248024 0.568968 0)
(0.261652 0.547942 0)
(0.271312 0.517434 0)
(0.277229 0.480254 0)
(0.280169 0.439437 0)
(0.281221 0.397655 0)
(0.281494 0.356807 0)
(0.281846 0.317883 0)
(0.282735 0.281101 0)
(0.284231 0.246177 0)
(0.286112 0.212612 0)
(0.288009 0.179906 0)
(0.289511 0.147669 0)
(0.290242 0.115652 0)
(0.289896 0.0837388 0)
(0.28825 0.051917 0)
(0.285178 0.0202512 0)
(0.280622 -0.0112954 0)
(0.274544 -0.042756 0)
(0.266921 -0.0739446 0)
(0.257978 -0.104904 0)
(0.247966 -0.13582 0)
(0.237044 -0.16694 0)
(0.225252 -0.198498 0)
(0.21253 -0.230631 0)
(0.198714 -0.26327 0)
(0.183564 -0.296072 0)
(0.166825 -0.328412 0)
(0.14831 -0.35945 0)
(0.127964 -0.388267 0)
(0.105906 -0.414098 0)
(0.0824442 -0.436756 0)
(0.0579888 -0.457595 0)
(0.0329167 -0.482065 0)
(0.00672236 -0.525921 0)
(-0.0233886 -0.627611 0)
(-0.0649763 -0.837737 0)
(-0.0990374 -1.07387 0)
(-0.0870279 -1.03065 0)
(-0.0129979 -0.43307 0)
(0.00118606 0.0260571 0)
(0.0168168 0.114242 0)
(0.0458764 0.221723 0)
(0.0806489 0.323685 0)
(0.114382 0.405795 0)
(0.144579 0.466 0)
(0.171821 0.508288 0)
(0.197376 0.536745 0)
(0.221786 0.553315 0)
(0.244689 0.558348 0)
(0.265232 0.551895 0)
(0.282543 0.534608 0)
(0.296066 0.508025 0)
(0.305736 0.474412 0)
(0.311996 0.436356 0)
(0.315662 0.396303 0)
(0.317703 0.356193 0)
(0.318998 0.317273 0)
(0.32017 0.280116 0)
(0.321517 0.244779 0)
(0.323046 0.211013 0)
(0.324562 0.17845 0)
(0.325762 0.146733 0)
(0.326319 0.115581 0)
(0.325938 0.0848116 0)
(0.324381 0.054327 0)
(0.321502 0.0240937 0)
(0.31721 -0.00593055 0)
(0.311491 -0.0359063 0)
(0.304276 -0.0657389 0)
(0.295702 -0.0954919 0)
(0.285928 -0.125326 0)
(0.275035 -0.155427 0)
(0.262988 -0.185932 0)
(0.249652 -0.216867 0)
(0.234813 -0.248084 0)
(0.218213 -0.279213 0)
(0.199608 -0.309671 0)
(0.178837 -0.338726 0)
(0.155884 -0.365618 0)
(0.130913 -0.389761 0)
(0.104292 -0.411133 0)
(0.0765437 -0.431141 0)
(0.0482614 -0.454861 0)
(0.0191381 -0.496665 0)
(-0.0123493 -0.591236 0)
(-0.0553527 -0.796206 0)
(-0.0968147 -1.05974 0)
(-0.0953387 -1.07248 0)
(-0.0180581 -0.485304 0)
(0.00085489 0.0186004 0)
(0.0143382 0.0923827 0)
(0.0412969 0.189768 0)
(0.0758554 0.288622 0)
(0.111314 0.372521 0)
(0.144161 0.435898 0)
(0.174083 0.480626 0)
(0.202096 0.510553 0)
(0.228957 0.528357 0)
(0.254616 0.535132 0)
(0.27841 0.531273 0)
(0.299477 0.517353 0)
(0.31712 0.494559 0)
(0.331022 0.464686 0)
(0.34131 0.429881 0)
(0.348496 0.392294 0)
(0.353323 0.353773 0)
(0.356577 0.315668 0)
(0.358923 0.27879 0)
(0.36081 0.243478 0)
(0.362444 0.209732 0)
(0.363823 0.17736 0)
(0.364802 0.146097 0)
(0.365164 0.115686 0)
(0.364675 0.0859151 0)
(0.363123 0.056627 0)
(0.360361 0.0277116 0)
(0.356276 -0.000903219 0)
(0.35085 -0.0294584 0)
(0.343964 -0.0579224 0)
(0.335653 -0.0863718 0)
(0.32597 -0.114935 0)
(0.314906 -0.143735 0)
(0.302352 -0.172828 0)
(0.288116 -0.20216 0)
(0.271953 -0.231527 0)
(0.253609 -0.260561 0)
(0.232868 -0.288743 0)
(0.20961 -0.31546 0)
(0.183868 -0.34012 0)
(0.15586 -0.362328 0)
(0.126019 -0.382252 0)
(0.0949723 -0.40141 0)
(0.0634926 -0.424626 0)
(0.0315289 -0.46498 0)
(-0.00155701 -0.55378 0)
(-0.0454235 -0.750498 0)
(-0.0934097 -1.0364 0)
(-0.104095 -1.10985 0)
(-0.0251268 -0.544982 0)
(0.000577031 0.012349 0)
(0.0118291 0.0730238 0)
(0.0358866 0.15959 0)
(0.0689231 0.253403 0)
(0.104908 0.337439 0)
(0.1397 0.403274 0)
(0.17206 0.450412 0)
(0.202503 0.48191 0)
(0.231791 0.500822 0)
(0.260124 0.508947 0)
(0.287062 0.507148 0)
(0.311835 0.496093 0)
(0.333678 0.476756 0)
(0.35208 0.450563 0)
(0.366896 0.419259 0)
(0.378339 0.384674 0)
(0.386889 0.348477 0)
(0.393158 0.312002 0)
(0.397749 0.276172 0)
(0.401157 0.241513 0)
(0.403711 0.208232 0)
(0.405571 0.176312 0)
(0.406751 0.145612 0)
(0.407169 0.115937 0)
(0.406691 0.0870932 0)
(0.405166 0.0589024 0)
(0.402466 0.0312135 0)
(0.398486 0.0039155 0)
(0.393175 -0.0232455 0)
(0.386384 -0.0502915 0)
(0.378053 -0.0772982 0)
(0.368136 -0.104359 0)
(0.356541 -0.131544 0)
(0.343104 -0.158848 0)
(0.327597 -0.186165 0)
(0.309769 -0.213273 0)
(0.289385 -0.239828 0)
(0.266268 -0.265388 0)
(0.240347 -0.289471 0)
(0.211705 -0.311652 0)
(0.180617 -0.331744 0)
(0.147584 -0.350128 0)
(0.113332 -0.368473 0)
(0.0787803 -0.391456 0)
(0.0441543 -0.431038 0)
(0.0094071 -0.515351 0)
(-0.0347613 -0.701574 0)
(-0.0876899 -1.00332 0)
(-0.112262 -1.14113 0)
(-0.0340327 -0.612951 0)
(0.000337432 0.00726581 0)
(0.00937226 0.0564943 0)
(0.029856 0.132224 0)
(0.0600753 0.219386 0)
(0.0951932 0.301657 0)
(0.130935 0.368723 0)
(0.165276 0.417826 0)
(0.198055 0.450825 0)
(0.229791 0.470736 0)
(0.260773 0.47988 0)
(0.290762 0.479629 0)
(0.31912 0.470879 0)
(0.345093 0.454538 0)
(0.36805 0.431768 0)
(0.387632 0.403981 0)
(0.403793 0.372695 0)
(0.416755 0.339358 0)
(0.426916 0.305202 0)
(0.434751 0.271163 0)
(0.44071 0.237861 0)
(0.44516 0.205639 0)
(0.448352 0.174623 0)
(0.450421 0.14479 0)
(0.451404 0.116032 0)
(0.451271 0.0882011 0)
(0.44995 0.061138 0)
(0.447354 0.0346873 0)
(0.443398 0.00871442 0)
(0.438 -0.0169967 0)
(0.431013 -0.0425096 0)
(0.422304 -0.0678855 0)
(0.411758 -0.0931851 0)
(0.399226 -0.118434 0)
(0.384512 -0.143589 0)
(0.367383 -0.168524 0)
(0.3476 -0.193019 0)
(0.324959 -0.216775 0)
(0.299325 -0.23944 0)
(0.270677 -0.260663 0)
(0.239146 -0.280196 0)
(0.205065 -0.298065 0)
(0.169006 -0.314885 0)
(0.131776 -0.332516 0)
(0.0944248 -0.355558 0)
(0.0574018 -0.39501 0)
(0.0210583 -0.476177 0)
(-0.0229945 -0.650883 0)
(-0.0783519 -0.960395 0)
(-0.118478 -1.16411 0)
(-0.0440783 -0.689582 0)
(0.000117093 0.00331915 0)
(0.0068639 0.0430365 0)
(0.023241 0.1086 0)
(0.0494384 0.18798 0)
(0.0822128 0.266509 0)
(0.117686 0.333108 0)
(0.153319 0.383218 0)
(0.188222 0.417338 0)
(0.222436 0.438063 0)
(0.256124 0.447957 0)
(0.289137 0.448823 0)
(0.320965 0.441847 0)
(0.350913 0.427991 0)
(0.378305 0.408267 0)
(0.402642 0.38383 0)
(0.423675 0.355919 0)
(0.441399 0.325755 0)
(0.456006 0.29442 0)
(0.467806 0.262792 0)
(0.47715 0.231509 0)
(0.484372 0.200981 0)
(0.489743 0.171428 0)
(0.493459 0.142922 0)
(0.495636 0.115438 0)
(0.496325 0.0888882 0)
(0.495524 0.0631549 0)
(0.493193 0.0381074 0)
(0.489275 0.0136181 0)
(0.483678 -0.0104791 0)
(0.476278 -0.0342588 0)
(0.466907 -0.0577633 0)
(0.455419 -0.0810232 0)
(0.441642 -0.10403 0)
(0.42538 -0.126722 0)
(0.406414 -0.148969 0)
(0.384537 -0.170575 0)
(0.359582 -0.191296 0)
(0.331461 -0.210875 0)
(0.3002 -0.229097 0)
(0.26598 -0.245891 0)
(0.229187 -0.261505 0)
(0.190453 -0.276808 0)
(0.150651 -0.293869 0)
(0.110913 -0.317268 0)
(0.0718289 -0.357204 0)
(0.0341769 -0.436318 0)
(-0.00967705 -0.600185 0)
(-0.0642391 -0.908428 0)
(-0.121101 -1.17615 0)
(-0.0538277 -0.77479 0)
(-0.000160809 0.000581058 0)
(0.00402184 0.032928 0)
(0.0157139 0.0895482 0)
(0.0368324 0.160531 0)
(0.0658732 0.233421 0)
(0.099788 0.297495 0)
(0.135863 0.347125 0)
(0.172542 0.381568 0)
(0.209233 0.402733 0)
(0.245748 0.413114 0)
(0.281857 0.414764 0)
(0.317109 0.409133 0)
(0.350877 0.397297 0)
(0.382494 0.380213 0)
(0.411392 0.358856 0)
(0.437184 0.334244 0)
(0.459693 0.307378 0)
(0.478929 0.279177 0)
(0.495041 0.250418 0)
(0.508258 0.221702 0)
(0.518836 0.193454 0)
(0.527018 0.165939 0)
(0.533005 0.139292 0)
(0.536946 0.113551 0)
(0.538939 0.0886897 0)
(0.539028 0.0646378 0)
(0.537213 0.0413044 0)
(0.533469 0.0185932 0)
(0.527711 -0.00361655 0)
(0.519853 -0.0253847 0)
(0.509727 -0.0467308 0)
(0.497189 -0.0676615 0)
(0.482078 -0.0881459 0)
(0.464219 -0.108111 0)
(0.443432 -0.127436 0)
(0.419553 -0.145958 0)
(0.392463 -0.163495 0)
(0.362126 -0.179885 0)
(0.328617 -0.195051 0)
(0.292171 -0.209104 0)
(0.253219 -0.222515 0)
(0.212432 -0.2364 0)
(0.170699 -0.253043 0)
(0.129164 -0.277036 0)
(0.0884413 -0.317931 0)
(0.0498108 -0.396059 0)
(0.00576301 -0.551019 0)
(-0.0445327 -0.849353 0)
(-0.118361 -1.17423 0)
(-0.061296 -0.867148 0)
(-0.000643386 -0.000604751 0)
(0.000101142 0.0267145 0)
(0.00635103 0.0759058 0)
(0.0215106 0.138225 0)
(0.0457255 0.203713 0)
(0.0769691 0.262991 0)
(0.112643 0.31021 0)
(0.150675 0.343731 0)
(0.189787 0.364682 0)
(0.22927 0.375214 0)
(0.268633 0.377389 0)
(0.307367 0.372802 0)
(0.344872 0.362638 0)
(0.380508 0.347849 0)
(0.413691 0.3293 0)
(0.443962 0.307837 0)
(0.471027 0.284277 0)
(0.494762 0.259376 0)
(0.515179 0.233794 0)
(0.532387 0.208063 0)
(0.546554 0.182582 0)
(0.557862 0.157625 0)
(0.566486 0.13336 0)
(0.572574 0.109867 0)
(0.576235 0.0871644 0)
(0.577541 0.0652282 0)
(0.576521 0.0440094 0)
(0.573169 0.0234503 0)
(0.567452 0.00347793 0)
(0.55927 -0.0159477 0)
(0.548515 -0.0348251 0)
(0.535064 -0.053143 0)
(0.518789 -0.0708558 0)
(0.499558 -0.0878858 0)
(0.477244 -0.104127 0)
(0.45174 -0.119453 0)
(0.422992 -0.133749 0)
(0.391025 -0.14695 0)
(0.355979 -0.159114 0)
(0.318138 -0.170527 0)
(0.277961 -0.181868 0)
(0.236109 -0.194473 0)
(0.193414 -0.210813 0)
(0.150924 -0.235494 0)
(0.109153 -0.277539 0)
(0.0698216 -0.355369 0)
(0.0247872 -0.503964 0)
(-0.0189736 -0.786075 0)
(-0.108405 -1.15467 0)
(-0.0638784 -0.962058 0)
(-0.0016618 0.000730011 0)
(-0.00622524 0.0255496 0)
(-0.00658706 0.0686108 0)
(0.00193227 0.122001 0)
(0.0207514 0.17839 0)
(0.048712 0.230502 0)
(0.0834059 0.273099 0)
(0.122433 0.30409 0)
(0.163882 0.323883 0)
(0.206451 0.33409 0)
(0.249261 0.336544 0)
(0.291617 0.332817 0)
(0.332872 0.324125 0)
(0.372394 0.311413 0)
(0.409603 0.295474 0)
(0.444016 0.277028 0)
(0.475282 0.25674 0)
(0.503188 0.235224 0)
(0.527648 0.213019 0)
(0.548677 0.190574 0)
(0.566358 0.168242 0)
(0.580812 0.14628 0)
(0.592171 0.124861 0)
(0.600563 0.104086 0)
(0.606092 0.0840044 0)
(0.608838 0.0646275 0)
(0.608851 0.0459422 0)
(0.606145 0.0279249 0)
(0.600717 0.0105493 0)
(0.592501 -0.00621005 0)
(0.581441 -0.022321 0)
(0.567447 -0.0377704 0)
(0.550442 -0.0525069 0)
(0.530352 -0.066457 0)
(0.507121 -0.0795349 0)
(0.480722 -0.091659 0)
(0.451185 -0.10278 0)
(0.418615 -0.112929 0)
(0.383219 -0.122287 0)
(0.345316 -0.131288 0)
(0.305351 -0.140773 0)
(0.263902 -0.152244 0)
(0.221641 -0.168305 0)
(0.179402 -0.193562 0)
(0.137458 -0.236593 0)
(0.097699 -0.314275 0)
(0.0510867 -0.458117 0)
(0.0133642 -0.721887 0)
(-0.0886244 -1.11336 0)
(-0.0582726 -1.05097 0)
(-0.00382809 0.00669886 0)
(-0.0171185 0.0316259 0)
(-0.0257447 0.0688009 0)
(-0.024234 0.112333 0)
(-0.0107951 0.15777 0)
(0.0140436 0.200421 0)
(0.0478166 0.236135 0)
(0.0877751 0.262847 0)
(0.131535 0.280335 0)
(0.177274 0.289592 0)
(0.22369 0.292041 0)
(0.269827 0.289054 0)
(0.314909 0.281763 0)
(0.358265 0.271058 0)
(0.399313 0.257657 0)
(0.43757 0.242173 0)
(0.472663 0.225154 0)
(0.504341 0.207088 0)
(0.532461 0.188407 0)
(0.556974 0.169475 0)
(0.577903 0.150586 0)
(0.595317 0.131965 0)
(0.60931 0.113773 0)
(0.619985 0.096117 0)
(0.627438 0.0790614 0)
(0.631751 0.0626396 0)
(0.632989 0.0468646 0)
(0.631193 0.0317398 0)
(0.626386 0.0172694 0)
(0.618573 0.00345321 0)
(0.607719 -0.00967112 0)
(0.593802 -0.0220737 0)
(0.576811 -0.03372 0)
(0.556751 -0.0445551 0)
(0.53366 -0.0545247 0)
(0.507616 -0.0635965 0)
(0.478744 -0.071787 0)
(0.447233 -0.0792067 0)
(0.413332 -0.086125 0)
(0.377353 -0.0930681 0)
(0.339656 -0.100967 0)
(0.300637 -0.111403 0)
(0.260689 -0.12704 0)
(0.220305 -0.152476 0)
(0.179373 -0.195957 0)
(0.139715 -0.273144 0)
(0.0912528 -0.41264 0)
(0.0566589 -0.660578 0)
(-0.054536 -1.04868 0)
(-0.0405928 -1.12586 0)
(-0.00825586 0.0212397 0)
(-0.0355066 0.0482761 0)
(-0.0541303 0.077538 0)
(-0.0592749 0.109052 0)
(-0.0501367 0.14153 0)
(-0.027787 0.172389 0)
(0.00544293 0.199104 0)
(0.0467026 0.219916 0)
(0.0929749 0.234013 0)
(0.141969 0.241644 0)
(0.192083 0.24375 0)
(0.242102 0.241398 0)
(0.291075 0.23552 0)
(0.338245 0.226872 0)
(0.383004 0.216061 0)
(0.42487 0.203595 0)
(0.463474 0.18991 0)
(0.498556 0.17539 0)
(0.529953 0.16037 0)
(0.557589 0.145133 0)
(0.581454 0.129917 0)
(0.601589 0.114904 0)
(0.618066 0.100235 0)
(0.630974 0.0860087 0)
(0.64041 0.0722928 0)
(0.646468 0.0591302 0)
(0.649233 0.0465485 0)
(0.648784 0.034566 0)
(0.645188 0.0231995 0)
(0.638512 0.012469 0)
(0.628811 0.00239919 0)
(0.616174 -0.00696917 0)
(0.600605 -0.0155958 0)
(0.582214 -0.0234756 0)
(0.561146 -0.0306035 0)
(0.537576 -0.0369901 0)
(0.511713 -0.0427048 0)
(0.483784 -0.0479024 0)
(0.454034 -0.0528885 0)
(0.422694 -0.0581993 0)
(0.389954 -0.064758 0)
(0.355931 -0.0741112 0)
(0.320608 -0.0888798 0)
(0.28398 -0.113602 0)
(0.24534 -0.156328 0)
(0.206201 -0.231912 0)
(0.155568 -0.36654 0)
(0.120206 -0.601822 0)
(-0.00169738 -0.967565 0)
(-0.00834545 -1.18425 0)
(-0.0166825 0.0510553 0)
(-0.0647389 0.0791629 0)
(-0.0940966 0.0948845 0)
(-0.10414 0.110677 0)
(-0.0971474 0.128003 0)
(-0.0754184 0.145581 0)
(-0.0419688 0.161673 0)
(0.000420269 0.175038 0)
(0.0491406 0.184769 0)
(0.101432 0.190207 0)
(0.155254 0.191647 0)
(0.20917 0.189818 0)
(0.262042 0.185388 0)
(0.313007 0.178906 0)
(0.361419 0.170819 0)
(0.406796 0.161504 0)
(0.448783 0.151285 0)
(0.487133 0.140444 0)
(0.521695 0.129227 0)
(0.552397 0.117845 0)
(0.579229 0.106474 0)
(0.602234 0.0952569 0)
(0.62149 0.0843031 0)
(0.637096 0.0736961 0)
(0.649169 0.0634955 0)
(0.65783 0.0537429 0)
(0.663206 0.0444676 0)
(0.665423 0.0356906 0)
(0.664607 0.0274301 0)
(0.660888 0.0197024 0)
(0.654409 0.0125246 0)
(0.645306 0.00591786 0)
(0.633808 -9.33862e-05 0)
(0.620088 -0.00551168 0)
(0.604249 -0.0103398 0)
(0.586474 -0.0146281 0)
(0.566985 -0.0184706 0)
(0.545999 -0.0220331 0)
(0.523697 -0.0255929 0)
(0.500182 -0.0296288 0)
(0.475426 -0.0349467 0)
(0.449221 -0.0429266 0)
(0.42105 -0.0559539 0)
(0.390186 -0.0782818 0)
(0.354845 -0.11757 0)
(0.315396 -0.187936 0)
(0.259654 -0.313619 0)
(0.218301 -0.531901 0)
(0.0672533 -0.881772 0)
(0.0391312 -1.2139 0)
(-0.0321294 0.107749 0)
(-0.105961 0.128471 0)
(-0.139236 0.118667 0)
(-0.147232 0.113404 0)
(-0.137734 0.113977 0)
(-0.11387 0.117945 0)
(-0.0787721 0.12353 0)
(-0.035508 0.128816 0)
(0.014577 0.132877 0)
(0.069711 0.135223 0)
(0.127095 0.135658 0)
(0.184877 0.134282 0)
(0.241733 0.131348 0)
(0.296711 0.127124 0)
(0.34914 0.121858 0)
(0.398543 0.115779 0)
(0.444588 0.109089 0)
(0.487055 0.101972 0)
(0.525817 0.0945871 0)
(0.560823 0.0870777 0)
(0.592084 0.0795612 0)
(0.619659 0.072137 0)
(0.643643 0.064882 0)
(0.664157 0.0578569 0)
(0.681338 0.0511054 0)
(0.695338 0.0446601 0)
(0.706309 0.0385436 0)
(0.714413 0.032772 0)
(0.719812 0.0273579 0)
(0.722671 0.0223103 0)
(0.723162 0.0176379 0)
(0.721456 0.0133423 0)
(0.717738 0.00942618 0)
(0.712185 0.00589653 0)
(0.705059 0.00274414 0)
(0.696545 -7.54521e-05 0)
(0.686796 -0.00262911 0)
(0.675885 -0.00504016 0)
(0.663865 -0.00752188 0)
(0.650706 -0.0104375 0)
(0.636208 -0.0143998 0)
(0.619906 -0.0204811 0)
(0.600828 -0.0305736 0)
(0.577417 -0.0481275 0)
(0.546247 -0.0794713 0)
(0.504732 -0.136464 0)
(0.437388 -0.240191 0)
(0.372207 -0.424877 0)
(0.155679 -0.754691 0)
(0.119399 -1.15618 0)
(-0.0715195 0.214158 0)
(-0.130935 0.167236 0)
(-0.117783 0.112675 0)
(-0.0939471 0.0961476 0)
(-0.0648708 0.0871396 0)
(-0.0292765 0.0802066 0)
(0.0136622 0.0763126 0)
(0.0634058 0.0743527 0)
(0.11759 0.0734737 0)
(0.174704 0.0731632 0)
(0.233588 0.0729378 0)
(0.293048 0.0723975 0)
(0.352005 0.0713477 0)
(0.409599 0.0697298 0)
(0.465179 0.0675647 0)
(0.518264 0.0649098 0)
(0.568503 0.0618463 0)
(0.61566 0.0584594 0)
(0.659581 0.0548373 0)
(0.70019 0.0510603 0)
(0.737469 0.0472029 0)
(0.771447 0.0433278 0)
(0.80219 0.0394889 0)
(0.829793 0.035729 0)
(0.854368 0.0320826 0)
(0.876043 0.0285762 0)
(0.894955 0.02523 0)
(0.911245 0.0220595 0)
(0.925062 0.0190761 0)
(0.936555 0.0162895 0)
(0.945878 0.0137056 0)
(0.953186 0.0113291 0)
(0.958637 0.00916106 0)
(0.962386 0.00719858 0)
(0.964588 0.0054298 0)
(0.965394 0.00383907 0)
(0.964932 0.00238937 0)
(0.96333 0.0010132 0)
(0.960616 -0.000419385 0)
(0.956696 -0.0021249 0)
(0.95128 -0.00447968 0)
(0.943754 -0.00813845 0)
(0.932862 -0.0142606 0)
(0.916409 -0.0249225 0)
(0.889569 -0.0438614 0)
(0.846154 -0.0778753 0)
(0.764955 -0.140178 0)
(0.654639 -0.25704 0)
(0.348979 -0.506139 0)
(0.332212 -0.873494 0)
(0.238193 0.156151 0)
(0.354602 0.167275 0)
(0.468206 0.122075 0)
(0.571846 0.0862277 0)
(0.65299 0.0634184 0)
(0.718706 0.0481637 0)
(0.776078 0.0373511 0)
(0.828492 0.0295671 0)
(0.877717 0.0239813 0)
(0.924902 0.0200034 0)
(0.970733 0.0171929 0)
(1.01551 0.0152117 0)
(1.05926 0.0137992 0)
(1.10185 0.0127566 0)
(1.14308 0.0119374 0)
(1.18271 0.0112381 0)
(1.22052 0.0105902 0)
(1.25632 0.00995154 0)
(1.28996 0.00930007 0)
(1.32133 0.00862715 0)
(1.35036 0.0079334 0)
(1.37702 0.00722463 0)
(1.40132 0.00650957 0)
(1.42329 0.00579773 0)
(1.443 0.00509852 0)
(1.46053 0.00442044 0)
(1.47597 0.00377082 0)
(1.48944 0.0031559 0)
(1.50104 0.00258067 0)
(1.51091 0.0020493 0)
(1.51917 0.00156474 0)
(1.52596 0.0011292 0)
(1.5314 0.000743517 0)
(1.53564 0.000407343 0)
(1.53879 0.000118039 0)
(1.54098 -0.000129198 0)
(1.54231 -0.00034543 0)
(1.54283 -0.000549348 0)
(1.54255 -0.000772628 0)
(1.54135 -0.00107096 0)
(1.53892 -0.00154217 0)
(1.53464 -0.00235495 0)
(1.52725 -0.00380842 0)
(1.5146 -0.00641135 0)
(1.49228 -0.0111013 0)
(1.45413 -0.0192598 0)
(1.38204 -0.0344682 0)
(1.26604 -0.0606638 0)
(0.988336 -0.135015 0)
(1.00178 -0.303941 0)
)
;

boundaryField
{
    movingWall
    {
        type            fixedValue;
        value           uniform (2 0 0);
    }
    fixedWalls
    {
        type            fixedValue;
        value           uniform (0 0 0);
    }
    frontAndBack
    {
        type            empty;
    }
}


// ************************************************************************* //
