/*--------------------------------*- C++ -*----------------------------------*\
  =========                 |
  \\      /  F ield         | OpenFOAM: The Open Source CFD Toolbox
   \\    /   O peration     | Website:  https://openfoam.org
    \\  /    A nd           | Version:  7
     \\/     M anipulation  |
\*---------------------------------------------------------------------------*/
FoamFile
{
    version     2.0;
    format      ascii;
    class       surfaceScalarField;
    location    "2000";
    object      phi;
}
// * * * * * * * * * * * * * * * * * * * * * * * * * * * * * * * * * * * * * //

dimensions      [0 3 -1 0 0 0 0];

internalField   nonuniform List<scalar> 
4900
(
1.70081e-06
-1.70266e-06
6.22436e-06
-4.52356e-06
1.17167e-05
-5.49235e-06
1.65025e-05
-4.78583e-06
1.97499e-05
-3.24734e-06
2.13889e-05
-1.63909e-06
2.17675e-05
-3.78536e-07
2.1262e-05
5.05463e-07
2.00157e-05
1.24623e-06
1.78648e-05
2.15095e-06
1.44159e-05
3.44883e-06
9.18238e-06
5.23354e-06
1.67304e-06
7.50933e-06
-8.56404e-06
1.02371e-05
-2.18782e-05
1.33142e-05
-3.84322e-05
1.6554e-05
-5.81302e-05
1.96979e-05
-8.05365e-05
2.24063e-05
-0.000104812
2.4276e-05
-0.000129701
2.48886e-05
-0.000153575
2.38736e-05
-0.000174547
2.09723e-05
-0.000190636
1.60894e-05
-0.000199968
9.33174e-06
-0.000201022
1.05367e-06
-0.000192857
-8.16491e-06
-0.00017523
-1.76268e-05
-0.000148664
-2.65663e-05
-0.000114453
-3.42114e-05
-7.46216e-05
-3.98309e-05
-3.18236e-05
-4.27981e-05
1.08253e-05
-4.26488e-05
5.00686e-05
-3.92433e-05
8.30562e-05
-3.29877e-05
0.000107613
-2.4557e-05
0.000122476
-1.48628e-05
0.000127532
-5.05572e-06
0.000123863
3.66847e-06
0.000113469
1.03945e-05
9.87403e-05
1.47285e-05
8.20207e-05
1.67196e-05
6.52472e-05
1.67736e-05
4.97647e-05
1.54825e-05
3.63068e-05
1.34579e-05
2.51005e-05
1.12062e-05
1.60379e-05
9.06263e-06
8.89201e-06
7.1459e-06
3.59351e-06
5.2985e-06
5.04917e-07
3.08859e-06
5.04917e-07
4.47537e-06
-6.17803e-06
1.38492e-05
-1.38974e-05
2.43111e-05
-1.59542e-05
3.28993e-05
-1.33741e-05
3.80021e-05
-8.35011e-06
3.92288e-05
-2.86587e-06
3.68614e-05
1.98888e-06
3.12066e-05
6.16023e-06
2.21564e-05
1.02963e-05
9.08317e-06
1.52242e-05
-9.01025e-06
2.15422e-05
-3.32245e-05
2.94477e-05
-6.4459e-05
3.87439e-05
-0.000103154
4.89315e-05
-0.000149078
5.9239e-05
-0.000201173
6.86488e-05
-0.000257492
7.60162e-05
-0.000315324
8.02384e-05
-0.000371472
8.04247e-05
-0.000422602
7.60178e-05
-0.000465573
6.68453e-05
-0.00049771
5.3109e-05
-0.000516959
3.53382e-05
-0.000521976
1.43493e-05
-0.000512216
-8.70618e-06
-0.000487774
-3.26075e-05
-0.000449288
-5.61122e-05
-0.000397963
-7.7892e-05
-0.000335622
-9.65519e-05
-0.000264742
-0.000110711
-0.000188416
-0.000119123
-0.000110221
-0.000120844
-3.40352e-05
-0.000115429
3.60681e-05
-0.000103091
9.63974e-05
-8.48862e-05
0.000144138
-6.26032e-05
0.000177368
-3.82856e-05
0.000195298
-1.42622e-05
0.000198524
7.16824e-06
0.000189145
2.41079e-05
0.000170309
3.55555e-05
0.000145608
4.14748e-05
0.00011845
4.264e-05
9.1602e-05
4.03063e-05
6.69289e-05
3.58794e-05
4.54176e-05
3.05739e-05
2.7458e-05
2.51055e-05
1.33342e-05
1.94224e-05
3.75509e-06
1.26677e-05
4.26001e-06
5.98745e-06
-1.21655e-05
1.73375e-05
-2.52475e-05
2.8802e-05
-2.74188e-05
3.68231e-05
-2.13952e-05
3.9539e-05
-1.1066e-05
3.63609e-05
3.12169e-07
2.72259e-05
1.11238e-05
1.1927e-05
2.14592e-05
-1.03006e-05
3.25239e-05
-4.07337e-05
4.56572e-05
-8.07317e-05
6.15402e-05
-0.000131218
7.99339e-05
-0.000192258
9.97837e-05
-0.000262747
0.000119421
-0.000340341
0.000136833
-0.000421682
0.00014999
-0.000502855
0.000157189
-0.000579908
0.000157291
-0.000649294
0.000149811
-0.000708148
0.000134872
-0.000754387
0.000113085
-0.000786661
8.5383e-05
-0.000804203
5.28798e-05
-0.000806653
1.6799e-05
-0.000793878
-2.14806e-05
-0.000765906
-6.05801e-05
-0.000723045
-9.89727e-05
-0.00066602
-0.000134917
-0.000596067
-0.000166505
-0.000515043
-0.000191735
-0.000425474
-0.000208693
-0.000330549
-0.000215769
-0.000234052
-0.000211927
-0.00014012
-0.000197022
-5.29879e-05
-0.000172019
2.33845e-05
-0.000138975
8.60268e-05
-0.000100928
0.000133147
-6.13825e-05
0.000163779
-2.34635e-05
0.000178066
9.82089e-06
0.000177547
3.60746e-05
0.000165025
5.39966e-05
0.000144049
6.36158e-05
0.000118301
6.60544e-05
9.10409e-05
6.31395e-05
6.47424e-05
5.68724e-05
4.10641e-05
4.87839e-05
2.1207e-05
3.92794e-05
6.60685e-06
2.72678e-05
1.08669e-05
6.50882e-06
-1.86743e-05
1.75977e-05
-3.63363e-05
2.69536e-05
-3.67747e-05
3.07617e-05
-2.52034e-05
2.72162e-05
-7.52045e-06
1.56237e-05
1.19046e-05
-4.55085e-06
3.12984e-05
-3.43212e-05
5.12295e-05
-7.52102e-05
7.34128e-05
-0.000128695
9.91416e-05
-0.000195505
0.000128351
-0.000275061
0.00015949
-0.000365239
0.000189961
-0.000462551
0.000216733
-0.000562683
0.000236965
-0.000661187
0.000248494
-0.000754091
0.000250092
-0.000838254
0.000241454
-0.00091146
0.000223017
-0.000972306
0.000195717
-0.00101997
0.000160752
-0.00105397
0.000119378
-0.00107392
7.28355e-05
-0.00107952
2.23963e-05
-0.00107039
-3.06094e-05
-0.00104623
-8.47412e-05
-0.00100686
-0.000138342
-0.000952349
-0.00018943
-0.000883129
-0.000235724
-0.000800143
-0.000274722
-0.000705006
-0.00030383
-0.000600198
-0.000320576
-0.000489149
-0.000322975
-0.000376142
-0.000310029
-0.000266006
-0.000282155
-0.000163586
-0.000241395
-7.32038e-05
-0.000191311
1.86862e-06
-0.000136455
6.00584e-05
-8.16533e-05
0.000101063
-3.11835e-05
0.000125137
1.20005e-05
0.000133572
4.55617e-05
0.000128874
6.83139e-05
0.000114339
8.05891e-05
9.35508e-05
8.39277e-05
6.98712e-05
8.0552e-05
4.61163e-05
7.25387e-05
2.46362e-05
6.07596e-05
7.92822e-06
4.39758e-05
1.87951e-05
6.20588e-06
-2.48802e-05
1.48977e-05
-4.50282e-05
1.92106e-05
-4.10877e-05
1.54837e-05
-2.14764e-05
2.16986e-06
5.79333e-06
-2.16146e-05
3.5689e-05
-5.70461e-05
6.67299e-05
-0.000105851
0.000100034
-0.000169653
0.000137215
-0.000249016
0.000178504
-0.000342756
0.000222091
-0.000447857
0.000264591
-0.000559939
0.000302043
-0.00067406
0.000330853
-0.00078554
0.000348446
-0.000890564
0.000353518
-0.000986403
0.000345931
-0.00107133
0.000326385
-0.00114439
0.000296077
-0.00120511
0.000256435
-0.00125325
0.000208887
-0.00128862
0.00015475
-0.00131109
9.53039e-05
-0.00132052
3.18312e-05
-0.00131666
-3.4474e-05
-0.00129909
-0.000102307
-0.00126733
-0.000170103
-0.00122084
-0.000235919
-0.00115911
-0.000297453
-0.00108183
-0.000352006
-0.000989206
-0.000396452
-0.000882371
-0.000427411
-0.000763639
-0.000441708
-0.000636698
-0.00043697
-0.0005066
-0.000412253
-0.000379377
-0.000368618
-0.000261239
-0.000309449
-0.000157484
-0.00024021
-7.16322e-05
-0.000167505
-5.12359e-06
-9.76922e-05
4.25842e-05
-3.57073e-05
7.2736e-05
1.54099e-05
8.69355e-05
5.41145e-05
8.77107e-05
7.98138e-05
7.82708e-05
9.33675e-05
6.2128e-05
9.66948e-05
4.2743e-05
9.19238e-05
2.34096e-05
8.0093e-05
7.60362e-06
5.97817e-05
2.63987e-05
4.89961e-06
-2.97798e-05
8.88473e-06
-4.90133e-05
5.29808e-06
-3.7501e-05
-8.91059e-06
-7.26774e-06
-3.50856e-05
3.19684e-05
-7.43896e-05
7.49929e-05
-0.000128541
0.000120881
-0.000199288
0.000170781
-0.000287189
0.000225117
-0.000390724
0.000282039
-0.000506246
0.000337613
-0.000628695
0.000387041
-0.000752624
0.000425972
-0.000873123
0.000451352
-0.00098639
0.000461713
-0.00108987
0.000456995
-0.00118206
0.000438128
-0.00126227
0.000406587
-0.00133029
0.0003641
-0.00138627
0.000312415
-0.0014305
0.000253121
-0.00146339
0.00018764
-0.0014854
0.000117309
-0.00149686
4.32892e-05
-0.00149781
-3.35167e-05
-0.00148801
-0.000112111
-0.00146687
-0.00019124
-0.00143339
-0.000269401
-0.00138614
-0.000344709
-0.00132351
-0.000414637
-0.00124408
-0.000475877
-0.001147
-0.00052449
-0.00103246
-0.000556248
-0.000902303
-0.000567128
-0.000760498
-0.000554059
-0.000613193
-0.000515922
-0.000468176
-0.000454466
-0.000333692
-0.000374694
-0.000216804
-0.000284392
-0.000121821
-0.000192675
-4.96978e-05
-0.00010783
1.2023e-06
-3.54902e-05
3.34813e-05
2.18355e-05
4.96906e-05
6.36046e-05
5.27892e-05
9.02689e-05
4.61916e-05
0.000103292
3.36006e-05
0.000104515
1.88769e-05
9.48166e-05
6.11513e-06
7.25435e-05
3.25138e-05
2.27676e-06
-3.20566e-05
-9.07467e-07
-4.58291e-05
-1.49924e-05
-2.34161e-05
-4.21708e-05
1.99106e-05
-8.36254e-05
7.3423e-05
-0.000140791
0.000132158
-0.000215367
0.000195457
-0.000308033
0.000263448
-0.000417256
0.00033434
-0.000539092
0.000403875
-0.000667996
0.000466516
-0.000798034
0.00051708
-0.000923936
0.000551874
-0.00104168
0.000569097
-0.00114861
0.000568645
-0.00124325
0.000551637
-0.00132502
0.00051989
-0.00139398
0.00047555
-0.00145072
0.000420843
-0.00149615
0.00035784
-0.00153134
0.000288318
-0.00155751
0.000213804
-0.00157573
0.000135533
-0.00158678
5.43389e-05
-0.0015911
-2.91965e-05
-0.00158876
-0.000114457
-0.00157926
-0.00020074
-0.00156138
-0.000287276
-0.00153325
-0.00037284
-0.00149245
-0.000455432
-0.00143618
-0.000532154
-0.00136148
-0.000599189
-0.00126593
-0.000651797
-0.0011485
-0.00068456
-0.00101041
-0.000692144
-0.000855855
-0.00067048
-0.000692215
-0.000618106
-0.000529537
-0.000537373
-0.000378846
-0.000435084
-0.000249624
-0.000321897
-0.000147343
-0.000210111
-7.2459e-05
-0.000110374
-2.16687e-05
-2.89548e-05
9.35055e-06
3.25854e-05
2.44565e-05
7.51629e-05
2.74331e-05
0.000100316
2.22377e-05
0.00010971
1.30505e-05
0.000104004
4.21424e-06
8.13798e-05
3.67281e-05
-1.91385e-06
-3.01427e-05
-1.46442e-05
-3.30988e-05
-4.13078e-05
3.2475e-06
-8.31962e-05
6.1799e-05
-0.000141321
0.000131548
-0.000217082
0.000207919
-0.000311262
0.000289637
-0.000422581
0.000374767
-0.000547149
0.000458908
-0.000679164
0.000535889
-0.000812238
0.00059959
-0.000940608
0.00064545
-0.00105983
0.000671093
-0.00116693
0.000676202
-0.0012603
0.00066201
-0.00133938
0.00063072
-0.00140451
0.000585016
-0.00145669
0.000527736
-0.00149744
0.000461584
-0.00152847
0.000388878
-0.00155164
0.000311487
-0.00156868
0.000230846
-0.00158102
0.000147865
-0.00158969
6.30102e-05
-0.00159547
-2.34159e-05
-0.00159868
-0.000111247
-0.00159901
-0.000200404
-0.00159551
-0.000290778
-0.00158653
-0.000381822
-0.00156958
-0.000472381
-0.0015412
-0.000560538
-0.0014971
-0.000643281
-0.00143274
-0.000716158
-0.00134401
-0.000773288
-0.00122833
-0.00080783
-0.00108592
-0.00081289
-0.00092108
-0.000782946
-0.000742694
-0.000715759
-0.000563517
-0.00061426
-0.000397914
-0.0004875
-0.000258273
-0.000349752
-0.000151365
-0.000217282
-7.68314e-05
-0.000103489
-2.92039e-05
-1.50421e-05
-2.05448e-06
4.80135e-05
9.98732e-06
8.82739e-05
1.17388e-05
0.000107959
7.79581e-06
0.000107947
2.60227e-06
8.65733e-05
3.93303e-05
-7.7402e-06
-2.24025e-05
-3.18872e-05
-8.95185e-06
-7.24788e-05
4.38391e-05
-0.000129774
0.000119094
-0.000204594
0.000206369
-0.000297671
0.000300996
-0.000408114
0.00040008
-0.000532418
0.000499071
-0.00066481
0.0005913
-0.00079856
0.000669638
-0.000927353
0.000728384
-0.00104617
0.000764269
-0.00115159
0.000776516
-0.00124173
0.00076634
-0.00131603
0.000736307
-0.00137504
0.000689725
-0.00142018
0.000630163
-0.00145351
0.00056106
-0.00147732
0.000485397
-0.00149394
0.000405503
-0.00150553
0.00032307
-0.00151386
0.000239175
-0.00152031
0.000154316
-0.00152595
6.86546e-05
-0.00153157
-1.7794e-05
-0.00153756
-0.000105262
-0.0015439
-0.000194059
-0.00155025
-0.000284435
-0.00155565
-0.000376421
-0.00155824
-0.000469787
-0.00155501
-0.000563769
-0.00154172
-0.000656577
-0.00151293
-0.000744946
-0.00146238
-0.000823832
-0.00138393
-0.000886281
-0.00127312
-0.000923701
-0.00112907
-0.000927001
-0.000956135
-0.00088869
-0.000764828
-0.000805567
-0.000571028
-0.0006813
-0.000392964
-0.000527816
-0.000246171
-0.000364075
-0.000138383
-0.000211277
-6.76904e-05
-8.57342e-05
-2.58848e-05
6.20791e-06
-4.3028e-06
6.66919e-05
3.87608e-06
9.97799e-05
4.28527e-06
0.000107538
1.71563e-06
8.91429e-05
4.1046e-05
-1.49302e-05
-7.47239e-06
-5.16551e-05
2.77731e-05
-0.000106473
9.86569e-05
-0.00017871
0.00019133
-0.000268716
0.000296376
-0.000375954
0.000408233
-0.000497558
0.000521683
-0.000628131
0.000629645
-0.000760822
0.000723991
-0.00088881
0.000797626
-0.00100643
0.000846004
-0.00110969
0.000867527
-0.00119633
0.000863157
-0.0012657
0.000835714
-0.00131854
0.000789147
-0.00135667
0.000727854
-0.00138263
0.00065612
-0.00139924
0.000577671
-0.00140923
0.000495387
-0.00141499
0.000411257
-0.00141841
0.000326494
-0.0014209
0.000241665
-0.00142346
0.00015688
-0.00142686
7.20497e-05
-0.00143159
-1.30658e-05
-0.00143799
-9.88607e-05
-0.00144634
-0.000185706
-0.00145683
-0.000273949
-0.00146927
-0.000363974
-0.0014829
-0.000456158
-0.00149605
-0.000550618
-0.00150577
-0.000646865
-0.00150732
-0.000743392
-0.0014941
-0.000837052
-0.00145809
-0.000922293
-0.00139105
-0.000990744
-0.00128644
-0.00103161
-0.00114197
-0.00103315
-0.0009621
-0.000985442
-0.000759346
-0.000884054
-0.000553296
-0.000733867
-0.000366416
-0.000550955
-0.000217183
-0.00036051
-0.000113327
-0.00018959
-5.01768e-05
-5.69423e-05
-1.63296e-05
3.28448e-05
-1.2842e-06
8.47345e-05
2.75121e-06
0.000103502
1.64912e-06
9.0245e-05
4.26951e-05
-2.29851e-05
1.55127e-05
-7.24389e-05
7.72269e-05
-0.000140698
0.000166916
-0.000226251
0.000276883
-0.000328574
0.000398699
-0.000445544
0.000525203
-0.000572495
0.000648635
-0.000702794
0.000759943
-0.000829284
0.000850481
-0.000945656
0.000913998
-0.00104725
0.000947596
-0.00113131
0.000951593
-0.00119699
0.000928832
-0.00124509
0.000883815
-0.00127776
0.000821821
-0.00129801
0.000748106
-0.00130915
0.000667254
-0.00131427
0.000582792
-0.00131596
0.000497074
-0.00131613
0.00041143
-0.00131606
0.000326426
-0.00131651
0.000242119
-0.00131795
0.000158317
-0.00132064
7.47396e-05
-0.00132475
-8.95514e-06
-0.00133052
-9.30909e-05
-0.0013383
-0.000177931
-0.00134849
-0.000263758
-0.00136148
-0.000350982
-0.00137753
-0.000440105
-0.00139649
-0.000531662
-0.00141722
-0.000626135
-0.00143697
-0.00072364
-0.0014508
-0.000823224
-0.00145123
-0.000921862
-0.00142853
-0.00101344
-0.00137207
-0.00108807
-0.00127295
-0.00113227
-0.00112751
-0.00113089
-0.000940617
-0.00107094
-0.000727453
-0.000947031
-0.000512009
-0.000766398
-0.000321269
-0.00055125
-0.000175837
-0.000335022
-8.16071e-05
-0.000151172
-2.96099e-05
-1.91524e-05
-5.38937e-06
6.0514e-05
2.49519e-06
9.56177e-05
2.18193e-06
9.05583e-05
4.4877e-05
-3.11633e-05
4.6676e-05
-9.2426e-05
0.00013849
-0.000172419
0.00024691
-0.000268674
0.000373137
-0.000379532
0.000509558
-0.000501313
0.000646984
-0.000628025
0.000775346
-0.000752492
0.00088441
-0.000867869
0.000965858
-0.000968771
0.0010149
-0.00105181
0.00103064
-0.00111572
0.00101551
-0.00116123
0.000974341
-0.00119067
0.000913256
-0.00120743
0.00083858
-0.00121526
0.00075593
-0.00121763
0.000669626
-0.00121734
0.0005825
-0.00121632
0.000496054
-0.00121571
0.000410823
-0.00121604
0.000326755
-0.00121745
0.000243529
-0.0012199
0.00016077
-0.00122329
7.81312e-05
-0.00122757
-4.67337e-06
-0.00123284
-8.78228e-05
-0.00123932
-0.00017145
-0.0012474
-0.000255687
-0.00125764
-0.000340743
-0.0012708
-0.000426937
-0.00128766
-0.000514802
-0.00130864
-0.000605157
-0.00133329
-0.00069899
-0.00135948
-0.000797038
-0.00138235
-0.000898994
-0.00139357
-0.00100222
-0.00138157
-0.00110007
-0.00133323
-0.00118062
-0.00123722
-0.0012269
-0.00108864
-0.00121952
-0.000893475
-0.0011422
-0.000670672
-0.000989202
-0.000449624
-0.000772298
-0.000261709
-0.000522937
-0.000127791
-0.00028509
-4.91487e-05
-9.77947e-05
-1.12711e-05
2.26363e-05
2.16094e-06
8.21857e-05
2.88177e-06
8.98375e-05
4.77588e-05
-3.85895e-05
8.52655e-05
-0.000109888
0.000209788
-0.000199151
0.000336173
-0.000302839
0.000476825
-0.000418097
0.000624816
-0.000539969
0.000768856
-0.000661713
0.000897091
-0.000776213
0.00099891
-0.000877386
0.00106703
-0.000961065
0.00109858
-0.00102536
0.00109493
-0.00107064
0.00106079
-0.0010992
0.00100291
-0.00111466
0.000928716
-0.00112114
0.000845059
-0.0011225
0.000757283
-0.00112176
0.000668892
-0.00112095
0.000581687
-0.00112111
0.000496217
-0.00112259
0.000412303
-0.0011253
0.000329467
-0.00112898
0.000247206
-0.00113333
0.000165114
-0.0011381
8.29017e-05
-0.00114317
3.97878e-07
-0.00114853
-8.24658e-05
-0.00115426
-0.000165719
-0.00116059
-0.000249353
-0.00116796
-0.000333369
-0.00117705
-0.000417848
-0.00118879
-0.000503069
-0.00120431
-0.000589632
-0.00122474
-0.00067856
-0.00125048
-0.0007713
-0.00128008
-0.000869392
-0.00130887
-0.000973423
-0.0013278
-0.00108114
-0.00132336
-0.00118506
-0.00127965
-0.00127061
-0.00118288
-0.00131628
-0.00102759
-0.00129749
-0.000822196
-0.0011946
-0.000591076
-0.00100342
-0.000369995
-0.000744017
-0.000193736
-0.00046135
-7.99894e-05
-0.000211541
-2.19448e-05
-3.54084e-05
2.50201e-07
5.99907e-05
3.27399e-06
8.68137e-05
5.10328e-05
-4.44963e-05
0.000129762
-0.000123394
0.000288685
-0.000218975
0.000431755
-0.000326566
0.000584416
-0.00044223
0.000740479
-0.000560155
0.000886781
-0.000673393
0.00101033
-0.00077535
0.00110087
-0.000861018
0.0011527
-0.000927653
0.00116521
-0.000974965
0.00114224
-0.00100491
0.00109073
-0.00102108
0.00101908
-0.00102784
0.000935484
-0.00102942
0.000846632
-0.00102914
0.000757005
-0.00102917
0.000668927
-0.00103057
0.000583083
-0.00103356
0.000499203
-0.00103789
0.00041664
-0.00104317
0.000334745
-0.00104899
0.000253023
-0.00105503
0.000171159
-0.00106111
8.89761e-05
-0.00106711
6.40282e-06
-0.00107301
-7.65684e-05
-0.00107882
-0.000159909
-0.00108462
-0.000243552
-0.00109058
-0.000327405
-0.00109704
-0.000411392
-0.0011046
-0.000495513
-0.00111428
-0.000579953
-0.00112755
-0.000665289
-0.0011461
-0.000752752
-0.00117114
-0.000844343
-0.00120209
-0.000942473
-0.00123455
-0.00104868
-0.00125852
-0.00116109
-0.00125818
-0.00127095
-0.00121465
-0.00135981
-0.00111205
-0.00140009
-0.000945555
-0.00136109
-0.000728143
-0.00122083
-0.000491773
-0.000980388
-0.000279078
-0.000674045
-0.00012536
-0.000365259
-3.96762e-05
-0.000121092
-4.38976e-06
2.47043e-05
3.03273e-06
7.93912e-05
5.40655e-05
-4.83127e-05
0.000178074
-0.000131959
0.000372331
-0.000230711
0.000530506
-0.000338765
0.000692471
-0.000451342
0.000853056
-0.000562216
0.000997655
-0.00066468
0.00111279
-0.00075299
0.00118918
-0.000823403
0.00122311
-0.000874673
0.00121648
-0.000908041
0.00117561
-0.000926762
0.00110945
-0.000935237
0.00102755
-0.000937959
0.000938206
-0.000938628
0.000847302
-0.000939676
0.000758053
-0.000942259
0.000671509
-0.000946576
0.000587401
-0.000952297
0.000504923
-0.000958914
0.000423257
-0.000965966
0.000341797
-0.000973127
0.000260184
-0.000980208
0.00017824
-0.000987129
9.5897e-05
-0.000993867
1.31416e-05
-0.00100042
-7.00116e-05
-0.0010068
-0.000153529
-0.001013
-0.000237358
-0.00101899
-0.000321411
-0.00102481
-0.00040557
-0.00103064
-0.000489684
-0.00103696
-0.000573635
-0.00104474
-0.000657504
-0.00105565
-0.000741848
-0.00107191
-0.000828078
-0.00109563
-0.000918754
-0.001127
-0.00101731
-0.00116168
-0.00112641
-0.00118835
-0.00124427
-0.00118839
-0.00135978
-0.0011397
-0.00144878
-0.0010251
-0.00147569
-0.000842659
-0.00140327
-0.00061302
-0.00121003
-0.000377936
-0.000909129
-0.000185678
-0.000557517
-6.59168e-05
-0.000240853
-1.23342e-05
-2.88783e-05
2.04232e-06
6.50146e-05
5.61078e-05
-4.97088e-05
0.000227783
-0.000135094
0.000457716
-0.000233933
0.000629345
-0.000339367
0.000797905
-0.000446062
0.000959751
-0.000547773
0.00109937
-0.000638369
0.00120339
-0.000713151
0.00126396
-0.000769708
0.00127967
-0.000808213
0.00125499
-0.000831182
0.00119858
-0.00084272
0.00112099
-0.000847448
0.00103228
-0.000849431
0.000940189
-0.000851484
0.000849355
-0.000855019
0.000761587
-0.000860325
0.000676816
-0.000867046
0.000594122
-0.000874609
0.000512486
-0.000882503
0.000431151
-0.000890392
0.000349685
-0.000898108
0.0002679
-0.000905613
0.000185745
-0.000912934
0.000103218
-0.00092012
2.03281e-05
-0.000927216
-6.29162e-05
-0.000934236
-0.000146509
-0.000941153
-0.000230441
-0.000947893
-0.000314672
-0.000954345
-0.000399118
-0.0009604
-0.000483629
-0.000966047
-0.000567988
-0.000971574
-0.000651977
-0.000977881
-0.000735542
-0.000986786
-0.000819173
-0.00100104
-0.000904495
-0.00102356
-0.000994797
-0.00105523
-0.00109475
-0.00109139
-0.00120811
-0.0011186
-0.00133257
-0.00111458
-0.00145281
-0.00105413
-0.00153613
-0.000920644
-0.00153676
-0.00071863
-0.00141204
-0.000480267
-0.00114749
-0.000258247
-0.000779537
-0.000101487
-0.000397613
-2.37466e-05
-0.000106619
3.09518e-07
4.09585e-05
5.64173e-05
-4.85978e-05
0.000276381
-0.000132767
0.000541886
-0.000228876
0.000725454
-0.000329118
0.000898147
-0.000427888
0.00105852
-0.000519242
0.00119072
-0.000597836
0.00128198
-0.000660095
0.00132622
-0.000704872
0.00132445
-0.000733541
0.00128366
-0.000749497
0.00121453
-0.000757186
0.00112868
-0.00076094
0.00103603
-0.000764034
0.000943283
-0.000768296
0.000853616
-0.000774257
0.000767549
-0.000781632
0.000684191
-0.000789823
0.000602312
-0.000798271
0.000520934
-0.000806614
0.000439494
-0.000814693
0.000357764
-0.000822494
0.000275702
-0.000830084
0.000193335
-0.000837553
0.000110688
-0.000844987
2.77617e-05
-0.000852449
-5.54546e-05
-0.000859967
-0.000138991
-0.000867533
-0.000222875
-0.000875088
-0.000307116
-0.000882511
-0.000391696
-0.000889604
-0.000476536
-0.000896124
-0.000561468
-0.000901887
-0.000646214
-0.000907003
-0.000730426
-0.000912274
-0.000813902
-0.000919671
-0.000897098
-0.000932512
-0.000981956
-0.000954537
-0.00107272
-0.000987034
-0.00117561
-0.00102421
-0.0012954
-0.00104923
-0.00142778
-0.00103536
-0.00155
-0.000955225
-0.0016169
-0.000796169
-0.0015711
-0.000574342
-0.00136932
-0.000337233
-0.00101665
-0.000146123
-0.000588722
-3.90033e-05
-0.000213739
-2.30553e-06
4.2606e-06
5.41118e-05
-4.5099e-05
0.00032148
-0.000125322
0.000622109
-0.00021627
0.000816402
-0.000309317
0.000991194
-0.000398827
0.00114803
-0.000479381
0.00127127
-0.000546534
0.00134914
-0.000597795
0.00137748
-0.000633107
0.00135976
-0.000654715
0.00130526
-0.000666459
0.00122628
-0.000672666
0.00113488
-0.000677029
0.00104039
-0.000681914
0.000948168
-0.000688272
0.000859974
-0.000696024
0.000775301
-0.000704613
0.00069278
-0.000713443
0.000611142
-0.000722108
0.0005296
-0.000730433
0.00044782
-0.000738414
0.000365745
-0.000746137
0.000283425
-0.000753718
0.000200915
-0.000761266
0.000118235
-0.000768866
3.53618e-05
-0.000776582
-4.77386e-05
-0.000784447
-0.000131126
-0.000792473
-0.000214849
-0.000800633
-0.000298955
-0.00080885
-0.000383479
-0.000816964
-0.000468421
-0.00082472
-0.000553712
-0.000831772
-0.000639162
-0.000837776
-0.000724421
-0.000842673
-0.000809006
-0.00084721
-0.000892561
-0.000853617
-0.000975549
-0.000865877
-0.00106046
-0.000888507
-0.00115298
-0.000922652
-0.00126125
-0.000960031
-0.00139041
-0.000978758
-0.00153127
-0.000947209
-0.00164845
-0.00083842
-0.00167989
-0.00064955
-0.00155819
-0.000414655
-0.00125154
-0.000197778
-0.000805599
-5.87649e-05
-0.000352753
-5.87497e-06
-4.86294e-05
4.82368e-05
-3.94848e-05
0.000360965
-0.000113355
0.000695979
-0.000197156
0.000900203
-0.000281556
0.00107559
-0.000361067
0.00122754
-0.000430935
0.00134114
-0.000487626
0.00140583
-0.000529613
0.00141946
-0.000557665
0.00138781
-0.000574538
0.00132214
-0.000584111
0.00123585
-0.000590255
0.00114103
-0.000595874
0.00104601
-0.000602487
0.000954781
-0.000610397
0.000867884
-0.000619196
0.000784101
-0.00062829
0.000701873
-0.000637217
0.00062007
-0.00064576
0.000538142
-0.0006539
0.000455959
-0.000661731
0.000373576
-0.000669383
0.000291077
-0.00067698
0.000208513
-0.000684622
0.000125877
-0.000692381
4.31207e-05
-0.00070031
-3.98092e-05
-0.00070844
-0.000122995
-0.000716789
-0.000206501
-0.000725352
-0.000290392
-0.000734094
-0.000374737
-0.000742927
-0.000459589
-0.000751674
-0.000544965
-0.000760031
-0.000630805
-0.000767558
-0.000716894
-0.000773776
-0.000802788
-0.000778499
-0.000887838
-0.000782512
-0.000971536
-0.000788465
-0.00105451
-0.000801197
-0.00114025
-0.000825863
-0.00123658
-0.000862397
-0.00135387
-0.000897898
-0.00149577
-0.000903623
-0.00164272
-0.000844178
-0.00173933
-0.000698631
-0.00170374
-0.000482281
-0.00146789
-0.000252366
-0.00103551
-8.31785e-05
-0.00052194
-1.03789e-05
-0.000121429
3.78579e-05
-3.2127e-05
0.000393092
-9.76162e-05
0.000761468
-0.000172719
0.000975305
-0.000247503
0.00115038
-0.000316735
0.00129677
-0.000376387
0.0014008
-0.000423779
0.00145322
-0.000458159
0.00145384
-0.000480838
0.00141049
-0.000494731
0.00133603
-0.000503437
0.00124456
-0.000510187
0.00114778
-0.000517101
0.00105293
-0.000525022
0.000962703
-0.000533855
0.000876717
-0.000543089
0.000793334
-0.000552223
0.000711007
-0.000560972
0.000628819
-0.000569276
0.000546447
-0.000577219
0.000463903
-0.000584939
0.000381296
-0.000592572
0.00029871
-0.000600228
0.000216168
-0.00060799
0.000133639
-0.000615917
5.10481e-05
-0.000624054
-3.16727e-05
-0.000632423
-0.000114626
-0.00064104
-0.000197884
-0.00064991
-0.000281523
-0.000659018
-0.000365628
-0.000668324
-0.000450282
-0.000677731
-0.000535559
-0.000687043
-0.000621493
-0.000695913
-0.000708024
-0.000703812
-0.000794889
-0.000710139
-0.000881511
-0.000714639
-0.000967036
-0.0007183
-0.00105085
-0.00072449
-0.00113406
-0.000739109
-0.00122197
-0.000767429
-0.00132555
-0.000806204
-0.00145699
-0.000835048
-0.00161388
-0.000817459
-0.00175692
-0.000718696
-0.0018025
-0.000533497
-0.00165309
-0.0003046
-0.00126441
-0.000111233
-0.000715308
-1.58204e-05
-0.000216841
2.20374e-05
-2.34494e-05
0.000416541
-7.89097e-05
0.000816928
-0.000144158
0.00104055
-0.000208747
0.00121497
-0.000267736
0.00135576
-0.000317824
0.00145088
-0.000357076
0.00149247
-0.000385309
0.00148208
-0.000404087
0.00142927
-0.000416196
0.00134814
-0.000424744
0.00125311
-0.000432264
0.0011553
-0.000440195
0.00106086
-0.000448913
0.000971421
-0.000458132
0.000885935
-0.000467377
0.000802578
-0.000476295
0.000719925
-0.000484757
0.000637281
-0.000492811
0.000554501
-0.000500591
0.000471682
-0.000508241
0.000388946
-0.000515884
0.000306353
-0.000523612
0.000223897
-0.000531498
0.000141525
-0.000539592
5.9142e-05
-0.000547934
-2.33304e-05
-0.000556542
-0.000106019
-0.000565426
-0.000189
-0.000574588
-0.00027236
-0.000584022
-0.000356195
-0.000593704
-0.000440601
-0.000603584
-0.000525678
-0.000613556
-0.000611522
-0.000623399
-0.000698181
-0.000632709
-0.000785578
-0.000640862
-0.000873358
-0.000647153
-0.000960745
-0.000651366
-0.00104663
-0.000654966
-0.00113046
-0.000662438
-0.00121449
-0.000680813
-0.00130718
-0.000714153
-0.00142365
-0.000752734
-0.0015753
-0.000765692
-0.00174396
-0.000711004
-0.00185719
-0.000564457
-0.00179964
-0.000349438
-0.00147943
-0.000140931
-0.000923815
-2.20975e-05
-0.000335674
-6.00832e-08
-1.3893e-05
0.000430434
-5.80341e-05
0.00086107
-0.000112598
0.00109512
-0.000166703
0.00126907
-0.000215676
0.00140473
-0.000256896
0.0014921
-0.000289047
0.00152462
-0.000312303
0.00150533
-0.000328238
0.0014452
-0.00033929
0.00135919
-0.000347966
0.00126178
-0.000356133
0.00116346
-0.000364697
0.00106942
-0.000373747
0.000980471
-0.000382954
0.000895143
-0.000391949
0.000811573
-0.000400525
0.000728502
-0.000408668
0.000645424
-0.000416484
0.000562317
-0.000424119
0.000479317
-0.000431707
0.000396535
-0.000439354
0.000314
-0.000447138
0.000231681
-0.000455125
0.000149512
-0.000463368
6.73849e-05
-0.000471908
-1.47907e-05
-0.000480758
-9.71684e-05
-0.000489925
-0.000179833
-0.000499406
-0.000262879
-0.00050919
-0.000346411
-0.000519256
-0.000430534
-0.000529573
-0.000515361
-0.000540081
-0.000601014
-0.000550653
-0.000687609
-0.000561029
-0.000775202
-0.000570728
-0.000863658
-0.000579017
-0.000952456
-0.000585125
-0.00104053
-0.000589066
-0.00112652
-0.000593213
-0.00121035
-0.000603648
-0.00129674
-0.000628037
-0.00139926
-0.000666298
-0.00153704
-0.000697624
-0.00171264
-0.000679905
-0.00187491
-0.000574329
-0.00190521
-0.000383166
-0.00167059
-0.000169694
-0.00113729
-2.94211e-05
-0.000475947
-2.94812e-05
-3.87751e-06
0.000434312
-3.57538e-05
0.000892946
-7.90491e-05
0.00113841
-0.000122571
0.00131259
-0.000161841
0.00144401
-0.000194838
0.0015251
-0.000220735
0.00155052
-0.000239883
0.00152448
-0.000253668
0.00145899
-0.000264042
0.00136957
-0.000272875
0.00127062
-0.000281441
0.00117203
-0.000290257
0.00107824
-0.00029927
0.000989484
-0.000308194
0.000904067
-0.000316785
0.000820164
-0.000324956
0.000736673
-0.000332764
0.000653232
-0.000340338
0.000569892
-0.000347818
0.000486797
-0.000355322
0.000404038
-0.00036294
0.000321617
-0.000370742
0.000239484
-0.000378794
0.000157564
-0.000387156
7.57476e-05
-0.000395876
-6.07083e-06
-0.000404969
-8.80757e-05
-0.000414438
-0.000170364
-0.000424271
-0.000253046
-0.000434452
-0.000336231
-0.000444956
-0.00042003
-0.000455756
-0.000504561
-0.00046681
-0.00058996
-0.00047804
-0.000676379
-0.000489287
-0.000763955
-0.000500227
-0.000852719
-0.000510273
-0.000942409
-0.000518577
-0.00103222
-0.000524401
-0.00112069
-0.000528336
-0.00120641
-0.000534296
-0.00129078
-0.000550218
-0.00138334
-0.000582457
-0.0015048
-0.000621522
-0.00167357
-0.000631434
-0.00186499
-0.000564838
-0.00197181
-0.000403898
-0.00183153
-0.00019508
-0.00134611
-3.78544e-05
-0.000633173
-6.73356e-05
6.05964e-06
0.000428252
-1.27377e-05
0.000911743
-4.44014e-05
0.00117008
-7.73444e-05
0.00134554
-0.000107231
0.00147389
-0.000132537
0.00155041
-0.00015281
0.00157079
-0.000168432
0.0015401
-0.000180471
0.00147103
-0.00019031
0.0013794
-0.00019919
0.0012795
-0.000207882
0.00118072
-0.000216632
0.00108699
-0.000225336
0.000998189
-0.000233796
0.000912526
-0.000241884
0.000828252
-0.000249605
0.000744393
-0.000257052
0.00066068
-0.000264359
0.000577198
-0.000271648
0.000494087
-0.000279024
0.000411413
-0.000286566
0.00032916
-0.000294342
0.00024726
-0.000302416
0.000165638
-0.000310863
8.41944e-05
-0.000319738
2.80413e-06
-0.000329067
-7.8747e-05
-0.000338849
-0.000160581
-0.000349065
-0.00024283
-0.00035969
-0.000325605
-0.000370696
-0.000409023
-0.000382054
-0.000493204
-0.000393725
-0.000578288
-0.000405656
-0.000664448
-0.000417742
-0.00075187
-0.000429767
-0.000840694
-0.000441311
-0.000930865
-0.000451659
-0.00102187
-0.000459874
-0.00111248
-0.000465477
-0.00120081
-0.000470229
-0.00128603
-0.000480325
-0.00137325
-0.000504833
-0.00148029
-0.000543996
-0.00163441
-0.000571981
-0.00183701
-0.000539405
-0.00200439
-0.00041153
-0.00195941
-0.000215325
-0.00154231
-4.69732e-05
-0.000801525
-0.000114309
1.531e-05
0.000412942
1.03744e-05
0.000916679
-9.39099e-06
0.00118984
-3.18348e-05
0.00136798
-5.26057e-05
0.00149466
-7.06065e-05
0.00156841
-8.5664e-05
0.00158585
-9.80989e-05
0.00155254
-0.000108575
0.0014815
-0.000117874
0.0013887
-0.00012664
0.00128826
-0.000135214
0.0011893
-0.000143651
0.00109542
-0.000151854
0.00100639
-0.000159722
0.000920394
-0.000167234
0.000835765
-0.000174455
0.000751614
-0.000181499
0.000667724
-0.000188489
0.000584188
-0.000195535
0.000501133
-0.000202728
0.000418607
-0.000210145
0.000336576
-0.00021785
0.000254965
-0.000225907
0.000173695
-0.000234399
9.2686e-05
-0.0002434
1.18053e-05
-0.000252951
-6.91952e-05
-0.000263052
-0.000150481
-0.000273672
-0.000232211
-0.000284779
-0.000314498
-0.000296344
-0.000397458
-0.000308336
-0.000481212
-0.000320718
-0.000565906
-0.000333444
-0.000651722
-0.000346434
-0.00073888
-0.000359536
-0.000827592
-0.000372453
-0.000917948
-0.00038464
-0.00100969
-0.000395243
-0.00110188
-0.000403357
-0.00119269
-0.000409216
-0.00128017
-0.000416657
-0.00136581
-0.000434495
-0.00146245
-0.000469489
-0.00159941
-0.00050726
-0.00179924
-0.000502216
-0.00200943
-0.000407333
-0.00205429
-0.000229561
-0.00172008
-5.62371e-05
-0.000974848
-0.000170546
2.3452e-05
0.00038949
3.28457e-05
0.000907285
2.53866e-05
0.0011973
1.32873e-05
0.00138008
1.4284e-06
0.00150652
-9.47412e-06
0.00157931
-1.95122e-05
0.00159589
-2.88865e-05
0.00156191
-3.7821e-05
0.00149044
-4.64941e-05
0.00139738
-5.49787e-05
0.00129675
-6.32393e-05
0.00119756
-7.1187e-05
0.00110337
-7.87539e-05
0.00101396
-8.59366e-05
0.000927577
-9.28025e-05
0.00084263
-9.94627e-05
0.000758274
-0.00010604
0.000674302
-0.000112649
0.000590797
-0.000119386
0.00050787
-0.000126336
0.000425557
-0.000133575
0.000343815
-0.000141166
0.000262557
-0.000149173
0.000181701
-0.000157675
0.000101189
-0.000166773
2.09034e-05
-0.000176532
-5.94361e-05
-0.000186947
-0.000140066
-0.000197978
-0.00022118
-0.00020959
-0.000302885
-0.000221759
-0.000385289
-0.000234455
-0.000468516
-0.00024764
-0.00055272
-0.00026127
-0.000638093
-0.000275275
-0.000724874
-0.000289539
-0.000813328
-0.000303839
-0.000903648
-0.000317764
-0.000995763
-0.000330627
-0.00108901
-0.000341487
-0.00118183
-0.000349772
-0.00127189
-0.000357257
-0.00135832
-0.000370861
-0.00144885
-0.000400348
-0.00156993
-0.000441725
-0.00175786
-0.000457445
-0.00199371
-0.000393402
-0.00211833
-0.00023771
-0.00187578
-6.49635e-05
-0.00114759
-0.000235509
3.02059e-05
0.000359284
5.38818e-05
0.000883609
5.93458e-05
0.00119184
5.75984e-05
0.00138183
5.44387e-05
0.00150968
5.05133e-05
0.00158323
4.54817e-05
0.00160092
3.92308e-05
0.00156816
3.19547e-05
0.00149771
2.40566e-05
0.00140527
1.60072e-05
0.00130479
8.20023e-06
0.00120536
8.58954e-07
0.00111071
-5.97605e-06
0.00102079
-1.23927e-05
0.000933994
-1.85374e-05
0.000848775
-2.45615e-05
0.000764298
-3.05949e-05
0.000680335
-3.67436e-05
0.000596945
-4.30974e-05
0.000514224
-4.97377e-05
0.000432197
-5.67418e-05
0.000350819
-6.4183e-05
0.000269999
-7.21257e-05
0.000189644
-8.06402e-05
0.000109703
-8.98162e-05
3.00794e-05
-9.97494e-05
-4.95028e-05
-0.000110445
-0.00012937
-0.000121868
-0.000209756
-0.000133989
-0.000290765
-0.000146791
-0.000372487
-0.000160247
-0.00045506
-0.000174321
-0.000538647
-0.000188964
-0.00062345
-0.000204112
-0.000709726
-0.000219665
-0.000797775
-0.000235443
-0.00088787
-0.000251129
-0.000980077
-0.000266181
-0.00107396
-0.000279789
-0.00116823
-0.000291104
-0.00126057
-0.000300519
-0.0013489
-0.000312599
-0.00143677
-0.000337295
-0.00154523
-0.000378421
-0.00171674
-0.000408751
-0.00196338
-0.000372153
-0.00215493
-0.000240275
-0.00200765
-7.25735e-05
-0.0013153
-0.000308083
3.53599e-05
0.000323924
7.27983e-05
0.000846171
9.17554e-05
0.00117288
0.000100582
0.001373
0.000106064
0.0015042
0.00010913
0.00158017
0.000109237
0.00160081
0.000106312
0.00157109
0.000100915
0.00150311
9.39857e-05
0.0014122
8.6515e-05
0.00131227
7.92554e-05
0.00121262
7.25834e-05
0.00111739
6.65362e-05
0.00102684
6.09503e-05
0.00093958
5.56042e-05
0.000854121
5.03038e-05
0.000769599
4.49062e-05
0.000685733
3.93067e-05
0.000602545
3.34186e-05
0.000520112
2.71597e-05
0.000438456
2.04476e-05
0.000357531
1.31996e-05
0.000277247
5.33777e-06
0.000197506
-3.20649e-06
0.000118248
-1.24866e-05
3.93596e-05
-2.25618e-05
-3.94275e-05
-3.34749e-05
-0.000118457
-4.52394e-05
-0.000197991
-5.78475e-05
-0.000278156
-7.12893e-05
-0.000359045
-8.55446e-05
-0.000440804
-0.000100577
-0.000523614
-0.000116337
-0.000607691
-0.000132757
-0.000693305
-0.000149742
-0.00078079
-0.000167137
-0.000870475
-0.000184685
-0.00096253
-0.000201959
-0.00105669
-0.000218301
-0.00115188
-0.000232878
-0.00124599
-0.00024536
-0.00133642
-0.000258263
-0.00142387
-0.000280009
-0.00152349
-0.000319104
-0.00167764
-0.000359018
-0.00192346
-0.000345951
-0.002168
-0.000238133
-0.00211547
-7.87401e-05
-0.00147469
-0.000386823
3.87759e-05
0.000285148
8.89932e-05
0.000795953
0.000121897
0.00113998
0.000141727
0.00135317
0.000155916
0.00149001
0.000166078
0.00157001
0.000171592
0.0015953
0.000172348
0.00157033
0.000169171
0.00150629
0.000163472
0.0014179
0.000156734
0.001319
0.000150088
0.00121927
0.000144108
0.00112336
0.000138871
0.00103208
0.000134164
0.000944287
0.000129694
0.000858591
0.000125215
0.000774078
0.000120558
0.00069039
0.000115609
0.000607494
0.00011028
0.000525442
0.000104483
0.000444253
9.81286e-05
0.000363885
9.11249e-05
0.000284251
8.33892e-05
0.000205241
7.48783e-05
0.000126759
6.55675e-05
4.86704e-05
5.5408e-05
-2.92679e-05
4.43029e-05
-0.000107352
3.21996e-05
-0.000185888
1.9081e-05
-0.000265038
4.95401e-06
-0.000344918
-1.01612e-05
-0.000425689
-2.6231e-05
-0.000507545
-4.32053e-05
-0.000590716
-6.10161e-05
-0.000675494
-7.95708e-05
-0.000762235
-9.87314e-05
-0.000851314
-0.000118284
-0.000942978
-0.000137888
-0.00103708
-0.000157018
-0.00113275
-0.000174963
-0.00122805
-0.000191132
-0.00132025
-0.000206612
-0.00140839
-0.000227613
-0.00150248
-0.000264488
-0.00164077
-0.000310292
-0.00187766
-0.000316877
-0.00216141
-0.000232359
-0.00219999
-8.34235e-05
-0.00162362
-0.000470246
4.04192e-05
0.000244729
0.000101927
0.000734445
0.000148989
0.00109291
0.000180429
0.00132173
0.000203569
0.00146687
0.000221012
0.00155256
0.000232295
0.00158401
0.000237211
0.00156542
0.000236721
0.00150678
0.000232602
0.00142202
0.000226798
0.00132481
0.000220838
0.00122523
0.000215554
0.00112865
0.000211125
0.00103651
0.000207327
0.000948085
0.000203808
0.000862111
0.000200259
0.000777627
0.000196467
0.000694182
0.000192298
0.000611663
0.000187651
0.000530089
0.000182435
0.000449469
0.000176557
0.000369763
0.00016992
0.000290887
0.00016244
0.000212722
0.000154065
0.000135133
0.000144772
5.79632e-05
0.000134522
-1.90171e-05
0.000123209
-9.60389e-05
0.000110744
-0.000173423
9.70856e-05
-0.000251379
8.22295e-05
-0.000330062
6.61882e-05
-0.000409648
4.89915e-05
-0.000490348
3.06891e-05
-0.000572414
1.13529e-05
-0.000656158
-8.92098e-06
-0.000741961
-3.00071e-05
-0.000830228
-5.17263e-05
-0.000921258
-7.3807e-05
-0.001015
-9.58403e-05
-0.00111072
-0.00011726
-0.00120663
-0.000137466
-0.00130005
-0.000156712
-0.00138914
-0.000179057
-0.00148014
-0.000214576
-0.00160525
-0.000263875
-0.00182836
-0.000286627
-0.00213866
-0.000224075
-0.00226254
-8.6831e-05
-0.00176087
-0.000557077
4.03656e-05
0.000204363
0.000111151
0.00066366
0.000172174
0.00103189
0.000215933
0.00127797
0.000248486
0.00143432
0.000273495
0.00152755
0.000290978
0.00156653
0.000300641
0.00155575
0.000303433
0.00150399
0.000301369
0.00142409
0.000296785
0.00132939
0.000291625
0.00123039
0.000287045
0.00113323
0.000283402
0.00104015
0.000280521
0.000950966
0.000278011
0.000864621
0.000275496
0.000780142
0.000272703
0.000696974
0.000269456
0.00061491
0.000265634
0.000533911
0.000261136
0.000453967
0.000255864
0.000375035
0.000249722
0.00029703
0.00024262
0.000219824
0.000234492
0.000143261
0.00022529
6.7166e-05
0.000214956
-8.68287e-06
0.000203407
-8.44908e-05
0.000190555
-0.000160571
0.000176332
-0.000237156
0.000160716
-0.000314446
0.000143707
-0.000392639
0.000125325
-0.000471966
0.000105615
-0.000552704
8.46447e-05
-0.000635188
6.25073e-05
-0.000719824
3.93238e-05
-0.000807044
1.52538e-05
-0.000897188
-9.48477e-06
-0.000990265
-3.45902e-05
-0.00108561
-5.96389e-05
-0.00118158
-8.41229e-05
-0.00127556
-0.000107916
-0.00136535
-0.00013336
-0.0014547
-0.00016896
-0.00156965
-0.000220475
-0.00177685
-0.000256488
-0.00210265
-0.000214352
-0.00230468
-8.9347e-05
-0.00188587
-0.000646424
3.87995e-05
0.000165564
0.000116344
0.000586116
0.000190556
0.000957679
0.000247288
0.00122124
0.000289952
0.00139165
0.000322953
0.00149455
0.000347117
0.00154237
0.000362197
0.00154067
0.000369004
0.00149718
0.000369623
0.00142347
0.000366685
0.00133233
0.000362535
0.00123454
0.000358709
0.00113705
0.000355833
0.00104302
0.000353854
0.000952945
0.000352388
0.000866087
0.000350997
0.000781532
0.000349335
0.000698636
0.000347165
0.000617081
0.000344325
0.00053675
0.000340698
0.000457594
0.000336174
0.000379559
0.000330652
0.000302551
0.000324037
0.00022644
0.000316243
0.000151055
0.0003072
7.62086e-05
0.000296836
1.68116e-06
0.000285078
-7.27327e-05
0.000271838
-0.000147331
0.000257037
-0.000222354
0.000240633
-0.000298042
0.000222615
-0.000374621
0.000202993
-0.000452344
0.000181805
-0.000531516
0.000159116
-0.000612498
0.000135012
-0.00069572
0.0001096
-0.000781633
8.30069e-05
-0.000870596
5.53937e-05
-0.000962651
2.69824e-05
-0.0010572
-1.90616e-06
-0.00115269
-3.09023e-05
-0.00124657
-5.97806e-05
-0.00133647
-8.96986e-05
-0.00142478
-0.000127029
-0.00153232
-0.000180353
-0.00172352
-0.000227354
-0.00205565
-0.000204133
-0.0023279
-9.14603e-05
-0.00199855
-0.000737885
3.60006e-05
0.000129563
0.00011737
0.000504747
0.000203268
0.00087178
0.00027335
0.00115116
0.000327007
0.001338
0.000368619
0.00145294
0.000400008
0.00151098
0.000421222
0.00151946
0.000432898
0.0014855
0.000437011
0.00141935
0.000436337
0.001333
0.00043357
0.00123731
0.000430655
0.00113997
0.00042857
0.00104511
0.000427475
0.00095404
0.00042706
0.000866503
0.000426856
0.000781735
0.000426441
0.000699052
0.000425498
0.000618025
0.000423809
0.000538439
0.000421217
0.000460186
0.000417596
0.000383181
0.00041283
0.000307317
0.000406816
0.000232454
0.000399453
0.000158418
0.000390655
8.50069e-05
0.000380333
1.20036e-05
0.000368414
-6.08137e-05
0.000354807
-0.000133725
0.00033943
-0.000206977
0.000322227
-0.00028084
0.000303175
-0.000355568
0.000282274
-0.000431443
0.000259553
-0.000508795
0.000235071
-0.000588015
0.000208903
-0.000669552
0.000181139
-0.000753868
0.000151869
-0.000841326
0.000121195
-0.000931977
8.92469e-05
-0.00102526
5.62209e-05
-0.00111967
2.23969e-05
-0.00121274
-1.19806e-05
-0.00130209
-4.74036e-05
-0.00138936
-8.80893e-05
-0.00149163
-0.000143443
-0.00166817
-0.000199762
-0.00199933
-0.000194178
-0.00233348
-9.37001e-05
-0.00209902
-0.000831585
3.23142e-05
9.72492e-05
0.000114326
0.000422736
0.000209584
0.000776521
0.000292838
0.0010679
0.000358403
0.00127243
0.000409468
0.00140188
0.000448727
0.00147172
0.000476823
0.00149136
0.000494307
0.00146802
0.000502906
0.00141076
0.000505358
0.00133055
0.000504583
0.00123808
0.000502922
0.00114163
0.000501762
0.00104627
0.000501574
0.000954228
0.000502206
0.000865871
0.000503218
0.000780723
0.000504132
0.000698138
0.000504547
0.000617609
0.000504169
0.000538817
0.000502784
0.000461571
0.000500231
0.000385734
0.000496374
0.000311174
0.000491092
0.000237735
0.000484275
0.000165235
0.000475818
9.34636e-05
0.000465623
2.21988e-05
0.000453607
-4.87981e-05
0.000439676
-0.000119794
0.000423746
-0.000191046
0.000405752
-0.000262846
0.00038566
-0.000335476
0.000363463
-0.000409246
0.00033918
-0.000484512
0.000312857
-0.000561692
0.000284553
-0.000641248
0.000254327
-0.000723643
0.000222227
-0.000809226
0.000188283
-0.000898034
0.000152535
-0.000989507
0.000115072
-0.0010822
7.6076e-05
-0.00117375
3.57725e-05
-0.00126179
-5.9527e-06
-0.00134763
-5.14601e-05
-0.00144612
-0.000109468
-0.00161016
-0.000173938
-0.00193486
-0.000185031
-0.00232239
-9.65816e-05
-0.00218747
-0.000928166
2.81068e-05
6.91424e-05
0.000107582
0.000343261
0.000209058
0.000675045
0.000304465
0.000972498
0.000382615
0.00119428
0.000444155
0.00134034
0.000492086
0.00142379
0.000527845
0.00145561
0.000552121
0.00144374
0.000566352
0.00139652
0.000573046
0.00132386
0.000575178
0.00123595
0.000575395
0.00114141
0.000575503
0.00104616
0.000576361
0.00095337
0.000578074
0.000864158
0.000580316
0.000778482
0.000582601
0.000695852
0.000584466
0.000615745
0.000585531
0.000537752
0.000585511
0.000461591
0.000584191
0.000387054
0.000581401
0.000313964
0.000576999
0.000242138
0.000570855
0.000171379
0.000562852
0.000101466
0.000552882
3.21688e-05
0.000540852
-3.67682e-05
0.000526662
-0.000105604
0.000510228
-0.000174612
0.000491479
-0.000244097
0.000470373
-0.000314371
0.000446894
-0.000385766
0.000421048
-0.000458667
0.000392864
-0.000533507
0.000362372
-0.000610756
0.00032959
-0.000690861
0.000294505
-0.000774141
0.000257072
-0.0008606
0.000217231
-0.000949666
0.000174966
-0.00103994
0.000130385
-0.00112917
8.37404e-05
-0.00121514
3.51373e-05
-0.00129903
-1.65214e-05
-0.00139447
-7.80212e-05
-0.00154866
-0.000149827
-0.00186305
-0.00017698
-0.00229524
-0.000100556
-0.0022639
-0.00102872
2.37181e-05
4.54243e-05
9.77927e-05
0.000269186
0.000201673
0.000571165
0.000307141
0.00086703
0.000397943
0.00110348
0.000470974
0.00126731
0.000528561
0.0013662
0.000572842
0.00141132
0.00060491
0.00141167
0.000626013
0.00137542
0.000638302
0.00131157
0.000644593
0.00122966
0.000647677
0.00113833
0.00064972
0.00104412
0.000651994
0.000951096
0.000654954
0.000861198
0.00065848
0.000774955
0.000662167
0.000692166
0.00066553
0.000612382
0.000668125
0.000535157
0.000669591
0.000460125
0.000669647
0.000386998
0.000668075
0.000315536
0.000664698
0.000245516
0.000659365
0.000176712
0.000651944
0.000108887
0.000642314
4.17987e-05
0.000630372
-2.48263e-05
0.000616015
-9.12465e-05
0.000599156
-0.000157753
0.000579723
-0.000224664
0.000557663
-0.000292311
0.000532951
-0.000361053
0.000505575
-0.000431291
0.000475534
-0.000503466
0.000442817
-0.000578039
0.000407386
-0.00065543
0.000369154
-0.00073591
0.000327986
-0.000819432
0.00028372
-0.000905401
0.000236244
-0.000992462
0.000185604
-0.00107853
0.000132109
-0.00116165
7.61765e-05
-0.00124309
1.74145e-05
-0.0013357
-4.86231e-05
-0.00148262
-0.000127124
-0.00178455
-0.000170015
-0.00225235
-0.000105955
-0.00232796
-0.00113468
1.94294e-05
2.59948e-05
8.58587e-05
0.000202757
0.00018796
0.000469063
0.000300228
0.000754762
0.000402724
0.00100098
0.000487912
0.00118212
0.000556236
0.00129788
0.000610023
0.00135754
0.000650906
0.00137079
0.000680157
0.00134617
0.000699556
0.00129217
0.000711576
0.00121764
0.000718935
0.00113097
0.000724007
0.00103905
0.000728441
0.000946662
0.000733076
0.000856563
0.000738099
0.000769933
0.000743274
0.00068699
0.000748179
0.000607477
0.000752352
0.000530984
0.000755377
0.0004571
0.00075691
0.000385465
0.000756675
0.00031577
0.000754454
0.000247737
0.000750066
0.0001811
0.000743357
0.000115596
0.000734195
5.09609e-05
0.000722464
-1.3095e-05
0.000708057
-7.68396e-05
0.000690886
-0.000140582
0.000670872
-0.00020465
0.000647953
-0.000269393
0.000622087
-0.000335187
0.000593236
-0.000402439
0.000561355
-0.000471586
0.000526378
-0.000543062
0.000488191
-0.000617242
0.000446619
-0.000694337
0.000401427
-0.000774239
0.000352354
-0.000856329
0.000299204
-0.000939312
0.000241992
-0.00102131
0.00018112
-0.00110077
0.000117345
-0.00117932
5.09495e-05
-0.00126931
-2.07043e-05
-0.00141097
-0.000105279
-0.00169998
-0.000163769
-0.00219386
-0.000112922
-0.0023788
-0.0012476
1.5458e-05
1.05368e-05
7.28357e-05
0.000145379
0.000169037
0.000372862
0.000283777
0.000640022
0.00039564
0.000889121
0.00049282
0.00108494
0.000572792
0.0012179
0.000637179
0.00129315
0.000687973
0.00132
0.000726655
0.00130749
0.000754755
0.00126407
0.000774306
0.00119809
0.000787739
0.00111754
0.000797423
0.00102936
0.000805247
0.000938838
0.000812413
0.000849397
0.000819454
0.000762892
0.000826403
0.000680041
0.000832988
0.000600892
0.000838809
0.000525163
0.000843444
0.000452464
0.000846514
0.000382396
0.000847696
0.000314588
0.000846728
0.000248705
0.000843396
0.000184433
0.000837521
0.000121471
0.000828954
5.9527e-05
0.000817564
-1.70418e-06
0.000803242
-6.25183e-05
0.000785892
-0.000123231
0.000765423
-0.000184181
0.000741759
-0.000245729
0.00071483
-0.000308258
0.000684557
-0.000372167
0.00065084
-0.000437869
0.000613537
-0.000505759
0.000572444
-0.000576149
0.000527285
-0.000649178
0.000477721
-0.000724676
0.000423399
-0.000802007
0.000364061
-0.000879974
0.000299737
-0.00095699
0.000230972
-0.00103201
0.000158892
-0.00110724
8.45188e-05
-0.00119493
6.45654e-06
-0.00133291
-8.3544e-05
-0.00160998
-0.000157479
-0.00211992
-0.000121332
-0.00241495
-0.00136893
1.1985e-05
-1.44817e-06
5.98051e-05
9.75591e-05
0.000146521
0.000286146
0.000258677
0.000527866
0.000376054
0.000771743
0.000483729
0.000977264
0.000575646
0.00112599
0.000651663
0.00121713
0.00071355
0.00125811
0.000762979
0.00125806
0.000801377
0.00122567
0.000830375
0.00116909
0.000851965
0.00109595
0.000868288
0.00101304
0.000881275
0.000925851
0.000892369
0.000838304
0.000902432
0.000752828
0.00091181
0.000670664
0.000920469
0.000592232
0.000928157
0.000517475
0.000934524
0.000446098
0.000939206
0.000377714
0.000941869
0.000311925
0.000942225
0.000248349
0.000940031
0.000186626
0.000935088
0.000126415
0.000927226
6.73885e-05
0.000916298
9.22439e-06
0.000902188
-4.84086e-05
0.000884782
-0.000105826
0.000863974
-0.000163372
0.00083966
-0.000221415
0.000811728
-0.000280326
0.000780046
-0.000340485
0.00074444
-0.000402263
0.000704679
-0.000465997
0.000660455
-0.000531926
0.000611387
-0.00060011
0.000557033
-0.000670322
0.000496963
-0.000741937
0.000430896
-0.000813907
0.000358934
-0.000885028
0.000281835
-0.000954912
0.000201135
-0.00102654
0.000118573
-0.00111237
3.37488e-05
-0.00124808
-6.10158e-05
-0.00151521
-0.000149922
-0.00203101
-0.000130682
-0.00243419
-0.00149961
9.20046e-06
-1.06486e-05
4.7732e-05
5.90275e-05
0.000122281
0.000211597
0.000226587
0.000423561
0.000344251
0.000654079
0.000459242
0.000862273
0.000562239
0.00102299
0.000650479
0.00112889
0.000724629
0.00118396
0.000786176
0.00119651
0.000836473
0.00117538
0.000876834
0.00112873
0.000908785
0.001064
0.000934075
0.000987749
0.00095446
0.000905467
0.000971443
0.00082132
0.000986113
0.000738158
0.000999106
0.000657671
0.00101067
0.00058067
0.00102077
0.000507375
0.00102921
0.000437657
0.00103572
0.000371208
0.00103999
0.000307647
0.00104177
0.000246574
0.00104079
0.0001876
0.00103686
0.00013035
0.00102978
7.44649e-05
0.0010194
1.96025e-05
0.00100559
-3.45923e-05
0.000988201
-8.8438e-05
0.000967108
-0.000142279
0.000942166
-0.000196473
0.00091321
-0.00025137
0.000880037
-0.000307312
0.000842388
-0.000364614
0.000799932
-0.000423541
0.000752256
-0.00048425
0.000698871
-0.000546725
0.000639248
-0.000610698
0.000572909
-0.000675598
0.000499605
-0.000740603
0.00041958
-0.000805003
0.000333878
-0.00086921
0.000244477
-0.000937138
0.000153763
-0.00102166
6.22425e-05
-0.00115656
-3.65584e-05
-0.00141641
-0.000139294
-0.00192828
-0.000139955
-0.00243353
-0.00163957
7.22116e-06
-1.78698e-05
3.72415e-05
2.90072e-05
9.79596e-05
0.000150878
0.000189533
0.000331987
0.000301389
0.000542223
0.000418845
0.000744817
0.000530471
0.000911365
0.000630589
0.00102877
0.00071786
0.00109669
0.000792886
0.00112149
0.000856689
0.00111157
0.000910282
0.00107514
0.000954764
0.00101951
0.00099143
0.000951083
0.0010217
0.000875192
0.00104696
0.000796062
0.00106836
0.000716759
0.00108674
0.000639298
0.00110258
0.000564821
0.00111613
0.000493833
0.00112737
0.000426412
0.0011362
0.000362379
0.00114243
0.000301419
0.00114584
0.000243159
0.00114624
0.000187207
0.00114341
0.000133176
0.00113719
8.06897e-05
0.0011274
2.93916e-05
0.00111389
-2.10841e-05
0.0010965
-7.10527e-05
0.00107507
-0.00012085
0.00104941
-0.000170806
0.00101927
-0.000221237
0.000984395
-0.000272432
0.000944419
-0.000324639
0.000898916
-0.000378039
0.000847372
-0.000432706
0.000789208
-0.00048856
0.000723835
-0.000545326
0.000650782
-0.000602545
0.000569896
-0.000659718
0.000481639
-0.000716746
0.00038739
-0.000774961
0.000289574
-0.000839321
0.000191116
-0.000923201
9.32902e-05
-0.00105874
-8.8514e-06
-0.00131427
-0.000123156
-0.00181397
-0.000147514
-0.00240917
-0.00178708
5.87143e-06
-2.37412e-05
2.80848e-05
6.79387e-06
7.40703e-05
0.000104893
0.000148972
0.000257086
0.000248933
0.000442261
0.000362895
0.000630855
0.000479092
0.000795168
0.000589389
0.000918477
0.000689886
0.000996191
0.000779489
0.00103188
0.000858339
0.00103272
0.000926952
0.00100652
0.000986001
0.000960465
0.00103633
0.000900752
0.00107897
0.00083255
0.00111504
0.000759993
0.00114561
0.000686196
0.00117156
0.000613339
0.00119359
0.000542796
0.00121212
0.000475307
0.00122737
0.000411154
0.00123944
0.000350314
0.00124828
0.000292579
0.0012538
0.000237639
0.00125587
0.000185135
0.00125435
0.000134699
0.00124907
8.5961e-05
0.0012399
3.85675e-05
0.00122665
-7.83831e-06
0.00120917
-5.35656e-05
0.00118723
-9.89178e-05
0.00116061
-0.000144187
0.00112902
-0.00018964
0.00109209
-0.000235501
0.00104939
-0.000281942
0.00100041
-0.000329061
0.00094456
-0.000376855
0.000881205
-0.000425205
0.000809758
-0.000473879
0.000729821
-0.000522608
0.000641417
-0.000571313
0.000545272
-0.000620601
0.000443097
-0.000672787
0.000337668
-0.000733892
0.000232286
-0.000817818
0.000128823
-0.000955273
2.35457e-05
-0.00120899
-9.86779e-05
-0.00169175
-0.000151183
-0.00235667
-0.00193827
4.14607e-06
-2.78873e-05
1.80322e-05
-7.09226e-06
4.84828e-05
7.44424e-05
0.000104158
0.000201411
0.000187379
0.00035904
0.000292006
0.000526228
0.000407781
0.000679393
0.000525217
0.000801042
0.000637919
0.000883489
0.000742522
0.000927281
0.000837634
0.000937612
0.00092286
0.000921296
0.000998287
0.000885038
0.0010643
0.00083474
0.00112152
0.000775326
0.00117076
0.000710752
0.0012129
0.000644062
0.00124878
0.000577463
0.00127913
0.000512443
0.00130454
0.0004499
0.00132541
0.000390281
0.00134201
0.000333713
0.00135448
0.000280107
0.00136288
0.000229245
0.00136718
0.000180836
0.00136732
0.000134554
0.00136321
9.00681e-05
0.00135473
4.70512e-05
0.00134171
5.18201e-06
0.00132398
-3.58415e-05
0.00130133
-7.62598e-05
0.00127346
-0.000116319
0.00124005
-0.000156226
0.00120068
-0.000196132
0.00115486
-0.00023613
0.00110205
-0.000276244
0.00104161
-0.000316421
0.000972953
-0.000356546
0.000895568
-0.000396493
0.000809223
-0.000436264
0.000714173
-0.000476263
0.000611409
-0.000517836
0.000502861
-0.000564238
0.000391417
-0.000622449
0.000280409
-0.000706811
0.000171932
-0.000846796
6.2933e-05
-0.00109999
-6.31382e-05
-0.00156568
-0.000148246
-0.00227156
-0.00208651
-6.32565e-07
-2.72547e-05
1.48649e-06
-9.2113e-06
1.47786e-05
6.11502e-05
5.02492e-05
0.00016594
0.000114459
0.000294831
0.000205803
0.000434883
0.000316675
0.000568521
0.000437592
0.000680125
0.000560378
0.000760703
0.000679373
0.000808286
0.000791215
0.00082577
0.000894135
0.000818376
0.000987338
0.000791836
0.00107062
0.000751454
0.00114419
0.000701757
0.00120852
0.000646423
0.00126426
0.000588321
0.00131214
0.000529588
0.00135286
0.000471722
0.00138706
0.000415696
0.00141528
0.000362065
0.00143792
0.000311074
0.00145527
0.000262749
0.00146755
0.000216971
0.00147485
0.000173533
0.00147723
0.000132179
0.00147466
9.26374e-05
0.00146708
5.46322e-05
0.00145436
1.79019e-05
0.00143634
-1.78271e-05
0.00141281
-5.27314e-05
0.00138349
-8.6997e-05
0.00134803
-0.000120761
0.001306
-0.000154109
0.00125694
-0.000187069
0.00120031
-0.000219616
0.00113558
-0.000251692
0.00106228
-0.000283242
0.000980096
-0.000314309
0.000889037
-0.000345205
0.000789593
-0.00037682
0.000682915
-0.000411157
0.000570922
-0.000452246
0.000456257
-0.000507783
0.000341775
-0.000592329
0.000229048
-0.000734069
0.000114914
-0.000985859
-1.34455e-05
-0.00143732
-0.000134047
-0.00215096
-0.00222056
-1.33991e-05
-1.38556e-05
-3.09132e-05
8.3028e-06
-3.76724e-05
6.79095e-05
-2.18569e-05
0.000150125
2.41078e-05
0.000248866
0.000101677
0.000357314
0.000205522
0.000464677
0.00032702
0.000558627
0.000457313
0.00063041
0.000589049
0.00067655
0.000716969
0.00069785
0.000837696
0.00069765
0.000949269
0.000680262
0.00105071
0.000650009
0.00114171
0.00061076
0.00122238
0.000565757
0.00129311
0.000517585
0.00135449
0.000468214
0.00140714
0.000419073
0.0014517
0.000371136
0.00148875
0.000325009
0.00151881
0.000281016
0.00154228
0.000239275
0.0015595
0.000199759
0.00157068
0.000162349
0.00157599
0.00012687
0.0015755
9.31236e-05
0.00156923
6.0903e-05
0.00155712
3.0015e-05
0.00153903
2.62768e-07
0.00151481
-2.85132e-05
0.00148422
-5.64098e-05
0.00144698
-8.35131e-05
0.00140273
-0.000109861
0.00135111
-0.000135453
0.00129176
-0.000160264
0.00122434
-0.000184276
0.00114864
-0.000207541
0.00106462
-0.000230286
0.000972514
-0.000253099
0.000872936
-0.000277241
0.000766948
-0.000305169
0.000656097
-0.000341396
0.000542343
-0.000394029
0.000427601
-0.000477587
0.000312286
-0.000618754
0.000192103
-0.000865676
5.64265e-05
-0.00130164
-9.82936e-05
-0.00199624
-0.00231885
-4.09726e-05
2.7117e-05
-9.01811e-05
5.75113e-05
-0.000121107
9.88353e-05
-0.000123161
0.000152179
-9.1355e-05
0.00021706
-2.4711e-05
0.00029067
7.31737e-05
0.000366792
0.00019454
0.00043726
0.000330393
0.000494558
0.000472696
0.000534247
0.000614885
0.000555661
0.000752187
0.000560348
0.000881442
0.000551007
0.00100078
0.000530672
0.00110925
0.000502288
0.00120654
0.000468464
0.00129277
0.00043136
0.00136831
0.000392677
0.00143369
0.000353692
0.00148951
0.000315315
0.00153637
0.000278149
0.00157483
0.000242555
0.00160539
0.000208715
0.00162847
0.000176676
0.00164442
0.000146399
0.0016535
0.000117788
0.00165591
9.07168e-05
0.00165176
6.50513e-05
0.00164112
4.06622e-05
0.00162394
1.74397e-05
0.00160014
-4.71698e-06
0.00156962
-2.58918e-05
0.00153226
-4.61464e-05
0.0014879
-6.55008e-05
0.00143641
-8.39643e-05
0.00137769
-0.000101548
0.00131172
-0.000118301
0.00123855
-0.000134372
0.00115838
-0.000150113
0.00107153
-0.000166256
0.000978495
-0.000184202
0.000879849
-0.000206522
0.000776253
-0.000237799
0.000668362
-0.000286139
0.000556566
-0.000365791
0.000439898
-0.000502086
0.000312797
-0.000738575
0.000159774
-0.00114862
-2.67604e-05
-0.0018097
-0.00234561
-9.01057e-05
0.000117223
-0.000183177
0.000150582
-0.000240253
0.000155912
-0.000257488
0.000169415
-0.000234983
0.000194555
-0.000174205
0.000229892
-7.94212e-05
0.000272008
4.25651e-05
0.000315274
0.000183151
0.000353971
0.000333835
0.000383563
0.000487632
0.000401864
0.000638882
0.000409098
0.000783531
0.000406358
0.000918923
0.000395279
0.00104348
0.000377733
0.00115641
0.000355529
0.00125751
0.000330265
0.00134692
0.000303261
0.00142506
0.000275557
0.00149245
0.000247926
0.00154968
0.000220914
0.00159736
0.000194877
0.00163605
0.000170023
0.00166628
0.000146452
0.00168849
0.000124185
0.00170309
0.000103191
0.00171039
8.34095e-05
0.00171068
6.47657e-05
0.00170416
4.7182e-05
0.00169101
3.05891e-05
0.00167137
1.49202e-05
0.0016453
1.85988e-07
0.00161278
-1.36324e-05
0.00157394
-2.66628e-05
0.00152894
-3.89562e-05
0.00147792
-5.05375e-05
0.00142111
-6.14859e-05
0.00135872
-7.19809e-05
0.00129099
-8.2384e-05
0.00121812
-9.33835e-05
0.00114016
-0.000106243
0.00105688
-0.000123241
0.000967529
-0.000148453
0.000870586
-0.000189196
0.00076338
-0.000258585
0.000641558
-0.000380263
0.000497439
-0.000594456
0.000312248
-0.00096343
8.51058e-05
-0.00158256
-0.00226051
-0.000160372
0.000277595
-0.000293335
0.000283545
-0.000362681
0.000225258
-0.000384805
0.000191539
-0.00036577
0.000175519
-0.000308235
0.000172358
-0.000216427
0.0001802
-9.66709e-05
0.000195517
4.41938e-05
0.000213107
0.000198544
0.000229214
0.000358726
0.000241681
0.00051884
0.000248984
0.000674407
0.000250791
0.000822184
0.000247503
0.000960039
0.000239878
0.00108673
0.000228838
0.00120168
0.000215313
0.00130479
0.000200148
0.00139629
0.000184057
0.00147661
0.000167605
0.00154631
0.000151221
0.00160598
0.000135208
0.00165624
0.000119765
0.00169767
0.000105014
0.00173084
9.10154e-05
0.00175625
7.7788e-05
0.00177433
6.53225e-05
0.0017855
5.35939e-05
0.00179012
4.25694e-05
0.00178849
3.22143e-05
0.00178092
2.24947e-05
0.00176774
1.33684e-05
0.00174927
4.8373e-06
0.00172565
-3.0519e-06
0.00169706
-1.03609e-05
0.00166371
-1.71918e-05
0.00162586
-2.3635e-05
0.00158371
-2.98284e-05
0.00153737
-3.60391e-05
0.00148675
-4.27685e-05
0.00143143
-5.09249e-05
0.00137033
-6.21425e-05
0.00130124
-7.93578e-05
0.00121994
-0.000107896
0.00111885
-0.000157496
0.000984958
-0.000246371
0.000799302
-0.000408801
0.000541157
-0.000705284
0.000229432
-0.00127084
-0.00203108
-0.00022397
0.000501565
-0.000284702
0.000344277
-0.000270994
0.00021155
-0.000242551
0.000163096
-0.000199578
0.000132547
-0.000136081
0.000108861
-5.02939e-05
9.44122e-05
5.72473e-05
8.79761e-05
0.000183325
8.70292e-05
0.000323327
8.92118e-05
0.000472358
9.26501e-05
0.000625403
9.59386e-05
0.000778094
9.80996e-05
0.000926947
9.86504e-05
0.00106936
9.74664e-05
0.00120353
9.46671e-05
0.00132833
9.05127e-05
0.00144316
8.53183e-05
0.00154782
7.93984e-05
0.00164239
7.30343e-05
0.00172715
6.64597e-05
0.0018025
5.98574e-05
0.0018689
5.33622e-05
0.00192685
4.70682e-05
0.00197683
4.10368e-05
0.00201931
3.53038e-05
0.00205475
2.98874e-05
0.00208355
2.47935e-05
0.0021061
2.00203e-05
0.00212275
1.55615e-05
0.00213384
1.14084e-05
0.00213965
7.54998e-06
0.00214052
3.97215e-06
0.0021368
6.72647e-07
0.00212878
-2.34592e-06
0.00211669
-5.10146e-06
0.0021007
-7.6428e-06
0.00208092
-1.00494e-05
0.00205734
-1.24631e-05
0.00202971
-1.51393e-05
0.00199732
-1.85269e-05
0.00195859
-2.34127e-05
0.00191041
-3.11783e-05
0.00184674
-4.42263e-05
0.00175608
-6.68428e-05
0.00161635
-0.000106643
0.00138894
-0.000181383
0.00101735
-0.0003337
0.000489554
-0.000743036
-0.00154152
0.000501565
0.000845841
0.00105739
0.00122049
0.00135303
0.00146189
0.00155631
0.00164428
0.00173131
0.00182052
0.00191317
0.00200911
0.00210721
0.00220586
0.00230333
0.002398
0.00248851
0.00257383
0.00265323
0.00272626
0.00279272
0.00285258
0.00290594
0.00295301
0.00299404
0.00302935
0.00305924
0.00308403
0.00310405
0.00311961
0.00313102
0.00313857
0.00314254
0.00314321
0.00314087
0.00313577
0.00312812
0.00311807
0.00310561
0.00309047
0.00307194
0.00304853
0.00301735
0.00297313
0.00290628
0.00279964
0.00261826
0.00228456
0.00154152
)
;

boundaryField
{
    movingWall
    {
        type            calculated;
        value           uniform 0;
    }
    fixedWalls
    {
        type            calculated;
        value           uniform 0;
    }
    frontAndBack
    {
        type            empty;
        value           nonuniform 0();
    }
}


// ************************************************************************* //
