/*--------------------------------*- C++ -*----------------------------------*\
  =========                 |
  \\      /  F ield         | OpenFOAM: The Open Source CFD Toolbox
   \\    /   O peration     | Website:  https://openfoam.org
    \\  /    A nd           | Version:  7
     \\/     M anipulation  |
\*---------------------------------------------------------------------------*/
FoamFile
{
    version     2.0;
    format      ascii;
    class       volVectorField;
    location    "2000";
    object      U;
}
// * * * * * * * * * * * * * * * * * * * * * * * * * * * * * * * * * * * * * //

dimensions      [0 1 -1 0 0 0 0];

internalField   nonuniform List<vector> 
2500
(
(0.000207918 -0.000200739 0)
(0.00186682 -0.000570868 0)
(0.00447447 -0.000697731 0)
(0.00716324 -0.00060005 0)
(0.00922927 -0.00041897 0)
(0.0104506 -0.000264314 0)
(0.0109304 -0.000187979 0)
(0.0108814 -0.000185848 0)
(0.010451 -0.000219835 0)
(0.00963466 -0.000245406 0)
(0.00828331 -0.000228671 0)
(0.0061646 -0.000150779 0)
(0.00302128 -2.68435e-06 0)
(-0.00139035 0.000220994 0)
(-0.00727489 0.000523391 0)
(-0.0147649 0.000908039 0)
(-0.0238826 0.00137494 0)
(-0.0344982 0.00191248 0)
(-0.0462938 0.00248742 0)
(-0.0587433 0.00303745 0)
(-0.0711183 0.00347284 0)
(-0.0825252 0.00368904 0)
(-0.0919751 0.0035876 0)
(-0.0984854 0.00310331 0)
(-0.101191 0.00223052 0)
(-0.0994181 0.00102736 0)
(-0.0928986 -0.000375407 0)
(-0.0817063 -0.00181226 0)
(-0.0663092 -0.00310956 0)
(-0.0475639 -0.0041004 0)
(-0.0266893 -0.0046399 0)
(-0.00516778 -0.00460535 0)
(0.0154747 -0.00393479 0)
(0.0337684 -0.00278337 0)
(0.0484067 -0.00137033 0)
(0.0584341 0.00012665 0)
(0.0634708 0.00149773 0)
(0.0637298 0.00253487 0)
(0.0600177 0.00311226 0)
(0.0535001 0.00322502 0)
(0.0454087 0.00298648 0)
(0.0368467 0.00254955 0)
(0.028651 0.00204862 0)
(0.0213414 0.00157426 0)
(0.0151472 0.00117416 0)
(0.0100796 0.000863361 0)
(0.00602878 0.000631195 0)
(0.00290098 0.000435987 0)
(0.000795256 0.000192762 0)
(-8.20391e-05 -8.74404e-05 0)
(0.000566466 -0.00181764 0)
(0.00437523 -0.00431582 0)
(0.00958234 -0.00511652 0)
(0.0146041 -0.00444053 0)
(0.0181618 -0.00299825 0)
(0.0197687 -0.00145777 0)
(0.0194635 -0.000192449 0)
(0.0174572 0.000765603 0)
(0.0138352 0.00162517 0)
(0.00840865 0.00266495 0)
(0.000740745 0.00410225 0)
(-0.00972464 0.00604299 0)
(-0.0235166 0.00849138 0)
(-0.0409974 0.0113803 0)
(-0.0622474 0.0145715 0)
(-0.0869594 0.0178392 0)
(-0.114376 0.020863 0)
(-0.143302 0.0232507 0)
(-0.172216 0.0245936 0)
(-0.199437 0.0245344 0)
(-0.223309 0.0228263 0)
(-0.242353 0.0193696 0)
(-0.255368 0.0142286 0)
(-0.2615 0.00763561 0)
(-0.260272 -1.92892e-05 0)
(-0.251616 -0.00822004 0)
(-0.235728 -0.016396 0)
(-0.213058 -0.0239929 0)
(-0.184371 -0.0304485 0)
(-0.150753 -0.0352292 0)
(-0.113616 -0.0378721 0)
(-0.0746604 -0.0380334 0)
(-0.0357942 -0.0355693 0)
(0.00104968 -0.030663 0)
(0.0340254 -0.0238131 0)
(0.0614558 -0.0157455 0)
(0.0820238 -0.00728121 0)
(0.095009 0.000697018 0)
(0.100276 0.00734599 0)
(0.0984407 0.0120837 0)
(0.0909573 0.0147127 0)
(0.0796125 0.0154352 0)
(0.0662322 0.0147157 0)
(0.0524142 0.0131078 0)
(0.0393366 0.0111171 0)
(0.0276934 0.00911022 0)
(0.017773 0.00724865 0)
(0.00968198 0.00543449 0)
(0.00372609 0.00334306 0)
(0.000329268 0.00091838 0)
(0.000785809 -0.00449494 0)
(0.00568884 -0.00969441 0)
(0.0117183 -0.0109168 0)
(0.0169073 -0.00900561 0)
(0.0197649 -0.00542402 0)
(0.0197143 -0.00146988 0)
(0.016673 0.00215239 0)
(0.010639 0.00542274 0)
(0.0013872 0.00878022 0)
(-0.0116142 0.0127911 0)
(-0.029078 0.0178417 0)
(-0.0516319 0.0240089 0)
(-0.0795813 0.0310814 0)
(-0.112697 0.0385957 0)
(-0.150105 0.0458715 0)
(-0.190331 0.0520902 0)
(-0.231485 0.0564281 0)
(-0.271533 0.0581994 0)
(-0.308551 0.0569577 0)
(-0.340913 0.0525361 0)
(-0.36738 0.045034 0)
(-0.387109 0.0347683 0)
(-0.399589 0.0222119 0)
(-0.404556 0.00794254 0)
(-0.401931 -0.00739029 0)
(-0.391696 -0.0231008 0)
(-0.373891 -0.0384757 0)
(-0.348782 -0.0527304 0)
(-0.31685 -0.0650328 0)
(-0.278864 -0.0745403 0)
(-0.235922 -0.080476 0)
(-0.189458 -0.0822329 0)
(-0.141227 -0.0794837 0)
(-0.0932355 -0.0722827 0)
(-0.0475974 -0.0611762 0)
(-0.0063066 -0.0471706 0)
(0.028915 -0.031558 0)
(0.0567096 -0.0157854 0)
(0.0763853 -0.00114264 0)
(0.0876687 0.0111738 0)
(0.0908231 0.0202563 0)
(0.0871023 0.0257416 0)
(0.0782117 0.0278621 0)
(0.0660411 0.0273075 0)
(0.0523908 0.0249767 0)
(0.0387217 0.0217248 0)
(0.026034 0.0181221 0)
(0.0149679 0.014239 0)
(0.00625643 0.00958286 0)
(0.000705199 0.00358657 0)
(0.000917723 -0.00772667 0)
(0.0060687 -0.0155921 0)
(0.011547 -0.0165378 0)
(0.0151651 -0.012452 0)
(0.0154199 -0.00573413 0)
(0.0117525 0.00169889 0)
(0.00393852 0.00894154 0)
(-0.0083707 0.0161022 0)
(-0.0258403 0.0239435 0)
(-0.0492855 0.0332166 0)
(-0.079344 0.0442015 0)
(-0.116113 0.0565574 0)
(-0.158927 0.0694087 0)
(-0.20633 0.0815331 0)
(-0.256286 0.0916014 0)
(-0.30651 0.0984273 0)
(-0.354828 0.101164 0)
(-0.399435 0.0993908 0)
(-0.438996 0.093091 0)
(-0.472628 0.0825641 0)
(-0.499812 0.0683158 0)
(-0.520255 0.050947 0)
(-0.533755 0.0310788 0)
(-0.540138 0.00934246 0)
(-0.539259 -0.0135899 0)
(-0.53094 -0.03698 0)
(-0.515043 -0.0599913 0)
(-0.49153 -0.081669 0)
(-0.460516 -0.100938 0)
(-0.422331 -0.116645 0)
(-0.377595 -0.127661 0)
(-0.327308 -0.132994 0)
(-0.272946 -0.131949 0)
(-0.216452 -0.124313 0)
(-0.160142 -0.110521 0)
(-0.106491 -0.0916891 0)
(-0.0578494 -0.0695161 0)
(-0.0160877 -0.0460037 0)
(0.0175998 -0.0230663 0)
(0.0426241 -0.00244667 0)
(0.0589227 0.0146187 0)
(0.0667557 0.0272064 0)
(0.0672349 0.0349417 0)
(0.0619158 0.0381665 0)
(0.0525881 0.0377852 0)
(0.0410433 0.0349333 0)
(0.0288323 0.0305681 0)
(0.0171901 0.0250317 0)
(0.00742146 0.0177399 0)
(0.000862123 0.00736578 0)
(0.000999797 -0.011018 0)
(0.00561136 -0.0208278 0)
(0.00923013 -0.0203489 0)
(0.00967999 -0.012903 0)
(0.0056227 -0.00193728 0)
(-0.00346048 0.0101251 0)
(-0.018034 0.0223833 0)
(-0.0388533 0.0352808 0)
(-0.0668523 0.0497575 0)
(-0.102683 0.0663393 0)
(-0.146244 0.0846538 0)
(-0.196461 0.103471 0)
(-0.251395 0.12106 0)
(-0.308599 0.135627 0)
(-0.365568 0.145685 0)
(-0.42012 0.150284 0)
(-0.470615 0.149058 0)
(-0.515967 0.142132 0)
(-0.555539 0.129952 0)
(-0.589008 0.113144 0)
(-0.616229 0.0923906 0)
(-0.637108 0.0683408 0)
(-0.651562 0.0416152 0)
(-0.659526 0.012858 0)
(-0.660919 -0.0172578 0)
(-0.65559 -0.0480219 0)
(-0.643304 -0.0785983 0)
(-0.623795 -0.107962 0)
(-0.596797 -0.134908 0)
(-0.562071 -0.15809 0)
(-0.519547 -0.176053 0)
(-0.469521 -0.18733 0)
(-0.41282 -0.190649 0)
(-0.350925 -0.185237 0)
(-0.286028 -0.171088 0)
(-0.220966 -0.149134 0)
(-0.15891 -0.121261 0)
(-0.102863 -0.0900724 0)
(-0.0551118 -0.058423 0)
(-0.0168423 -0.0288305 0)
(0.0118195 -0.00306945 0)
(0.0312528 0.0176585 0)
(0.0420116 0.0326834 0)
(0.0453001 0.0418514 0)
(0.0426378 0.0457011 0)
(0.0357513 0.0453012 0)
(0.0264035 0.0417609 0)
(0.0162527 0.0356007 0)
(0.00711061 0.0261579 0)
(0.000796579 0.0113831 0)
(0.000995816 -0.0139232 0)
(0.00416263 -0.0242954 0)
(0.00458291 -0.0208801 0)
(0.000398938 -0.00872862 0)
(-0.00946234 0.00765708 0)
(-0.0255633 0.025595 0)
(-0.0486469 0.0444835 0)
(-0.0796934 0.0649956 0)
(-0.119417 0.0877882 0)
(-0.167636 0.112548 0)
(-0.223005 0.137821 0)
(-0.283223 0.161454 0)
(-0.345522 0.181227 0)
(-0.40721 0.195361 0)
(-0.466064 0.202785 0)
(-0.520502 0.203155 0)
(-0.56955 0.196696 0)
(-0.612694 0.18398 0)
(-0.649738 0.165748 0)
(-0.680697 0.142801 0)
(-0.705692 0.115886 0)
(-0.724899 0.0856794 0)
(-0.738549 0.0528432 0)
(-0.746868 0.0180211 0)
(-0.749947 -0.0182152 0)
(-0.747753 -0.0552887 0)
(-0.7401 -0.0924732 0)
(-0.72659 -0.12885 0)
(-0.706598 -0.16332 0)
(-0.679326 -0.194534 0)
(-0.643977 -0.220821 0)
(-0.599935 -0.240282 0)
(-0.54696 -0.251026 0)
(-0.485481 -0.251474 0)
(-0.416908 -0.24071 0)
(-0.343789 -0.218878 0)
(-0.269702 -0.187485 0)
(-0.198832 -0.149395 0)
(-0.135227 -0.108379 0)
(-0.0818914 -0.0683135 0)
(-0.0401149 -0.0323162 0)
(-0.00952153 -0.00225114 0)
(0.0110561 0.02115 0)
(0.0228087 0.0376062 0)
(0.0271647 0.0473335 0)
(0.0257878 0.0511139 0)
(0.0204683 0.0499417 0)
(0.0130799 0.0443216 0)
(0.00575011 0.0334786 0)
(0.000591119 0.0148946 0)
(0.000840033 -0.0158651 0)
(0.00148527 -0.0247721 0)
(-0.00259277 -0.0166976 0)
(-0.0126817 0.00144618 0)
(-0.029566 0.0244001 0)
(-0.05392 0.0495668 0)
(-0.0866435 0.0766376 0)
(-0.128496 0.106076 0)
(-0.179353 0.137636 0)
(-0.237786 0.16977 0)
(-0.301269 0.2 0)
(-0.36677 0.225691 0)
(-0.431376 0.244729 0)
(-0.492721 0.25585 0)
(-0.549148 0.25866 0)
(-0.599663 0.253446 0)
(-0.643785 0.240906 0)
(-0.681411 0.221945 0)
(-0.712728 0.197548 0)
(-0.738132 0.168671 0)
(-0.758127 0.136154 0)
(-0.773301 0.100748 0)
(-0.784264 0.0631294 0)
(-0.791494 0.0238129 0)
(-0.795269 -0.0168113 0)
(-0.795749 -0.0583237 0)
(-0.792886 -0.100235 0)
(-0.786231 -0.141957 0)
(-0.774993 -0.182697 0)
(-0.758086 -0.221275 0)
(-0.734191 -0.256046 0)
(-0.701813 -0.284968 0)
(-0.65951 -0.305714 0)
(-0.606302 -0.315855 0)
(-0.542138 -0.31326 0)
(-0.468296 -0.296696 0)
(-0.387666 -0.266431 0)
(-0.304735 -0.224618 0)
(-0.225042 -0.175271 0)
(-0.154061 -0.123617 0)
(-0.0957903 -0.0748517 0)
(-0.0516882 -0.0327689 0)
(-0.0207399 0.000879264 0)
(-0.000737444 0.0259567 0)
(0.0103147 0.0427956 0)
(0.0143189 0.0520178 0)
(0.0132112 0.0544206 0)
(0.00901527 0.0503569 0)
(0.00400168 0.0389292 0)
(0.000362339 0.0174932 0)
(0.000465335 -0.0160989 0)
(-0.00257138 -0.0209775 0)
(-0.0122808 -0.00662335 0)
(-0.0292274 0.0186519 0)
(-0.0539417 0.049264 0)
(-0.0871754 0.0828682 0)
(-0.129653 0.119112 0)
(-0.181382 0.157651 0)
(-0.241042 0.196932 0)
(-0.306044 0.234244 0)
(-0.373153 0.266542 0)
(-0.439201 0.291284 0)
(-0.501582 0.306908 0)
(-0.558453 0.312875 0)
(-0.608699 0.309478 0)
(-0.651813 0.297549 0)
(-0.687766 0.278209 0)
(-0.716917 0.252704 0)
(-0.739926 0.222278 0)
(-0.757629 0.188047 0)
(-0.770936 0.150945 0)
(-0.780775 0.111748 0)
(-0.787958 0.0710082 0)
(-0.793079 0.0290419 0)
(-0.796591 -0.0139173 0)
(-0.79881 -0.0576464 0)
(-0.799777 -0.102004 0)
(-0.79914 -0.146801 0)
(-0.796264 -0.191594 0)
(-0.790145 -0.235554 0)
(-0.7793 -0.277413 0)
(-0.761747 -0.315383 0)
(-0.735196 -0.347044 0)
(-0.69738 -0.36941 0)
(-0.646477 -0.379289 0)
(-0.581722 -0.373871 0)
(-0.504118 -0.35146 0)
(-0.416954 -0.312296 0)
(-0.325815 -0.259199 0)
(-0.237855 -0.197601 0)
(-0.160265 -0.134585 0)
(-0.0982275 -0.0769909 0)
(-0.0533048 -0.029364 0)
(-0.0235714 0.00687865 0)
(-0.0055543 0.0324559 0)
(0.0036193 0.0482988 0)
(0.00646171 0.055252 0)
(0.00529141 0.0535907 0)
(0.00248842 0.0423787 0)
(0.000209323 0.019158 0)
(-0.00017149 -0.0137902 0)
(-0.00796287 -0.0118377 0)
(-0.0241163 0.0101928 0)
(-0.0484301 0.0434945 0)
(-0.0812224 0.0826282 0)
(-0.12313 0.125376 0)
(-0.17429 0.170809 0)
(-0.233633 0.217331 0)
(-0.298693 0.262091 0)
(-0.366137 0.301639 0)
(-0.432542 0.332911 0)
(-0.495002 0.353894 0)
(-0.551403 0.363783 0)
(-0.60044 0.362798 0)
(-0.641535 0.351885 0)
(-0.674716 0.332418 0)
(-0.700511 0.305966 0)
(-0.719829 0.274125 0)
(-0.733801 0.238352 0)
(-0.743611 0.199848 0)
(-0.7504 0.159539 0)
(-0.755177 0.11808 0)
(-0.758718 0.0758177 0)
(-0.761603 0.032899 0)
(-0.764322 -0.0105903 0)
(-0.767193 -0.0546693 0)
(-0.770298 -0.0994756 0)
(-0.773541 -0.145082 0)
(-0.77664 -0.191373 0)
(-0.778937 -0.238015 0)
(-0.779225 -0.284341 0)
(-0.775689 -0.329109 0)
(-0.765901 -0.370267 0)
(-0.746868 -0.404905 0)
(-0.715323 -0.429365 0)
(-0.66839 -0.439573 0)
(-0.604505 -0.431723 0)
(-0.524361 -0.403379 0)
(-0.431641 -0.354703 0)
(-0.333161 -0.28936 0)
(-0.237969 -0.214558 0)
(-0.155212 -0.1397 0)
(-0.0912399 -0.0736105 0)
(-0.0473954 -0.0215233 0)
(-0.020424 0.015813 0)
(-0.00546832 0.0401208 0)
(0.00120752 0.052784 0)
(0.00267554 0.0543911 0)
(0.0016066 0.0442046 0)
(0.000183978 0.0201694 0)
(-0.00107212 -0.00817086 0)
(-0.0144133 0.00339666 0)
(-0.0373624 0.0341306 0)
(-0.0690359 0.0760316 0)
(-0.10949 0.124118 0)
(-0.158979 0.17593 0)
(-0.21676 0.229496 0)
(-0.280677 0.281858 0)
(-0.347456 0.329204 0)
(-0.413484 0.367865 0)
(-0.475534 0.395209 0)
(-0.531159 0.40999 0)
(-0.578812 0.412238 0)
(-0.617794 0.402954 0)
(-0.64816 0.383761 0)
(-0.670596 0.356601 0)
(-0.686246 0.323474 0)
(-0.696511 0.286223 0)
(-0.70282 0.246366 0)
(-0.706471 0.205023 0)
(-0.708552 0.162951 0)
(-0.709887 0.120566 0)
(-0.71104 0.0780083 0)
(-0.712432 0.03529 0)
(-0.714391 -0.00766254 0)
(-0.717139 -0.0510333 0)
(-0.720795 -0.0950395 0)
(-0.725499 -0.139856 0)
(-0.731289 -0.185627 0)
(-0.737953 -0.232452 0)
(-0.744919 -0.280221 0)
(-0.751094 -0.328373 0)
(-0.754608 -0.375668 0)
(-0.752608 -0.419954 0)
(-0.741332 -0.457906 0)
(-0.716527 -0.484991 0)
(-0.674222 -0.495921 0)
(-0.611877 -0.485661 0)
(-0.529763 -0.45089 0)
(-0.43208 -0.391671 0)
(-0.327163 -0.31279 0)
(-0.226232 -0.223835 0)
(-0.140476 -0.137167 0)
(-0.0771122 -0.0638086 0)
(-0.0365874 -0.00930003 0)
(-0.0137783 0.0268123 0)
(-0.00262449 0.0471548 0)
(0.00130462 0.0532553 0)
(0.00144739 0.0450226 0)
(0.000288238 0.0209473 0)
(-0.00217927 0.00130642 0)
(-0.0214244 0.0250139 0)
(-0.0510177 0.0650521 0)
(-0.0894954 0.115732 0)
(-0.136544 0.1726 0)
(-0.191808 0.232547 0)
(-0.253589 0.292321 0)
(-0.318883 0.347799 0)
(-0.384021 0.394675 0)
(-0.445484 0.42953 0)
(-0.500465 0.450454 0)
(-0.547106 0.457103 0)
(-0.584526 0.450413 0)
(-0.61275 0.432211 0)
(-0.632577 0.404825 0)
(-0.645369 0.370712 0)
(-0.652775 0.332154 0)
(-0.656458 0.291026 0)
(-0.657864 0.248683 0)
(-0.658121 0.205982 0)
(-0.658022 0.163375 0)
(-0.658052 0.121005 0)
(-0.658483 0.078842 0)
(-0.659476 0.0367771 0)
(-0.661129 -0.00536289 0)
(-0.663565 -0.0477747 0)
(-0.666904 -0.090623 0)
(-0.67135 -0.134084 0)
(-0.677108 -0.178401 0)
(-0.684356 -0.223854 0)
(-0.693173 -0.27067 0)
(-0.703317 -0.318915 0)
(-0.713896 -0.368311 0)
(-0.723043 -0.417839 0)
(-0.72767 -0.465245 0)
(-0.723391 -0.506655 0)
(-0.704867 -0.536534 0)
(-0.666818 -0.548175 0)
(-0.605663 -0.534971 0)
(-0.521364 -0.492484 0)
(-0.418878 -0.420876 0)
(-0.308427 -0.326715 0)
(-0.20374 -0.22288 0)
(-0.117975 -0.12539 0)
(-0.0584528 -0.0473667 0)
(-0.0236417 0.00625074 0)
(-0.00618758 0.0377672 0)
(0.000680467 0.0503956 0)
(0.00181038 0.045359 0)
(0.000485844 0.0218751 0)
(-0.0033577 0.0148754 0)
(-0.0283494 0.052813 0)
(-0.0639625 0.102332 0)
(-0.1082 0.161511 0)
(-0.160269 0.226354 0)
(-0.219098 0.292802 0)
(-0.282165 0.356345 0)
(-0.345954 0.41206 0)
(-0.406764 0.455612 0)
(-0.461425 0.484179 0)
(-0.507711 0.496775 0)
(-0.544465 0.494068 0)
(-0.57159 0.477973 0)
(-0.589915 0.451165 0)
(-0.600962 0.416599 0)
(-0.606607 0.377062 0)
(-0.608731 0.334852 0)
(-0.60894 0.291609 0)
(-0.608415 0.248323 0)
(-0.607908 0.20546 0)
(-0.607804 0.163132 0)
(-0.608242 0.121253 0)
(-0.609226 0.0796631 0)
(-0.61069 0.0381883 0)
(-0.612577 -0.00334469 0)
(-0.614941 -0.0450609 0)
(-0.617846 -0.0870502 0)
(-0.621432 -0.129424 0)
(-0.625931 -0.172353 0)
(-0.631687 -0.216067 0)
(-0.639116 -0.260885 0)
(-0.648565 -0.307224 0)
(-0.660105 -0.355485 0)
(-0.673212 -0.405721 0)
(-0.686263 -0.457142 0)
(-0.696013 -0.507479 0)
(-0.697377 -0.552335 0)
(-0.683866 -0.584903 0)
(-0.648867 -0.5966 0)
(-0.587732 -0.578908 0)
(-0.500279 -0.526294 0)
(-0.392723 -0.439524 0)
(-0.277813 -0.328018 0)
(-0.172118 -0.209257 0)
(-0.0902931 -0.103554 0)
(-0.0383194 -0.0252622 0)
(-0.0113353 0.0229162 0)
(-0.000153458 0.0453726 0)
(0.00229759 0.045358 0)
(0.000720692 0.0231578 0)
(-0.00444344 0.0323841 0)
(-0.0345358 0.0861295 0)
(-0.0751399 0.144915 0)
(-0.123722 0.211865 0)
(-0.178948 0.283343 0)
(-0.239065 0.354219 0)
(-0.300968 0.418937 0)
(-0.360963 0.472189 0)
(-0.415589 0.510002 0)
(-0.462204 0.530412 0)
(-0.499281 0.533511 0)
(-0.526465 0.521076 0)
(-0.544492 0.496024 0)
(-0.554944 0.461793 0)
(-0.559869 0.421753 0)
(-0.561355 0.378722 0)
(-0.561175 0.33471 0)
(-0.560595 0.290902 0)
(-0.560353 0.247804 0)
(-0.560757 0.205481 0)
(-0.561836 0.163773 0)
(-0.563478 0.122449 0)
(-0.565527 0.0812967 0)
(-0.567824 0.0401473 0)
(-0.570262 -0.0011148 0)
(-0.572852 -0.0425447 0)
(-0.575612 -0.0841723 0)
(-0.578592 -0.126022 0)
(-0.581956 -0.168136 0)
(-0.58598 -0.210611 0)
(-0.591063 -0.253669 0)
(-0.597734 -0.297725 0)
(-0.606609 -0.343375 0)
(-0.618181 -0.391312 0)
(-0.63235 -0.442017 0)
(-0.647756 -0.495101 0)
(-0.661065 -0.54829 0)
(-0.66654 -0.596423 0)
(-0.656424 -0.631046 0)
(-0.622603 -0.641271 0)
(-0.559495 -0.616345 0)
(-0.467312 -0.549819 0)
(-0.354354 -0.444133 0)
(-0.236695 -0.31337 0)
(-0.133899 -0.181252 0)
(-0.0609064 -0.0724136 0)
(-0.0200548 -0.000192161 0)
(-0.00226722 0.0369497 0)
(0.00247052 0.0446343 0)
(0.000940132 0.0247561 0)
(-0.00528817 0.053271 0)
(-0.0394225 0.123905 0)
(-0.0836915 0.191428 0)
(-0.134995 0.265057 0)
(-0.19146 0.34149 0)
(-0.250785 0.414572 0)
(-0.309556 0.47801 0)
(-0.364176 0.526508 0)
(-0.411614 0.556764 0)
(-0.44988 0.567871 0)
(-0.478223 0.561118 0)
(-0.497119 0.539431 0)
(-0.508065 0.506649 0)
(-0.513187 0.466756 0)
(-0.514746 0.423212 0)
(-0.5147 0.378538 0)
(-0.514436 0.334216 0)
(-0.514725 0.290861 0)
(-0.515836 0.248513 0)
(-0.517719 0.20693 0)
(-0.520181 0.165801 0)
(-0.523007 0.124857 0)
(-0.526012 0.0839092 0)
(-0.529056 0.0428405 0)
(-0.532054 0.00159518 0)
(-0.535009 -0.0398397 0)
(-0.537936 -0.0814536 0)
(-0.540827 -0.123218 0)
(-0.543744 -0.165094 0)
(-0.546801 -0.207068 0)
(-0.550213 -0.249201 0)
(-0.554374 -0.291691 0)
(-0.559915 -0.33497 0)
(-0.567673 -0.379813 0)
(-0.57849 -0.42729 0)
(-0.592732 -0.478384 0)
(-0.609413 -0.533101 0)
(-0.625097 -0.589096 0)
(-0.633198 -0.640191 0)
(-0.62449 -0.675707 0)
(-0.589375 -0.681767 0)
(-0.521699 -0.645182 0)
(-0.422937 -0.559391 0)
(-0.304706 -0.430486 0)
(-0.187312 -0.27982 0)
(-0.0928443 -0.138943 0)
(-0.0339612 -0.0351766 0)
(-0.00650163 0.0231808 0)
(0.00201338 0.0423181 0)
(0.00111667 0.0264198 0)
(-0.00577052 0.0766306 0)
(-0.0425972 0.164807 0)
(-0.0890437 0.240325 0)
(-0.141402 0.319317 0)
(-0.197323 0.398896 0)
(-0.254142 0.472061 0)
(-0.308383 0.532119 0)
(-0.356749 0.57412 0)
(-0.396766 0.595674 0)
(-0.427159 0.597082 0)
(-0.447968 0.580886 0)
(-0.460417 0.551103 0)
(-0.466566 0.512291 0)
(-0.468782 0.468657 0)
(-0.46921 0.423408 0)
(-0.469408 0.3785 0)
(-0.470244 0.33477 0)
(-0.471996 0.292291 0)
(-0.474575 0.250754 0)
(-0.47773 0.20976 0)
(-0.481202 0.168975 0)
(-0.484792 0.128177 0)
(-0.488375 0.0872419 0)
(-0.491878 0.0461134 0)
(-0.495263 0.00477571 0)
(-0.49856 -0.036764 0)
(-0.501798 -0.0784814 0)
(-0.504947 -0.120345 0)
(-0.507998 -0.162299 0)
(-0.510947 -0.204283 0)
(-0.513828 -0.246235 0)
(-0.516787 -0.288145 0)
(-0.520162 -0.330163 0)
(-0.524596 -0.372758 0)
(-0.531099 -0.41688 0)
(-0.540898 -0.463974 0)
(-0.554839 -0.515584 0)
(-0.572237 -0.57218 0)
(-0.589404 -0.631151 0)
(-0.59867 -0.684676 0)
(-0.589086 -0.718965 0)
(-0.549614 -0.716475 0)
(-0.474297 -0.661775 0)
(-0.367364 -0.549943 0)
(-0.245349 -0.394031 0)
(-0.133354 -0.226072 0)
(-0.054042 -0.0858237 0)
(-0.0133489 0.0016476 0)
(0.000774263 0.0372286 0)
(0.00125413 0.02779 0)
(-0.0058149 0.10133 0)
(-0.0438271 0.207356 0)
(-0.0909325 0.290029 0)
(-0.142776 0.372994 0)
(-0.196631 0.453979 0)
(-0.249662 0.525386 0)
(-0.298534 0.580443 0)
(-0.340383 0.614814 0)
(-0.373355 0.6272 0)
(-0.396895 0.619187 0)
(-0.411752 0.594549 0)
(-0.419723 0.558224 0)
(-0.423153 0.515193 0)
(-0.424345 0.469533 0)
(-0.425074 0.423915 0)
(-0.426376 0.379593 0)
(-0.428613 0.336782 0)
(-0.431699 0.295143 0)
(-0.435352 0.254184 0)
(-0.439276 0.21349 0)
(-0.443255 0.172794 0)
(-0.447172 0.13196 0)
(-0.450984 0.0909343 0)
(-0.454682 0.0497061 0)
(-0.45827 0.00827792 0)
(-0.461809 -0.0333401 0)
(-0.465339 -0.0751318 0)
(-0.468833 -0.117088 0)
(-0.472263 -0.159174 0)
(-0.47558 -0.201333 0)
(-0.478721 -0.243472 0)
(-0.481641 -0.285481 0)
(-0.484376 -0.327291 0)
(-0.487183 -0.368993 0)
(-0.490709 -0.41106 0)
(-0.496128 -0.454627 0)
(-0.505017 -0.501611 0)
(-0.518681 -0.554212 0)
(-0.536654 -0.613273 0)
(-0.554693 -0.675456 0)
(-0.563535 -0.730343 0)
(-0.550202 -0.759806 0)
(-0.502658 -0.741986 0)
(-0.416587 -0.660329 0)
(-0.301098 -0.51506 0)
(-0.17934 -0.331228 0)
(-0.0805229 -0.154853 0)
(-0.0231573 -0.0304506 0)
(-0.00128037 0.0280336 0)
(0.00137195 0.0284896 0)
(-0.00539803 0.126125 0)
(-0.0430561 0.250042 0)
(-0.0893766 0.33905 0)
(-0.139324 0.424665 0)
(-0.189913 0.505531 0)
(-0.238308 0.573737 0)
(-0.281457 0.622705 0)
(-0.317004 0.648914 0)
(-0.343718 0.652264 0)
(-0.361694 0.635634 0)
(-0.37224 0.603908 0)
(-0.377487 0.562692 0)
(-0.379792 0.517059 0)
(-0.38115 0.470661 0)
(-0.382846 0.425462 0)
(-0.38541 0.382017 0)
(-0.388825 0.340047 0)
(-0.392807 0.298975 0)
(-0.397035 0.258279 0)
(-0.401268 0.21762 0)
(-0.405383 0.176835 0)
(-0.409351 0.135872 0)
(-0.413196 0.0947316 0)
(-0.416948 0.0534241 0)
(-0.420631 0.0119538 0)
(-0.424318 -0.0296783 0)
(-0.42806 -0.0714709 0)
(-0.431839 -0.113439 0)
(-0.435634 -0.155578 0)
(-0.439402 -0.197861 0)
(-0.443062 -0.240224 0)
(-0.446499 -0.282561 0)
(-0.449585 -0.324716 0)
(-0.452267 -0.366542 0)
(-0.454715 -0.40806 0)
(-0.457567 -0.449768 0)
(-0.462162 -0.493057 0)
(-0.470474 -0.540424 0)
(-0.484236 -0.594812 0)
(-0.502933 -0.657252 0)
(-0.521188 -0.722804 0)
(-0.527498 -0.776829 0)
(-0.506724 -0.79531 0)
(-0.446899 -0.752109 0)
(-0.347743 -0.632571 0)
(-0.225999 -0.448199 0)
(-0.112351 -0.24257 0)
(-0.0364042 -0.0761128 0)
(-0.00422427 0.0132314 0)
(0.00146157 0.0281088 0)
(-0.00454454 0.149777 0)
(-0.0403766 0.29143 0)
(-0.0846183 0.386065 0)
(-0.131529 0.473184 0)
(-0.177981 0.552717 0)
(-0.221269 0.616728 0)
(-0.258719 0.659044 0)
(-0.288497 0.677095 0)
(-0.309944 0.672012 0)
(-0.323681 0.647896 0)
(-0.331376 0.610544 0)
(-0.335252 0.565944 0)
(-0.337453 0.518962 0)
(-0.339544 0.472627 0)
(-0.34232 0.428162 0)
(-0.345917 0.385531 0)
(-0.350098 0.344129 0)
(-0.354529 0.303307 0)
(-0.358945 0.262611 0)
(-0.363203 0.221819 0)
(-0.367272 0.180866 0)
(-0.371187 0.13976 0)
(-0.375008 0.0985288 0)
(-0.378778 0.0571842 0)
(-0.382522 0.015722 0)
(-0.386309 -0.0258705 0)
(-0.390197 -0.0676042 0)
(-0.394176 -0.109512 0)
(-0.398233 -0.151611 0)
(-0.402345 -0.193907 0)
(-0.406456 -0.236383 0)
(-0.410463 -0.278978 0)
(-0.414214 -0.321562 0)
(-0.417515 -0.363932 0)
(-0.420221 -0.405863 0)
(-0.422424 -0.447307 0)
(-0.424792 -0.488826 0)
(-0.428895 -0.53219 0)
(-0.437139 -0.5807 0)
(-0.451586 -0.638131 0)
(-0.471214 -0.705133 0)
(-0.488628 -0.773515 0)
(-0.489304 -0.822069 0)
(-0.456346 -0.819453 0)
(-0.380142 -0.737038 0)
(-0.268005 -0.568485 0)
(-0.146956 -0.346025 0)
(-0.0534063 -0.137555 0)
(-0.00822329 -0.00881189 0)
(0.00147499 0.0261914 0)
(-0.00331702 0.171142 0)
(-0.0359906 0.330222 0)
(-0.0770499 0.429966 0)
(-0.120036 0.517692 0)
(-0.161777 0.595033 0)
(-0.199789 0.654298 0)
(-0.231819 0.689876 0)
(-0.256527 0.700203 0)
(-0.273732 0.687607 0)
(-0.284417 0.657273 0)
(-0.290409 0.615676 0)
(-0.293816 0.568912 0)
(-0.296437 0.521422 0)
(-0.299387 0.475535 0)
(-0.303052 0.431801 0)
(-0.307322 0.389748 0)
(-0.311881 0.348616 0)
(-0.316437 0.30779 0)
(-0.320821 0.266935 0)
(-0.324985 0.225942 0)
(-0.328962 0.184817 0)
(-0.332818 0.1436 0)
(-0.336626 0.102319 0)
(-0.340429 0.0609794 0)
(-0.344238 0.0195621 0)
(-0.348112 -0.0219577 0)
(-0.352115 -0.0635986 0)
(-0.356242 -0.105405 0)
(-0.360476 -0.147408 0)
(-0.364814 -0.189634 0)
(-0.369227 -0.2321 0)
(-0.373653 -0.274799 0)
(-0.377977 -0.317667 0)
(-0.38201 -0.360555 0)
(-0.385501 -0.403201 0)
(-0.388228 -0.445288 0)
(-0.390237 -0.486718 0)
(-0.392284 -0.528216 0)
(-0.396276 -0.572188 0)
(-0.40513 -0.623038 0)
(-0.421006 -0.685285 0)
(-0.441512 -0.757936 0)
(-0.455972 -0.82674 0)
(-0.446365 -0.860884 0)
(-0.395734 -0.821535 0)
(-0.300804 -0.683235 0)
(-0.180793 -0.459541 0)
(-0.0736153 -0.21513 0)
(-0.0135242 -0.0398825 0)
(0.00139061 0.0222565 0)
(-0.00180435 0.189241 0)
(-0.0301694 0.365302 0)
(-0.067145 0.469867 0)
(-0.105557 0.55759 0)
(-0.142256 0.632239 0)
(-0.175037 0.686615 0)
(-0.20207 0.71576 0)
(-0.222448 0.719109 0)
(-0.236344 0.700091 0)
(-0.244938 0.66479 0)
(-0.250029 0.620129 0)
(-0.253476 0.57209 0)
(-0.256683 0.524573 0)
(-0.260363 0.479226 0)
(-0.264622 0.436055 0)
(-0.269228 0.394315 0)
(-0.273884 0.353211 0)
(-0.27838 0.312228 0)
(-0.282641 0.271151 0)
(-0.286687 0.229959 0)
(-0.290584 0.188699 0)
(-0.294409 0.147415 0)
(-0.29823 0.106127 0)
(-0.302082 0.0648264 0)
(-0.305967 0.02348 0)
(-0.309927 -0.017947 0)
(-0.314036 -0.0594771 0)
(-0.318291 -0.101165 0)
(-0.322669 -0.143046 0)
(-0.327172 -0.18516 0)
(-0.331787 -0.227543 0)
(-0.336485 -0.270222 0)
(-0.341199 -0.313197 0)
(-0.345799 -0.356402 0)
(-0.350066 -0.399654 0)
(-0.353693 -0.442611 0)
(-0.356391 -0.48486 0)
(-0.35821 -0.526297 0)
(-0.360112 -0.568016 0)
(-0.364517 -0.613467 0)
(-0.374875 -0.66853 0)
(-0.392873 -0.737882 0)
(-0.413326 -0.816206 0)
(-0.420874 -0.878822 0)
(-0.394637 -0.882612 0)
(-0.321505 -0.784942 0)
(-0.210293 -0.576053 0)
(-0.0954322 -0.306799 0)
(-0.0203518 -0.0816578 0)
(0.00125077 0.0158201 0)
(-0.000110732 0.203296 0)
(-0.0232192 0.395744 0)
(-0.0554012 0.505095 0)
(-0.0887898 0.592501 0)
(-0.120305 0.664289 0)
(-0.148032 0.713977 0)
(-0.170542 0.737294 0)
(-0.18728 0.734608 0)
(-0.198643 0.710307 0)
(-0.20585 0.671179 0)
(-0.210538 0.624387 0)
(-0.21424 0.575658 0)
(-0.217981 0.528325 0)
(-0.222163 0.483444 0)
(-0.226727 0.440621 0)
(-0.231417 0.398972 0)
(-0.235997 0.357743 0)
(-0.240348 0.316536 0)
(-0.244464 0.275238 0)
(-0.248404 0.233884 0)
(-0.252244 0.192536 0)
(-0.256056 0.15123 0)
(-0.2599 0.109971 0)
(-0.263807 0.0687353 0)
(-0.267768 0.027481 0)
(-0.271811 -0.0138365 0)
(-0.276023 -0.0552411 0)
(-0.280408 -0.0967971 0)
(-0.284926 -0.138544 0)
(-0.289583 -0.180528 0)
(-0.294371 -0.222794 0)
(-0.299274 -0.265389 0)
(-0.304259 -0.308349 0)
(-0.30925 -0.351679 0)
(-0.314102 -0.395297 0)
(-0.318556 -0.438966 0)
(-0.322246 -0.482239 0)
(-0.324843 -0.524596 0)
(-0.326485 -0.566051 0)
(-0.32853 -0.60846 0)
(-0.334121 -0.656959 0)
(-0.347073 -0.719086 0)
(-0.367388 -0.797775 0)
(-0.385001 -0.878367 0)
(-0.379113 -0.920267 0)
(-0.329172 -0.868494 0)
(-0.2327 -0.688547 0)
(-0.1167 -0.408568 0)
(-0.0287063 -0.135288 0)
(0.00111787 0.00637049 0)
(0.00165416 0.212747 0)
(-0.0154567 0.420818 0)
(-0.042301 0.535158 0)
(-0.0703801 0.622216 0)
(-0.0966961 0.691261 0)
(-0.119609 0.736733 0)
(-0.138054 0.755038 0)
(-0.151737 0.747363 0)
(-0.161158 0.718884 0)
(-0.16745 0.676905 0)
(-0.171997 0.628677 0)
(-0.175982 0.579603 0)
(-0.180104 0.532495 0)
(-0.18455 0.487934 0)
(-0.189188 0.445265 0)
(-0.193793 0.403553 0)
(-0.198205 0.362125 0)
(-0.202379 0.320687 0)
(-0.206351 0.279203 0)
(-0.210196 0.237735 0)
(-0.213987 0.196344 0)
(-0.217786 0.155052 0)
(-0.221646 0.113848 0)
(-0.225598 0.0727015 0)
(-0.229627 0.0315605 0)
(-0.233743 -0.0096277 0)
(-0.238053 -0.0508872 0)
(-0.242574 -0.0922948 0)
(-0.247245 -0.133894 0)
(-0.25207 -0.175735 0)
(-0.257041 -0.217867 0)
(-0.262147 -0.260345 0)
(-0.267367 -0.303226 0)
(-0.272661 -0.346557 0)
(-0.277943 -0.390338 0)
(-0.283035 -0.434455 0)
(-0.287633 -0.478573 0)
(-0.291311 -0.522103 0)
(-0.29374 -0.564455 0)
(-0.295298 -0.606042 0)
(-0.298024 -0.650185 0)
(-0.305957 -0.704522 0)
(-0.322556 -0.777544 0)
(-0.343859 -0.86576 0)
(-0.352716 -0.937232 0)
(-0.324611 -0.931503 0)
(-0.246497 -0.791156 0)
(-0.135363 -0.515387 0)
(-0.0381974 -0.200544 0)
(0.000969497 -0.00656199 0)
(0.00338435 0.217285 0)
(-0.00719088 0.439937 0)
(-0.0282929 0.559712 0)
(-0.0508904 0.646647 0)
(-0.0720676 0.713298 0)
(-0.0904191 0.755226 0)
(-0.105194 0.769468 0)
(-0.116279 0.757882 0)
(-0.124175 0.726252 0)
(-0.129836 0.682233 0)
(-0.134339 0.633061 0)
(-0.138536 0.583818 0)
(-0.142859 0.536881 0)
(-0.147366 0.492486 0)
(-0.15191 0.449823 0)
(-0.156324 0.407962 0)
(-0.16052 0.366316 0)
(-0.164502 0.324675 0)
(-0.16833 0.28305 0)
(-0.172078 0.241514 0)
(-0.175813 0.200117 0)
(-0.179585 0.158868 0)
(-0.183443 0.117744 0)
(-0.18742 0.076709 0)
(-0.191503 0.0357061 0)
(-0.195675 -0.00532583 0)
(-0.200075 -0.046414 0)
(-0.204738 -0.0876477 0)
(-0.209575 -0.129078 0)
(-0.214589 -0.170757 0)
(-0.21977 -0.212738 0)
(-0.225106 -0.255079 0)
(-0.23058 -0.297846 0)
(-0.236168 -0.341109 0)
(-0.241817 -0.384921 0)
(-0.247417 -0.429264 0)
(-0.252751 -0.473948 0)
(-0.25745 -0.518493 0)
(-0.261039 -0.56213 0)
(-0.263284 -0.60435 0)
(-0.26506 -0.646565 0)
(-0.269456 -0.694715 0)
(-0.281256 -0.75948 0)
(-0.301655 -0.84696 0)
(-0.319404 -0.937906 0)
(-0.309854 -0.974045 0)
(-0.251435 -0.879758 0)
(-0.149942 -0.622121 0)
(-0.0480939 -0.275664 0)
(0.000665156 -0.0234224 0)
(0.00493834 0.216721 0)
(0.00127315 0.452758 0)
(-0.0137765 0.578499 0)
(-0.030802 0.665782 0)
(-0.0469333 0.730567 0)
(-0.0609492 0.769758 0)
(-0.0723639 0.780957 0)
(-0.0811768 0.766525 0)
(-0.087811 0.732676 0)
(-0.0929833 0.687281 0)
(-0.0974449 0.637506 0)
(-0.10174 0.588163 0)
(-0.106101 0.541305 0)
(-0.11051 0.496941 0)
(-0.114845 0.454184 0)
(-0.119002 0.412139 0)
(-0.122951 0.370292 0)
(-0.126728 0.32849 0)
(-0.1304 0.286771 0)
(-0.134037 0.245208 0)
(-0.137695 0.203838 0)
(-0.141418 0.162658 0)
(-0.145249 0.121637 0)
(-0.149231 0.0807372 0)
(-0.15335 0.0399028 0)
(-0.157562 -0.000935361 0)
(-0.162037 -0.041822 0)
(-0.166842 -0.082846 0)
(-0.171857 -0.124076 0)
(-0.177081 -0.165567 0)
(-0.1825 -0.207373 0)
(-0.188102 -0.249554 0)
(-0.193869 -0.29218 0)
(-0.199784 -0.335332 0)
(-0.205809 -0.379094 0)
(-0.211874 -0.423516 0)
(-0.217833 -0.468525 0)
(-0.223408 -0.513799 0)
(-0.22816 -0.558638 0)
(-0.231609 -0.60213 0)
(-0.233801 -0.644261 0)
(-0.236521 -0.688635 0)
(-0.244209 -0.745306 0)
(-0.261248 -0.826647 0)
(-0.282826 -0.927245 0)
(-0.287556 -0.998049 0)
(-0.248286 -0.952106 0)
(-0.159698 -0.724272 0)
(-0.0575622 -0.357884 0)
(-4.91447e-06 -0.0446369 0)
(0.00616114 0.211283 0)
(0.00957229 0.45884 0)
(0.000923633 0.591428 0)
(-0.0105151 0.679628 0)
(-0.0216999 0.743219 0)
(-0.0315557 0.780558 0)
(-0.039824 0.789759 0)
(-0.0465662 0.773517 0)
(-0.0520796 0.738297 0)
(-0.0568083 0.692073 0)
(-0.0611777 0.641939 0)
(-0.0654569 0.592506 0)
(-0.0697217 0.545626 0)
(-0.0739188 0.501187 0)
(-0.0779653 0.458278 0)
(-0.0818186 0.416046 0)
(-0.0854935 0.374031 0)
(-0.0890446 0.332117 0)
(-0.0925391 0.290348 0)
(-0.0960388 0.248794 0)
(-0.0995931 0.207482 0)
(-0.10324 0.166397 0)
(-0.107022 0.125504 0)
(-0.110986 0.0847643 0)
(-0.115123 0.0441307 0)
(-0.119359 0.0035291 0)
(-0.123892 -0.0371184 0)
(-0.128833 -0.0778875 0)
(-0.134037 -0.118878 0)
(-0.139484 -0.160143 0)
(-0.145165 -0.20174 0)
(-0.151067 -0.243729 0)
(-0.157172 -0.286181 0)
(-0.163461 -0.329183 0)
(-0.169907 -0.37284 0)
(-0.176459 -0.417242 0)
(-0.183013 -0.462405 0)
(-0.18937 -0.508145 0)
(-0.195181 -0.553916 0)
(-0.199947 -0.598756 0)
(-0.203295 -0.641838 0)
(-0.205905 -0.684652 0)
(-0.211015 -0.734995 0)
(-0.224116 -0.807779 0)
(-0.245867 -0.909863 0)
(-0.26045 -1.00656 0)
(-0.23847 -1.00761 0)
(-0.164581 -0.818358 0)
(-0.065876 -0.444049 0)
(-0.00115808 -0.0704466 0)
(0.00695895 0.201471 0)
(0.0173239 0.45777 0)
(0.015481 0.598348 0)
(0.00965603 0.688285 0)
(0.00331077 0.751379 0)
(-0.0025031 0.787793 0)
(-0.00773884 0.796041 0)
(-0.0124997 0.778978 0)
(-0.0169339 0.743162 0)
(-0.0212006 0.696584 0)
(-0.0254065 0.646273 0)
(-0.0295704 0.596736 0)
(-0.0336397 0.549738 0)
(-0.037545 0.505139 0)
(-0.0412478 0.462047 0)
(-0.0447594 0.419645 0)
(-0.0481299 0.377504 0)
(-0.0514257 0.335524 0)
(-0.0547109 0.293749 0)
(-0.0580405 0.25224 0)
(-0.0614592 0.211015 0)
(-0.0650034 0.170056 0)
(-0.0687121 0.12932 0)
(-0.0726364 0.0887663 0)
(-0.0767756 0.0483584 0)
(-0.0810289 0.00802557 0)
(-0.0855997 -0.0323345 0)
(-0.0906599 -0.0727914 0)
(-0.0960575 -0.11349 0)
(-0.101737 -0.154483 0)
(-0.107697 -0.195824 0)
(-0.113927 -0.237574 0)
(-0.120411 -0.279806 0)
(-0.127128 -0.322613 0)
(-0.134052 -0.366109 0)
(-0.141143 -0.410416 0)
(-0.148322 -0.455609 0)
(-0.155441 -0.501613 0)
(-0.162233 -0.548035 0)
(-0.168276 -0.594018 0)
(-0.173071 -0.638414 0)
(-0.176604 -0.68122 0)
(-0.18077 -0.727497 0)
(-0.190627 -0.791657 0)
(-0.210462 -0.889439 0)
(-0.230959 -1.00303 0)
(-0.223672 -1.04694 0)
(-0.16504 -0.902033 0)
(-0.0725602 -0.531167 0)
(-0.00274688 -0.100784 0)
(0.00731793 0.187908 0)
(0.0242042 0.449488 0)
(0.0295265 0.598949 0)
(0.0294389 0.691791 0)
(0.0278545 0.755146 0)
(0.0260122 0.791522 0)
(0.0237806 0.799844 0)
(0.0210067 0.782928 0)
(0.0176895 0.747259 0)
(0.0139487 0.700768 0)
(0.00998344 0.650441 0)
(0.00601165 0.600783 0)
(0.00220494 0.553589 0)
(-0.00135362 0.508769 0)
(-0.00466934 0.465476 0)
(-0.00780232 0.422927 0)
(-0.0108321 0.380705 0)
(-0.0138345 0.338706 0)
(-0.0168712 0.296967 0)
(-0.019992 0.255538 0)
(-0.0232393 0.214435 0)
(-0.0266504 0.173631 0)
(-0.0302641 0.133082 0)
(-0.0341357 0.0927376 0)
(-0.0382793 0.0525736 0)
(-0.042553 0.0125417 0)
(-0.0471335 -0.0274696 0)
(-0.0522819 -0.0675526 0)
(-0.0578651 -0.107907 0)
(-0.0637761 -0.148578 0)
(-0.0700241 -0.189611 0)
(-0.0766044 -0.231066 0)
(-0.0835018 -0.27302 0)
(-0.0906959 -0.315572 0)
(-0.0981604 -0.358846 0)
(-0.105857 -0.402986 0)
(-0.113722 -0.448109 0)
(-0.121637 -0.494221 0)
(-0.129397 -0.541054 0)
(-0.136665 -0.587895 0)
(-0.142973 -0.633557 0)
(-0.147983 -0.677181 0)
(-0.152528 -0.721415 0)
(-0.160449 -0.778309 0)
(-0.177668 -0.86847 0)
(-0.200998 -0.990791 0)
(-0.205557 -1.0716 0)
(-0.161811 -0.974009 0)
(-0.0774365 -0.61672 0)
(-0.00459973 -0.135252 0)
(0.00726499 0.171343 0)
(0.0299441 0.434142 0)
(0.04267 0.592932 0)
(0.0485575 0.690079 0)
(0.0517176 0.754577 0)
(0.0538176 0.791755 0)
(0.0546353 0.801114 0)
(0.0539425 0.785271 0)
(0.0518562 0.75048 0)
(0.0487491 0.704523 0)
(0.0451099 0.654362 0)
(0.0413885 0.604585 0)
(0.0378808 0.557127 0)
(0.0346949 0.512028 0)
(0.0317943 0.46852 0)
(0.0290753 0.425849 0)
(0.0264276 0.383591 0)
(0.0237634 0.341624 0)
(0.0210198 0.29997 0)
(0.0181494 0.258671 0)
(0.01511 0.21774 0)
(0.0118602 0.177153 0)
(0.00835703 0.136863 0)
(0.00454601 0.0968227 0)
(0.000396373 0.0570067 0)
(-0.00391152 0.0173629 0)
(-0.0084797 -0.0223074 0)
(-0.0136676 -0.0620459 0)
(-0.0194079 -0.102047 0)
(-0.0255398 -0.142365 0)
(-0.0320743 -0.183042 0)
(-0.0390164 -0.224145 0)
(-0.0463559 -0.265758 0)
(-0.0540724 -0.307992 0)
(-0.0621362 -0.350981 0)
(-0.0705088 -0.394881 0)
(-0.0791318 -0.439845 0)
(-0.0879077 -0.485936 0)
(-0.0966724 -0.532985 0)
(-0.105161 -0.58041 0)
(-0.112983 -0.627099 0)
(-0.119718 -0.67181 0)
(-0.125543 -0.715432 0)
(-0.132932 -0.766979 0)
(-0.147845 -0.848311 0)
(-0.171915 -0.97267 0)
(-0.185583 -1.08349 0)
(-0.155746 -1.03386 0)
(-0.0805909 -0.698792 0)
(-0.00650363 -0.173198 0)
(0.00685161 0.152623 0)
(0.0343341 0.412097 0)
(0.0545156 0.580031 0)
(0.0667063 0.682995 0)
(0.074689 0.749686 0)
(0.0807396 0.788472 0)
(0.0847047 0.799753 0)
(0.0862608 0.785868 0)
(0.0855893 0.752675 0)
(0.0832725 0.70772 0)
(0.080064 0.657939 0)
(0.076645 0.608074 0)
(0.0734546 0.560296 0)
(0.0706502 0.514856 0)
(0.0681827 0.471107 0)
(0.0659111 0.428325 0)
(0.0636925 0.386066 0)
(0.0614208 0.344175 0)
(0.0590266 0.302651 0)
(0.0564611 0.261529 0)
(0.0536809 0.220819 0)
(0.0506417 0.1805 0)
(0.0472973 0.140531 0)
(0.0435935 0.100862 0)
(0.0394799 0.0614562 0)
(0.0350778 0.0222468 0)
(0.030428 -0.0170121 0)
(0.0252311 -0.0563639 0)
(0.0193883 -0.0959401 0)
(0.0130534 -0.135819 0)
(0.00623524 -0.176054 0)
(-0.00107858 -0.216728 0)
(-0.00888624 -0.257934 0)
(-0.0171669 -0.299785 0)
(-0.0258848 -0.342419 0)
(-0.0349977 -0.386008 0)
(-0.0444522 -0.430727 0)
(-0.0541652 -0.476686 0)
(-0.0640013 -0.52379 0)
(-0.0737497 -0.571559 0)
(-0.0831002 -0.618981 0)
(-0.0916648 -0.664701 0)
(-0.0993075 -0.708519 0)
(-0.107371 -0.756577 0)
(-0.120873 -0.829381 0)
(-0.144527 -0.950857 0)
(-0.164915 -1.08462 0)
(-0.147692 -1.08177 0)
(-0.0823046 -0.776053 0)
(-0.00827964 -0.213864 0)
(0.00615308 0.132641 0)
(0.0372303 0.383967 0)
(0.0646653 0.560063 0)
(0.0835221 0.670277 0)
(0.096528 0.740407 0)
(0.106588 0.781607 0)
(0.113834 0.795608 0)
(0.117866 0.78452 0)
(0.11886 0.753657 0)
(0.117546 0.710222 0)
(0.114907 0.661098 0)
(0.111853 0.611229 0)
(0.108991 0.563104 0)
(0.106563 0.517262 0)
(0.104533 0.473227 0)
(0.102735 0.430323 0)
(0.100993 0.388079 0)
(0.0991736 0.346295 0)
(0.0971928 0.304939 0)
(0.0949949 0.26403 0)
(0.0925337 0.223576 0)
(0.0897628 0.183559 0)
(0.0866338 0.143937 0)
(0.0830969 0.104654 0)
(0.0791007 0.0656527 0)
(0.0746969 0.0268649 0)
(0.0699771 -0.0119035 0)
(0.0647196 -0.0507321 0)
(0.0587555 -0.0897545 0)
(0.0521979 -0.129071 0)
(0.0450622 -0.16875 0)
(0.0373305 -0.208881 0)
(0.0290102 -0.249565 0)
(0.0201229 -0.290919 0)
(0.0107004 -0.333092 0)
(0.00078499 -0.376269 0)
(-0.00957394 -0.420649 0)
(-0.0203035 -0.466369 0)
(-0.0312894 -0.513382 0)
(-0.0423657 -0.561287 0)
(-0.0532934 -0.609159 0)
(-0.0637518 -0.655642 0)
(-0.0735131 -0.699956 0)
(-0.083152 -0.745987 0)
(-0.0963663 -0.811444 0)
(-0.119225 -0.926857 0)
(-0.144412 -1.07687 0)
(-0.138409 -1.11833 0)
(-0.0829751 -0.847684 0)
(-0.00982955 -0.256531 0)
(0.00526502 0.112277 0)
(0.0385645 0.350627 0)
(0.0727301 0.533001 0)
(0.0985627 0.651582 0)
(0.116925 0.726568 0)
(0.131129 0.771044 0)
(0.141819 0.78848 0)
(0.148595 0.780959 0)
(0.15157 0.753168 0)
(0.151539 0.711835 0)
(0.149663 0.663736 0)
(0.147069 0.614023 0)
(0.144556 0.565567 0)
(0.142491 0.51927 0)
(0.14089 0.47489 0)
(0.139582 0.431828 0)
(0.138358 0.389599 0)
(0.137053 0.347948 0)
(0.135557 0.3068 0)
(0.133798 0.266151 0)
(0.131725 0.226004 0)
(0.129288 0.186341 0)
(0.126437 0.147118 0)
(0.123125 0.108275 0)
(0.119302 0.0697412 0)
(0.114965 0.0314366 0)
(0.110205 -0.006794 0)
(0.104869 -0.0450463 0)
(0.0987658 -0.0834488 0)
(0.0919742 -0.122119 0)
(0.0845104 -0.161148 0)
(0.0763515 -0.200628 0)
(0.0674963 -0.24067 0)
(0.0579629 -0.281406 0)
(0.0477796 -0.322998 0)
(0.036987 -0.365646 0)
(0.0256391 -0.409562 0)
(0.0138076 -0.454904 0)
(0.00158488 -0.501665 0)
(-0.0109063 -0.549501 0)
(-0.0234895 -0.597554 0)
(-0.0359163 -0.644495 0)
(-0.0479765 -0.689272 0)
(-0.0598089 -0.734235 0)
(-0.0738498 -0.793869 0)
(-0.0961017 -0.901555 0)
(-0.124659 -1.06185 0)
(-0.128531 -1.14429 0)
(-0.083046 -0.913268 0)
(-0.0111533 -0.300636 0)
(0.00429289 0.0923426 0)
(0.0383578 0.313216 0)
(0.0783573 0.499064 0)
(0.111306 0.626544 0)
(0.135464 0.707876 0)
(0.154061 0.756613 0)
(0.168385 0.778138 0)
(0.178202 0.774867 0)
(0.183531 0.750872 0)
(0.18514 0.712289 0)
(0.184296 0.665681 0)
(0.182316 0.616384 0)
(0.180207 0.567677 0)
(0.178503 0.520895 0)
(0.177315 0.476099 0)
(0.176499 0.432822 0)
(0.175826 0.390582 0)
(0.175093 0.349075 0)
(0.174155 0.308171 0)
(0.172915 0.267833 0)
(0.171308 0.228051 0)
(0.169278 0.188801 0)
(0.166772 0.150042 0)
(0.163741 0.111708 0)
(0.160135 0.0737181 0)
(0.155915 0.0359838 0)
(0.151158 -0.00162426 0)
(0.145754 -0.0392275 0)
(0.139516 -0.0769333 0)
(0.132488 -0.11487 0)
(0.124684 -0.153149 0)
(0.11608 -0.191877 0)
(0.106666 -0.231176 0)
(0.0964546 -0.27119 0)
(0.0854739 -0.312094 0)
(0.0737622 -0.354096 0)
(0.0613694 -0.397419 0)
(0.0483554 -0.442239 0)
(0.0347915 -0.488575 0)
(0.0207713 -0.536118 0)
(0.0064225 -0.584067 0)
(-0.00807714 -0.631135 0)
(-0.0225772 -0.676151 0)
(-0.037013 -0.720538 0)
(-0.0528502 -0.775845 0)
(-0.0750528 -0.875341 0)
(-0.10601 -1.04085 0)
(-0.118546 -1.16044 0)
(-0.0829509 -0.972671 0)
(-0.0123474 -0.345841 0)
(0.0033364 0.0735297 0)
(0.036731 0.273107 0)
(0.0812717 0.458802 0)
(0.121174 0.59487 0)
(0.151597 0.683924 0)
(0.174971 0.738059 0)
(0.193175 0.764327 0)
(0.20634 0.765889 0)
(0.214435 0.746369 0)
(0.218122 0.711222 0)
(0.218679 0.666677 0)
(0.217561 0.618172 0)
(0.21598 0.569388 0)
(0.21467 0.52214 0)
(0.213887 0.476862 0)
(0.213555 0.433289 0)
(0.21345 0.390983 0)
(0.213335 0.349605 0)
(0.213023 0.308966 0)
(0.212384 0.268985 0)
(0.211328 0.229626 0)
(0.209785 0.190856 0)
(0.207697 0.152628 0)
(0.205009 0.114875 0)
(0.201669 0.0775119 0)
(0.197621 0.0404407 0)
(0.192911 0.00355047 0)
(0.187461 -0.033308 0)
(0.181106 -0.0702232 0)
(0.17385 -0.107327 0)
(0.165704 -0.14475 0)
(0.156643 -0.182612 0)
(0.146653 -0.221048 0)
(0.135741 -0.260216 0)
(0.123931 -0.300305 0)
(0.111258 -0.341535 0)
(0.0977661 -0.384136 0)
(0.0835022 -0.428289 0)
(0.068515 -0.474022 0)
(0.0528598 -0.521047 0)
(0.0366088 -0.568603 0)
(0.0198846 -0.61544 0)
(0.00279043 -0.660363 0)
(-0.0145336 -0.7043 0)
(-0.0329386 -0.756527 0)
(-0.0558495 -0.848227 0)
(-0.0886307 -1.01484 0)
(-0.108791 -1.16749 0)
(-0.0830686 -1.02593 0)
(-0.0135928 -0.392074 0)
(0.00247269 0.0563683 0)
(0.0339053 0.231855 0)
(0.0813257 0.413166 0)
(0.12759 0.556473 0)
(0.16464 0.654236 0)
(0.1933 0.715017 0)
(0.215721 0.74676 0)
(0.232553 0.753661 0)
(0.243846 0.739204 0)
(0.250118 0.708182 0)
(0.252557 0.666358 0)
(0.252675 0.61915 0)
(0.251856 0.570587 0)
(0.25105 0.522974 0)
(0.250699 0.477185 0)
(0.250847 0.433229 0)
(0.251311 0.390778 0)
(0.251842 0.349485 0)
(0.252212 0.309109 0)
(0.252248 0.269518 0)
(0.251827 0.230639 0)
(0.250858 0.192418 0)
(0.249267 0.1548 0)
(0.246993 0.117711 0)
(0.243977 0.0810638 0)
(0.240158 0.0447556 0)
(0.235546 0.00867896 0)
(0.230086 -0.0273219 0)
(0.223638 -0.0633362 0)
(0.21617 -0.0994981 0)
(0.207689 -0.135949 0)
(0.198172 -0.172825 0)
(0.1876 -0.210273 0)
(0.175976 -0.248465 0)
(0.163318 -0.287605 0)
(0.149655 -0.327921 0)
(0.13502 -0.369646 0)
(0.119442 -0.412959 0)
(0.102942 -0.457887 0)
(0.0855343 -0.50415 0)
(0.0672396 -0.551015 0)
(0.0481231 -0.597268 0)
(0.028251 -0.641713 0)
(0.00780208 -0.685081 0)
(-0.0137461 -0.735136 0)
(-0.0382001 -0.81997 0)
(-0.0725492 -0.984514 0)
(-0.0994516 -1.16601 0)
(-0.0836895 -1.07314 0)
(-0.0151366 -0.439527 0)
(0.00174482 0.0412073 0)
(0.0301877 0.191087 0)
(0.0785507 0.363531 0)
(0.130063 0.511616 0)
(0.173817 0.61837 0)
(0.208317 0.687008 0)
(0.235408 0.72508 0)
(0.256264 0.737802 0)
(0.271188 0.728892 0)
(0.280596 0.70263 0)
(0.285507 0.66423 0)
(0.287385 0.618948 0)
(0.287714 0.571046 0)
(0.287645 0.523293 0)
(0.287836 0.477041 0)
(0.288496 0.432647 0)
(0.289533 0.389961 0)
(0.29072 0.348683 0)
(0.291806 0.308544 0)
(0.292575 0.269357 0)
(0.292865 0.231005 0)
(0.292551 0.193404 0)
(0.29154 0.156478 0)
(0.289756 0.120147 0)
(0.287131 0.0843151 0)
(0.283601 0.048877 0)
(0.279146 0.0137211 0)
(0.273723 -0.0213042 0)
(0.267215 -0.0562989 0)
(0.259564 -0.0914001 0)
(0.250768 -0.126757 0)
(0.24081 -0.162519 0)
(0.229667 -0.198848 0)
(0.217334 -0.235929 0)
(0.203825 -0.273975 0)
(0.189155 -0.313222 0)
(0.173342 -0.353899 0)
(0.156389 -0.396175 0)
(0.138284 -0.440063 0)
(0.118997 -0.485281 0)
(0.0984937 -0.531119 0)
(0.0767876 -0.576417 0)
(0.0539198 -0.62002 0)
(0.0301263 -0.662516 0)
(0.00503975 -0.710992 0)
(-0.0217764 -0.790188 0)
(-0.0576941 -0.950347 0)
(-0.0905607 -1.15638 0)
(-0.0849872 -1.11436 0)
(-0.0172651 -0.488639 0)
(0.00116127 0.0282193 0)
(0.0259395 0.152356 0)
(0.0731987 0.311664 0)
(0.128296 0.461052 0)
(0.178345 0.576088 0)
(0.219122 0.653489 0)
(0.251439 0.69884 0)
(0.276748 0.71791 0)
(0.295739 0.714935 0)
(0.308849 0.693959 0)
(0.316904 0.659671 0)
(0.321215 0.617024 0)
(0.323266 0.570372 0)
(0.324348 0.522863 0)
(0.325332 0.476321 0)
(0.326626 0.431507 0)
(0.328281 0.388527 0)
(0.330138 0.347189 0)
(0.331955 0.307236 0)
(0.333491 0.268446 0)
(0.334544 0.230652 0)
(0.334953 0.193732 0)
(0.334597 0.157583 0)
(0.333378 0.122106 0)
(0.331217 0.0871972 0)
(0.328039 0.052743 0)
(0.323805 0.0186271 0)
(0.318477 -0.0153008 0)
(0.311955 -0.0491514 0)
(0.304162 -0.083066 0)
(0.29509 -0.117201 0)
(0.284722 -0.151718 0)
(0.273035 -0.18679 0)
(0.260016 -0.222615 0)
(0.245665 -0.259413 0)
(0.229983 -0.297418 0)
(0.212962 -0.33685 0)
(0.194573 -0.377859 0)
(0.174762 -0.420434 0)
(0.153451 -0.464285 0)
(0.130553 -0.508723 0)
(0.106034 -0.552657 0)
(0.079921 -0.595033 0)
(0.0525253 -0.63643 0)
(0.0236566 -0.683431 0)
(-0.00622078 -0.758432 0)
(-0.0439066 -0.912685 0)
(-0.0819961 -1.13884 0)
(-0.086991 -1.14954 0)
(-0.0202637 -0.540061 0)
(0.000707829 0.0174234 0)
(0.0215306 0.116979 0)
(0.0657549 0.259616 0)
(0.122293 0.40612 0)
(0.177577 0.527559 0)
(0.224719 0.613982 0)
(0.26281 0.667502 0)
(0.293093 0.693529 0)
(0.316619 0.696832 0)
(0.333992 0.681534 0)
(0.345904 0.651952 0)
(0.353445 0.612667 0)
(0.357983 0.567969 0)
(0.360853 0.521255 0)
(0.363087 0.474766 0)
(0.365299 0.429683 0)
(0.367722 0.386427 0)
(0.370313 0.344988 0)
(0.372887 0.305172 0)
(0.37521 0.266754 0)
(0.377055 0.229532 0)
(0.378231 0.193341 0)
(0.378585 0.158044 0)
(0.377995 0.123516 0)
(0.376363 0.0896385 0)
(0.373604 0.0562859 0)
(0.369659 0.0233335 0)
(0.364491 -0.0093702 0)
(0.358013 -0.0419475 0)
(0.350134 -0.0745449 0)
(0.340839 -0.107325 0)
(0.330113 -0.14046 0)
(0.317925 -0.174133 0)
(0.304254 -0.208547 0)
(0.289082 -0.243926 0)
(0.272385 -0.280494 0)
(0.254123 -0.318452 0)
(0.234225 -0.357923 0)
(0.212589 -0.398868 0)
(0.189086 -0.440985 0)
(0.163579 -0.483607 0)
(0.135998 -0.525738 0)
(0.106375 -0.566484 0)
(0.0751073 -0.606541 0)
(0.0422419 -0.652157 0)
(0.00882845 -0.724127 0)
(-0.0309479 -0.871821 0)
(-0.0734724 -1.11348 0)
(-0.089559 -1.1784 0)
(-0.0243601 -0.594591 0)
(0.000365654 0.00871573 0)
(0.0172933 0.0858923 0)
(0.0569059 0.209526 0)
(0.112434 0.348745 0)
(0.171164 0.473566 0)
(0.224153 0.568293 0)
(0.268351 0.630519 0)
(0.304165 0.664129 0)
(0.332755 0.674058 0)
(0.354959 0.664716 0)
(0.371445 0.640284 0)
(0.383085 0.60502 0)
(0.391038 0.563029 0)
(0.396562 0.517805 0)
(0.400758 0.471898 0)
(0.404408 0.426877 0)
(0.407932 0.383505 0)
(0.411449 0.34201 0)
(0.414876 0.302325 0)
(0.418029 0.264266 0)
(0.420693 0.22762 0)
(0.422662 0.192192 0)
(0.423761 0.15781 0)
(0.423844 0.124318 0)
(0.422793 0.0915751 0)
(0.420512 0.0594393 0)
(0.416919 0.027773 0)
(0.411979 -0.00357725 0)
(0.405609 -0.0347521 0)
(0.39771 -0.0659002 0)
(0.388259 -0.0971897 0)
(0.377235 -0.1288 0)
(0.3646 -0.160921 0)
(0.350315 -0.193757 0)
(0.334338 -0.227523 0)
(0.316612 -0.262426 0)
(0.297056 -0.298642 0)
(0.275552 -0.336259 0)
(0.251943 -0.375208 0)
(0.226049 -0.415172 0)
(0.19769 -0.455526 0)
(0.166777 -0.495393 0)
(0.133371 -0.534106 0)
(0.0979881 -0.572597 0)
(0.060919 -0.616982 0)
(0.0237172 -0.686744 0)
(-0.0185107 -0.828065 0)
(-0.0645447 -1.08034 0)
(-0.0923541 -1.20037 0)
(-0.0296442 -0.653026 0)
(0.000126842 0.00189021 0)
(0.0134954 0.0595677 0)
(0.0474538 0.163381 0)
(0.0994837 0.291333 0)
(0.159198 0.415651 0)
(0.216699 0.516773 0)
(0.266838 0.587518 0)
(0.30862 0.629141 0)
(0.342849 0.646042 0)
(0.370486 0.642861 0)
(0.392258 0.623868 0)
(0.408883 0.593137 0)
(0.421275 0.554564 0)
(0.430506 0.5116 0)
(0.437634 0.466968 0)
(0.443522 0.422539 0)
(0.448747 0.379401 0)
(0.453595 0.338048 0)
(0.458127 0.29859 0)
(0.462254 0.260932 0)
(0.465814 0.224892 0)
(0.468621 0.190265 0)
(0.470497 0.156854 0)
(0.471286 0.124475 0)
(0.470854 0.0929604 0)
(0.469094 0.0621486 0)
(0.465911 0.0318849 0)
(0.461254 0.00201217 0)
(0.455051 -0.0276332 0)
(0.447198 -0.0571996 0)
(0.437653 -0.086859 0)
(0.426385 -0.116795 0)
(0.413342 -0.147199 0)
(0.398463 -0.178266 0)
(0.381673 -0.210195 0)
(0.362875 -0.24317 0)
(0.341938 -0.27733 0)
(0.31869 -0.312727 0)
(0.292923 -0.34926 0)
(0.264405 -0.386609 0)
(0.232928 -0.424208 0)
(0.198407 -0.461347 0)
(0.160968 -0.497651 0)
(0.121277 -0.534394 0)
(0.079861 -0.577729 0)
(0.0388149 -0.645982 0)
(-0.00622151 -0.781769 0)
(-0.0546097 -1.03953 0)
(-0.0948087 -1.21451 0)
(-0.0359593 -0.715937 0)
(2.8322e-06 -0.00335225 0)
(0.0103377 0.0380327 0)
(0.038183 0.122782 0)
(0.0844828 0.236539 0)
(0.142257 0.356123 0)
(0.202054 0.46056 0)
(0.257195 0.538567 0)
(0.305 0.588097 0)
(0.345379 0.61217 0)
(0.37909 0.615298 0)
(0.406873 0.601905 0)
(0.429356 0.576052 0)
(0.447229 0.541479 0)
(0.461325 0.501527 0)
(0.47255 0.458958 0)
(0.481743 0.415827 0)
(0.489562 0.373479 0)
(0.496434 0.332663 0)
(0.502568 0.293688 0)
(0.508004 0.256592 0)
(0.512673 0.221261 0)
(0.516448 0.187513 0)
(0.519182 0.155146 0)
(0.520729 0.12396 0)
(0.520959 0.0937629 0)
(0.519758 0.0643754 0)
(0.517026 0.0356245 0)
(0.512697 0.00734398 0)
(0.5067 -0.0206457 0)
(0.498932 -0.048496 0)
(0.489328 -0.0763799 0)
(0.477837 -0.10448 0)
(0.464388 -0.13298 0)
(0.448891 -0.16206 0)
(0.43123 -0.191894 0)
(0.411263 -0.222634 0)
(0.388805 -0.25438 0)
(0.363632 -0.287143 0)
(0.335481 -0.320795 0)
(0.304084 -0.355034 0)
(0.269224 -0.389382 0)
(0.230851 -0.423349 0)
(0.189197 -0.456928 0)
(0.145105 -0.491826 0)
(0.0993412 -0.53436 0)
(0.0545589 -0.601854 0)
(0.00641189 -0.733271 0)
(-0.042903 -0.991414 0)
(-0.0960764 -1.21949 0)
(-0.0427731 -0.783551 0)
(1.65541e-05 -0.00740213 0)
(0.00791818 0.0209649 0)
(0.029656 0.0887943 0)
(0.0684885 0.186966 0)
(0.121281 0.297895 0)
(0.180425 0.401688 0)
(0.238713 0.484451 0)
(0.291935 0.540863 0)
(0.338691 0.571884 0)
(0.37908 0.581327 0)
(0.413619 0.573598 0)
(0.442818 0.552817 0)
(0.467181 0.522666 0)
(0.487302 0.486373 0)
(0.503873 0.446653 0)
(0.517612 0.405626 0)
(0.529168 0.364798 0)
(0.539043 0.325114 0)
(0.547565 0.287078 0)
(0.554908 0.250872 0)
(0.561119 0.216483 0)
(0.566162 0.183784 0)
(0.569955 0.152593 0)
(0.572395 0.122713 0)
(0.573375 0.0939421 0)
(0.572792 0.0660877 0)
(0.570552 0.0389634 0)
(0.566578 0.0123927 0)
(0.560799 -0.0138109 0)
(0.553116 -0.0398034 0)
(0.543437 -0.0657544 0)
(0.531688 -0.091838 0)
(0.517772 -0.118222 0)
(0.501565 -0.145066 0)
(0.482909 -0.172513 0)
(0.461613 -0.200672 0)
(0.437441 -0.229604 0)
(0.410118 -0.259281 0)
(0.379343 -0.289564 0)
(0.344828 -0.320188 0)
(0.306376 -0.350813 0)
(0.264014 -0.381228 0)
(0.218113 -0.41186 0)
(0.169708 -0.444927 0)
(0.119799 -0.486986 0)
(0.0715238 -0.554491 0)
(0.0201066 -0.683068 0)
(-0.0285817 -0.936882 0)
(-0.0950387 -1.21379 0)
(-0.0490804 -0.855803 0)
(0.000155743 -0.0106801 0)
(0.00603132 0.00787947 0)
(0.0218351 0.0619716 0)
(0.0520663 0.144861 0)
(0.0971603 0.244134 0)
(0.152379 0.342966 0)
(0.211181 0.42683 0)
(0.268399 0.487914 0)
(0.321224 0.52488 0)
(0.368671 0.540289 0)
(0.410661 0.538143 0)
(0.447412 0.522518 0)
(0.479218 0.497068 0)
(0.506447 0.464943 0)
(0.529568 0.428775 0)
(0.549126 0.390664 0)
(0.565681 0.352176 0)
(0.579732 0.31438 0)
(0.591675 0.277922 0)
(0.601784 0.243124 0)
(0.610221 0.210079 0)
(0.617057 0.178737 0)
(0.622297 0.148962 0)
(0.625906 0.120581 0)
(0.627824 0.0934 0)
(0.627982 0.0672266 0)
(0.626305 0.0418711 0)
(0.622718 0.0171528 0)
(0.617153 -0.00711331 0)
(0.609516 -0.0310864 0)
(0.599693 -0.054924 0)
(0.587586 -0.0787836 0)
(0.573075 -0.102813 0)
(0.555998 -0.127141 0)
(0.536161 -0.151874 0)
(0.513328 -0.17708 0)
(0.48722 -0.202777 0)
(0.457529 -0.228909 0)
(0.423935 -0.255344 0)
(0.386166 -0.281893 0)
(0.344086 -0.308402 0)
(0.297832 -0.334994 0)
(0.247932 -0.362586 0)
(0.195593 -0.393938 0)
(0.141992 -0.435886 0)
(0.0905814 -0.504145 0)
(0.0359597 -0.631446 0)
(-0.0109225 -0.877473 0)
(-0.0904271 -1.19568 0)
(-0.0533945 -0.931927 0)
(0.000280015 -0.0133942 0)
(0.00371081 -0.00146569 0)
(0.0134077 0.0426003 0)
(0.0344506 0.111863 0)
(0.0699572 0.197734 0)
(0.118358 0.287546 0)
(0.174769 0.368113 0)
(0.233902 0.430482 0)
(0.291814 0.471362 0)
(0.346244 0.49175 0)
(0.396156 0.49481 0)
(0.441191 0.484287 0)
(0.481297 0.463715 0)
(0.516591 0.436149 0)
(0.547323 0.404124 0)
(0.573855 0.369674 0)
(0.596615 0.334353 0)
(0.616042 0.299272 0)
(0.632539 0.265163 0)
(0.646434 0.232448 0)
(0.657976 0.201318 0)
(0.66733 0.171802 0)
(0.674595 0.143826 0)
(0.679815 0.117256 0)
(0.682998 0.0919269 0)
(0.684122 0.067661 0)
(0.683147 0.0442795 0)
(0.68002 0.0216095 0)
(0.674678 -0.00052171 0)
(0.667038 -0.0222727 0)
(0.656981 -0.0437796 0)
(0.644387 -0.0651755 0)
(0.629115 -0.0865798 0)
(0.610982 -0.108088 0)
(0.589764 -0.129765 0)
(0.565196 -0.15164 0)
(0.536984 -0.173695 0)
(0.504814 -0.195864 0)
(0.468393 -0.218052 0)
(0.42751 -0.240185 0)
(0.38213 -0.262342 0)
(0.332523 -0.285018 0)
(0.279349 -0.309625 0)
(0.223905 -0.339443 0)
(0.167394 -0.381569 0)
(0.113338 -0.451063 0)
(0.0557124 -0.577958 0)
(0.0107337 -0.81513 0)
(-0.0808109 -1.16265 0)
(-0.053723 -1.00873 0)
(-3.99393e-05 -0.0148576 0)
(-0.00139749 -0.00618212 0)
(0.00104523 0.0312996 0)
(0.0126227 0.0889602 0)
(0.037925 0.160689 0)
(0.0778762 0.238144 0)
(0.129597 0.310922 0)
(0.188458 0.370412 0)
(0.249963 0.412177 0)
(0.310719 0.435739 0)
(0.368572 0.443127 0)
(0.422323 0.437411 0)
(0.471372 0.421774 0)
(0.515487 0.399068 0)
(0.554672 0.371688 0)
(0.589102 0.34156 0)
(0.619063 0.310176 0)
(0.644906 0.278634 0)
(0.666997 0.247694 0)
(0.685678 0.217835 0)
(0.701242 0.189315 0)
(0.713925 0.162234 0)
(0.723904 0.13658 0)
(0.7313 0.112267 0)
(0.73619 0.089171 0)
(0.738612 0.0671446 0)
(0.738571 0.0460338 0)
(0.736046 0.0256857 0)
(0.731 0.00595253 0)
(0.723356 -0.0133116 0)
(0.713011 -0.0322193 0)
(0.699839 -0.0508732 0)
(0.683692 -0.069358 0)
(0.664383 -0.0877318 0)
(0.641686 -0.106023 0)
(0.615346 -0.124228 0)
(0.585093 -0.142312 0)
(0.550664 -0.160228 0)
(0.511849 -0.177949 0)
(0.46855 -0.195552 0)
(0.420857 -0.213371 0)
(0.369153 -0.232264 0)
(0.314146 -0.254091 0)
(0.257075 -0.282569 0)
(0.198939 -0.324966 0)
(0.143056 -0.39569 0)
(0.0826303 -0.52224 0)
(0.0380044 -0.751309 0)
(-0.0637393 -1.11112 0)
(-0.0473409 -1.07929 0)
(-0.00177851 -0.0122203 0)
(-0.01316 -0.00307999 0)
(-0.0205118 0.0295298 0)
(-0.0187369 0.0765182 0)
(-0.00296078 0.133637 0)
(0.0288447 0.196228 0)
(0.0751609 0.25724 0)
(0.132319 0.309604 0)
(0.195914 0.34866 0)
(0.261888 0.372875 0)
(0.327117 0.383115 0)
(0.389481 0.38153 0)
(0.447682 0.370679 0)
(0.501008 0.353025 0)
(0.549148 0.330709 0)
(0.592063 0.305489 0)
(0.629889 0.278748 0)
(0.662877 0.251526 0)
(0.691336 0.224564 0)
(0.715589 0.19836 0)
(0.735946 0.17321 0)
(0.752684 0.149265 0)
(0.766034 0.126562 0)
(0.776181 0.105068 0)
(0.783263 0.0847025 0)
(0.787376 0.0653566 0)
(0.78858 0.0469115 0)
(0.786895 0.0292456 0)
(0.782315 0.0122444 0)
(0.774796 -0.00420751 0)
(0.764258 -0.0202012 0)
(0.750592 -0.0358106 0)
(0.733674 -0.051087 0)
(0.71335 -0.0660535 0)
(0.68944 -0.0807098 0)
(0.661756 -0.0950386 0)
(0.630117 -0.109017 0)
(0.594377 -0.122643 0)
(0.55446 -0.135984 0)
(0.510402 -0.149276 0)
(0.462394 -0.163078 0)
(0.410841 -0.178545 0)
(0.356345 -0.197868 0)
(0.29988 -0.22508 0)
(0.241999 -0.267533 0)
(0.185597 -0.338975 0)
(0.122638 -0.464524 0)
(0.0760041 -0.687058 0)
(-0.0344623 -1.03966 0)
(-0.0308643 -1.13657 0)
(-0.00667904 0.000511823 0)
(-0.0363395 0.0132903 0)
(-0.0570944 0.0395202 0)
(-0.0654793 0.0742051 0)
(-0.0576533 0.115523 0)
(-0.0321069 0.161288 0)
(0.0100955 0.207583 0)
(0.0656601 0.249287 0)
(0.130518 0.28222 0)
(0.200554 0.304292 0)
(0.272104 0.315465 0)
(0.342317 0.316927 0)
(0.409207 0.310425 0)
(0.471525 0.297827 0)
(0.52858 0.280871 0)
(0.580074 0.26105 0)
(0.625968 0.239573 0)
(0.666395 0.217373 0)
(0.701593 0.19514 0)
(0.731851 0.173354 0)
(0.757475 0.152324 0)
(0.778759 0.132228 0)
(0.795973 0.113145 0)
(0.809347 0.095084 0)
(0.819075 0.0780058 0)
(0.825311 0.0618442 0)
(0.828168 0.0465184 0)
(0.827724 0.0319431 0)
(0.824024 0.018038 0)
(0.817081 0.00472936 0)
(0.806871 -0.00804284 0)
(0.793313 -0.0203238 0)
(0.776358 -0.0321573 0)
(0.755947 -0.0435599 0)
(0.732007 -0.0545249 0)
(0.704475 -0.0650404 0)
(0.673312 -0.0751119 0)
(0.638523 -0.084794 0)
(0.600164 -0.0942427 0)
(0.558364 -0.103807 0)
(0.513317 -0.114183 0)
(0.465287 -0.126674 0)
(0.414549 -0.143624 0)
(0.361539 -0.169197 0)
(0.306065 -0.210761 0)
(0.250329 -0.281572 0)
(0.184686 -0.404758 0)
(0.135499 -0.619131 0)
(0.0115646 -0.956672 0)
(-0.00181012 -1.17902 0)
(-0.0171225 0.0329513 0)
(-0.0748019 0.0490705 0)
(-0.111657 0.0626453 0)
(-0.129689 0.0804511 0)
(-0.127665 0.103449 0)
(-0.105844 0.13086 0)
(-0.0657702 0.160504 0)
(-0.0106756 0.189186 0)
(0.0554305 0.213586 0)
(0.128574 0.231202 0)
(0.205133 0.241344 0)
(0.281835 0.244503 0)
(0.356179 0.241613 0)
(0.426464 0.233828 0)
(0.491637 0.222351 0)
(0.551126 0.208296 0)
(0.604695 0.192617 0)
(0.652341 0.176079 0)
(0.694217 0.159272 0)
(0.730567 0.142625 0)
(0.761679 0.126432 0)
(0.787858 0.11088 0)
(0.809401 0.0960694 0)
(0.826582 0.0820413 0)
(0.839649 0.0687939 0)
(0.848813 0.0562976 0)
(0.854257 0.0445078 0)
(0.856129 0.0333732 0)
(0.854549 0.0228431 0)
(0.849615 0.0128741 0)
(0.841394 0.00343085 0)
(0.830004 -0.00550698 0)
(0.815347 -0.0139497 0)
(0.797489 -0.0219357 0)
(0.776509 -0.0294952 0)
(0.752487 -0.0366442 0)
(0.725508 -0.043415 0)
(0.695677 -0.0498937 0)
(0.663111 -0.0562699 0)
(0.627921 -0.0629167 0)
(0.59017 -0.0705268 0)
(0.549829 -0.0803515 0)
(0.506635 -0.0946159 0)
(0.460175 -0.117282 0)
(0.409002 -0.155402 0)
(0.353789 -0.221666 0)
(0.283184 -0.337853 0)
(0.228208 -0.539195 0)
(0.0731083 -0.870483 0)
(0.0414353 -1.19747 0)
(-0.0353417 0.0984048 0)
(-0.125191 0.109839 0)
(-0.171094 0.0979015 0)
(-0.192324 0.0923127 0)
(-0.192221 0.0943254 0)
(-0.172114 0.102257 0)
(-0.133651 0.11467 0)
(-0.0797402 0.129303 0)
(-0.0140944 0.14349 0)
(0.0597282 0.155031 0)
(0.138539 0.162772 0)
(0.219104 0.166446 0)
(0.298518 0.166244 0)
(0.374738 0.162662 0)
(0.446425 0.156352 0)
(0.512752 0.148002 0)
(0.57328 0.138251 0)
(0.627856 0.127648 0)
(0.676524 0.116639 0)
(0.719464 0.105563 0)
(0.756931 0.0946664 0)
(0.789224 0.0841177 0)
(0.816651 0.0740204 0)
(0.839519 0.0644302 0)
(0.858116 0.0553681 0)
(0.872708 0.046831 0)
(0.883533 0.0388014 0)
(0.890805 0.0312538 0)
(0.894712 0.0241602 0)
(0.895423 0.0174941 0)
(0.893096 0.0112291 0)
(0.887841 0.00535792 0)
(0.87992 -0.000124829 0)
(0.869402 -0.00523426 0)
(0.856319 -0.0100009 0)
(0.840798 -0.0144666 0)
(0.822968 -0.0186849 0)
(0.802937 -0.0227436 0)
(0.780784 -0.0268073 0)
(0.756524 -0.0311816 0)
(0.730035 -0.0364201 0)
(0.700966 -0.0435157 0)
(0.668495 -0.0542434 0)
(0.631236 -0.0718023 0)
(0.585988 -0.101983 0)
(0.530371 -0.15548 0)
(0.449705 -0.251631 0)
(0.372997 -0.423758 0)
(0.152638 -0.740844 0)
(0.118099 -1.13972 0)
(-0.0728669 0.213872 0)
(-0.144658 0.159816 0)
(-0.141815 0.103308 0)
(-0.130685 0.0842167 0)
(-0.112617 0.0722503 0)
(-0.0853057 0.0637032 0)
(-0.0474595 0.0605214 0)
(0.000887243 0.0620058 0)
(0.058873 0.0662154 0)
(0.12517 0.0716782 0)
(0.197642 0.0770786 0)
(0.273614 0.0812867 0)
(0.35054 0.0837737 0)
(0.42636 0.0844206 0)
(0.499527 0.0833472 0)
(0.56894 0.0808073 0)
(0.633872 0.0771122 0)
(0.693901 0.0725765 0)
(0.74884 0.0674851 0)
(0.798673 0.0620772 0)
(0.843501 0.0565427 0)
(0.883504 0.0510239 0)
(0.918904 0.0456223 0)
(0.949945 0.0404056 0)
(0.976877 0.0354157 0)
(0.999944 0.0306751 0)
(1.01938 0.0261931 0)
(1.03539 0.02197 0)
(1.04818 0.0180014 0)
(1.05794 0.0142796 0)
(1.06484 0.0107966 0)
(1.06903 0.00754001 0)
(1.07066 0.00450299 0)
(1.0699 0.00169388 0)
(1.06694 -0.000893232 0)
(1.06189 -0.0032831 0)
(1.05484 -0.00551242 0)
(1.04587 -0.00763858 0)
(1.03502 -0.00976592 0)
(1.02221 -0.0120851 0)
(1.00722 -0.0149348 0)
(0.989516 -0.0189151 0)
(0.967945 -0.0250892 0)
(0.940456 -0.0353464 0)
(0.902499 -0.0530698 0)
(0.848345 -0.0844447 0)
(0.757962 -0.141978 0)
(0.641502 -0.25205 0)
(0.335979 -0.495521 0)
(0.327931 -0.862143 0)
(0.238783 0.159772 0)
(0.357183 0.172612 0)
(0.470705 0.12763 0)
(0.571647 0.0910149 0)
(0.647997 0.0667755 0)
(0.706931 0.0498578 0)
(0.756332 0.0374312 0)
(0.801016 0.0282414 0)
(0.844092 0.0216302 0)
(0.887682 0.0171773 0)
(0.932921 0.0144505 0)
(0.980051 0.0129733 0)
(1.02868 0.0122997 0)
(1.07807 0.0120593 0)
(1.12732 0.0119748 0)
(1.17556 0.0118642 0)
(1.22204 0.0116273 0)
(1.26614 0.0112258 0)
(1.30742 0.0106607 0)
(1.3456 0.00995568 0)
(1.38051 0.00914414 0)
(1.4121 0.00826102 0)
(1.4404 0.00733841 0)
(1.46549 0.00640335 0)
(1.48749 0.00547728 0)
(1.50654 0.00457641 0)
(1.52281 0.00371244 0)
(1.53644 0.00289352 0)
(1.54761 0.0021251 0)
(1.55646 0.00141053 0)
(1.56317 0.000751616 0)
(1.56787 0.00014882 0)
(1.57072 -0.000397929 0)
(1.57185 -0.000889031 0)
(1.5714 -0.00132412 0)
(1.5695 -0.00170659 0)
(1.56629 -0.00204445 0)
(1.56184 -0.00235243 0)
(1.55619 -0.00265848 0)
(1.5493 -0.00301339 0)
(1.54091 -0.00350608 0)
(1.53052 -0.00428953 0)
(1.51705 -0.00563233 0)
(1.4986 -0.00798259 0)
(1.47127 -0.0121688 0)
(1.42961 -0.0194052 0)
(1.35662 -0.0331312 0)
(1.24348 -0.0573381 0)
(0.972336 -0.130184 0)
(0.997204 -0.299608 0)
)
;

boundaryField
{
    movingWall
    {
        type            fixedValue;
        value           uniform (2 0 0);
    }
    fixedWalls
    {
        type            fixedValue;
        value           uniform (0 0 0);
    }
    frontAndBack
    {
        type            empty;
    }
}


// ************************************************************************* //
