/*--------------------------------*- C++ -*----------------------------------*\
  =========                 |
  \\      /  F ield         | OpenFOAM: The Open Source CFD Toolbox
   \\    /   O peration     | Website:  https://openfoam.org
    \\  /    A nd           | Version:  7
     \\/     M anipulation  |
\*---------------------------------------------------------------------------*/
FoamFile
{
    version     2.0;
    format      ascii;
    class       surfaceScalarField;
    location    "150";
    object      phi;
}
// * * * * * * * * * * * * * * * * * * * * * * * * * * * * * * * * * * * * * //

dimensions      [0 3 -1 0 0 0 0];

internalField   nonuniform List<scalar> 
4900
(
5.13231e-07
-5.6604e-07
1.30222e-06
-7.89367e-07
1.82968e-06
-5.27754e-07
1.89291e-06
-6.35071e-08
1.44142e-06
4.51195e-07
4.91613e-07
9.49504e-07
-9.19294e-07
1.41059e-06
-2.75625e-06
1.83664e-06
-4.99471e-06
2.23815e-06
-7.62039e-06
2.62538e-06
-1.06247e-05
3.00398e-06
-1.39983e-05
3.37336e-06
-1.77252e-05
3.72666e-06
-2.17769e-05
4.05145e-06
-2.6108e-05
4.33083e-06
-3.06528e-05
4.54463e-06
-3.53237e-05
4.6707e-06
-4.00103e-05
4.68637e-06
-4.45805e-05
4.57002e-06
-4.88835e-05
4.30288e-06
-5.27546e-05
3.87092e-06
-5.60216e-05
3.26685e-06
-5.85137e-05
2.49193e-06
-6.00714e-05
1.55759e-06
-6.0558e-05
4.86513e-07
-5.9871e-05
-6.87079e-07
-5.79523e-05
-1.91881e-06
-5.47975e-05
-3.15488e-06
-5.04622e-05
-4.33539e-06
-4.50643e-05
-5.398e-06
-3.87819e-05
-6.28251e-06
-3.18462e-05
-6.93572e-06
-2.45299e-05
-7.31632e-06
-1.71309e-05
-7.3991e-06
-9.95308e-06
-7.17787e-06
-3.28651e-06
-6.66662e-06
2.61229e-06
-5.89884e-06
7.53693e-06
-4.92468e-06
1.13426e-05
-3.80567e-06
1.39516e-05
-2.60907e-06
1.53541e-05
-1.40251e-06
1.56028e-05
-2.48739e-07
1.48053e-05
7.97441e-07
1.31163e-05
1.68906e-06
1.0735e-05
2.3812e-06
7.91232e-06
2.8227e-06
4.96809e-06
2.94422e-06
2.32162e-06
2.64645e-06
5.12475e-07
1.80913e-06
5.12471e-07
7.65664e-07
-1.33212e-06
1.63227e-06
-1.65686e-06
1.73699e-06
-6.33265e-07
6.94767e-07
9.77944e-07
-1.61972e-06
2.76488e-06
-5.20085e-06
4.52981e-06
-9.99242e-06
6.20133e-06
-1.59309e-05
7.77426e-06
-2.29622e-05
9.26866e-06
-3.1042e-05
1.07045e-05
-4.01268e-05
1.20879e-05
-5.01605e-05
1.34063e-05
-6.1062e-05
1.46275e-05
-7.27133e-05
1.57022e-05
-8.49511e-05
1.6568e-05
-9.75612e-05
1.71542e-05
-0.000110277
1.73861e-05
-0.000122783
1.71914e-05
-0.000134718
1.65053e-05
-0.000145693
1.52768e-05
-0.000155297
1.34745e-05
-0.000163122
1.10921e-05
-0.000168784
8.15303e-06
-0.00017194
4.71354e-06
-0.000172318
8.64278e-07
-0.000169735
-3.27024e-06
-0.000164117
-7.53769e-06
-0.000155509
-1.17623e-05
-0.00014409
-1.57548e-05
-0.000130166
-1.93228e-05
-0.000114164
-2.22841e-05
-9.66212e-05
-2.4479e-05
-7.81537e-05
-2.5784e-05
-5.94303e-05
-2.61226e-05
-4.11346e-05
-2.54737e-05
-2.39265e-05
-2.38749e-05
-8.40361e-06
-2.14218e-05
4.93264e-06
-1.8261e-05
1.57057e-05
-1.45788e-05
2.36826e-05
-1.0586e-05
2.87804e-05
-6.50034e-06
3.10645e-05
-2.53291e-06
3.07405e-05
1.12137e-06
2.81427e-05
4.28678e-06
2.37284e-05
6.79547e-06
1.80815e-05
8.46952e-06
1.19291e-05
9.09655e-06
6.16231e-06
8.41326e-06
1.82235e-06
6.14904e-06
2.33481e-06
4.7406e-07
-1.80656e-06
4.18062e-07
-1.60179e-06
-1.00978e-06
7.93719e-07
-4.19119e-06
4.15854e-06
-9.25222e-06
7.8251e-06
-1.6187e-05
1.14638e-05
-2.49349e-05
1.49484e-05
-3.54222e-05
1.82607e-05
-4.75764e-05
2.14221e-05
-6.13234e-05
2.44506e-05
-7.6574e-05
2.73378e-05
-9.32079e-05
3.00395e-05
-0.000111057
3.24759e-05
-0.000129892
3.4537e-05
-0.000149416
3.60914e-05
-0.000169258
3.69958e-05
-0.000188979
3.71063e-05
-0.000208078
3.62897e-05
-0.000226008
3.4435e-05
-0.000242196
3.14645e-05
-0.000256066
2.7344e-05
-0.000267065
2.20907e-05
-0.000274692
1.57797e-05
-0.000278525
8.54661e-06
-0.000278249
5.87716e-07
-0.000273676
-7.84312e-06
-0.000264766
-1.64478e-05
-0.000251636
-2.48933e-05
-0.000234563
-3.28281e-05
-0.000213985
-3.99005e-05
-0.00019049
-4.57795e-05
-0.000164793
-5.01758e-05
-0.000137714
-5.28634e-05
-0.000110138
-5.36984e-05
-8.2979e-05
-5.2633e-05
-5.71302e-05
-4.97238e-05
-3.34203e-05
-4.51318e-05
-1.25681e-05
-3.91133e-05
4.85609e-06
-3.20031e-05
1.84607e-05
-2.41907e-05
2.8053e-05
-1.60926e-05
3.36449e-05
-8.12495e-06
3.54513e-05
-6.85091e-07
3.38821e-05
5.856e-06
2.95317e-05
1.11457e-05
2.31773e-05
1.48239e-05
1.5781e-05
1.64929e-05
8.49734e-06
1.56968e-05
2.68294e-06
1.19634e-05
5.01774e-06
-1.71016e-07
-1.63593e-06
-1.83107e-06
5.73048e-08
-5.60551e-06
4.56728e-06
-1.17435e-05
1.02957e-05
-2.0297e-05
1.63778e-05
-3.12254e-05
2.23914e-05
-4.44538e-05
2.8176e-05
-5.98988e-05
3.3705e-05
-7.74715e-05
3.89941e-05
-9.7066e-05
4.40444e-05
-0.000118541
4.8812e-05
-0.0001417
5.3198e-05
-0.000166277
5.70517e-05
-0.000191921
6.0181e-05
-0.000218197
6.23673e-05
-0.000244585
6.33834e-05
-0.000270491
6.3011e-05
-0.000295261
6.10596e-05
-0.000318209
5.73827e-05
-0.000338639
5.1894e-05
-0.000355875
4.45795e-05
-0.000369291
3.55067e-05
-0.000378341
2.48293e-05
-0.000382583
1.27881e-05
-0.000381703
-2.92569e-07
-0.000375536
-1.40105e-05
-0.000364076
-2.79075e-05
-0.000347488
-4.14819e-05
-0.000326106
-5.42102e-05
-0.000300435
-6.55713e-05
-0.000271141
-7.50738e-05
-0.000239032
-8.22847e-05
-0.000205037
-8.68591e-05
-0.000170169
-8.85666e-05
-0.000135488
-8.73141e-05
-0.000102052
-8.31595e-05
-7.08678e-05
-7.63161e-05
-4.2837e-05
-6.71443e-05
-1.8709e-05
-5.61311e-05
9.5975e-07
-4.38596e-05
1.58379e-05
-3.09708e-05
2.58385e-05
-1.81256e-05
3.1124e-05
-5.97064e-06
3.21042e-05
4.87571e-06
2.9425e-05
1.38249e-05
2.39602e-05
2.02887e-05
1.68066e-05
2.36465e-05
9.29008e-06
2.32133e-05
3.00678e-06
1.82467e-05
8.02453e-06
-1.03952e-06
-5.96792e-07
-4.79506e-06
3.81194e-06
-1.15291e-05
1.13004e-05
-2.12578e-05
2.00236e-05
-3.38969e-05
2.90161e-05
-4.9336e-05
3.78297e-05
-6.74692e-05
4.63085e-05
-8.8197e-05
5.4432e-05
-0.00011141
6.22066e-05
-0.000136967
6.96002e-05
-0.000164667
7.65114e-05
-0.000194233
8.27634e-05
-0.000225295
8.8113e-05
-0.000257384
9.22695e-05
-0.000289935
9.49181e-05
-0.000322298
9.57458e-05
-0.000353754
9.4467e-05
-0.000383542
9.08473e-05
-0.000410885
8.47249e-05
-0.000435019
7.60275e-05
-0.000455224
6.47848e-05
-0.000470853
5.11352e-05
-0.000481352
3.53278e-05
-0.000486283
1.77189e-05
-0.000485342
-1.23446e-06
-0.00047837
-2.09822e-05
-0.000465368
-4.091e-05
-0.000446499
-6.03512e-05
-0.000422097
-7.86117e-05
-0.000392671
-9.49978e-05
-0.000358897
-0.000108848
-0.000321611
-0.00011957
-0.000281793
-0.000126677
-0.000240535
-0.000129825
-0.000199005
-0.000128844
-0.0001584
-0.000123765
-0.000119888
-0.000114828
-8.45522e-05
-0.00010248
-5.33294e-05
-8.7354e-05
-2.69583e-05
-7.02307e-05
-5.93541e-06
-5.19938e-05
9.51575e-06
-3.35768e-05
1.94626e-05
-1.59175e-05
2.42626e-05
7.56677e-08
2.45582e-05
1.35293e-05
2.12606e-05
2.35863e-05
1.55432e-05
2.93638e-05
8.84671e-06
2.99097e-05
2.92482e-06
2.41686e-05
1.09493e-05
-2.06468e-06
1.46757e-06
-8.27063e-06
1.0017e-05
-1.84132e-05
2.14422e-05
-3.21995e-05
3.3809e-05
-4.9359e-05
4.61749e-05
-6.96831e-05
5.8153e-05
-9.3019e-05
6.96437e-05
-0.000119242
8.06541e-05
-0.000148216
9.11799e-05
-0.000179757
0.000101141
-0.000213605
0.000110358
-0.000249398
0.000118556
-0.000286667
0.000125382
-0.000324837
0.000130438
-0.000363234
0.000133314
-0.000401107
0.000133619
-0.000437656
0.000131015
-0.000472054
0.000125245
-0.000503481
0.000116152
-0.000531155
0.0001037
-0.000554348
8.79782e-05
-0.000572418
6.92046e-05
-0.000584816
4.77257e-05
-0.000591106
2.40082e-05
-0.00059097
-1.37024e-06
-0.000584226
-2.77264e-05
-0.000570832
-5.43049e-05
-0.000550897
-8.02855e-05
-0.0005247
-0.000104809
-0.000492691
-0.000127007
-0.000455504
-0.000146036
-0.000413953
-0.000161121
-0.000369029
-0.000171602
-0.000321872
-0.000176982
-0.000273741
-0.000176975
-0.000225966
-0.000171539
-0.000179888
-0.000160907
-0.000136787
-0.000145582
-9.78135e-05
-0.000126327
-6.39211e-05
-0.000104123
-3.58049e-05
-8.011e-05
-1.38593e-05
-5.55224e-05
1.84813e-06
-3.1625e-05
1.15873e-05
-9.66354e-06
1.59601e-05
9.15652e-06
1.5879e-05
2.36674e-05
1.25575e-05
3.26852e-05
7.50716e-06
3.49601e-05
2.567e-06
2.91087e-05
1.35163e-05
-3.20343e-06
4.67064e-06
-1.21091e-05
1.89219e-05
-2.59679e-05
3.53001e-05
-4.41215e-05
5.19619e-05
-6.60788e-05
6.81314e-05
-9.15114e-05
8.35849e-05
-0.000120208
9.83392e-05
-0.000152009
0.000112454
-0.000186746
0.000125917
-0.00022419
0.000138585
-0.000264017
0.000150185
-0.000305787
0.000160326
-0.000348945
0.000168539
-0.000392826
0.000174319
-0.000436679
0.000177167
-0.000479692
0.000176632
-0.000521019
0.000172342
-0.000559814
0.000164039
-0.000595253
0.000151591
-0.000626562
0.000135009
-0.00065303
0.000114446
-0.000674024
9.01986e-05
-0.000688997
6.26981e-05
-0.000697493
3.25041e-05
-0.000699157
2.93737e-07
-0.000693742
-3.31418e-05
-0.000681123
-6.69245e-05
-0.000661312
-0.000100097
-0.000634478
-0.000131643
-0.00060097
-0.000160516
-0.000561328
-0.000185678
-0.0005163
-0.000206148
-0.000466849
-0.000221054
-0.000414133
-0.000229698
-0.000359486
-0.000231621
-0.00030437
-0.000226655
-0.000250309
-0.000214968
-0.00019881
-0.000197081
-0.000151275
-0.000173862
-0.000108918
-0.000146481
-7.26795e-05
-0.000116348
-4.3171e-05
-8.50309e-05
-2.06329e-05
-5.41632e-05
-4.91886e-06
-2.53775e-05
4.49856e-06
-2.60914e-07
8.51318e-06
1.96528e-05
8.35308e-06
3.28453e-05
5.57007e-06
3.7743e-05
2.04104e-06
3.26377e-05
1.55574e-05
-4.42022e-06
9.09062e-06
-1.61826e-05
3.06835e-05
-3.39353e-05
5.3052e-05
-5.66178e-05
7.46437e-05
-8.34959e-05
9.50088e-05
-0.000114109
0.000114198
-0.000148179
0.000132408
-0.000185506
0.00014978
-0.000225883
0.000166294
-0.000269035
0.000181736
-0.000314575
0.000195725
-0.000361997
0.000207747
-0.000410674
0.000217216
-0.000459883
0.000223527
-0.000508824
0.000226109
-0.00055666
0.000224467
-0.000602537
0.000218219
-0.00064562
0.000207121
-0.000685108
0.000191078
-0.00072025
0.000170151
-0.000750356
0.000144552
-0.0007748
0.000114643
-0.000793024
8.09218e-05
-0.000804538
4.40178e-05
-0.000808927
4.68272e-06
-0.000805857
-3.62118e-05
-0.000795097
-7.76853e-05
-0.00077653
-0.000118664
-0.000750185
-0.000157987
-0.000716264
-0.000194437
-0.000675171
-0.000226772
-0.000627537
-0.000253782
-0.000574245
-0.000274347
-0.000516427
-0.000287516
-0.000455459
-0.00029259
-0.000392914
-0.0002892
-0.000330504
-0.000277378
-0.000269986
-0.000257599
-0.000213059
-0.000230788
-0.000161253
-0.000198287
-0.000115819
-0.000161782
-7.76476e-05
-0.000123202
-4.72086e-05
-8.46022e-05
-2.45225e-05
-4.80637e-05
-9.1656e-06
-1.56178e-05
-2.91489e-07
1.07787e-05
3.32826e-06
2.92256e-05
3.26986e-06
3.78014e-05
1.42894e-06
3.44786e-05
1.69863e-05
-5.67922e-06
1.47695e-05
-2.03653e-05
4.53689e-05
-4.20653e-05
7.47513e-05
-6.92955e-05
0.000101873
-0.000101069
0.000126782
-0.000136787
0.000149916
-0.0001761
0.000171721
-0.000218764
0.000192444
-0.000264532
0.000212061
-0.000313079
0.000230283
-0.000363967
0.000246612
-0.000416633
0.000260412
-0.000470402
0.000270985
-0.000524515
0.00027764
-0.000578157
0.000279751
-0.000630491
0.000276801
-0.000680685
0.000268412
-0.000727929
0.000254366
-0.000771458
0.000234607
-0.00081055
0.000209243
-0.000844533
0.000178536
-0.000872787
0.000142896
-0.000894736
0.000102871
-0.000909855
5.9137e-05
-0.000917671
1.24979e-05
-0.000917763
-3.61199e-05
-0.00090979
-8.56577e-05
-0.000893502
-0.000134953
-0.000868766
-0.000182723
-0.000835607
-0.000227596
-0.000794244
-0.000268135
-0.000745134
-0.000302892
-0.000689009
-0.000330471
-0.000626907
-0.000349618
-0.000560176
-0.000359321
-0.000490456
-0.00035892
-0.000419619
-0.000348215
-0.000349679
-0.000327539
-0.000282671
-0.000297797
-0.000220502
-0.000260456
-0.000164816
-0.000217468
-0.00011687
-0.000171148
-7.74407e-05
-0.000124032
-4.67805e-05
-7.87238e-05
-2.46157e-05
-3.77826e-05
-1.01766e-05
-3.66047e-06
-2.24755e-06
2.12966e-05
7.65642e-07
3.47882e-05
7.85638e-07
3.44586e-05
1.7772e-05
-6.94105e-06
2.17104e-05
-2.45259e-05
6.29531e-05
-5.01039e-05
0.000100329
-8.17635e-05
0.000133532
-0.000118265
0.000163282
-0.000158872
0.000190523
-0.000203161
0.000216009
-0.000250841
0.000240123
-0.000301624
0.000262843
-0.00035514
0.000283799
-0.000410905
0.000302377
-0.000468315
0.000317822
-0.000526667
0.000329337
-0.000585189
0.000336161
-0.000643071
0.000337632
-0.000699495
0.000333224
-0.000753659
0.000322576
-0.000804792
0.000305499
-0.000852161
0.000281976
-0.000895075
0.000252156
-0.000932883
0.000216344
-0.000964973
0.000174986
-0.000990769
0.000128667
-0.00100973
7.80961e-05
-0.00102134
2.4111e-05
-0.00102513
-3.23304e-05
-0.00102067
-9.01207e-05
-0.00100758
-0.000148043
-0.000985566
-0.000204734
-0.000954462
-0.0002587
-0.000914256
-0.000308341
-0.000865163
-0.000351985
-0.000807682
-0.000387952
-0.000742653
-0.000414647
-0.000671298
-0.000430676
-0.000595228
-0.00043499
-0.000516412
-0.000427031
-0.000437091
-0.00040686
-0.000359644
-0.000375243
-0.00028642
-0.000333681
-0.000219544
-0.000284344
-0.000160746
-0.000229946
-0.000111223
-0.000173555
-7.15561e-05
-0.000118391
-4.16929e-05
-6.76457e-05
-2.09832e-05
-2.43702e-05
-8.24608e-06
8.55946e-06
-1.86266e-06
2.84049e-05
1.39025e-07
3.24569e-05
1.7911e-05
-8.16241e-06
2.98725e-05
-2.85261e-05
8.33163e-05
-5.77919e-05
0.000129594
-9.36317e-05
0.000169372
-0.00013456
0.00020421
-0.000179707
0.00023567
-0.000228575
0.000264877
-0.000280825
0.000292373
-0.000336127
0.000318144
-0.00039407
0.000341743
-0.000454134
0.00036244
-0.000515687
0.000379374
-0.000578011
0.000391661
-0.000640335
0.000398485
-0.000701865
0.000399162
-0.00076181
0.000393169
-0.000819398
0.000380165
-0.000873894
0.000359994
-0.000924598
0.000332679
-0.000970851
0.000298409
-0.00101203
0.000257528
-0.00104757
0.000210519
-0.0010769
0.000158001
-0.00109952
0.000100711
-0.00111491
3.95067e-05
-0.0011226
-2.46427e-05
-0.0011221
-9.06166e-05
-0.00111296
-0.000157188
-0.00109473
-0.000222962
-0.00106704
-0.000286387
-0.00102963
-0.000345753
-0.000982406
-0.000399209
-0.000925544
-0.000444814
-0.000859569
-0.000480622
-0.000785438
-0.000504807
-0.000704598
-0.000515831
-0.00061899
-0.000512639
-0.000530997
-0.000494853
-0.000443314
-0.000462927
-0.000358753
-0.000418241
-0.00028001
-0.000363087
-0.000209415
-0.000300541
-0.000148726
-0.000234243
-9.89895e-05
-0.000168127
-6.04836e-05
-0.000106152
-3.27479e-05
-5.21058e-05
-1.46722e-05
-9.51618e-06
-4.6105e-06
1.83431e-05
-5.08045e-07
2.83545e-05
1.74029e-05
-9.29688e-06
3.91693e-05
-3.22236e-05
0.000106243
-6.48702e-05
0.00016224
-0.000104518
0.000209019
-0.000149449
0.000249141
-0.000198666
0.000284887
-0.000251598
0.000317808
-0.000307855
0.00034863
-0.000367067
0.000377355
-0.000428785
0.000403461
-0.00049246
0.000426114
-0.000557439
0.000444353
-0.000622999
0.000457221
-0.000688376
0.000463862
-0.00075279
0.000463577
-0.000815474
0.000455852
-0.000875684
0.000440374
-0.000932712
0.000417022
-0.000985895
0.000385863
-0.00103462
0.000347132
-0.00107831
0.000301224
-0.00111647
0.000248672
-0.0011486
0.000190133
-0.00117426
0.000126375
-0.00119303
5.82698e-05
-0.00120445
-1.32225e-05
-0.00120806
-8.7008e-05
-0.00120335
-0.000161893
-0.00118979
-0.000236522
-0.00116682
-0.000309358
-0.00113391
-0.000378662
-0.00109063
-0.000442485
-0.00103676
-0.000498685
-0.000972389
-0.000544997
-0.000898051
-0.000579145
-0.000814851
-0.000599031
-0.000724524
-0.000602966
-0.000629439
-0.000589938
-0.000532502
-0.000559863
-0.000436964
-0.000513779
-0.000346139
-0.000453913
-0.00026308
-0.000383599
-0.000190278
-0.000307046
-0.000129419
-0.000228986
-8.12694e-05
-0.000154301
-4.56721e-05
-8.77031e-05
-2.16466e-05
-3.35416e-05
-7.53721e-06
4.2338e-06
-1.17349e-06
2.19908e-05
1.62295e-05
-1.02975e-05
4.94666e-05
-3.54778e-05
0.000131423
-7.10876e-05
0.00019785
-0.000114057
0.000251988
-0.000162457
0.000297541
-0.000215167
0.000337596
-0.000271541
0.000374182
-0.000331138
0.000408228
-0.000393546
0.000439763
-0.000458283
0.000468198
-0.000524772
0.000492603
-0.000592345
0.000511926
-0.000660274
0.00052515
-0.000727797
0.000531385
-0.000794146
0.000529925
-0.000858567
0.000520273
-0.000920335
0.000502143
-0.000978775
0.000475462
-0.00103327
0.000440353
-0.00108325
0.000397118
-0.00112825
0.000346222
-0.00116784
0.000288267
-0.00120168
0.000223966
-0.00122943
0.000154125
-0.00125078
7.96226e-05
-0.0012654
1.4019e-06
-0.00127289
-7.95168e-05
-0.00127278
-0.000162011
-0.00126446
-0.000244836
-0.00124726
-0.000326557
-0.00122042
-0.000405507
-0.00118316
-0.000479745
-0.00113481
-0.000547032
-0.00107494
-0.000604864
-0.00100353
-0.000650555
-0.00092114
-0.000681422
-0.000829071
-0.000695034
-0.000729452
-0.000689557
-0.00062521
-0.000664105
-0.000519915
-0.000619074
-0.000417482
-0.000556345
-0.000321777
-0.000479305
-0.000236187
-0.000392636
-0.000163254
-0.000301918
-0.000104442
-0.000213113
-6.0064e-05
-0.000132081
-2.93737e-05
-6.42319e-05
-1.07484e-05
-1.43915e-05
-1.89014e-06
1.31327e-05
1.43393e-05
-1.11187e-05
6.05854e-05
-3.81558e-05
0.00015846
-7.62112e-05
0.000235905
-0.000121917
0.000297694
-0.000173155
0.000348779
-0.000228686
0.000393128
-0.00028779
0.000433285
-0.000349971
0.000470409
-0.000414773
0.000504565
-0.000481681
0.000535105
-0.00055009
0.000561012
-0.000619317
0.000581154
-0.000688624
0.000594458
-0.000757246
0.000600007
-0.000824415
0.000597095
-0.000889385
0.000585242
-0.00095145
0.000564208
-0.00100997
0.00053398
-0.00106437
0.000494759
-0.0011142
0.000446943
-0.00115907
0.000391095
-0.00119871
0.000327909
-0.00123292
0.000258176
-0.00126155
0.00018275
-0.00128444
0.000102516
-0.00130142
1.83862e-05
-0.00131222
-6.87159e-05
-0.00131645
-0.000157785
-0.00131354
-0.000247748
-0.00130274
-0.000337357
-0.00128312
-0.000425122
-0.00125363
-0.000509235
-0.00121317
-0.000587498
-0.00116073
-0.000657298
-0.00109564
-0.00071565
-0.00101773
-0.000759326
-0.000927649
-0.000785119
-0.000826988
-0.000790217
-0.000718422
-0.000772672
-0.000605612
-0.000731884
-0.00049295
-0.000669007
-0.000385116
-0.000587138
-0.000286532
-0.00049122
-0.000200818
-0.000387632
-0.000130391
-0.00028354
-7.62666e-05
-0.000186206
-3.80962e-05
-0.000102402
-1.43739e-05
-3.81138e-05
-2.6998e-06
1.45862e-06
1.16395e-05
-1.172e-05
7.23052e-05
-4.01398e-05
0.000186879
-8.00364e-05
0.000275802
-0.000127808
0.000345465
-0.000181173
0.000402143
-0.00023878
0.000450735
-0.000299828
0.000494334
-0.000363765
0.000534346
-0.000430088
0.000570888
-0.000498245
0.000603262
-0.000567604
0.000630371
-0.000637462
0.000651012
-0.000707066
0.000664062
-0.000775639
0.00066858
-0.000842409
0.000663864
-0.000906634
0.000649468
-0.000967633
0.000625207
-0.00102481
0.000591155
-0.00107767
0.000547622
-0.00112586
0.000495131
-0.00116914
0.000434373
-0.00120739
0.000366164
-0.0012406
0.000291388
-0.00126881
0.000210957
-0.00129206
0.000125768
-0.00131036
3.66867e-05
-0.00132361
-5.5463e-05
-0.00133156
-0.000149838
-0.00133373
-0.000245575
-0.00132941
-0.00034168
-0.00131759
-0.000436938
-0.00129703
-0.000529798
-0.00126627
-0.000618258
-0.00122379
-0.000699772
-0.00116823
-0.000771219
-0.00109858
-0.000828968
-0.00101461
-0.000869087
-0.000917108
-0.000887724
-0.000808128
-0.000881651
-0.000691096
-0.000848917
-0.00057062
-0.000789482
-0.000452078
-0.00070568
-0.000340969
-0.00060233
-0.000242189
-0.000486412
-0.000159389
-0.00036634
-9.45794e-05
-0.000251015
-4.80464e-05
-0.000148935
-1.85475e-05
-6.76126e-05
-3.64452e-06
-1.34443e-05
7.99502e-06
-1.20674e-05
8.43728e-05
-4.1333e-05
0.000216145
-8.23962e-05
0.000316865
-0.000131496
0.000394566
-0.000186216
0.000456863
-0.000245096
0.000509614
-0.000307252
0.00055649
-0.000372067
0.000599162
-0.000438989
0.00063781
-0.000507428
0.000671701
-0.000576723
0.000699666
-0.000646146
0.000720435
-0.000714923
0.000732839
-0.000782264
0.000735922
-0.000847394
0.000728994
-0.000909581
0.000711656
-0.000968178
0.000683805
-0.00102265
0.000645628
-0.0010726
0.000597576
-0.0011178
0.000540328
-0.00115816
0.000474733
-0.00119374
0.000401744
-0.00122471
0.000322358
-0.0012513
0.00023755
-0.00127376
0.000148229
-0.00129229
5.52134e-05
-0.00130697
-4.07777e-05
-0.00131773
-0.00013908
-0.00132424
-0.000239061
-0.0013259
-0.000340022
-0.00132175
-0.00044109
-0.00131047
-0.000541077
-0.0012904
-0.000638323
-0.00125963
-0.000730543
-0.00121615
-0.0008147
-0.00115814
-0.000886978
-0.00108434
-0.000942889
-0.000994462
-0.000977601
-0.000889613
-0.0009865
-0.000772552
-0.000965977
-0.000647716
-0.000914318
-0.0005209
-0.000832497
-0.000398589
-0.00072464
-0.000287066
-0.000597935
-0.000191485
-0.00046192
-0.000115188
-0.000327312
-5.94064e-05
-0.000204717
-2.33835e-05
-0.000103635
-4.76203e-06
-3.20657e-05
3.23299e-06
-1.2137e-05
9.65098e-05
-4.16649e-05
0.000245673
-8.31691e-05
0.000358369
-0.000132813
0.000444209
-0.000188072
0.000512123
-0.000247387
0.000568929
-0.000309783
0.000618887
-0.000374575
0.000663954
-0.000441157
0.000704392
-0.000508898
0.000739443
-0.000577108
0.000767876
-0.000645032
0.000788359
-0.000711879
0.000799686
-0.000776848
0.000800892
-0.000839168
0.000791314
-0.000898133
0.000770621
-0.000953145
0.000738817
-0.00100375
0.000696234
-0.00104967
0.000643493
-0.00109079
0.000581455
-0.0011272
0.000511144
-0.00115913
0.000433666
-0.0011869
0.000350133
-0.00121094
0.000261586
-0.00123166
0.000168947
-0.00124943
7.29868e-05
-0.00126453
-2.56784e-05
-0.00127705
-0.000126559
-0.00128686
-0.00022925
-0.00129352
-0.000333358
-0.00129623
-0.00043838
-0.00129375
-0.000543557
-0.00128438
-0.000647691
-0.001266
-0.000748932
-0.00123613
-0.000844569
-0.00119222
-0.000930881
-0.00113201
-0.0010031
-0.00105399
-0.00105563
-0.000957976
-0.00108251
-0.000845644
-0.00107831
-0.000720762
-0.0010392
-0.000589103
-0.000964155
-0.000457871
-0.000855872
-0.000334695
-0.00072111
-0.000226436
-0.000570179
-0.000138113
-0.000415636
-7.22761e-05
-0.000270553
-2.8961e-05
-0.00014695
-6.08321e-06
-5.49434e-05
-2.85021e-06
-1.19154e-05
0.000108425
-4.10958e-05
0.000274854
-8.22851e-05
0.000399559
-0.000131659
0.000493583
-0.000186624
0.000567088
-0.00024552
0.000627825
-0.000307283
0.000680651
-0.000371152
0.000727822
-0.000436465
0.000769705
-0.000502552
0.000805531
-0.000568691
0.000834016
-0.00063411
0.000853779
-0.000698005
0.000863582
-0.000759578
0.000862465
-0.000818075
0.000849811
-0.000872834
0.00082538
-0.000923329
0.000789312
-0.000969204
0.000742109
-0.0010103
0.000684588
-0.00104665
0.000617805
-0.00107847
0.000542971
-0.00110615
0.000461346
-0.00113017
0.00037415
-0.00115107
0.000282486
-0.00116941
0.000187286
-0.00118569
8.92736e-05
-0.00120034
-1.10281e-05
-0.00121362
-0.000113285
-0.00122557
-0.000217299
-0.00123597
-0.000322956
-0.00124424
-0.000430112
-0.00124934
-0.000538455
-0.00124972
-0.00064731
-0.00124325
-0.000755397
-0.00122727
-0.000860552
-0.0011987
-0.000959449
-0.0011544
-0.00104741
-0.00109163
-0.00111839
-0.00100878
-0.00116536
-0.000906015
-0.00118107
-0.000785914
-0.0011593
-0.000653666
-0.0010964
-0.000516729
-0.000992809
-0.000383856
-0.000853983
-0.00026367
-0.000690365
-0.000163174
-0.000516132
-8.66544e-05
-0.000347073
-3.5319e-05
-0.000198286
-7.62876e-06
-8.26336e-05
-1.0479e-05
-1.14017e-05
0.000119827
-3.96187e-05
0.000303072
-7.97285e-05
0.000439669
-0.000128013
0.000541868
-0.000181847
0.000620923
-0.00023948
0.00068546
-0.000299754
0.000740925
-0.000361828
0.000789896
-0.000424984
0.000832862
-0.000488515
0.000869063
-0.000551678
0.000897179
-0.000613688
0.000915789
-0.000673746
0.000923639
-0.00073107
0.00091979
-0.000784949
0.00090369
-0.000834785
0.000875216
-0.00088014
0.000834668
-0.00092077
0.00078274
-0.000956639
0.000720457
-0.000987912
0.00064908
-0.00101494
0.000569999
-0.00103821
0.000484619
-0.00105832
0.000394258
-0.0010759
0.000300065
-0.00109159
0.000202973
-0.00110598
0.000103664
-0.00111958
2.57446e-06
-0.00113278
-0.000100086
-0.00114579
-0.00020429
-0.00115859
-0.000310155
-0.00117085
-0.000417848
-0.00118184
-0.000527466
-0.00119029
-0.000638862
-0.00119429
-0.000751394
-0.00119123
-0.000863606
-0.00117784
-0.000972842
-0.00115036
-0.00107489
-0.00110501
-0.00116374
-0.0010387
-0.00123168
-0.00094986
-0.00126991
-0.000839409
-0.00126975
-0.000711317
-0.00122449
-0.000572675
-0.00113145
-0.000432913
-0.000993745
-0.000302291
-0.000820987
-0.000189986
-0.000628437
-0.00010243
-0.000434629
-4.24512e-05
-0.000258265
-9.40764e-06
-0.000115677
-1.98866e-05
-1.06071e-05
0.000130435
-3.72598e-05
0.000329725
-7.55389e-05
0.000477949
-0.000121928
0.000588258
-0.000173813
0.000672808
-0.000229367
0.000741014
-0.000287334
0.000798892
-0.000346793
0.000849356
-0.000406973
0.000893042
-0.000467136
0.000929225
-0.000526525
0.000956569
-0.000584361
0.000973626
-0.000639867
0.000979145
-0.000692301
0.000972225
-0.000741015
0.000952405
-0.000785496
0.000919698
-0.000825411
0.000874583
-0.00086063
0.000817959
-0.000891236
0.000751064
-0.000917512
0.000675356
-0.000939905
0.000592392
-0.000958986
0.000503701
-0.000975402
0.000410675
-0.000989832
0.000314495
-0.00100294
0.000216082
-0.00101535
0.000116074
-0.00102761
1.48387e-05
-0.00104019
-8.75121e-05
-0.0010534
-0.000191082
-0.0010674
-0.000296154
-0.00108211
-0.000403131
-0.00109713
-0.000512449
-0.00111156
-0.000624431
-0.00112389
-0.000739066
-0.00113182
-0.000855677
-0.00113217
-0.000972485
-0.00112097
-0.00108609
-0.0010937
-0.00119101
-0.00104597
-0.00127941
-0.00097445
-0.00134143
-0.000878035
-0.00136617
-0.000758901
-0.00134363
-0.000623046
-0.00126731
-0.000479946
-0.00113685
-0.000341128
-0.000959805
-0.000217967
-0.000751598
-0.000119383
-0.000533213
-5.03051e-05
-0.000327342
-1.14177e-05
-0.000154564
-3.13042e-05
-9.5549e-06
0.00013999
-3.4078e-05
0.000354249
-6.98093e-05
0.000513681
-0.000113531
0.00063198
-0.000162687
0.000721964
-0.000215389
0.000793718
-0.00027029
0.000853793
-0.000326388
0.000905455
-0.000382861
0.000949516
-0.00043895
0.000985314
-0.0004939
0.00101152
-0.000546957
0.00102668
-0.000597384
0.00102957
-0.000644506
0.00101935
-0.000687756
0.000995656
-0.000726723
0.000958665
-0.000761184
0.000909044
-0.000791125
0.000847901
-0.000816737
0.000776676
-0.00083839
0.00069701
-0.000856601
0.000610603
-0.000871982
0.000519082
-0.000885197
0.000423889
-0.000896915
0.000326214
-0.000907786
0.000226953
-0.000918411
0.0001267
-0.000929331
2.57596e-05
-0.000941021
-7.58222e-05
-0.000953868
-0.000178235
-0.000968156
-0.000281866
-0.000984013
-0.000387273
-0.00100133
-0.000495132
-0.00101962
-0.000606137
-0.00103786
-0.00072083
-0.00105424
-0.000839299
-0.00106599
-0.000960733
-0.00106927
-0.00108281
-0.00105926
-0.00120101
-0.00103064
-0.00130803
-0.00097848
-0.00139359
-0.000899545
-0.0014451
-0.00079375
-0.00144942
-0.000665295
-0.00139576
-0.000522913
-0.00127923
-0.000378814
-0.0011039
-0.000246367
-0.000884045
-0.00013719
-0.000642389
-5.87844e-05
-0.000405748
-1.36471e-05
-0.000199702
-4.49513e-05
-8.27851e-06
0.000148269
-3.01616e-05
0.000376133
-6.26824e-05
0.000546203
-0.000103015
0.000672313
-0.000148713
0.000767664
-0.000197854
0.000842859
-0.000249001
0.000904941
-0.000301077
0.000957532
-0.000353216
0.00100166
-0.000404647
0.00103675
-0.000454635
0.00106151
-0.000502468
0.00107452
-0.000547475
0.00107458
-0.000589064
0.00106094
-0.000626769
0.00103336
-0.000660289
0.000992185
-0.000689514
0.00093827
-0.000714534
0.000872921
-0.000735626
0.000797768
-0.000753226
0.00071461
-0.000767884
0.000625261
-0.000780217
0.000531415
-0.000790867
0.000434539
-0.000800462
0.000335809
-0.000809594
0.000236085
-0.000818808
0.000135914
-0.000828596
3.5548e-05
-0.000839406
-6.50125e-05
-0.000851637
-0.000166003
-0.000865642
-0.00026786
-0.000881696
-0.000371219
-0.000899933
-0.000476894
-0.000920241
-0.00058583
-0.000942076
-0.000698995
-0.000964229
-0.000817146
-0.000984542
-0.00094042
-0.000999649
-0.0010677
-0.00100487
-0.00119579
-0.000994438
-0.00131846
-0.000962194
-0.00142583
-0.000902907
-0.00150439
-0.000813998
-0.00153833
-0.00069726
-0.0015125
-0.000559858
-0.00141663
-0.000413906
-0.00124986
-0.000274319
-0.00102363
-0.000155445
-0.000761264
-6.77522e-05
-0.00049344
-1.60738e-05
-0.00025138
-6.10251e-05
-6.8205e-06
0.00015509
-2.56244e-05
0.000394938
-5.43447e-05
0.000574924
-9.06334e-05
0.000708603
-0.000132214
0.000809245
-0.000177152
0.000887798
-0.000223941
0.00095173
-0.000271431
0.00100502
-0.000318717
0.00104894
-0.000365031
0.00108306
-0.000409671
0.00110615
-0.000451987
0.00111683
-0.000491394
0.00111399
-0.000527399
0.00109694
-0.000559649
0.00106561
-0.000587954
0.00102049
-0.000612309
0.000962626
-0.000632895
0.000893507
-0.000650054
0.000814927
-0.000664253
0.00072881
-0.000676048
0.000637056
-0.000686028
0.000541396
-0.000694786
0.000443297
-0.00070288
0.000343904
-0.000710825
0.00024403
-0.000719084
0.000144173
-0.000728077
4.4541e-05
-0.000738194
-5.48954e-05
-0.000749809
-0.000154387
-0.00076329
-0.00025438
-0.000778991
-0.000355518
-0.00079722
-0.000458664
-0.000818153
-0.000564897
-0.000841684
-0.000675464
-0.000867193
-0.000791637
-0.000893225
-0.000914387
-0.000917134
-0.0010438
-0.000934771
-0.00117815
-0.000940424
-0.00131281
-0.000927247
-0.00143901
-0.000888375
-0.00154326
-0.000818764
-0.00160794
-0.000717397
-0.00161387
-0.000589103
-0.00154492
-0.00044501
-0.00139395
-0.000300911
-0.00116773
-0.00017368
-0.000888495
-7.70382e-05
-0.000590082
-1.86664e-05
-0.000309752
-7.96915e-05
-5.22955e-06
0.00016032
-2.06011e-05
0.00041031
-4.50189e-05
0.000599343
-7.66908e-05
0.000740276
-0.000113568
0.000846123
-0.000153746
0.000927976
-0.000195658
0.000993642
-0.000238094
0.00104746
-0.000280118
0.00109097
-0.000320971
0.00112391
-0.000360003
0.00114518
-0.00039664
0.00115347
-0.000430396
0.00114774
-0.000460892
0.00112744
-0.000487888
0.00109261
-0.000511305
0.00104391
-0.000531231
0.000982553
-0.000547916
0.000910192
-0.00056174
0.000828751
-0.00057318
0.000740251
-0.000582766
0.000646643
-0.00059104
0.00054967
-0.000598521
0.000450778
-0.000605686
0.000351069
-0.00061296
0.000251304
-0.000620715
0.000151928
-0.000629289
5.3115e-05
-0.000639
-4.51844e-05
-0.00065017
-0.000143217
-0.000663144
-0.000241405
-0.000678301
-0.000340361
-0.000696041
-0.000440924
-0.000716736
-0.000544201
-0.000740619
-0.000651581
-0.00076758
-0.000764676
-0.00079686
-0.000885108
-0.000826635
-0.00101402
-0.000853567
-0.00115122
-0.00087247
-0.00129391
-0.000876384
-0.0014351
-0.000857361
-0.00156229
-0.000808191
-0.00165711
-0.000724912
-0.00169714
-0.000609406
-0.00166043
-0.000470913
-0.00153244
-0.000325256
-0.00131339
-0.000191407
-0.00102234
-8.64496e-05
-0.000695039
-2.13854e-05
-0.000374816
-0.000101077
-3.55866e-06
0.000163879
-1.52409e-05
0.000421993
-3.49563e-05
0.000619059
-6.15318e-05
0.000766852
-9.32082e-05
0.000877801
-0.000128149
0.000962918
-0.000164755
0.00103025
-0.000201764
0.00108447
-0.000238216
0.00112742
-0.000273372
0.00115907
-0.00030664
0.00117845
-0.000337537
0.00118437
-0.000365684
0.00117589
-0.000390821
0.00115258
-0.000412821
0.00111461
-0.000431706
0.00106279
-0.000447644
0.000998491
-0.000460931
0.00092348
-0.000471965
0.000839785
-0.000481205
0.000749491
-0.000489137
0.000654575
-0.000496235
0.000556768
-0.000502939
0.000457482
-0.000509636
0.000357767
-0.000516661
0.000258329
-0.000524298
0.000159565
-0.000532802
6.16195e-05
-0.000542418
-3.55685e-05
-0.000553405
-0.00013223
-0.000566061
-0.000228749
-0.000580747
-0.000325675
-0.000597891
-0.00042378
-0.000617971
-0.000524121
-0.000641443
-0.000628109
-0.000668586
-0.000737533
-0.000699239
-0.000854454
-0.00073239
-0.000980869
-0.000765644
-0.00111797
-0.000794685
-0.00126487
-0.000812985
-0.0014168
-0.000812156
-0.00156311
-0.000783343
-0.00168593
-0.00071979
-0.0017607
-0.000620063
-0.00176016
-0.000490687
-0.00166182
-0.000346576
-0.0014575
-0.000208152
-0.00116077
-9.57866e-05
-0.000807404
-2.41867e-05
-0.000446416
-0.000125264
-1.86214e-06
0.000165741
-9.70217e-06
0.000429834
-2.44281e-05
0.000633786
-4.55311e-05
0.000787956
-7.16002e-05
0.00090387
-0.000100916
0.000992235
-0.000131873
0.00106121
-0.00016317
0.00111577
-0.000193831
0.00115808
-0.000223139
0.00118838
-0.000250569
0.00120588
-0.000275733
0.00120953
-0.000298367
0.00119852
-0.000318327
0.00117254
-0.000335596
0.00113188
-0.000350284
0.00107748
-0.000362621
0.00101083
-0.000372933
0.000933792
-0.000381612
0.000848464
-0.000389083
0.000756963
-0.000395773
0.000661265
-0.000402082
0.000563077
-0.000408362
0.000463763
-0.000414916
0.000364321
-0.000421993
0.000265405
-0.000429798
0.000167371
-0.000438514
7.03358e-05
-0.000448317
-2.57654e-05
-0.000459404
-0.000121143
-0.000472017
-0.000216136
-0.000486473
-0.00031122
-0.000503182
-0.000407071
-0.000522651
-0.000504651
-0.000545453
-0.000605308
-0.000572122
-0.000710864
-0.000602952
-0.000823624
-0.000637632
-0.000946189
-0.000674709
-0.00108089
-0.000710922
-0.00122865
-0.000740608
-0.00138711
-0.000755573
-0.00154815
-0.000745988
-0.00169551
-0.000702719
-0.00180397
-0.000620921
-0.00184195
-0.000503756
-0.00177898
-0.00036426
-0.00159699
-0.000223501
-0.00130153
-0.00010486
-0.000926045
-2.70251e-05
-0.00052425
-0.000152289
-1.93809e-07
0.000165935
-4.14649e-06
0.000433788
-1.37172e-05
0.000643358
-2.9084e-05
0.000803324
-4.92379e-05
0.000924025
-7.26269e-05
0.00101562
-9.76728e-05
0.00108625
-0.000123052
0.00114115
-0.000147777
0.00118281
-0.000171157
0.00121176
-0.000192732
0.00122746
-0.000212214
0.00122902
-0.00022945
0.00121576
-0.000244409
0.0011875
-0.000257176
0.00114464
-0.000267938
0.00108824
-0.000276972
0.00101986
-0.000284614
0.000941435
-0.00029124
0.00085509
-0.000297227
0.00076295
-0.000302934
0.000666972
-0.000308682
0.000568825
-0.000314743
0.000469824
-0.000321338
0.000370916
-0.000328642
0.000272709
-0.000336795
0.000175524
-0.000345918
7.94585e-05
-0.00035613
-1.55529e-05
-0.000367575
-0.000109699
-0.000380439
-0.000203271
-0.000394986
-0.000296673
-0.000411577
-0.00039048
-0.000430698
-0.00048553
-0.000452951
-0.000583056
-0.000479001
-0.000684813
-0.000509441
-0.000793185
-0.000544498
-0.000911132
-0.00058355
-0.00104184
-0.000624424
-0.00118778
-0.000662587
-0.00134895
-0.000690587
-0.00152015
-0.000698334
-0.00168776
-0.000674938
-0.00182736
-0.000612337
-0.00190455
-0.000509909
-0.00188141
-0.000377912
-0.00172899
-0.000237134
-0.00144231
-0.000113509
-0.00104967
-2.98593e-05
-0.000607901
-0.000182148
1.39532e-06
0.000164541
1.26579e-06
0.000433919
-3.10989e-06
0.000647734
-1.25966e-05
0.000812811
-2.66308e-05
0.00093806
-4.38788e-05
0.00103287
-6.2828e-05
0.0011052
-8.21521e-05
0.00116047
-0.000100857
0.00120151
-0.000118278
0.00122918
-0.000134019
0.0012432
-0.000147884
0.00124288
-0.00015983
0.00122771
-0.000169932
0.0011976
-0.000178365
0.00115308
-0.000185384
0.00109526
-0.000191299
0.00102578
-0.000196449
0.000946585
-0.000201179
0.00085982
-0.000205814
0.000767586
-0.000210645
0.000671804
-0.000215916
0.000574096
-0.000221823
0.000475731
-0.000228516
0.000377609
-0.000236108
0.000280301
-0.000244684
0.000184101
-0.000254321
8.90949e-05
-0.000265094
-4.77962e-06
-0.000277103
-9.76894e-05
-0.00029049
-0.000189885
-0.000305461
-0.000281702
-0.00032232
-0.00037362
-0.000341498
-0.000466353
-0.000363564
-0.00056099
-0.000389218
-0.000659159
-0.000419208
-0.000763195
-0.000454123
-0.000876218
-0.000493994
-0.00100197
-0.000537636
-0.00114414
-0.00058175
-0.00130483
-0.00062001
-0.00148189
-0.000642742
-0.00166503
-0.000638038
-0.00183207
-0.000595072
-0.00194752
-0.000509275
-0.00196721
-0.000387358
-0.00185091
-0.000248849
-0.00158082
-0.00012162
-0.0011769
-3.26569e-05
-0.000696864
-0.000214805
2.86017e-06
0.000161681
6.38311e-06
0.000430397
7.1088e-06
0.000647009
3.51973e-06
0.000816401
-4.29664e-06
0.000945877
-1.52771e-05
0.00104385
-2.80152e-05
0.00111794
-4.12048e-05
0.00117366
-5.38529e-05
0.00121416
-6.53184e-05
0.00124065
-7.52623e-05
0.00125314
-8.35743e-05
0.00125119
-9.03103e-05
0.00123444
-9.56449e-05
0.00120293
-9.98359e-05
0.00115727
-0.000103195
0.00109862
-0.000106057
0.00102864
-0.000108759
0.000949287
-0.000111612
0.000862673
-0.000114888
0.000770863
-0.000118813
0.000675729
-0.000123561
0.000578844
-0.000129259
0.000481429
-0.000135998
0.000384348
-0.00014384
0.000288143
-0.000152829
0.000193091
-0.000163009
9.9274e-05
-0.000174424
6.63569e-06
-0.000187144
-8.4969e-05
-0.000201274
-0.000175755
-0.000216974
-0.000266002
-0.000234489
-0.000356106
-0.000254178
-0.000446665
-0.000276545
-0.000538622
-0.000302253
-0.00063345
-0.00033209
-0.000733358
-0.000366842
-0.000841466
-0.000406996
-0.000961813
-0.000452179
-0.00109895
-0.000500266
-0.00125675
-0.000546275
-0.00143588
-0.00058149
-0.00162982
-0.000593764
-0.00181979
-0.000570153
-0.00197113
-0.000502253
-0.00203511
-0.000392631
-0.00196053
-0.000258568
-0.00171488
-0.000129136
-0.00130633
-3.53993e-05
-0.000790601
-0.000250204
4.16093e-06
0.00015752
1.10652e-05
0.000423494
1.66676e-05
0.000641408
1.88605e-05
0.000814209
1.72437e-05
0.000947495
1.25667e-05
0.00104853
6.0867e-06
0.00112442
-9.37869e-07
0.00118069
-7.52658e-06
0.00122075
-1.30597e-05
0.00124618
-1.7246e-05
0.00125733
-2.00506e-05
0.001254
-2.16192e-05
0.00123601
-2.22157e-05
0.00120353
-2.2173e-05
0.00115723
-2.18534e-05
0.0010983
-2.16158e-05
0.0010284
-2.17899e-05
0.000949461
-2.26576e-05
0.000863541
-2.44436e-05
0.000772649
-2.73141e-05
0.000678599
-3.13821e-05
0.000582912
-3.67182e-05
0.000486765
-4.33629e-05
0.000390993
-5.13384e-05
0.000296118
-6.066e-05
0.000202413
-7.13454e-05
0.000109959
-8.34221e-05
1.87124e-05
-9.69393e-05
-7.14519e-05
-0.000111977
-0.000160717
-0.000128659
-0.00024932
-0.000147176
-0.000337588
-0.000167819
-0.000426022
-0.000191008
-0.000515433
-0.000217324
-0.000607134
-0.000247515
-0.000703167
-0.000282432
-0.000806549
-0.000322828
-0.000921417
-0.000368924
-0.00105286
-0.000419614
-0.00120606
-0.000471294
-0.0013842
-0.000516588
-0.00158452
-0.000543827
-0.00179255
-0.000538732
-0.00197623
-0.000489421
-0.00208442
-0.000393927
-0.00205602
-0.000266335
-0.00184247
-0.000136065
-0.0014366
-3.80863e-05
-0.00088858
-0.00028829
5.26445e-06
0.000152256
1.51865e-05
0.000413573
2.53088e-05
0.000631287
3.30277e-05
0.000806491
3.74731e-05
0.00094305
3.90472e-05
0.00104696
3.88093e-05
0.00112466
3.79352e-05
0.00118156
3.73811e-05
0.0012213
3.77484e-05
0.00124581
3.92878e-05
0.00125579
4.197e-05
0.00125132
4.55703e-05
0.00123241
4.97446e-05
0.00119936
5.40913e-05
0.00115288
5.82001e-05
0.00109419
6.1689e-05
0.00102491
6.42302e-05
0.00094692
6.55651e-05
0.000862206
6.55079e-05
0.000772706
6.39401e-05
0.000680167
6.07981e-05
0.000586054
5.60579e-05
0.000491505
4.97184e-05
0.000397332
4.1788e-05
0.000304049
3.22732e-05
0.000211927
2.11712e-05
0.000121061
8.46464e-06
3.14189e-05
-5.8828e-06
-5.71045e-05
-2.19355e-05
-0.000144664
-3.97917e-05
-0.000231464
-5.96002e-05
-0.00031778
-8.15864e-05
-0.000404036
-0.000106086
-0.000490934
-0.00013358
-0.00057964
-0.000164724
-0.000672024
-0.000200334
-0.000770939
-0.000241271
-0.00088048
-0.00028814
-0.00100599
-0.000340631
-0.00115357
-0.000396417
-0.00132841
-0.000449658
-0.00153128
-0.000489764
-0.00175245
-0.000501951
-0.00196404
-0.000471435
-0.00211493
-0.00039155
-0.00213591
-0.00027229
-0.00196173
-0.000142482
-0.00156641
-4.07395e-05
-0.000990323
-0.00032903
6.14378e-06
0.000146113
1.86363e-05
0.000401081
3.2796e-05
0.000617128
4.56414e-05
0.000793646
5.58777e-05
0.000932815
6.35459e-05
0.00103929
6.94671e-05
0.00111874
7.46963e-05
0.00117633
8.01412e-05
0.00121586
8.63789e-05
0.00123958
9.36273e-05
0.00124854
0.000101805
0.00124314
0.00011062
0.0012236
0.000119656
0.00119032
0.000128449
0.00114409
0.000136539
0.0010861
0.000143519
0.00101793
0.000149055
0.000941384
0.000152901
0.00085836
0.000154897
0.00077071
0.00015496
0.000680104
0.000153064
0.000587951
0.000149218
0.000495351
0.000143451
0.000403098
0.000135796
0.000311704
0.000126272
0.000221451
0.000114888
0.000132445
0.00010163
4.46764e-05
8.64679e-05
-4.19424e-05
6.93443e-05
-0.000127541
5.01786e-05
-0.000212299
2.88549e-05
-0.000296456
5.20271e-06
-0.000380384
-2.10325e-05
-0.000464699
-5.02279e-05
-0.000550445
-8.29205e-05
-0.000639331
-0.00011983
-0.00073403
-0.000161807
-0.000838503
-0.00020965
-0.000958146
-0.000263613
-0.0010996
-0.00032245
-0.00126958
-0.000381882
-0.00147185
-0.000432833
-0.0017015
-0.000460827
-0.00193604
-0.000448928
-0.00212683
-0.000385831
-0.00219901
-0.000276633
-0.00207093
-0.000148519
-0.00169452
-4.3405e-05
-0.00109544
-0.000372435
6.77763e-06
0.000139336
2.13181e-05
0.000386541
3.89107e-05
0.000599536
5.63399e-05
0.000776218
7.19578e-05
0.000917197
8.54524e-05
0.0010258
9.73759e-05
0.00110682
0.000108622
0.00116509
0.000120019
0.00120446
0.000132107
0.00122749
0.000145072
0.00123558
0.000158788
0.00122942
0.000172907
0.00120948
0.000186948
0.00117628
0.000200388
0.00113065
0.000212718
0.00107377
0.000223498
0.00100715
0.000232379
0.000932504
0.000239114
0.000851625
0.000243557
0.000766267
0.000245642
0.000678019
0.000245367
0.000588226
0.000242766
0.000497953
0.000237886
0.000407978
0.000230776
0.000318815
0.000221467
0.00023076
0.000209971
0.000143941
0.000196279
5.83687e-05
0.00018036
-2.60235e-05
0.000162162
-0.000109343
0.000141615
-0.000191752
0.000118626
-0.000273467
9.30674e-05
-0.000354826
6.4755e-05
-0.000436387
3.3413e-05
-0.000519103
-1.36681e-06
-0.000604551
-4.01675e-05
-0.000695229
-8.37545e-05
-0.000794916
-0.000132975
-0.000908925
-0.000188428
-0.00104415
-0.000249708
-0.00120829
-0.000313985
-0.00140757
-0.00037395
-0.00164153
-0.000416166
-0.00189383
-0.000422418
-0.00212058
-0.000377058
-0.00224437
-0.000279578
-0.00216841
-0.000154356
-0.00181974
-4.61559e-05
-0.00120364
-0.000418591
7.14842e-06
0.000132187
2.31453e-05
0.000370545
4.34497e-05
0.000579232
6.47757e-05
0.000754892
8.52226e-05
0.000896751
0.000104158
0.00100686
0.000121847
0.00108913
0.000138983
0.00114795
0.000156278
0.00118717
0.00017421
0.00120956
0.000192925
0.00121686
0.000212258
0.00121009
0.00023181
0.00118993
0.000251044
0.00115704
0.000269378
0.00111232
0.000286255
0.0010569
0.000301194
0.000992215
0.000313819
0.000919878
0.000323872
0.000841572
0.0003312
0.000758939
0.000335744
0.000673475
0.000337509
0.000586461
0.00033654
0.000498921
0.000332899
0.000411619
0.00032664
0.000325074
0.000317802
0.000239597
0.000306401
0.000155342
0.000292427
7.23424e-05
0.000275851
-9.44684e-06
0.000256622
-9.0115e-05
0.000234679
-0.000169808
0.000209945
-0.000248734
0.00018233
-0.000327211
0.000151709
-0.000405765
0.000117894
-0.000485288
8.05971e-05
-0.000567254
3.93838e-05
-0.000654016
-6.36798e-06
-0.000749165
-5.74445e-05
-0.000857849
-0.00011462
-0.000986976
-0.000178084
-0.00114483
-0.000246251
-0.00133941
-0.000313658
-0.00157412
-0.000368501
-0.00183899
-0.000392231
-0.00209685
-0.000365397
-0.0022712
-0.000281299
-0.00225251
-0.000160202
-0.00194084
-4.90946e-05
-0.00131474
-0.000467685
7.23931e-06
0.000124948
2.40346e-05
0.000353751
4.62147e-05
0.000557053
7.06062e-05
0.000730501
9.51833e-05
0.000872174
0.00011905
0.000982995
0.000142184
0.001066
0.00016504
0.0011251
0.00018817
0.00116404
0.000211957
0.00118577
0.000236489
0.00119233
0.000261553
0.00118503
0.000286704
0.00116478
0.000311353
0.0011324
0.000334863
0.00108881
0.000356624
0.00103514
0.00037611
0.000972729
0.00039291
0.000903079
0.000406734
0.000827748
0.000417415
0.000748258
0.000424881
0.000666009
0.000429133
0.000582209
0.000430215
0.000497838
0.000428192
0.000413643
0.000423121
0.000330145
0.000415043
0.000247674
0.000403978
0.000166408
0.000389914
8.64055e-05
0.000372823
7.64464e-06
0.000352659
-6.99517e-05
0.000329366
-0.000146515
0.000302883
-0.000222251
0.000273149
-0.000297477
0.000240091
-0.000372708
0.000203604
-0.000448801
0.000163512
-0.000527162
0.000119518
-0.000610022
7.11499e-05
-0.000700797
1.77487e-05
-0.000804448
-4.14774e-05
-0.00092775
-0.000107104
-0.0010792
-0.000178543
-0.00126797
-0.000252103
-0.00150057
-0.000318039
-0.00177305
-0.000358434
-0.00205646
-0.000350806
-0.00227883
-0.000281864
-0.00232145
-0.000166273
-0.00205643
-5.23567e-05
-0.00142866
-0.000520042
7.0285e-06
0.00011792
2.38914e-05
0.000336888
4.6994e-05
0.000533951
7.34766e-05
0.000704019
0.00010134
0.000844312
0.000129504
0.000954831
0.000157674
0.00103783
0.000186035
0.00109674
0.000214932
0.00113514
0.000244606
0.0011561
0.000275054
0.00116188
0.000306005
0.00115408
0.000336957
0.00113382
0.000367273
0.00110208
0.000396261
0.00105982
0.00042326
0.00100814
0.000447693
0.000948296
0.000469102
0.00088167
0.000487161
0.000809689
0.000501669
0.00073375
0.00051253
0.000655148
0.000519729
0.00057501
0.000523298
0.000494269
0.000523294
0.000413647
0.000519773
0.000333666
0.000512776
0.000254671
0.000502321
0.000176862
0.000488402
0.000100324
0.000470989
2.50574e-05
0.000450045
-4.90073e-05
0.000425519
-0.00012199
0.000397367
-0.0001941
0.000365555
-0.000265665
0.000330057
-0.00033721
0.000290839
-0.000409583
0.000247828
-0.000484151
0.000200859
-0.000563054
0.000149611
-0.000649549
9.35503e-05
-0.000748387
3.19463e-05
-0.000866146
-3.59574e-05
-0.0010113
-0.000110313
-0.00119361
-0.00018902
-0.00142186
-0.000264629
-0.00169744
-0.000320771
-0.00200031
-0.000332966
-0.00226663
-0.000281162
-0.00237325
-0.000172757
-0.00216484
-5.61175e-05
-0.0015453
-0.00057616
6.48052e-06
0.00011144
2.25881e-05
0.000320781
4.55316e-05
0.000511008
7.29882e-05
0.000676563
0.000103155
0.000814146
0.000134869
0.000923118
0.000167585
0.00100511
0.000201197
0.00106312
0.000235789
0.00110055
0.000271405
0.00112048
0.00030791
0.00112538
0.000344939
0.00111705
0.000381931
0.00109683
0.000418189
0.00106582
0.000452971
0.00102504
0.000485563
0.000975546
0.000515334
0.000918524
0.000541778
0.000855226
0.000564521
0.000786946
0.000583318
0.000714952
0.000598041
0.000640425
0.000608644
0.000564407
0.000615138
0.000487774
0.000617567
0.000411218
0.000615978
0.000335255
0.000610409
0.00026024
0.00060088
0.000186392
0.000587385
0.000113819
0.000569903
4.25397e-05
0.000548402
-2.75063e-05
0.000522846
-9.64341e-05
0.00049321
-0.000164464
0.000459488
-0.000231943
0.000421695
-0.000299417
0.00037986
-0.000367749
0.000333999
-0.00043829
0.000284065
-0.00051312
0.000229873
-0.000595358
0.000171025
-0.000689538
0.000106855
-0.000801977
3.65284e-05
-0.000940974
-4.05805e-05
-0.0011165
-0.000123695
-0.00133874
-0.000207715
-0.00161342
-0.000278615
-0.00192941
-0.000311187
-0.00223406
-0.000278809
-0.00240563
-0.000179776
-0.00226387
-6.06017e-05
-0.00166447
-0.000636761
5.53051e-06
0.000105909
1.99262e-05
0.000306386
4.14771e-05
0.000489457
6.86492e-05
0.000649391
0.000100018
0.000782777
0.00013444
0.000888696
0.000171155
0.000968396
0.00020974
0.00102454
0.000249961
0.00106033
0.000291605
0.00107884
0.000334345
0.00108264
0.000377691
0.0010737
0.000420992
0.00105353
0.000463489
0.00102333
0.000504386
0.000984139
0.000542915
0.000937016
0.000578397
0.000883042
0.000610271
0.000823352
0.000638113
0.000759104
0.000661632
0.000691433
0.000680654
0.000621403
0.000695098
0.000549964
0.000704947
0.000477925
0.000710223
0.000405942
0.000710961
0.000334516
0.000707195
0.000264006
0.000698944
0.000194643
0.000686211
0.000126552
0.000668982
5.97682e-05
0.000647238
-5.76242e-06
0.000620967
-7.01632e-05
0.000590166
-0.000133663
0.000554857
-0.000196635
0.000515099
-0.000259659
0.000470974
-0.000323624
0.00042257
-0.000389886
0.000369932
-0.000460482
0.000312987
-0.000538413
0.00025145
-0.000628001
0.000184733
-0.00073526
0.000111943
-0.000868184
3.21313e-05
-0.00103669
-5.49018e-05
-0.00125171
-0.000146267
-0.00152206
-0.000230903
-0.00184478
-0.000284328
-0.00218064
-0.000274033
-0.00241593
-0.00018731
-0.00235059
-6.60921e-05
-0.00178569
-0.000702853
4.0583e-06
0.000101851
1.55778e-05
0.000294867
3.43092e-05
0.000470726
5.98007e-05
0.0006239
9.11873e-05
0.000751391
0.000127433
0.00085245
0.000167583
0.000928247
0.000210867
0.000981254
0.000256678
0.00101452
0.000304473
0.00103105
0.000353674
0.00103344
0.000403616
0.00102376
0.00045353
0.00100362
0.000502579
0.000974277
0.000549909
0.00093681
0.000594702
0.000892223
0.000636232
0.000841513
0.000673889
0.000785696
0.000707198
0.000725795
0.00073582
0.000662811
0.000759536
0.000597688
0.000778223
0.000531277
0.000791832
0.000464315
0.000800361
0.000397413
0.000803831
0.000331046
0.00080227
0.000265567
0.0007957
0.000201213
0.000784134
0.000138118
0.000767576
7.63256e-05
0.000746025
1.57887e-05
0.000719499
-4.36374e-05
0.000688025
-0.000102188
0.000651661
-0.000160271
0.000610503
-0.000218501
0.000564678
-0.000277799
0.000514325
-0.000339533
0.000459548
-0.000405705
0.000400347
-0.000479212
0.000336509
-0.000564163
0.000267495
-0.000666246
0.000192371
-0.00079306
0.000109919
-0.000954241
1.9215e-05
-0.00116101
-7.86858e-05
-0.00142416
-0.000176051
-0.00174741
-0.000250687
-0.002106
-0.000265532
-0.00240108
-0.000195099
-0.00242103
-7.29301e-05
-0.00190786
-0.000775784
1.84329e-06
0.000100008
8.99178e-06
0.000287719
2.32244e-05
0.000456494
4.55159e-05
0.000601609
7.57138e-05
0.000721193
0.000112934
0.00081523
0.000156012
0.000885169
0.000203785
0.000933481
0.000255205
0.000963098
0.00030933
0.000976921
0.000365268
0.000977498
0.000422125
0.000966903
0.000478982
0.000946762
0.000534906
0.000918353
0.000588978
0.000882738
0.000640335
0.000840865
0.000688208
0.00079364
0.000731945
0.000741958
0.00077103
0.00068671
0.000805078
0.000628763
0.000833827
0.000568939
0.000857116
0.000507988
0.000874863
0.000446568
0.000887043
0.000385233
0.000893663
0.000324426
0.000894749
0.000264481
0.000890332
0.000205631
0.00088044
0.00014801
0.000865103
9.1662e-05
0.000844352
3.65395e-05
0.000818234
-1.75197e-05
0.000786818
-7.07728e-05
0.0007502
-0.000123653
0.000708507
-0.000176808
0.000661896
-0.000231189
0.00061053
-0.000288167
0.000554534
-0.000349709
0.000493924
-0.000418602
0.000428501
-0.000498741
0.000357722
-0.000595468
0.000280586
-0.000715924
0.00019564
-0.000869295
0.000101347
-0.00106671
-2.64304e-06
-0.00132017
-0.000111836
-0.00163822
-0.000207881
-0.00200996
-0.000251276
-0.00235768
-0.000202477
-0.00246983
-8.14973e-05
-0.00202884
-0.000857281
-1.50995e-06
0.000101518
-7.44637e-07
0.000286954
6.98642e-06
0.000448763
2.44778e-05
0.000584118
5.23661e-05
0.000693305
8.98702e-05
0.000777726
0.000135536
0.000839504
0.000187729
0.000881288
0.000244888
0.00090594
0.000305603
0.000916205
0.000368608
0.000914493
0.000432735
0.000902776
0.000496883
0.000882613
0.000560005
0.000855231
0.000621113
0.000821631
0.0006793
0.000782678
0.000733765
0.000739176
0.000783826
0.000691897
0.000828936
0.0006416
0.000868676
0.000589023
0.00090275
0.000534865
0.000930965
0.000479772
0.000953215
0.000424318
0.000969458
0.000368991
0.000979693
0.000314191
0.00098395
0.000260224
0.000982275
0.000207305
0.000974725
0.00015556
0.000961362
0.000105025
0.00094226
5.56418e-05
0.000917496
7.2434e-06
0.000887189
-4.04651e-05
0.000851462
-8.79265e-05
0.000810469
-0.000135815
0.000764371
-0.000185091
0.000713321
-0.000237117
0.000657414
-0.000293802
0.000596619
-0.000357808
0.000530677
-0.000432798
0.000458963
-0.000523754
0.000380352
-0.000637313
0.000293145
-0.000782089
0.000195266
-0.000968835
8.51977e-05
-0.0012101
-3.52387e-05
-0.00151779
-0.00015267
-0.00189253
-0.000228229
-0.00228213
-0.00020808
-0.00248997
-9.21655e-05
-0.00214476
-0.000949446
-6.70164e-06
0.00010822
-1.51046e-05
0.000295357
-1.62393e-05
0.000449898
-5.12109e-06
0.000573
1.95925e-05
0.000668591
5.70269e-05
0.000740292
0.000105259
0.000791272
0.000162058
0.00082449
0.000225263
0.000842734
0.000292942
0.000848526
0.000363409
0.000844026
0.000435193
0.000830993
0.000506988
0.000810818
0.000577623
0.000784597
0.00064604
0.000753213
0.000711297
0.000717421
0.00077257
0.000677902
0.000829165
0.000635302
0.000880518
0.000590247
0.000926195
0.000543346
0.000965881
0.000495179
0.000999367
0.000446286
0.00102654
0.000397149
0.00104734
0.000348189
0.00106178
0.00029975
0.0010699
0.000252101
0.00107178
0.000205428
0.0010675
0.00015984
0.00105716
0.000115356
0.0010409
7.19083e-05
0.00101882
2.93222e-05
0.000991069
-1.27154e-05
0.000957799
-5.46565e-05
0.00091916
-9.71755e-05
0.000875289
-0.000141221
0.000826286
-0.000188114
0.00077216
-0.000239676
0.000712763
-0.000298411
0.00064769
-0.000367725
0.000576144
-0.000452208
0.000496791
-0.00055796
0.000407639
-0.000692936
0.000306097
-0.000867294
0.000189596
-0.0010936
5.78245e-05
-0.00138601
-8.08215e-05
-0.00175388
-0.000192017
-0.00217093
-0.000209393
-0.0024726
-0.000105156
-0.00224899
-0.0010546
-1.49181e-05
0.000123138
-3.63528e-05
0.000316792
-4.90224e-05
0.000462568
-4.55555e-05
0.000569533
-2.43293e-05
0.000647365
1.3272e-05
0.00070269
6.45673e-05
0.000739976
0.000126548
0.000762509
0.000196376
0.000772906
0.000271557
0.000773345
0.000349973
0.00076561
0.000429844
0.000751122
0.000509662
0.000731
0.000588134
0.000706124
0.000664143
0.000677204
0.000736722
0.000644842
0.000805046
0.000609579
0.000868423
0.000571924
0.000926298
0.000532372
0.000978241
0.000491403
0.00102394
0.00044948
0.00106319
0.000407034
0.00109588
0.00036446
0.00112197
0.000322099
0.00114148
0.000280238
0.00115449
0.000239097
0.00116108
0.000198831
0.0011614
0.000159522
0.00115558
0.000121175
0.00114378
8.37091e-05
0.00112616
4.69459e-05
0.00110286
1.05847e-05
0.00107403
-2.58317e-05
0.0010398
-6.29428e-05
0.00100023
-0.000101656
0.000955334
-0.000143214
0.000904967
-0.000189309
0.0008488
-0.000242245
0.000786201
-0.000305126
0.000716105
-0.000382113
0.000636869
-0.000478724
0.000546124
-0.000602191
0.000440742
-0.000761912
0.000317188
-0.000970044
0.000173174
-0.001242
1.30297e-05
-0.00159374
-0.000136619
-0.00202128
-0.000202199
-0.00240702
-0.000120204
-0.00233099
-0.00117481
-2.81033e-05
0.000151241
-6.76974e-05
0.000356386
-9.44625e-05
0.000489333
-9.90628e-05
0.000574133
-8.0557e-05
0.000628859
-4.15616e-05
0.000663695
1.40923e-05
0.000684322
8.24366e-05
0.000694165
0.000159876
0.000695467
0.000243369
0.000689852
0.000330398
0.000678581
0.00041891
0.00066261
0.000507227
0.000642683
0.000593965
0.000619386
0.000677968
0.000593201
0.000758268
0.000564542
0.00083406
0.000533787
0.000904682
0.000501302
0.000969607
0.000467447
0.00102843
0.000432576
0.00108088
0.000397037
0.00112675
0.000361158
0.00116597
0.000325242
0.00119851
0.000289556
0.00122443
0.000254323
0.00124381
0.000219717
0.00125678
0.000185855
0.00126351
0.000152797
0.00126415
0.000120533
0.00125888
8.898e-05
0.00124786
5.79648e-05
0.00123124
2.72076e-05
0.00120911
-3.7088e-06
0.00118154
-3.53727e-05
0.0011485
-6.8613e-05
0.00110984
-0.000104554
0.00106524
-0.000144714
0.00101414
-0.000191142
0.000955604
-0.00024659
0.000888223
-0.000314732
0.000809945
-0.000400446
0.000717925
-0.000510172
0.00060843
-0.000652416
0.000476978
-0.000838593
0.000319404
-0.00108443
0.000136258
-0.00141059
-5.38841e-05
-0.00183114
-0.00017964
-0.00228126
-0.000135958
-0.00237467
-0.00131076
-4.92244e-05
0.000200466
-0.000112982
0.000420143
-0.000154966
0.000531317
-0.000165822
0.000584989
-0.000147136
0.000610173
-0.000103746
0.000620305
-4.10827e-05
0.000621659
3.58034e-05
0.000617279
0.000122592
0.000608679
0.000215756
0.000596687
0.000312482
0.000581854
0.000410542
0.000564551
0.000508162
0.000545063
0.000603923
0.000523626
0.000696675
0.000500449
0.000785482
0.000475734
0.000869585
0.000449684
0.000948373
0.000422514
0.00102137
0.000394451
0.00108822
0.000365729
0.00114867
0.000336586
0.00120257
0.000307255
0.00124986
0.000277954
0.00129053
0.000248877
0.00132467
0.000220192
0.00135236
0.000192025
0.00137375
0.000164466
0.00138899
0.000137553
0.00139825
0.000111271
0.00140169
8.55422e-05
0.00139944
6.02132e-05
0.00139161
3.50389e-05
0.00137824
9.66097e-06
0.0013593
-1.64325e-05
0.00133463
-4.39478e-05
0.00130394
-7.38561e-05
0.00126668
-0.000107458
0.00122203
-0.000146495
0.00116874
-0.000193301
0.00110501
-0.000250995
0.00102829
-0.000323731
0.000935181
-0.000417062
0.000821237
-0.000538472
0.000681005
-0.000698361
0.000508557
-0.000911979
0.000300491
-0.00120252
6.78306e-05
-0.00159848
-0.000129395
-0.00208404
-0.000148509
-0.00235556
-0.00145927
-8.19609e-05
0.000282427
-0.000174592
0.000512774
-0.000227811
0.000584536
-0.000237629
0.000594807
-0.000211318
0.000583863
-0.000157045
0.000566031
-8.20896e-05
0.000546704
7.47714e-06
0.000527712
0.000106799
0.000509357
0.000212086
0.0004914
0.00032045
0.000473489
0.000429663
0.000455339
0.000537987
0.000436738
0.000644064
0.000417548
0.000746817
0.000397696
0.000845387
0.000377164
0.00093909
0.000355981
0.00102739
0.000334219
0.00110986
0.000311981
0.00118619
0.000289392
0.00125619
0.000266593
0.00131971
0.000243733
0.00137671
0.000220954
0.00142719
0.000198391
0.00147123
0.00017616
0.0015089
0.000154353
0.00154033
0.00013303
0.00156567
0.000112219
0.00158503
9.19053e-05
0.00159855
7.20231e-05
0.00160632
5.2448e-05
0.00160837
3.29814e-05
0.0016047
1.33321e-05
0.00159518
-6.9105e-06
0.00157955
-2.83132e-05
0.00155734
-5.16531e-05
0.00152785
-7.7969e-05
0.00149001
-0.000108647
0.00144225
-0.000145541
0.00138238
-0.000191128
0.00130739
-0.000248739
0.00121322
-0.000322896
0.00109462
-0.000419874
0.000945031
-0.00054877
0.000756782
-0.000723729
0.000522803
-0.000968544
0.000245767
-0.00132144
-3.00069e-05
-0.00180827
-0.000146875
-0.00223869
-0.00160615
-0.000128183
0.000410609
-0.00024554
0.000630131
-0.000291178
0.000630174
-0.000279602
0.000583231
-0.000228598
0.000532859
-0.000150105
0.000487538
-5.27074e-05
0.000449306
5.7025e-05
0.00041798
0.000174232
0.00039215
0.000295464
0.000370168
0.000418191
0.000350762
0.000540501
0.000333028
0.000660934
0.000316305
0.000778359
0.000300123
0.000891889
0.000284166
0.00100082
0.000268233
0.00110459
0.000252212
0.00120275
0.000236054
0.00129497
0.000219762
0.00138099
0.000203376
0.00146062
0.000186959
0.00153377
0.000170589
0.00160037
0.00015435
0.00166044
0.000138324
0.00171401
0.000122586
0.00176117
0.000107196
0.001802
9.21937e-05
0.00183663
7.75957e-05
0.00186514
6.33886e-05
0.00188764
4.9523e-05
0.00190419
3.59059e-05
0.00191478
2.23897e-05
0.00191935
8.75835e-06
0.00191773
-5.29193e-06
0.00190959
-2.01742e-05
0.00189438
-3.64425e-05
0.00187126
-5.48424e-05
0.00183897
-7.63667e-05
0.00179577
-0.000102336
0.00173916
-0.000134518
0.00166572
-0.000175304
0.00157083
-0.000228007
0.00144836
-0.000297399
0.00129037
-0.000390786
0.00108702
-0.000520372
0.000827118
-0.000708646
0.000504052
-0.000998377
0.000144532
-0.00144875
-0.000107079
-0.00198708
-0.00171323
-0.000181362
0.000591971
-0.000280681
0.00072945
-0.000260577
0.000610069
-0.000180668
0.000503321
-7.20071e-05
0.000424199
5.34276e-05
0.000362103
0.000188249
0.000314485
0.000327256
0.000278972
0.000467348
0.000252057
0.000606587
0.00023093
0.00074362
0.000213729
0.000877457
0.000199191
0.00100734
0.000186419
0.00113269
0.000174781
0.001253
0.000163851
0.00136789
0.000153347
0.00147701
0.000143088
0.0015801
0.000132968
0.00167692
0.000122935
0.00176732
0.000112977
0.00185117
0.000103106
0.00192841
9.33509e-05
0.00199901
8.37516e-05
0.00206299
7.43492e-05
0.00212039
6.5182e-05
0.0021713
5.62814e-05
0.00221583
4.76677e-05
0.00225408
3.93464e-05
0.00228616
3.13048e-05
0.00231218
2.3508e-05
0.00233219
1.58941e-05
0.00234621
8.36747e-06
0.00235418
7.88836e-07
0.00235592
-7.03041e-06
0.00235108
-1.53381e-05
0.00233911
-2.4466e-05
0.00231912
-3.48586e-05
0.00228986
-4.71024e-05
0.00224949
-6.19703e-05
0.00219546
-8.04905e-05
0.00212422
-0.000104059
0.00203086
-0.000134644
0.00190865
-0.000175189
0.00174835
-0.000230486
0.0015372
-0.00030922
0.00125758
-0.000429035
0.000888163
-0.000628955
0.000427815
-0.000988398
3.19242e-06
-0.00156246
-0.00171004
-0.000180227
0.000772199
-6.54688e-05
0.000614691
0.000153613
0.000390988
0.000367851
0.000289083
0.000567978
0.000224071
0.000755474
0.000174608
0.000930094
0.000139864
0.00109279
0.000116278
0.00124516
9.96872e-05
0.0013886
8.74874e-05
0.00152413
7.81997e-05
0.00165246
7.08633e-05
0.00177406
6.48129e-05
0.00188924
5.96001e-05
0.00199816
5.4931e-05
0.0021009
5.06142e-05
0.00219746
4.65266e-05
0.00228783
4.25933e-05
0.00237199
3.87722e-05
0.00244993
3.50442e-05
0.00252163
3.14053e-05
0.00258712
2.7861e-05
0.00264645
2.44219e-05
0.0026997
2.11003e-05
0.00274697
1.79077e-05
0.0027884
1.48525e-05
0.00282413
1.19387e-05
0.00285431
9.16385e-06
0.0028791
6.51804e-06
0.00289862
3.9823e-06
0.00291299
1.52643e-06
0.00292225
-8.92166e-07
0.00292637
-3.32951e-06
0.0029252
-5.86155e-06
0.00291845
-8.58888e-06
0.00290563
-1.16418e-05
0.00288596
-1.51893e-05
0.0028583
-1.94501e-05
0.00282104
-2.47069e-05
0.00277188
-3.13308e-05
0.00270764
-3.98222e-05
0.00262389
-5.08931e-05
0.00251434
-6.56416e-05
0.00236981
-8.59558e-05
0.00217611
-0.000115518
0.00190957
-0.000162495
0.00152842
-0.000247803
0.000970712
-0.000430692
0.000281368
-0.000873112
-0.00142867
0.000772199
0.00138689
0.00177788
0.00206696
0.00229103
0.00246564
0.0026055
0.00272178
0.00282147
0.00290896
0.00298716
0.00305802
0.00312283
0.00318243
0.00323736
0.00328798
0.0033345
0.0033771
0.00341587
0.00345091
0.00348232
0.00351018
0.0035346
0.0035557
0.00357361
0.00358846
0.0036004
0.00360956
0.00361608
0.00362006
0.00362159
0.0036207
0.00361737
0.00361151
0.00360292
0.00359128
0.00357609
0.00355664
0.00353193
0.0035006
0.00346078
0.00340988
0.00334424
0.00325829
0.00314277
0.00298027
0.00273247
0.00230178
0.00142867
)
;

boundaryField
{
    movingWall
    {
        type            calculated;
        value           uniform 0;
    }
    fixedWalls
    {
        type            calculated;
        value           uniform 0;
    }
    frontAndBack
    {
        type            empty;
        value           nonuniform 0();
    }
}


// ************************************************************************* //
