/*--------------------------------*- C++ -*----------------------------------*\
  =========                 |
  \\      /  F ield         | OpenFOAM: The Open Source CFD Toolbox
   \\    /   O peration     | Website:  https://openfoam.org
    \\  /    A nd           | Version:  7
     \\/     M anipulation  |
\*---------------------------------------------------------------------------*/
FoamFile
{
    version     2.0;
    format      ascii;
    class       surfaceScalarField;
    location    "200";
    object      phi;
}
// * * * * * * * * * * * * * * * * * * * * * * * * * * * * * * * * * * * * * //

dimensions      [0 3 -1 0 0 0 0];

internalField   nonuniform List<scalar> 
4900
(
5.40981e-07
-5.44088e-07
1.32071e-06
-7.7975e-07
1.85079e-06
-5.30107e-07
1.91838e-06
-6.76164e-08
1.47003e-06
4.48312e-07
5.21167e-07
9.48824e-07
-8.91351e-07
1.41247e-06
-2.73262e-06
1.84122e-06
-4.97816e-06
2.24549e-06
-7.61373e-06
2.63552e-06
-1.06307e-05
3.01695e-06
-1.40199e-05
3.38916e-06
-1.77652e-05
3.74524e-06
-2.18379e-05
4.07269e-06
-2.61925e-05
4.35451e-06
-3.07629e-05
4.57039e-06
-3.5461e-05
4.69805e-06
-4.01757e-05
4.71466e-06
-4.47742e-05
4.59845e-06
-4.91047e-05
4.33053e-06
-5.30015e-05
3.89678e-06
-5.62914e-05
3.28983e-06
-5.88024e-05
2.51096e-06
-6.03741e-05
1.57166e-06
-6.08688e-05
4.94768e-07
-6.01836e-05
-6.85273e-07
-5.82598e-05
-1.92382e-06
-5.5093e-05
-3.16677e-06
-5.07392e-05
-4.35388e-06
-4.53167e-05
-5.42249e-06
-3.90047e-05
-6.31202e-06
-3.20357e-05
-6.96898e-06
-2.46838e-05
-7.35186e-06
-1.72485e-05
-7.4353e-06
-1.00354e-05
-7.21311e-06
-3.33603e-06
-6.6994e-06
2.59183e-06
-5.92786e-06
7.54081e-06
-4.94898e-06
1.13655e-05
-3.82465e-06
1.3988e-05
-2.62253e-06
1.53986e-05
-1.41061e-06
1.56505e-05
-2.51925e-07
1.4852e-05
7.98501e-07
1.31585e-05
1.69358e-06
1.07701e-05
2.38831e-06
7.93866e-06
2.8315e-06
4.985e-06
2.95366e-06
2.32977e-06
2.65524e-06
5.1438e-07
1.8154e-06
5.14381e-07
7.88148e-07
-1.33227e-06
1.66631e-06
-1.65797e-06
1.77822e-06
-6.42089e-07
7.40466e-07
9.70055e-07
-1.574e-06
2.76268e-06
-5.16099e-06
4.5357e-06
-9.96514e-06
6.2165e-06
-1.59233e-05
7.79929e-06
-2.29818e-05
9.30384e-06
-3.10963e-05
1.07499e-05
-4.0223e-05
1.21435e-05
-5.03059e-05
1.34719e-05
-6.12632e-05
1.47025e-05
-7.29763e-05
1.57857e-05
-8.52808e-05
1.66589e-05
-9.79612e-05
1.72506e-05
-0.000110749
1.74861e-05
-0.000123327
1.72922e-05
-0.000135333
1.6604e-05
-0.000146372
1.53701e-05
-0.000156034
1.35589e-05
-0.000163909
1.11643e-05
-0.000169608
8.20979e-06
-0.000172788
4.75205e-06
-0.000173176
8.82348e-07
-0.000170587
-3.27399e-06
-0.000164947
-7.5638e-06
-0.000156304
-1.18104e-05
-0.000144834
-1.58235e-05
-0.000130847
-1.94099e-05
-0.000114772
-2.23863e-05
-9.71489e-05
-2.45925e-05
-7.85965e-05
-2.59043e-05
-5.97868e-05
-2.6245e-05
-4.14068e-05
-2.55932e-05
-2.41191e-05
-2.39871e-05
-8.52413e-06
-2.15228e-05
4.8746e-06
-1.83477e-05
1.56991e-05
-1.46491e-05
2.37155e-05
-1.0639e-05
2.88409e-05
-6.53594e-06
3.11411e-05
-2.55219e-06
3.0823e-05
1.11665e-06
2.82222e-05
4.29434e-06
2.37979e-05
6.81264e-06
1.81361e-05
8.49331e-06
1.19663e-05
9.12353e-06
6.18222e-06
8.43929e-06
1.82865e-06
6.16898e-06
2.34303e-06
4.86101e-07
-1.8184e-06
4.44991e-07
-1.61698e-06
-9.74068e-07
7.76874e-07
-4.15383e-06
4.14971e-06
-9.22176e-06
7.8305e-06
-1.61732e-05
1.14871e-05
-2.49485e-05
1.49917e-05
-3.54745e-05
1.83251e-05
-4.76788e-05
2.15081e-05
-6.14873e-05
2.45582e-05
-7.68105e-05
2.74667e-05
-9.35273e-05
3.01886e-05
-0.000111469
3.26436e-05
-0.000130404
3.47209e-05
-0.000150033
3.62882e-05
-0.000169984
3.72013e-05
-0.000189814
3.73155e-05
-0.000209018
3.64968e-05
-0.000227048
3.46338e-05
-0.000243327
3.16484e-05
-0.000257274
2.75063e-05
-0.000268335
2.22253e-05
-0.000276006
1.58809e-05
-0.000279864
8.60986e-06
-0.000279591
6.09637e-07
-0.000275001
-7.86421e-06
-0.000266053
-1.65121e-05
-0.000252864
-2.49993e-05
-0.000235715
-3.29729e-05
-0.000215045
-4.00795e-05
-0.000191445
-4.59866e-05
-0.000165634
-5.04037e-05
-0.000138434
-5.31041e-05
-0.000110736
-5.39431e-05
-8.34562e-05
-5.2873e-05
-5.74924e-05
-4.99509e-05
-3.36767e-05
-4.53386e-05
-1.27305e-05
-3.92939e-05
4.77349e-06
-3.21531e-05
1.84424e-05
-2.43079e-05
2.80829e-05
-1.61764e-05
3.37073e-05
-8.17661e-06
3.55315e-05
-7.07456e-07
3.39669e-05
5.85893e-06
2.96105e-05
1.1169e-05
2.32419e-05
1.48619e-05
1.58266e-05
1.65389e-05
8.52283e-06
1.5743e-05
2.69159e-06
1.20002e-05
5.03462e-06
-1.63604e-07
-1.65486e-06
-1.81463e-06
3.39209e-08
-5.58725e-06
4.54938e-06
-1.17333e-05
1.02957e-05
-2.03067e-05
1.64037e-05
-3.12679e-05
2.24482e-05
-4.45431e-05
2.82668e-05
-6.00495e-05
3.38313e-05
-7.76983e-05
3.91567e-05
-9.73832e-05
4.4243e-05
-0.000118962
4.90454e-05
-0.000142237
5.34638e-05
-0.00016694
5.73462e-05
-0.000192719
6.04992e-05
-0.000219133
6.27028e-05
-0.000245661
6.37284e-05
-0.000271702
6.33568e-05
-0.000296601
6.13962e-05
-0.000319667
5.76999e-05
-0.000340201
5.21816e-05
-0.000357522
4.48277e-05
-0.000371003
3.57065e-05
-0.000380096
2.49732e-05
-0.000384356
1.28702e-05
-0.000383471
-2.76114e-07
-0.000377274
-1.40611e-05
-0.000365761
-2.80246e-05
-0.000349098
-4.16625e-05
-0.000327622
-5.44494e-05
-0.000301839
-6.58621e-05
-0.000272419
-7.54071e-05
-0.000240172
-8.26499e-05
-0.000206032
-8.72443e-05
-0.000171016
-8.89591e-05
-0.000136188
-8.7701e-05
-0.000102611
-8.35284e-05
-7.12933e-05
-7.66559e-05
-4.31417e-05
-6.74455e-05
-1.89081e-05
-5.63867e-05
8.48977e-07
-4.4065e-05
1.57971e-05
-3.11245e-05
2.58493e-05
-1.82287e-05
3.11685e-05
-6.02665e-06
3.21662e-05
4.86124e-06
2.94905e-05
1.38448e-05
2.40182e-05
2.03342e-05
1.68496e-05
2.37074e-05
9.31509e-06
2.32776e-05
3.01554e-06
1.82998e-05
8.05016e-06
-1.03671e-06
-6.18205e-07
-4.79281e-06
3.78987e-06
-1.15374e-05
1.12938e-05
-2.12894e-05
2.00475e-05
-3.3966e-05
2.90802e-05
-4.94581e-05
3.79403e-05
-6.7661e-05
4.64695e-05
-8.84753e-05
5.46455e-05
-0.000111792
6.24733e-05
-0.000137468
6.99191e-05
-0.000165303
7.68798e-05
-0.000195016
8.31766e-05
-0.000226234
8.85644e-05
-0.000258485
9.27503e-05
-0.0002912
9.54178e-05
-0.000323724
9.62523e-05
-0.000355334
9.49667e-05
-0.000385265
9.13262e-05
-0.000412733
8.51687e-05
-0.000436975
7.64226e-05
-0.000457266
6.51186e-05
-0.000472956
5.13971e-05
-0.000483492
3.55088e-05
-0.000488434
1.78126e-05
-0.000487479
-1.23173e-06
-0.000480469
-2.10711e-05
-0.000467404
-4.1089e-05
-0.000448451
-6.0616e-05
-0.000423945
-7.89556e-05
-0.000394396
-9.54115e-05
-0.000360482
-0.00010932
-0.000323046
-0.000120087
-0.000283067
-0.000127223
-0.000241643
-0.000130383
-0.000199946
-0.000129398
-0.000159177
-0.000124298
-0.000120509
-0.000115324
-8.50278e-05
-0.000102926
-5.3675e-05
-8.77394e-05
-2.71916e-05
-7.05484e-05
-6.07595e-06
-5.22402e-05
9.44776e-06
-3.37524e-05
1.94472e-05
-1.6026e-05
2.42809e-05
2.74928e-08
2.45936e-05
1.35321e-05
2.12994e-05
2.36284e-05
1.55755e-05
2.94314e-05
8.86669e-06
2.99864e-05
2.93211e-06
2.42344e-05
1.09823e-05
-2.06728e-06
1.44901e-06
-8.28593e-06
1.00084e-05
-1.84552e-05
2.1463e-05
-3.22835e-05
3.38757e-05
-4.95015e-05
4.62981e-05
-6.99015e-05
5.83401e-05
-9.33317e-05
6.98995e-05
-0.000119667
8.09809e-05
-0.000148772
9.15781e-05
-0.000180462
0.000101608
-0.000214471
0.00011089
-0.000250438
0.000119143
-0.000287888
0.000126014
-0.000326241
0.000131103
-0.000364819
0.000133995
-0.000402866
0.0001343
-0.000439577
0.000131677
-0.00047412
0.00012587
-0.000505674
0.000116723
-0.000533452
0.0001042
-0.000556726
8.83926e-05
-0.000574851
6.95222e-05
-0.000587279
4.79374e-05
-0.000593575
2.41077e-05
-0.00059342
-1.38619e-06
-0.000586634
-2.78575e-05
-0.000573174
-5.45487e-05
-0.000553153
-8.06369e-05
-0.000526849
-0.00010526
-0.000494713
-0.000127547
-0.000457383
-0.000146651
-0.000415675
-0.000161795
-0.00037058
-0.000172317
-0.000323245
-0.000177718
-0.000274932
-0.000177711
-0.000226976
-0.000172254
-0.000180721
-0.000161579
-0.000137452
-0.000146195
-9.83259e-05
-0.000126866
-6.42972e-05
-0.000104577
-3.60646e-05
-8.04729e-05
-1.40239e-05
-5.5793e-05
1.75681e-06
-3.18068e-05
1.15484e-05
-9.76409e-06
1.59546e-05
9.12595e-06
1.58905e-05
2.36925e-05
1.25735e-05
3.27485e-05
7.51924e-06
3.50407e-05
2.57194e-06
2.91817e-05
1.35542e-05
-3.21233e-06
4.6613e-06
-1.21447e-05
1.89405e-05
-2.60485e-05
3.53667e-05
-4.42653e-05
5.20923e-05
-6.63039e-05
6.83366e-05
-9.18365e-05
8.38726e-05
-0.000120652
9.87147e-05
-0.000152591
0.00011292
-0.000187485
0.000126472
-0.000225102
0.000139226
-0.000265115
0.000150902
-0.000307079
0.000161107
-0.000350435
0.00016937
-0.000394512
0.00017518
-0.000438555
0.000178038
-0.000481746
0.00017749
-0.000523234
0.000173165
-0.00056217
0.000164806
-0.000597729
0.000152281
-0.000629134
0.000135605
-0.000655674
0.000114933
-0.000676716
9.05643e-05
-0.000691713
6.29344e-05
-0.000700211
3.26053e-05
-0.000701855
2.57344e-07
-0.000696398
-3.33146e-05
-0.000683715
-6.72308e-05
-0.000663821
-0.000100531
-0.000636886
-0.000132196
-0.000603255
-0.000161177
-0.000563473
-0.000186433
-0.000518289
-0.000206979
-0.000468665
-0.000221941
-0.000415766
-0.000230618
-0.000360928
-0.000232549
-0.000305617
-0.000227565
-0.000251362
-0.000215834
-0.000199675
-0.000197882
-0.000151965
-0.000174576
-0.000109448
-0.000147094
-7.30692e-05
-0.000116852
-4.34424e-05
-8.54198e-05
-2.08089e-05
-5.44403e-05
-5.02233e-06
-2.55506e-05
4.44629e-06
-3.42642e-07
8.49331e-06
1.96455e-05
8.3502e-06
3.28916e-05
5.57299e-06
3.78179e-05
2.04327e-06
3.27115e-05
1.55975e-05
-4.43606e-06
9.0973e-06
-1.62401e-05
3.07444e-05
-3.40575e-05
5.3184e-05
-5.68251e-05
7.48598e-05
-8.38077e-05
9.5319e-05
-0.000114545
0.00011461
-0.000148758
0.000132927
-0.000186246
0.000150409
-0.000226803
0.000167028
-0.000270148
0.00018257
-0.000315891
0.000196645
-0.000363521
0.000208737
-0.000412406
0.000218254
-0.000461815
0.000224589
-0.000510946
0.000227169
-0.000558954
0.000225498
-0.000604984
0.000219196
-0.000648197
0.000208019
-0.000687791
0.000191876
-0.000723017
0.00017083
-0.000753183
0.000145099
-0.000777666
0.000115047
-0.000795907
8.11755e-05
-0.000807419
4.41169e-05
-0.000811787
4.62551e-06
-0.000808678
-3.64234e-05
-0.000797861
-7.80479e-05
-0.00077922
-0.000119172
-0.000752783
-0.000158633
-0.000718752
-0.000195208
-0.00067753
-0.000227656
-0.000629749
-0.00025476
-0.000576292
-0.000275398
-0.000518294
-0.000288615
-0.000457133
-0.00029371
-0.000394387
-0.000290311
-0.000331772
-0.00027845
-0.00027105
-0.000258603
-0.000213928
-0.000231698
-0.00016194
-0.000199083
-0.000116342
-0.000162449
-7.80296e-05
-0.000123733
-4.74726e-05
-8.49972e-05
-2.46931e-05
-4.83301e-05
-9.26643e-06
-1.57693e-05
-3.43912e-07
1.0723e-05
3.30603e-06
2.92417e-05
3.26348e-06
3.78605e-05
1.42853e-06
3.45464e-05
1.7026e-05
-5.70229e-06
1.47995e-05
-2.04454e-05
4.54873e-05
-4.22299e-05
7.49683e-05
-6.95669e-05
0.000102197
-0.000101467
0.000127219
-0.000137331
0.000150474
-0.000176809
0.000172405
-0.000219655
0.000193254
-0.000265619
0.000212993
-0.000314375
0.000231325
-0.000365476
0.000247747
-0.000418356
0.000261616
-0.000472333
0.000272231
-0.000526642
0.000278899
-0.000580464
0.000280991
-0.000632957
0.000277991
-0.000683287
0.000269525
-0.000730644
0.000255376
-0.00077426
0.000235492
-0.000813418
0.000209987
-0.000847445
0.000179127
-0.000875723
0.000143325
-0.00089768
0.000103132
-0.000912791
5.92278e-05
-0.000920583
1.24182e-05
-0.00092064
-3.63672e-05
-0.000912619
-8.60689e-05
-0.000896268
-0.000135523
-0.000871456
-0.000183445
-0.000838206
-0.000228459
-0.000796734
-0.000269127
-0.000747497
-0.000303997
-0.000691226
-0.000331669
-0.000628959
-0.000350883
-0.000562045
-0.000360624
-0.000492127
-0.000360229
-0.000421082
-0.000349495
-0.000350931
-0.000328754
-0.000283712
-0.000298917
-0.000221343
-0.000261452
-0.000165473
-0.000218319
-0.000117362
-0.000171843
-7.77924e-05
-0.000124567
-4.70178e-05
-7.91047e-05
-2.47644e-05
-3.80227e-05
-1.02606e-05
-3.7807e-06
-2.28831e-06
2.12694e-05
7.50655e-07
3.48215e-05
7.82882e-07
3.45142e-05
1.78089e-05
-6.97132e-06
2.17708e-05
-2.4628e-05
6.31439e-05
-5.03092e-05
0.000100649
-8.20958e-05
0.000133983
-0.000118744
0.000163867
-0.000159516
0.000191246
-0.000203987
0.000216876
-0.000251865
0.000241131
-0.000302856
0.000263984
-0.000356588
0.000285057
-0.00041257
0.000303728
-0.000470191
0.000319238
-0.000528744
0.000330783
-0.000587449
0.000337603
-0.000645492
0.000339034
-0.000702054
0.000334553
-0.00075633
0.000323801
-0.00080755
0.000306595
-0.000854981
0.000282924
-0.000897935
0.000252941
-0.000935764
0.000216956
-0.000967859
0.00017542
-0.000993647
0.000128919
-0.00101259
7.81678e-05
-0.00102417
2.40038e-05
-0.00102793
-3.26124e-05
-0.00102342
-9.05729e-05
-0.00101028
-0.000148661
-0.000988218
-0.000205511
-0.000957048
-0.000259629
-0.000916762
-0.000309413
-0.000867574
-0.000353186
-0.000809978
-0.000389265
-0.000744812
-0.000416048
-0.000673298
-0.000432137
-0.000597049
-0.000436479
-0.000518035
-0.000428508
-0.000438504
-0.000408285
-0.000360842
-0.000376578
-0.000287405
-0.000334889
-0.000220326
-0.000285398
-0.000161344
-0.000230825
-0.00011166
-0.000174251
-7.1858e-05
-0.000118906
-4.18876e-05
-6.79932e-05
-2.10972e-05
-2.4571e-05
-8.30393e-06
8.47608e-06
-1.88537e-06
2.8403e-05
1.34338e-07
3.24945e-05
1.79432e-05
-8.19933e-06
2.99701e-05
-2.86485e-05
8.35928e-05
-5.80344e-05
0.000130035
-9.40187e-05
0.000169967
-0.000135111
0.000204958
-0.000180438
0.000236574
-0.000229501
0.000265939
-0.000281958
0.000293588
-0.000337474
0.0003195
-0.000395634
0.000343217
-0.00045591
0.000364004
-0.000517663
0.000380991
-0.000580171
0.000393291
-0.000642656
0.000400089
-0.000704322
0.0004007
-0.000764374
0.000394605
-0.000822043
0.00038147
-0.000876592
0.000361144
-0.000927324
0.000333657
-0.000973585
0.000299202
-0.00101476
0.00025813
-0.00105027
0.000210931
-0.00107957
0.000158222
-0.00110215
0.000100746
-0.00111751
3.93619e-05
-0.00112516
-2.4962e-05
-0.00112463
-9.11043e-05
-0.00111545
-0.000157839
-0.00109719
-0.000223773
-0.00106947
-0.000287353
-0.00103201
-0.000346868
-0.000984732
-0.000400464
-0.000927798
-0.000446198
-0.000861731
-0.000482116
-0.000787482
-0.000506386
-0.000706497
-0.000517463
-0.000620719
-0.000514287
-0.000532533
-0.000496471
-0.000444641
-0.00046447
-0.000359865
-0.000419665
-0.000280909
-0.000364354
-0.000210113
-0.000301621
-0.000149245
-0.00023512
-9.93538e-05
-0.000168797
-6.07224e-05
-0.000106625
-3.28903e-05
-5.2403e-05
-1.4746e-05
-9.66829e-06
-4.64009e-06
1.82972e-05
-5.14373e-07
2.83688e-05
1.74289e-05
-9.33962e-06
3.93096e-05
-3.23633e-05
0.000106616
-6.5144e-05
0.000162816
-0.00010495
0.000209773
-0.000150058
0.000250066
-0.000199466
0.000285982
-0.000252601
0.000319073
-0.000309069
0.000350056
-0.000368493
0.000378924
-0.000430422
0.000405145
-0.000494295
0.000427877
-0.000559456
0.000446152
-0.000625175
0.00045901
-0.000690683
0.000465597
-0.000755199
0.000465216
-0.000817954
0.000457359
-0.000878204
0.00044172
-0.000935244
0.000418185
-0.000988416
0.000386828
-0.00103711
0.000347893
-0.00108076
0.000301781
-0.00111885
0.000249028
-0.00115093
0.000190295
-0.00117653
0.000126353
-0.00119524
5.80726e-05
-0.00120662
-1.35857e-05
-0.0012102
-8.75285e-05
-0.00120547
-0.000162566
-0.0011919
-0.000237345
-0.00116892
-0.000310329
-0.00113601
-0.000379779
-0.00109273
-0.000443747
-0.00103884
-0.000500087
-0.000974427
-0.000546527
-0.000900027
-0.000580786
-0.000816735
-0.000600756
-0.000726282
-0.000604739
-0.000631039
-0.000591714
-0.000533918
-0.000561592
-0.000438175
-0.000515408
-0.000347137
-0.000455392
-0.00026387
-0.000384888
-0.000190874
-0.000308117
-0.000129843
-0.000229827
-8.1551e-05
-0.000154917
-4.5842e-05
-8.81119e-05
-2.17356e-05
-3.37747e-05
-7.57333e-06
4.13494e-06
-1.18127e-06
2.19768e-05
1.62476e-05
-1.03447e-05
4.96542e-05
-3.56308e-05
0.000131902
-7.13851e-05
0.00019857
-0.000114523
0.000252911
-0.000163108
0.000298651
-0.000216015
0.000338888
-0.000272593
0.000375651
-0.000332399
0.000409862
-0.000395012
0.000441538
-0.000459945
0.000470078
-0.000526612
0.000494545
-0.000594342
0.000513881
-0.000662398
0.000527066
-0.000730016
0.000533215
-0.000796426
0.000531625
-0.000860873
0.000521806
-0.000922636
0.000503483
-0.000981041
0.00047659
-0.00103547
0.000441259
-0.00108538
0.000397802
-0.00113029
0.00034669
-0.00116979
0.000288529
-0.00120353
0.000224036
-0.0012312
0.000154019
-0.00125248
7.93545e-05
-0.00126705
9.84919e-07
-0.00127451
-8.00714e-05
-0.00127438
-0.000162698
-0.00126607
-0.000245652
-0.00124889
-0.000327504
-0.00122208
-0.000406589
-0.00118487
-0.000480965
-0.00113656
-0.000548394
-0.00107672
-0.000606366
-0.00100531
-0.000652191
-0.000922896
-0.000683172
-0.000830765
-0.00069687
-0.000731042
-0.000691437
-0.000626657
-0.000665977
-0.000521186
-0.000620878
-0.000418556
-0.000558022
-0.000322644
-0.0004808
-0.000236852
-0.000393909
-0.000163735
-0.000302944
-0.000104765
-0.000213887
-6.02613e-05
-0.000132616
-2.94779e-05
-6.45581e-05
-1.0791e-05
-1.45519e-05
-1.89942e-06
1.30852e-05
1.43482e-05
-1.11688e-05
6.0823e-05
-3.83173e-05
0.000159051
-7.65235e-05
0.000236776
-0.000122403
0.000298791
-0.00017383
0.000350077
-0.000229558
0.000394617
-0.000288863
0.000434956
-0.000351243
0.000472242
-0.000416236
0.000506531
-0.000483319
0.000537161
-0.000551881
0.000563106
-0.000621232
0.000583232
-0.00069063
0.000596464
-0.000759305
0.00060189
-0.000826489
0.000598809
-0.000891437
0.000586754
-0.000953447
0.000565493
-0.00101188
0.000535024
-0.00106618
0.000495559
-0.00111588
0.000447505
-0.00116062
0.000391431
-0.00120013
0.000328039
-0.00123422
0.000258122
-0.00126273
0.000182534
-0.00128554
0.000102158
-0.00130246
1.79038e-05
-0.00131322
-6.93092e-05
-0.00131743
-0.000158481
-0.00131454
-0.000248546
-0.00130379
-0.000338259
-0.00128424
-0.000426136
-0.00125483
-0.000510371
-0.00121446
-0.000588767
-0.00116212
-0.000658711
-0.0010971
-0.000717209
-0.00101924
-0.000761027
-0.00092917
-0.000786943
-0.000828476
-0.000792131
-0.000719827
-0.000774625
-0.000606889
-0.000733817
-0.000494061
-0.00067085
-0.000386037
-0.000588824
-0.000287254
-0.000492692
-0.000201351
-0.000388847
-0.000130755
-0.000284483
-7.64911e-05
-0.00018688
-3.8216e-05
-0.000102833
-1.44234e-05
-3.83445e-05
-2.71073e-06
1.37256e-06
1.16375e-05
-1.1771e-05
7.25939e-05
-4.03042e-05
0.000187584
-8.03536e-05
0.000276825
-0.0001283
0.000346737
-0.000181852
0.000403629
-0.000239651
0.000452416
-0.000300891
0.000496196
-0.000365013
0.000536364
-0.000431507
0.000573025
-0.000499814
0.000605468
-0.000569295
0.000632588
-0.000639241
0.000653178
-0.000708894
0.000666116
-0.000777475
0.000670471
-0.000844212
0.000665547
-0.000908367
0.000650909
-0.00096926
0.000626387
-0.0010263
0.000592066
-0.00107901
0.000548268
-0.00112703
0.000495527
-0.00117014
0.000434541
-0.00120823
0.00036613
-0.0012413
0.000291183
-0.00126937
0.00021061
-0.00129252
0.000125304
-0.00131074
3.61279e-05
-0.00132395
-5.61005e-05
-0.00133189
-0.000150545
-0.00133408
-0.000246348
-0.00132982
-0.000342524
-0.00131809
-0.000437864
-0.00129764
-0.00053082
-0.00126701
-0.000619394
-0.00122468
-0.000701041
-0.00116925
-0.000772638
-0.00109973
-0.000830546
-0.00101586
-0.00087082
-0.000918396
-0.000889591
-0.000809409
-0.000883612
-0.000692313
-0.000850913
-0.000571721
-0.000791442
-0.000453021
-0.000707524
-0.00034173
-0.000603983
-0.000242763
-0.000487815
-0.000159788
-0.000367457
-9.48302e-05
-0.000251838
-4.81821e-05
-0.000149481
-1.86044e-05
-6.79222e-05
-3.65734e-06
-1.35745e-05
7.98012e-06
-1.21174e-05
8.47113e-05
-4.14947e-05
0.000216961
-8.27081e-05
0.000318038
-0.000131979
0.000396009
-0.000186879
0.000458528
-0.000245941
0.000511478
-0.000308275
0.00055853
-0.000373257
0.000601346
-0.000440326
0.000640094
-0.000508886
0.000674028
-0.000578268
0.00070197
-0.000647739
0.000722649
-0.000716523
0.0007349
-0.000783827
0.000737775
-0.000848878
0.000730597
-0.000910947
0.000712979
-0.000969394
0.000684834
-0.00102369
0.000646362
-0.00107345
0.00059803
-0.00111845
0.000540525
-0.00115861
0.000474703
-0.001194
0.000401524
-0.0012248
0.000321984
-0.00125125
0.000237057
-0.0012736
0.000147649
-0.00129204
5.4571e-05
-0.00130668
-4.14642e-05
-0.00131742
-0.0001398
-0.00132396
-0.000239811
-0.00132568
-0.000340806
-0.00132162
-0.000441919
-0.00131047
-0.000541969
-0.00129056
-0.000639302
-0.00125997
-0.000731634
-0.00121668
-0.000815932
-0.00115885
-0.000888373
-0.00108521
-0.000944459
-0.00099546
-0.000979342
-0.000890685
-0.000988387
-0.000773636
-0.000967962
-0.000648748
-0.00091633
-0.000521823
-0.000834449
-0.000399362
-0.000726444
-0.000287666
-0.00059951
-0.000191914
-0.00046321
-0.000115463
-0.000328289
-5.95576e-05
-0.000205386
-2.3448e-05
-0.000104032
-4.77693e-06
-3.22455e-05
3.20319e-06
-1.21839e-05
9.68951e-05
-4.18182e-05
0.000246595
-8.34659e-05
0.000359686
-0.000133272
0.000445815
-0.000188702
0.000513958
-0.000248184
0.00057096
-0.00031074
0.000621086
-0.000375676
0.000666281
-0.000442378
0.000706796
-0.000510208
0.000741858
-0.000578469
0.000770231
-0.000646403
0.000790582
-0.000713215
0.000801712
-0.000778104
0.000802665
-0.000840303
0.000792795
-0.000899109
0.000771785
-0.000953933
0.000739658
-0.00100433
0.000696759
-0.00105003
0.000643727
-0.00109093
0.00058143
-0.00112713
0.0005109
-0.00115885
0.000433248
-0.00118645
0.000349584
-0.00121034
0.000260945
-0.00123094
0.000168249
-0.00124863
7.22594e-05
-0.00126368
-2.64155e-05
-0.00127618
-0.000127295
-0.00128601
-0.00022998
-0.00129273
-0.000334085
-0.00129554
-0.000439116
-0.00129318
-0.000544321
-0.00128398
-0.000648507
-0.00126578
-0.000749832
-0.00123613
-0.000845588
-0.00119245
-0.000932052
-0.00113245
-0.00100445
-0.00105462
-0.00105717
-0.000958763
-0.00108424
-0.000846523
-0.0010802
-0.000721663
-0.00104119
-0.000589959
-0.000966154
-0.000458621
-0.000857781
-0.000335302
-0.00072283
-0.000226883
-0.000571629
-0.000138406
-0.000416766
-7.24413e-05
-0.000271351
-2.90329e-05
-0.00014744
-6.10034e-06
-5.51781e-05
-2.89715e-06
-1.19575e-05
0.000108853
-4.12354e-05
0.000275873
-8.25572e-05
0.000401008
-0.000132081
0.000495338
-0.000187201
0.000569078
-0.000246249
0.000630007
-0.000308151
0.000682988
-0.000372138
0.000730268
-0.000437541
0.0007722
-0.000503685
0.000808002
-0.000569841
0.000836387
-0.000635232
0.000855974
-0.000699054
0.000865534
-0.00076051
0.000864121
-0.00081885
0.000851135
-0.000873419
0.000826354
-0.000923699
0.000789938
-0.000969344
0.000742405
-0.0010102
0.000684586
-0.00104632
0.00061755
-0.00107793
0.000542511
-0.00110542
0.000460731
-0.00112926
0.00037343
-0.00115002
0.000281704
-0.00116825
0.000186477
-0.00118446
8.84667e-05
-0.00119906
-1.18131e-05
-0.00121232
-0.000114038
-0.00122428
-0.000218014
-0.00123473
-0.000323636
-0.00124308
-0.000430768
-0.00124829
-0.000539104
-0.00124883
-0.000647976
-0.00124255
-0.000756112
-0.00122678
-0.000861356
-0.00119845
-0.000960382
-0.00115439
-0.00104851
-0.00109187
-0.00111969
-0.00100923
-0.00116688
-0.000906629
-0.0011828
-0.000786627
-0.00116119
-0.000654404
-0.00109838
-0.00051742
-0.000994765
-0.000384442
-0.000855807
-0.000264119
-0.000691951
-0.000163478
-0.000517406
-8.68304e-05
-0.000347999
-3.53975e-05
-0.000198873
-7.64807e-06
-8.29276e-05
-1.05452e-05
-1.14373e-05
0.00012029
-3.97398e-05
0.000304176
-7.99677e-05
0.000441236
-0.000128386
0.000543757
-0.000182358
0.00062305
-0.000240122
0.000687772
-0.000300511
0.000743377
-0.000362677
0.000792434
-0.000425896
0.000835418
-0.000489452
0.000871559
-0.000552599
0.000899533
-0.000614548
0.000917923
-0.000674501
0.000925486
-0.000731678
0.000921299
-0.000785374
0.000904831
-0.000834999
0.000875979
-0.000880125
0.000835064
-0.000920517
0.000782797
-0.00095615
0.000720219
-0.000987199
0.000648599
-0.00101402
0.000569333
-0.00103711
0.000483823
-0.00105706
0.000393383
-0.00107452
0.000299157
-0.00109011
0.000202067
-0.00110443
0.000102788
-0.00111799
1.74849e-06
-0.00113117
-0.000100853
-0.00114419
-0.000204994
-0.00115703
-0.000310798
-0.00116936
-0.000418439
-0.00118045
-0.00052802
-0.00118902
-0.000639401
-0.00119318
-0.000751949
-0.00119032
-0.000864214
-0.00117716
-0.000973548
-0.00114993
-0.00107574
-0.00110485
-0.00116478
-0.00103878
-0.00123295
-0.000950171
-0.00127141
-0.000839887
-0.00127148
-0.000711891
-0.00122637
-0.000573266
-0.00113339
-0.000433451
-0.000995622
-0.000302725
-0.000822678
-0.000190292
-0.000629839
-0.000102613
-0.000435679
-4.25348e-05
-0.000258951
-9.42892e-06
-0.000116033
-1.99741e-05
-1.0635e-05
0.000130925
-3.73587e-05
0.000330899
-7.57383e-05
0.000479615
-0.000122243
0.000590262
-0.000174245
0.000675052
-0.000229908
0.000743435
-0.000287967
0.000801435
-0.000347492
0.00085196
-0.000407706
0.000895632
-0.000467865
0.000931718
-0.000527209
0.000958877
-0.000584958
0.000975672
-0.000640333
0.000980862
-0.000692601
0.000973566
-0.000741117
0.000953347
-0.000785378
0.00092024
-0.00082506
0.000874746
-0.000860045
0.000817783
-0.000890427
0.0007506
-0.000916494
0.000674666
-0.0009387
0.000591539
-0.000957621
0.000502744
-0.000973905
0.000409667
-0.000988231
0.000313482
-0.00100126
0.000215098
-0.00101362
0.000115146
-0.00102585
1.3982e-05
-0.00103842
-8.82898e-05
-0.00105163
-0.000191777
-0.00106566
-0.000296768
-0.00108043
-0.000403672
-0.00109552
-0.000512931
-0.00111005
-0.000624872
-0.00112251
-0.000739492
-0.0011306
-0.000856122
-0.00113115
-0.000972991
-0.00112018
-0.00108671
-0.00109317
-0.00119179
-0.00104571
-0.00128041
-0.000974446
-0.00134268
-0.000878251
-0.00136767
-0.000759276
-0.00134535
-0.000623503
-0.00126916
-0.000480406
-0.00113872
-0.000341525
-0.000961558
-0.000218262
-0.000753101
-0.000119566
-0.000534375
-5.03917e-05
-0.000328125
-1.14405e-05
-0.000154985
-3.14147e-05
-9.57417e-06
0.000140499
-3.41518e-05
0.000355477
-6.99637e-05
0.000515427
-0.00011378
0.000634078
-0.000163031
0.000724303
-0.00021582
0.000796224
-0.000270788
0.000856403
-0.000326927
0.000908099
-0.000383408
0.000952114
-0.000439468
0.000987778
-0.00049435
0.00101376
-0.000547298
0.00102862
-0.000597579
0.00103114
-0.000644523
0.00102051
-0.00068757
0.000996395
-0.000726318
0.000958989
-0.000760556
0.000908984
-0.000790279
0.000847506
-0.000815685
0.000776007
-0.000837154
0.000696135
-0.000855204
0.00060959
-0.000870452
0.000517992
-0.00088356
0.000422776
-0.000895199
0.00032512
-0.000906012
0.000225911
-0.0009166
0.000125734
-0.000927502
2.48838e-05
-0.000939189
-7.66032e-05
-0.000952046
-0.000178919
-0.000966358
-0.000282456
-0.000982253
-0.000387777
-0.000999624
-0.00049556
-0.00101799
-0.000606506
-0.00103632
-0.00072116
-0.00105282
-0.000839619
-0.00106473
-0.000961081
-0.00106821
-0.00108323
-0.00105843
-0.00120157
-0.00103007
-0.00130877
-0.000978178
-0.00139457
-0.000899494
-0.00144635
-0.000793906
-0.00145094
-0.000665592
-0.00139748
-0.00052327
-0.00128104
-0.000379155
-0.00110567
-0.000246638
-0.000885619
-0.000137367
-0.000643646
-5.88714e-05
-0.000406621
-1.3671e-05
-0.000200185
-4.50857e-05
-8.28877e-06
0.000148788
-3.02085e-05
0.000377397
-6.27884e-05
0.000548007
-0.000103192
0.000674482
-0.000148964
0.000770075
-0.000198167
0.000845427
-0.000249358
0.000907594
-0.000301453
0.000960194
-0.000353578
0.00100424
-0.00040496
0.00103916
-0.000454862
0.00106366
-0.000502573
0.00107633
-0.000547425
0.001076
-0.000588834
0.00106192
-0.000626341
0.0010339
-0.000659653
0.000992301
-0.000688672
0.000938002
-0.000713495
0.000872329
-0.000734408
0.00079692
-0.000751852
0.000713579
-0.000766379
0.000624117
-0.000778607
0.00053022
-0.000789176
0.000433345
-0.000798714
0.000334658
-0.000807808
0.000235006
-0.000817001
0.000134927
-0.000826782
3.46648e-05
-0.000837596
-6.57896e-05
-0.000849841
-0.000166674
-0.000863867
-0.00026843
-0.00087995
-0.000371694
-0.000898227
-0.000477283
-0.000918586
-0.000586147
-0.000940488
-0.000699258
-0.000962731
-0.000817377
-0.00098316
-0.000940651
-0.00099842
-0.00106797
-0.00100383
-0.00119615
-0.000993626
-0.00131898
-0.000961635
-0.00142656
-0.000902607
-0.00150538
-0.000813935
-0.00153961
-0.000697382
-0.00151403
-0.000560092
-0.00141833
-0.000414174
-0.00125159
-0.000274555
-0.00102524
-0.000155608
-0.000762593
-6.78365e-05
-0.000494393
-1.60981e-05
-0.000251924
-6.11838e-05
-6.82162e-06
0.000155609
-2.56439e-05
0.000396219
-5.44005e-05
0.000576764
-9.07375e-05
0.000710819
-0.000132368
0.000811705
-0.000177347
0.000890406
-0.000224157
0.000954405
-0.000271644
0.00100768
-0.000318899
0.00105149
-0.000365147
0.00108541
-0.00040969
0.0011082
-0.000451879
0.00111852
-0.000491131
0.00111525
-0.000526962
0.00109775
-0.000559025
0.00106597
-0.000587141
0.00102042
-0.000611314
0.000962175
-0.00063173
0.000892746
-0.000648738
0.000813928
-0.000662811
0.000727652
-0.000674503
0.000635809
-0.000684405
0.000540122
-0.000693106
0.000442046
-0.000701163
0.000342715
-0.000709087
0.00024293
-0.000717338
0.000143178
-0.000726333
4.36598e-05
-0.000736461
-5.56623e-05
-0.000748092
-0.000155043
-0.000761594
-0.000254928
-0.000777321
-0.000355967
-0.000795581
-0.000459023
-0.000816551
-0.000565177
-0.000840128
-0.000675681
-0.000865696
-0.000791809
-0.000891809
-0.000914538
-0.000915826
-0.00104396
-0.000933607
-0.00117837
-0.000939446
-0.00131314
-0.00092649
-0.00143952
-0.000887863
-0.00154401
-0.000818497
-0.00160897
-0.000717344
-0.00161518
-0.000589205
-0.00154647
-0.000445191
-0.0013956
-0.000301099
-0.00116933
-0.000173823
-0.000889868
-7.71166e-05
-0.000591099
-1.86902e-05
-0.00031035
-7.98739e-05
-5.22191e-06
0.000160831
-2.05933e-05
0.000411591
-4.50246e-05
0.000601195
-7.67212e-05
0.000742515
-0.000113626
0.00084861
-0.000153822
0.000930603
-0.000195736
0.000996319
-0.000238152
0.0010501
-0.000280129
0.00109347
-0.000320907
0.00112619
-0.000359836
0.00114713
-0.000396346
0.00115503
-0.000429953
0.00114886
-0.000460288
0.00112808
-0.000487116
0.00109279
-0.000510367
0.00104367
-0.000530137
0.000981946
-0.000546681
0.00090929
-0.000560385
0.000827632
-0.000571727
0.000738994
-0.000581237
0.000645319
-0.000589455
0.00054834
-0.000596899
0.000449491
-0.000604044
0.00034986
-0.000611309
0.000250196
-0.000619066
0.000150935
-0.00062765
5.2243e-05
-0.000637376
-4.59363e-05
-0.000648565
-0.000143853
-0.000661561
-0.000241932
-0.000676742
-0.000340786
-0.000694508
-0.000441257
-0.000715231
-0.000544453
-0.000739147
-0.000651766
-0.000766147
-0.000764809
-0.000795479
-0.000885206
-0.000825326
-0.00101411
-0.000852358
-0.00115134
-0.000871401
-0.0012941
-0.000875494
-0.00143542
-0.000856687
-0.00156282
-0.000807751
-0.00165791
-0.000724696
-0.00169824
-0.000609375
-0.00166179
-0.000471
-0.00153398
-0.000325388
-0.00131494
-0.000191523
-0.00102373
-8.65191e-05
-0.000696103
-2.14079e-05
-0.000375461
-0.000101282
-3.54288e-06
0.000164374
-1.52072e-05
0.000423255
-3.49135e-05
0.000620901
-6.14901e-05
0.000769092
-9.31709e-05
0.00088029
-0.000128111
0.000965543
-0.000164701
0.00103291
-0.000201675
0.00108707
-0.00023807
0.00112987
-0.000273145
0.00116126
-0.000306309
0.0011803
-0.000337084
0.0011858
-0.000365095
0.00117687
-0.000390088
0.00115308
-0.000411943
0.00111465
-0.000430689
0.00106241
-0.000446499
0.000997756
-0.000459675
0.000922466
-0.000470616
0.000838573
-0.000479784
0.000748161
-0.000487662
0.000653197
-0.000494725
0.000555403
-0.000501407
0.000456174
-0.000508096
0.000356548
-0.000515121
0.000257221
-0.000522766
0.00015858
-0.000531285
6.07611e-05
-0.000540918
-3.63025e-05
-0.000551926
-0.000132846
-0.000564605
-0.000229253
-0.000579314
-0.000326077
-0.000596483
-0.000424089
-0.000616587
-0.000524349
-0.000640084
-0.000628269
-0.000667254
-0.000737638
-0.000697941
-0.00085452
-0.000731136
-0.000980914
-0.000764455
-0.00111802
-0.000793592
-0.00126496
-0.000812027
-0.00141699
-0.000811374
-0.00156347
-0.000782769
-0.00168651
-0.000719436
-0.00176157
-0.000619907
-0.00176132
-0.000490679
-0.00166321
-0.000346647
-0.00145897
-0.000208237
-0.00116214
-9.58444e-05
-0.000808496
-2.42071e-05
-0.000447099
-0.000125489
-1.83916e-06
0.000166213
-9.64454e-06
0.00043106
-2.43397e-05
0.000635597
-4.54209e-05
0.000790173
-7.1473e-05
0.000906343
-0.000100769
0.000994838
-0.000131695
0.00106384
-0.000162945
0.00111832
-0.000193541
0.00116046
-0.000222767
0.00119049
-0.000250097
0.00120763
-0.000275149
0.00121086
-0.000297663
0.00119938
-0.0003175
0.00117291
-0.000334649
0.0011318
-0.000349226
0.00107699
-0.000361464
0.00100999
-0.000371692
0.000932694
-0.000380304
0.000847186
-0.000387726
0.000755583
-0.000394382
0.000659853
-0.00040067
0.00056169
-0.000406941
0.000462445
-0.000413494
0.000363102
-0.000420577
0.000264304
-0.000428394
0.000166398
-0.000437126
6.94928e-05
-0.000446948
-2.64807e-05
-0.000458056
-0.000121738
-0.000470692
-0.000216617
-0.000485171
-0.000311597
-0.000501903
-0.000407356
-0.000521396
-0.000504856
-0.00054422
-0.000605446
-0.00057091
-0.000710947
-0.000601763
-0.000823668
-0.000636469
-0.000946208
-0.000673585
-0.0010809
-0.000709859
-0.00122869
-0.000739638
-0.00138721
-0.000754737
-0.00154837
-0.000745326
-0.00169593
-0.000702257
-0.00180464
-0.000620657
-0.00184292
-0.000503658
-0.00178021
-0.000364269
-0.00159836
-0.000223552
-0.00130286
-0.000104904
-0.000927144
-2.70428e-05
-0.00052496
-0.000152532
-1.64691e-07
0.000166378
-4.06756e-06
0.000434963
-1.35871e-05
0.000645116
-2.89103e-05
0.000805497
-4.90268e-05
0.000926459
-7.23783e-05
0.00101819
-9.73798e-05
0.00108884
-0.000122704
0.00114365
-0.000147359
0.00118512
-0.000170658
0.00121379
-0.000192141
0.00122911
-0.000211524
0.00123024
-0.000228659
0.00121651
-0.000243518
0.00118777
-0.000256192
0.00114447
-0.00026687
0.00108767
-0.000275832
0.00101896
-0.000283417
0.00094028
-0.000289999
0.000853768
-0.000295956
0.00076154
-0.000301645
0.000665542
-0.000307384
0.000567429
-0.000313444
0.000468505
-0.000320044
0.000369702
-0.000327358
0.000271617
-0.000335523
0.000174563
-0.000344662
7.86311e-05
-0.000354893
-1.625e-05
-0.000366357
-0.000110273
-0.000379244
-0.000203731
-0.000393813
-0.000297028
-0.000410428
-0.000390742
-0.000429571
-0.000485713
-0.000451845
-0.000583172
-0.000477914
-0.000684878
-0.000508371
-0.000793211
-0.000543446
-0.000911133
-0.00058252
-0.00104183
-0.000623428
-0.00118778
-0.000661649
-0.00134899
-0.000689743
-0.00152028
-0.000697626
-0.00168804
-0.000674401
-0.00182787
-0.000611988
-0.00190533
-0.000509732
-0.00188246
-0.000377862
-0.00173023
-0.00023715
-0.00144357
-0.000113538
-0.00105076
-2.98736e-05
-0.000608624
-0.000182405
1.42938e-06
0.000164949
1.36291e-06
0.00043503
-2.94286e-06
0.000649422
-1.23655e-05
0.00081492
-2.63433e-05
0.000940437
-4.35378e-05
0.00103538
-6.24308e-05
0.00110773
-8.16923e-05
0.00116291
-0.000100326
0.00120375
-0.00011767
0.00123113
-0.000133329
0.00124477
-0.000147111
0.00124402
-0.000158975
0.00122838
-0.000169001
0.0011978
-0.000177366
0.00115284
-0.000184328
0.00109463
-0.000190198
0.00102483
-0.000195314
0.000945396
-0.000200021
0.000858475
-0.000204644
0.000766162
-0.00020947
0.000670368
-0.000214741
0.000572701
-0.000220653
0.000474417
-0.000227355
0.000376403
-0.000234957
0.00027922
-0.000243547
0.000183153
-0.000253198
8.8282e-05
-0.000263988
-5.46022e-06
-0.000276016
-9.82459e-05
-0.000289422
-0.000190325
-0.000304414
-0.000282036
-0.000321295
-0.00037386
-0.000340495
-0.000466514
-0.000362582
-0.000561085
-0.000388255
-0.000659205
-0.000418261
-0.000763206
-0.000453188
-0.000876206
-0.000493071
-0.00100195
-0.00053673
-0.00114412
-0.000580876
-0.00130484
-0.000619196
-0.00148196
-0.000642026
-0.00166521
-0.000637461
-0.00183243
-0.000594662
-0.00194813
-0.000509034
-0.00196809
-0.000387255
-0.00185201
-0.000248831
-0.001582
-0.000121634
-0.00117795
-3.26673e-05
-0.000697591
-0.000215073
2.89793e-06
0.000162051
6.49515e-06
0.000431433
7.30747e-06
0.00064861
3.80121e-06
0.000818426
-3.94082e-06
0.000948179
-1.4853e-05
0.0010463
-2.75247e-05
0.0011204
-4.06464e-05
0.00117603
-5.32241e-05
0.00121633
-6.46178e-05
0.00124252
-7.44906e-05
0.00125464
-8.27352e-05
0.00125227
-8.94101e-05
0.00123505
-9.46922e-05
0.00120308
-9.88409e-05
0.00115699
-0.000102168
0.00109796
-0.000105009
0.00102767
-0.000107699
0.000948086
-0.000110548
0.000861324
-0.000113826
0.000769441
-0.000117757
0.000674299
-0.000122513
0.000577457
-0.000128222
0.000480125
-0.000134971
0.000383153
-0.000142825
0.000287073
-0.000151827
0.000192155
-0.000162019
9.84741e-05
-0.000173449
5.9693e-06
-0.000186185
-8.55096e-05
-0.000200333
-0.000176177
-0.000216051
-0.000266317
-0.000233586
-0.000356326
-0.000253295
-0.000446805
-0.000275682
-0.000538698
-0.000301409
-0.000633478
-0.00033126
-0.000733354
-0.000366023
-0.000841444
-0.000406184
-0.000961785
-0.000451374
-0.00109893
-0.000499475
-0.00125674
-0.000545517
-0.00143591
-0.000580797
-0.00162993
-0.000593176
-0.00182005
-0.000569707
-0.0019716
-0.000501964
-0.00203583
-0.000392483
-0.00196149
-0.000258519
-0.00171596
-0.000129134
-0.00130734
-3.54057e-05
-0.000791319
-0.000250478
4.2012e-06
0.00015785
1.11888e-05
0.000424445
1.68922e-05
0.000642907
1.91851e-05
0.000816133
1.76594e-05
0.000949705
1.30642e-05
0.00105089
6.6598e-06
0.00112681
-2.92721e-07
0.00118298
-6.81206e-06
0.00122285
-1.22797e-05
0.00124799
-1.64065e-05
0.00125877
-1.91597e-05
0.00125502
-2.06872e-05
0.00123658
-2.12537e-05
0.00120365
-2.11924e-05
0.00115692
-2.08647e-05
0.00109763
-2.06281e-05
0.00102743
-2.08101e-05
0.000948268
-2.16905e-05
0.000862204
-2.34918e-05
0.000771242
-2.63784e-05
0.000677185
-3.04621e-05
0.000581541
-3.5813e-05
0.000485476
-4.24712e-05
0.000389811
-5.04592e-05
0.000295061
-5.97926e-05
0.000201488
-7.04895e-05
0.000109171
-8.25783e-05
1.8058e-05
-9.61087e-05
-7.19793e-05
-0.000111161
-0.000161125
-0.000127858
-0.00024962
-0.000146393
-0.000337792
-0.000167053
-0.000426144
-0.00019026
-0.000515491
-0.000216593
-0.000607145
-0.000246798
-0.000703149
-0.000281724
-0.000806517
-0.000322125
-0.000921384
-0.000368222
-0.00105283
-0.000418915
-0.00120605
-0.000470609
-0.00138422
-0.00051594
-0.0015846
-0.000543253
-0.00179274
-0.000538272
-0.00197658
-0.0004891
-0.00208501
-0.000393745
-0.00205685
-0.00026626
-0.00184345
-0.00013605
-0.00143755
-3.80888e-05
-0.00088928
-0.000288567
5.30607e-06
0.000152544
1.53181e-05
0.000414434
2.55535e-05
0.000632671
3.33876e-05
0.000808299
3.79396e-05
0.000945153
3.96087e-05
0.00104922
3.94553e-05
0.00112696
3.86572e-05
0.00118378
3.8171e-05
0.00122334
3.85974e-05
0.00124757
4.01851e-05
0.00125718
4.29032e-05
0.0012523
4.65259e-05
0.00123296
5.07091e-05
0.00119947
5.50523e-05
0.00115258
5.91471e-05
0.00109354
6.26142e-05
0.00102396
6.51289e-05
0.000945753
6.64354e-05
0.000860898
6.63501e-05
0.000771327
6.47563e-05
0.000678779
6.15914e-05
0.000584706
5.68318e-05
0.000490235
5.04762e-05
0.000396166
4.25323e-05
0.000303005
3.3006e-05
0.000211015
2.18937e-05
0.000120283
9.1773e-06
3.07743e-05
-5.18068e-06
-5.76214e-05
-2.12447e-05
-0.000145062
-3.91132e-05
-0.000231752
-5.89349e-05
-0.00031797
-8.09351e-05
-0.000404144
-0.000105449
-0.000490977
-0.000132957
-0.000579637
-0.000164112
-0.000671994
-0.000199731
-0.000770899
-0.000240672
-0.000880443
-0.000287539
-0.00100597
-0.000340026
-0.00115356
-0.000395812
-0.00132843
-0.00044907
-0.00153135
-0.000489222
-0.00175259
-0.000501495
-0.00196431
-0.000471098
-0.0021154
-0.000391342
-0.0021366
-0.000272193
-0.00196259
-0.000142454
-0.00156729
-4.07383e-05
-0.000990996
-0.000329305
6.18576e-06
0.000146358
1.87728e-05
0.000401847
3.30549e-05
0.00061839
4.60288e-05
0.000795325
5.63857e-05
0.000934797
6.41614e-05
0.00104145
7.01758e-05
0.00112095
7.54852e-05
0.00117847
8.09974e-05
0.00121782
8.72885e-05
0.00124127
9.45754e-05
0.0012499
0.000102775
0.0012441
0.000111596
0.00122414
0.000120622
0.00119044
0.000129391
0.00114381
0.000137447
0.00108548
0.000144386
0.00101702
0.000149878
0.000940261
0.00015368
0.000857096
0.000155636
0.000769372
0.000155663
0.000678752
0.000153736
0.000586633
0.000149865
0.000494106
0.000144079
0.000401953
0.000136407
0.000310676
0.000126872
0.00022055
0.000115477
0.000131677
0.000102212
4.40401e-05
8.70415e-05
-4.24514e-05
6.99099e-05
-0.00012793
5.07358e-05
-0.000212578
2.94031e-05
-0.000296638
5.74139e-06
-0.000380483
-2.05036e-05
-0.000464732
-4.97086e-05
-0.000550432
-8.24095e-05
-0.000639293
-0.000119325
-0.000733984
-0.000161303
-0.000838465
-0.000209143
-0.000958126
-0.000263097
-0.00109961
-0.000321927
-0.0012696
-0.00038136
-0.00147191
-0.000432335
-0.00170161
-0.00046039
-0.00193626
-0.000448587
-0.00212721
-0.000385608
-0.00219958
-0.000276519
-0.00207168
-0.00014848
-0.00169533
-4.34005e-05
-0.00109608
-0.000372706
6.81904e-06
0.000139539
2.14564e-05
0.000387209
3.91784e-05
0.000600668
5.67469e-05
0.000777757
7.2498e-05
0.000919045
8.6112e-05
0.00102783
9.81377e-05
0.00110892
0.000109469
0.00116714
0.000120934
0.00120636
0.000133071
0.00122914
0.000146066
0.0012369
0.000159793
0.00123038
0.000173903
0.00121003
0.000187918
0.00117642
0.000201316
0.00113041
0.000213594
0.0010732
0.000224316
0.0010063
0.000233136
0.000931441
0.000239814
0.000850418
0.000244203
0.000764982
0.000246242
0.000676713
0.000245927
0.000586947
0.000243294
0.000496739
0.00023839
0.000406856
0.000231261
0.000317805
0.000221938
0.000229873
0.000210432
0.000143183
0.000196732
5.774e-05
0.000180807
-2.65264e-05
0.000162604
-0.000109727
0.000142052
-0.000192026
0.000119059
-0.000273644
9.34961e-05
-0.00035492
6.51793e-05
-0.000436416
3.3833e-05
-0.000519086
-9.50317e-07
-0.000604509
-3.97527e-05
-0.000695181
-8.33383e-05
-0.00079488
-0.000132554
-0.000908911
-0.000187995
-0.00104417
-0.000249263
-0.00120834
-0.00031353
-0.00140764
-0.000373504
-0.00164164
-0.000415758
-0.001894
-0.000422085
-0.00212088
-0.000376828
-0.00224484
-0.000279453
-0.00216906
-0.000154309
-0.00182047
-4.61486e-05
-0.00120424
-0.000418854
7.18858e-06
0.000132351
2.32829e-05
0.000371115
4.37209e-05
0.00058023
6.51946e-05
0.000756284
8.57859e-05
0.000898454
0.000104852
0.00100877
0.000122653
0.00109112
0.000139879
0.00114991
0.000157244
0.00118899
0.000175223
0.00121116
0.000193963
0.00121816
0.000213298
0.00121104
0.00023283
0.0011905
0.000252024
0.00115723
0.000270301
0.00111214
0.000287111
0.00105639
0.000301976
0.000991437
0.000314527
0.00091889
0.000324507
0.000840438
0.000331769
0.00075772
0.000336254
0.000672227
0.00033797
0.000585231
0.000336963
0.000497747
0.00033329
0.000410529
0.000327008
0.000324087
0.000318153
0.000238728
0.00030674
0.000154596
0.000292758
7.17216e-05
0.000276177
-9.94482e-06
0.000256945
-9.04961e-05
0.000235001
-0.000170082
0.000210267
-0.000248911
0.000182653
-0.000327306
0.000152033
-0.000405796
0.000118221
-0.000485274
8.09257e-05
-0.000567215
3.97157e-05
-0.000653971
-6.03074e-06
-0.000749133
-5.70988e-05
-0.000857843
-0.000114261
-0.000987003
-0.00017771
-0.00114489
-0.000245862
-0.00133949
-0.000313264
-0.00157423
-0.000368127
-0.00183914
-0.000391913
-0.00209709
-0.000365166
-0.00227159
-0.000281166
-0.00225306
-0.000160149
-0.00194149
-4.90848e-05
-0.0013153
-0.000467939
7.27764e-06
0.000125073
2.41691e-05
0.000354224
4.64848e-05
0.000557914
7.103e-05
0.000731738
9.57606e-05
0.000873724
0.000119768
0.000984761
0.000143023
0.00106787
0.000165977
0.00112696
0.000189181
0.00116579
0.000213016
0.00118732
0.00023757
0.00119361
0.000262631
0.00118598
0.000287754
0.00116537
0.000312352
0.00113263
0.000335795
0.00108869
0.000357476
0.00103471
0.000376875
0.000972038
0.000393585
0.00090218
0.000407324
0.000826699
0.000417926
0.000747119
0.000425322
0.000664832
0.000429514
0.000581039
0.000430548
0.000496713
0.000428486
0.000412591
0.000423385
0.000329188
0.000415287
0.000246826
0.000404206
0.000165676
0.000390133
8.5794e-05
0.000373037
7.15149e-06
0.000352872
-7.03315e-05
0.000329581
-0.00014679
0.000303102
-0.000222432
0.000273374
-0.000297578
0.000240323
-0.000372746
0.000203844
-0.000448795
0.00016376
-0.000527131
0.000119776
-0.000609987
7.14178e-05
-0.000700775
1.80284e-05
-0.000804454
-4.11831e-05
-0.000927792
-0.000106792
-0.00107928
-0.000178213
-0.00126807
-0.00025176
-0.00150069
-0.000317702
-0.0017732
-0.000358135
-0.00205666
-0.000350579
-0.00227914
-0.000281727
-0.00232191
-0.000166215
-0.002057
-5.2345e-05
-0.00142917
-0.000520284
7.0647e-06
0.000118008
2.40213e-05
0.000337267
4.7259e-05
0.000534676
7.38987e-05
0.000705099
0.000101922
0.0008457
0.000130237
0.000956446
0.000158537
0.00103957
0.000187005
0.00109849
0.000215981
0.00113681
0.000245706
0.0011576
0.000276178
0.00116314
0.000307122
0.00115504
0.000338043
0.00113445
0.000368302
0.00110237
0.000397215
0.00105978
0.000424124
0.0010078
0.000448459
0.000947703
0.000469768
0.000880871
0.000487729
0.000808738
0.000502146
0.000732702
0.000512926
0.000654052
0.000520054
0.000573911
0.000523564
0.000493203
0.000523512
0.000412643
0.000519954
0.000332746
0.000512929
0.000253851
0.000502456
0.00017615
0.000488525
9.97248e-05
0.000471106
2.45702e-05
0.000450161
-4.93863e-05
0.000425638
-0.000122268
0.000397494
-0.000194288
0.000365693
-0.000265777
0.000330207
-0.00033726
0.000291003
-0.000409591
0.000248006
-0.000484134
0.000201053
-0.000563033
0.00014982
-0.000649542
9.37749e-05
-0.000748409
3.21876e-05
-0.000866204
-3.56974e-05
-0.00101139
-0.000110033
-0.00119374
-0.000188724
-0.001422
-0.000264329
-0.00169759
-0.000320494
-0.00200049
-0.000332746
-0.00226689
-0.000281023
-0.00237363
-0.000172696
-0.00216533
-5.61043e-05
-0.00154576
-0.000576389
6.51438e-06
0.000111494
2.27119e-05
0.00032107
4.57882e-05
0.0005116
7.34027e-05
0.000677484
0.000103735
0.000815369
0.000135606
0.000924575
0.000168462
0.00100671
0.00020219
0.00106476
0.00023687
0.00110213
0.000272543
0.00112192
0.000309075
0.00112661
0.000346101
0.00111801
0.00038306
0.0010975
0.00041926
0.00106617
0.000453962
0.00102508
0.000486458
0.000975306
0.000516124
0.000918037
0.000542459
0.000854537
0.000565093
0.000786104
0.000583789
0.000714006
0.000598418
0.000639422
0.000608939
0.00056339
0.000615364
0.000486778
0.000617735
0.000410272
0.0006161
0.000334381
0.000610497
0.000259454
0.000600942
0.000185705
0.000587432
0.000113235
0.000569942
4.20606e-05
0.000548439
-2.7884e-05
0.000522888
-9.67169e-05
0.000493262
-0.000164662
0.000459553
-0.000232068
0.000421777
-0.000299484
0.000379961
-0.000367775
0.000334121
-0.000438294
0.000284207
-0.00051312
0.000230035
-0.000595371
0.000171206
-0.000689579
0.000107055
-0.000802054
3.67476e-05
-0.000941087
-4.03415e-05
-0.00111665
-0.000123438
-0.0013389
-0.000207448
-0.00161358
-0.00027836
-0.00192958
-0.000310976
-0.00223427
-0.000278669
-0.00240594
-0.000179711
-0.00226428
-6.0587e-05
-0.00166489
-0.000636976
5.56208e-06
0.000105932
2.00433e-05
0.000306589
4.17226e-05
0.000489921
6.90508e-05
0.000650156
0.000100587
0.000783832
0.000135173
0.000889989
0.000172036
0.000969846
0.000210746
0.00102605
0.000251065
0.00106182
0.000292775
0.00108022
0.00033555
0.00108383
0.000378898
0.00107466
0.000422171
0.00105422
0.000464612
0.00102373
0.000505429
0.000984262
0.000543861
0.000936874
0.000579234
0.000882665
0.000610992
0.000822779
0.000638718
0.000758378
0.000662125
0.000690599
0.000681044
0.000620504
0.000695395
0.000549039
0.000705164
0.000477009
0.000710372
0.000405064
0.000711055
0.000333698
0.000707246
0.000263263
0.000698964
0.000193987
0.000686209
0.000125989
0.000668969
5.93009e-05
0.000647222
-6.13675e-06
0.000620955
-7.045e-05
0.000590164
-0.000133871
0.000554871
-0.000196775
0.000515133
-0.000259746
0.000471031
-0.000323673
0.000422651
-0.000389914
0.000370037
-0.000460506
0.000313116
-0.00053845
0.000251601
-0.000628064
0.000184904
-0.000735357
0.000112133
-0.000868316
3.23398e-05
-0.00103685
-5.46757e-05
-0.00125189
-0.000146029
-0.00152223
-0.000230669
-0.00184494
-0.000284126
-0.00218082
-0.000273894
-0.00241617
-0.000187242
-0.00235094
-6.60759e-05
-0.00178605
-0.000703051
4.08769e-06
0.000101844
1.56876e-05
0.000294989
3.45417e-05
0.000471067
6.01849e-05
0.000624513
9.17379e-05
0.000752279
0.000128151
0.000853576
0.000168456
0.000929541
0.000211876
0.000982633
0.000257795
0.0010159
0.000305668
0.00103234
0.000354915
0.00103458
0.000404869
0.00102471
0.000454763
0.00100433
0.000503763
0.000974731
0.000551018
0.000937008
0.000595717
0.000892176
0.000637137
0.000841245
0.000674675
0.00078524
0.000707864
0.000725189
0.000736368
0.000662095
0.000759971
0.0005969
0.000778556
0.000530454
0.000792075
0.00046349
0.000800527
0.000396612
0.000803932
0.000330292
0.000802319
0.000264876
0.00079571
0.000200596
0.000784116
0.000137583
0.000767542
7.5875e-05
0.000745984
1.54213e-05
0.00071946
-4.39261e-05
0.000687996
-0.000102406
0.000651648
-0.000160428
0.000610511
-0.000218609
0.000564711
-0.000277873
0.000514384
-0.000339587
0.000459634
-0.000405756
0.000400459
-0.000479274
0.000336644
-0.000564249
0.00026765
-0.000666363
0.000192544
-0.00079321
0.000110107
-0.000954418
1.94183e-05
-0.0011612
-7.84711e-05
-0.00142434
-0.000175835
-0.00174758
-0.000250495
-0.00210616
-0.000265394
-0.00240128
-0.000195029
-0.0024213
-7.29123e-05
-0.00190817
-0.000775964
1.87069e-06
9.99736e-05
9.09404e-06
0.000287766
2.34417e-05
0.00045672
4.58782e-05
0.000602077
7.62389e-05
0.000721919
0.000113627
0.000816188
0.000156866
0.000886303
0.000204783
0.000934716
0.000256324
0.000964356
0.00031054
0.000978126
0.000366538
0.000978586
0.000423421
0.000967824
0.000480271
0.000947478
0.000536157
0.000918845
0.000590163
0.000883001
0.000641432
0.000840907
0.0006892
0.000793478
0.00073282
0.000741619
0.000771784
0.000686226
0.00080571
0.000628168
0.000834341
0.000568268
0.000857521
0.000507275
0.000875169
0.000445842
0.000887262
0.000384519
0.000893809
0.000323745
0.000894834
0.000263851
0.000890369
0.000205062
0.000880442
0.000147509
0.000865083
9.12343e-05
0.00084432
3.61839e-05
0.000818201
-1.78065e-05
0.000786792
-7.09972e-05
0.000750188
-0.000123823
0.000708515
-0.000176937
0.000661929
-0.000231287
0.000610589
-0.000288248
0.00055462
-0.000349787
0.000494035
-0.00041869
0.000428634
-0.000498848
0.000357874
-0.000595603
0.000280753
-0.000716089
0.000195819
-0.000869484
0.000101536
-0.00106691
-2.44596e-06
-0.00132036
-0.000111637
-0.00163839
-0.000207699
-0.0020101
-0.000251139
-0.00235783
-0.000202404
-0.00247004
-8.14775e-05
-0.00202909
-0.000857441
-1.48454e-06
0.000101458
-6.50752e-07
0.000286932
7.18619e-06
0.000448883
2.48134e-05
0.00058445
5.28578e-05
0.000693874
9.05276e-05
0.000778518
0.000136358
0.000840473
0.000188704
0.00088237
0.000245995
0.000907064
0.000306817
0.000917304
0.000369897
0.000915506
0.000434067
0.000903654
0.000498224
0.000883321
0.000561323
0.000855747
0.000622379
0.000821945
0.00068049
0.000782796
0.000734858
0.000739109
0.000784809
0.000691668
0.000829801
0.000641235
0.000869419
0.00058855
0.000903373
0.000534315
0.000931474
0.000479173
0.000953619
0.000423697
0.000969767
0.000368371
0.00097992
0.000313592
0.000984109
0.000259662
0.000982378
0.000206792
0.000974786
0.000155102
0.000961393
0.000104627
0.000942273
5.53043e-05
0.000917503
6.96374e-06
0.000887197
-4.06918e-05
0.000851481
-8.81076e-05
0.000810504
-0.00013596
0.000764428
-0.00018521
0.000713402
-0.000237221
0.000657519
-0.000293904
0.000596747
-0.000357918
0.000530823
-0.000432925
0.000459124
-0.000523904
0.000380523
-0.000637488
0.000293323
-0.000782284
0.000195448
-0.000969039
8.53823e-05
-0.00121029
-3.50549e-05
-0.00151795
-0.000152498
-0.00189265
-0.000228094
-0.00228224
-0.000208004
-0.00249013
-9.21434e-05
-0.00214495
-0.000949585
-6.67871e-06
0.000108137
-1.5021e-05
0.000295274
-1.60611e-05
0.000449923
-4.81891e-06
0.000573208
2.00417e-05
0.000669014
5.76373e-05
0.000740922
0.000106035
0.000792075
0.000162993
0.000825412
0.000226343
0.000843714
0.000294144
0.000849504
0.000364704
0.000844946
0.000436549
0.000831809
0.000508373
0.000811497
0.000579004
0.000785116
0.000647386
0.000753563
0.000712582
0.0007176
0.000773772
0.000677919
0.000830267
0.000635173
0.000881509
0.000589993
0.000927069
0.00054299
0.000966636
0.000494747
0.00100001
0.000445802
0.00102707
0.000396637
0.00104777
0.000347669
0.00106212
0.000299241
0.00107017
0.000251615
0.00107198
0.000204978
0.00106765
0.000159432
0.00105728
0.000114995
0.00104099
7.1596e-05
0.0010189
2.90566e-05
0.000991144
-1.29379e-05
0.000957879
-5.48419e-05
0.00091925
-9.7331e-05
0.000875395
-0.000141356
0.00082641
-0.000188236
0.000772302
-0.000239796
0.000712922
-0.000298538
0.000647862
-0.000367865
0.000576326
-0.000452367
0.000496976
-0.000558139
0.000407823
-0.000693131
0.000306278
-0.000867493
0.000189772
-0.00109379
5.79949e-05
-0.00138617
-8.06623e-05
-0.001754
-0.000191888
-0.00217101
-0.000209314
-0.0024727
-0.000105131
-0.00224914
-0.00105472
-1.48992e-05
0.000123036
-3.62838e-05
0.000316659
-4.8873e-05
0.000462512
-4.52964e-05
0.000569631
-2.39348e-05
0.000647652
1.3821e-05
0.000703167
6.5281e-05
0.000740615
0.000127426
0.000763267
0.000197409
0.000773731
0.000272727
0.000774186
0.000351255
0.000766418
0.000431207
0.000751857
0.000511074
0.00073163
0.000589564
0.000706627
0.000665559
0.000677568
0.000738095
0.000645064
0.000806352
0.000609663
0.000869644
0.000571881
0.000927419
0.000532217
0.000979253
0.000491156
0.00102484
0.00044916
0.00106398
0.000406663
0.00109656
0.000364056
0.00112255
0.000321681
0.00114197
0.00027982
0.00115489
0.000238693
0.00116142
0.00019845
0.00116168
0.000159171
0.00115582
0.000120859
0.00114398
8.34294e-05
0.00112634
4.6702e-05
0.00110303
1.03742e-05
0.0010742
-2.60131e-05
0.00103997
-6.31008e-05
0.00100041
-0.000101798
0.000955518
-0.000143346
0.000905161
-0.000189439
0.000849003
-0.00024238
0.000786409
-0.000305271
0.000716314
-0.000382273
0.000637074
-0.000478898
0.00054632
-0.000602377
0.000440926
-0.000762099
0.000317359
-0.000970219
0.000173331
-0.00124214
1.31735e-05
-0.00159384
-0.000136499
-0.00202134
-0.000202122
-0.00240708
-0.000120177
-0.00233108
-0.00117489
-2.80915e-05
0.000151128
-6.76505e-05
0.000356218
-9.43534e-05
0.000489215
-9.88616e-05
0.000574139
-8.02346e-05
0.000629025
-4.10934e-05
0.000664025
1.47224e-05
0.000684799
8.32345e-05
0.000694755
0.000160837
0.000696128
0.000244481
0.000690543
0.000331638
0.000679261
0.000420251
0.000663244
0.000508639
0.000643242
0.000595415
0.00061985
0.000679426
0.000593557
0.000759705
0.000564784
0.00083545
0.000533918
0.000906003
0.000501327
0.000970844
0.000467377
0.00102957
0.000432426
0.00108191
0.000396821
0.00112768
0.000360893
0.0011668
0.000324943
0.00119924
0.000289237
0.00122506
0.000253998
0.00124436
0.000219396
0.00125726
0.000185547
0.00126393
0.000152508
0.00126452
0.000120268
0.00125921
8.87403e-05
0.00124816
5.77509e-05
0.00123152
2.7018e-05
0.00120938
-3.87694e-06
0.0011818
-3.55234e-05
0.00114875
-6.87513e-05
0.00111009
-0.000104685
0.0010655
-0.000144843
0.00101439
-0.000191275
0.000955852
-0.00024673
0.000888461
-0.000314882
0.00081017
-0.000400607
0.000718132
-0.000510339
0.000608615
-0.000652582
0.000477141
-0.000838745
0.000319547
-0.00108455
0.000136383
-0.00141067
-5.37784e-05
-0.00183118
-0.000179568
-0.00228129
-0.000135931
-0.00237472
-0.00131082
-4.92247e-05
0.000200352
-0.000112968
0.000419961
-0.000154914
0.000531161
-0.0001657
0.000584925
-0.00014691
0.000610236
-0.000103387
0.000620502
-4.0568e-05
0.00062198
3.64852e-05
0.000617702
0.000123441
0.000609172
0.000216765
0.000597219
0.000313633
0.000582393
0.00041181
0.000565067
0.00050952
0.000545532
0.00060534
0.00052403
0.000698122
0.000500776
0.00078693
0.000475976
0.000871007
0.00044984
0.000949747
0.000422587
0.00102268
0.000394447
0.00108944
0.000365658
0.00114981
0.000336459
0.00120362
0.000307084
0.00125081
0.000277749
0.00129139
0.000248652
0.00132544
0.000219954
0.00135305
0.000191786
0.00137436
0.000164231
0.00138954
0.000137328
0.00139875
0.000111061
0.00140214
8.53483e-05
0.00139986
6.00365e-05
0.001392
3.48787e-05
0.0013786
9.5157e-06
0.00135965
-1.65655e-05
0.00133497
-4.40719e-05
0.00130426
-7.39751e-05
0.00126699
-0.000107575
0.00122233
-0.000146614
0.00116902
-0.000193426
0.00110527
-0.000251126
0.00102853
-0.000323868
0.000935392
-0.000417202
0.000821418
-0.000538609
0.000681156
-0.000698483
0.000508681
-0.000912075
0.000300593
-0.00120258
6.79146e-05
-0.0015985
-0.000129334
-0.00208404
-0.000148483
-0.00235557
-0.00145931
-8.19786e-05
0.000282331
-0.000174623
0.000512606
-0.000227833
0.000584371
-0.000237609
0.000594701
-0.000211219
0.000583846
-0.000156832
0.000566115
-8.17361e-05
0.000546884
7.98834e-06
0.000527977
0.000107473
0.000509687
0.00021292
0.000491772
0.000321433
0.00047388
0.000430773
0.000455726
0.000539202
0.000437103
0.000645357
0.000417875
0.00074816
0.000397972
0.000846754
0.000377382
0.000940455
0.000356139
0.00102873
0.000334316
0.00111115
0.00031202
0.00118743
0.000289378
0.00125736
0.000266534
0.00132081
0.000243636
0.00137773
0.000220829
0.00142813
0.000198246
0.00147208
0.000176002
0.00150968
0.000154188
0.00154105
0.000132865
0.00156632
0.000112058
0.00158563
9.17511e-05
0.0015991
7.18784e-05
0.00160682
5.23138e-05
0.00160884
3.28578e-05
0.00160514
1.32181e-05
0.00159559
-7.01639e-06
0.00157993
-2.84131e-05
0.00155771
-5.17496e-05
0.0015282
-7.80645e-05
0.00149033
-0.000108744
0.00144254
-0.00014564
0.00138265
-0.000191231
0.00130762
-0.000248845
0.00121342
-0.000323001
0.00109479
-0.000419974
0.000945161
-0.000548857
0.00075688
-0.000723795
0.000522876
-0.00096858
0.000245823
-0.00132145
-2.99632e-05
-0.00180825
-0.000146853
-0.00223868
-0.00160616
-0.000128219
0.00041055
-0.000245618
0.000630005
-0.000291281
0.000630034
-0.000279697
0.000583118
-0.000228649
0.000532797
-0.000150074
0.00048754
-5.25647e-05
0.000449375
5.73003e-05
0.000418112
0.000174651
0.000392336
0.00029603
0.000370394
0.000418898
0.000351012
0.000541338
0.000333287
0.000661883
0.000316558
0.0007794
0.000300358
0.000892999
0.000284373
0.00100198
0.000268406
0.00110577
0.000252345
0.00120394
0.000236146
0.00129614
0.000219815
0.00138213
0.000203392
0.00146172
0.000186942
0.00153481
0.000170544
0.00160136
0.000154283
0.00166137
0.00013824
0.00171488
0.000122491
0.00176197
0.000107094
0.00180275
9.20889e-05
0.00183731
7.74917e-05
0.00186577
6.32879e-05
0.00188823
4.94274e-05
0.00190472
3.58163e-05
0.00191527
2.23064e-05
0.00191981
8.68084e-06
0.00191816
-5.36448e-06
0.00190999
-2.0243e-05
0.00189475
-3.6509e-05
0.00187159
-5.49083e-05
0.00183928
-7.6433e-05
0.00179605
-0.000102404
0.0017394
-0.000134587
0.00166593
-0.000175373
0.001571
-0.000228075
0.00144849
-0.000297461
0.00129047
-0.000390837
0.00108708
-0.000520406
0.000827159
-0.000708659
0.000504079
-0.00099837
0.000144554
-0.00144873
-0.000107065
-0.00198706
-0.00171322
-0.000181405
0.000591955
-0.000280783
0.000729383
-0.000260731
0.000609981
-0.000180849
0.000503236
-7.21842e-05
0.000424133
5.32862e-05
0.000362069
0.000188172
0.00031449
0.000327267
0.000279017
0.000467465
0.000252138
0.00060682
0.000231039
0.000743974
0.000213858
0.000877929
0.000199332
0.00100793
0.000186561
0.00113337
0.000174918
0.00125376
0.000163975
0.00136872
0.000153453
0.00147789
0.000143173
0.001581
0.00013303
0.00167785
0.000122975
0.00176824
0.000112995
0.00185208
0.000103104
0.00192929
9.33326e-05
0.00199986
8.37198e-05
0.00206379
7.43069e-05
0.00212115
6.51325e-05
0.00217201
5.62276e-05
0.00221649
4.7612e-05
0.00225469
3.92909e-05
0.00228673
3.1251e-05
0.0023127
2.3457e-05
0.00233267
1.58464e-05
0.00234665
8.32324e-06
0.00235458
7.47831e-07
0.00235629
-7.06871e-06
0.00235142
-1.53744e-05
0.00233941
-2.4501e-05
0.0023194
-3.48932e-05
0.0022901
-4.71372e-05
0.0022497
-6.20055e-05
0.00219564
-8.05259e-05
0.00212436
-0.000104094
0.00203097
-0.000134677
0.00190872
-0.000175217
0.00174839
-0.000230507
0.00153722
-0.000309231
0.00125759
-0.000429033
0.000888163
-0.000628943
0.000427816
-0.000988381
3.19658e-06
-0.00156244
-0.00171003
-0.000180249
0.000772205
-6.55402e-05
0.000614674
0.000153487
0.000390953
0.000367678
0.000289045
0.000567773
0.000224038
0.000755256
0.000174585
0.00092989
0.000139856
0.00109262
0.000116286
0.00124505
9.971e-05
0.00138856
8.75223e-05
0.00152418
7.82433e-05
0.0016526
7.09118e-05
0.0017743
6.48626e-05
0.00188957
5.96479e-05
0.00199857
5.49741e-05
0.00210137
5.06506e-05
0.00219799
4.65552e-05
0.0022884
4.26134e-05
0.0023726
3.87839e-05
0.00245054
3.50481e-05
0.00252224
3.14023e-05
0.00258772
2.78522e-05
0.00264704
2.44086e-05
0.00270026
2.10838e-05
0.0027475
1.78892e-05
0.0027889
1.48332e-05
0.00282459
1.19193e-05
0.00285473
9.14516e-06
0.00287949
6.50051e-06
0.00289898
3.96621e-06
0.00291331
1.51185e-06
0.00292254
-9.05308e-07
0.00292663
-3.34139e-06
0.00292543
-5.87245e-06
0.00291866
-8.59912e-06
0.00290581
-1.16517e-05
0.00288611
-1.51992e-05
0.00285844
-1.946e-05
0.00282115
-2.4717e-05
0.00277196
-3.13407e-05
0.0027077
-3.98315e-05
0.00262392
-5.09011e-05
0.00251435
-6.56473e-05
0.00236981
-8.59581e-05
0.00217609
-0.000115516
0.00190955
-0.000162489
0.0015284
-0.000247794
0.0009707
-0.000430683
0.000281365
-0.000873107
-0.00142866
0.000772205
0.00138688
0.00177783
0.00206688
0.00229092
0.0024655
0.00260536
0.00272164
0.00282135
0.00290887
0.00298712
0.00305803
0.00312289
0.00318254
0.00323751
0.00328817
0.00333472
0.00337733
0.00341612
0.00345117
0.00348257
0.00351042
0.00353483
0.00355591
0.0035738
0.00358863
0.00360055
0.0036097
0.0036162
0.00362017
0.00362168
0.00362077
0.00361743
0.00361156
0.00360296
0.00359131
0.00357611
0.00355665
0.00353193
0.00350059
0.00346076
0.00340986
0.00334421
0.00325825
0.00314274
0.00298025
0.00273245
0.00230177
0.00142866
)
;

boundaryField
{
    movingWall
    {
        type            calculated;
        value           uniform 0;
    }
    fixedWalls
    {
        type            calculated;
        value           uniform 0;
    }
    frontAndBack
    {
        type            empty;
        value           nonuniform 0();
    }
}


// ************************************************************************* //
