/*--------------------------------*- C++ -*----------------------------------*\
  =========                 |
  \\      /  F ield         | OpenFOAM: The Open Source CFD Toolbox
   \\    /   O peration     | Website:  https://openfoam.org
    \\  /    A nd           | Version:  7
     \\/     M anipulation  |
\*---------------------------------------------------------------------------*/
FoamFile
{
    version     2.0;
    format      ascii;
    class       volVectorField;
    location    "200";
    object      U;
}
// * * * * * * * * * * * * * * * * * * * * * * * * * * * * * * * * * * * * * //

dimensions      [0 1 -1 0 0 0 0];

internalField   nonuniform List<vector> 
2500
(
(0.000110141 -0.000111061 0)
(0.000487916 -0.000150722 0)
(0.000831834 -0.000126098 0)
(0.000996069 -7.88898e-05 0)
(0.000904967 -3.10112e-05 0)
(0.000553768 1.17079e-05 0)
(-3.99753e-05 4.83555e-05 0)
(-0.000856466 8.03106e-05 0)
(-0.00188041 0.000109737 0)
(-0.00310237 0.000138611 0)
(-0.00451717 0.000168276 0)
(-0.006121 0.000199324 0)
(-0.00790816 0.000231631 0)
(-0.00986799 0.000264445 0)
(-0.0119823 0.000296478 0)
(-0.0142234 0.000325992 0)
(-0.0165529 0.000350881 0)
(-0.0189208 0.000368764 0)
(-0.0212658 0.000377108 0)
(-0.0235164 0.000373388 0)
(-0.0255923 0.000355293 0)
(-0.0274079 0.000320971 0)
(-0.028876 0.000269298 0)
(-0.0299122 0.000200148 0)
(-0.0304409 0.000114661 0)
(-0.0304008 1.53843e-05 0)
(-0.0297505 -9.37844e-05 0)
(-0.0284737 -0.000207537 0)
(-0.0265829 -0.000319519 0)
(-0.0241218 -0.000422749 0)
(-0.0211653 -0.000510177 0)
(-0.0178175 -0.000575368 0)
(-0.0142063 -0.000613185 0)
(-0.010477 -0.000620419 0)
(-0.0067827 -0.000596218 0)
(-0.00327481 -0.000542242 0)
(-9.2402e-05 -0.000462474 0)
(0.00264684 -0.000362973 0)
(0.00485371 -0.000251245 0)
(0.00647181 -0.000135014 0)
(0.00747926 -2.13633e-05 0)
(0.00788737 8.37307e-05 0)
(0.00773709 0.000175729 0)
(0.0070948 0.000251325 0)
(0.00604936 0.000307527 0)
(0.00471246 0.000340163 0)
(0.00322454 0.000342064 0)
(0.00177306 0.00030043 0)
(0.000624585 0.000191809 0)
(2.97301e-05 2.97085e-05 0)
(0.000155357 -0.000494824 0)
(0.00068808 -0.000690322 0)
(0.000978553 -0.000437177 0)
(0.000776418 1.17402e-05 0)
(-5.3343e-05 0.000516003 0)
(-0.00153202 0.00101018 0)
(-0.00363665 0.00147231 0)
(-0.00633405 0.00190262 0)
(-0.00959411 0.00230968 0)
(-0.0133929 0.00270216 0)
(-0.0177098 0.00308457 0)
(-0.0225214 0.00345554 0)
(-0.0277946 0.00380773 0)
(-0.0334805 0.00412844 0)
(-0.0395092 0.00440069 0)
(-0.045786 0.00460439 0)
(-0.0521899 0.00471772 0)
(-0.0585735 0.00471859 0)
(-0.0647658 0.00458625 0)
(-0.0705761 0.00430308 0)
(-0.0758011 0.00385646 0)
(-0.0802328 0.00324064 0)
(-0.0836691 0.00245839 0)
(-0.0859244 0.00152242 0)
(-0.086842 0.000456208 0)
(-0.086305 -0.000705942 0)
(-0.0842473 -0.00191998 0)
(-0.080661 -0.00313358 0)
(-0.0756022 -0.00428918 0)
(-0.0691931 -0.00532736 0)
(-0.0616198 -0.00619108 0)
(-0.0531271 -0.00683014 0)
(-0.0440074 -0.00720556 0)
(-0.0345875 -0.0072934 0)
(-0.0252113 -0.00708744 0)
(-0.0162203 -0.00660035 0)
(-0.00793444 -0.00586297 0)
(-0.000633082 -0.00492196 0)
(0.0054608 -0.0038359 0)
(0.0101924 -0.0026697 0)
(0.0134815 -0.00148869 0)
(0.0153241 -0.000354308 0)
(0.0157893 0.000678677 0)
(0.0150134 0.00156235 0)
(0.0131955 0.00225115 0)
(0.0105954 0.00269449 0)
(0.00753764 0.00282692 0)
(0.00443129 0.00256121 0)
(0.00181713 0.00180907 0)
(0.000193412 0.000626587 0)
(0.0001299 -0.000840959 0)
(0.000377605 -0.000971676 0)
(6.48208e-05 -0.000206488 0)
(-0.00105569 0.000961258 0)
(-0.00311019 0.0022562 0)
(-0.00611923 0.00354293 0)
(-0.0100591 0.00477028 0)
(-0.0148932 0.00593195 0)
(-0.0205847 0.00703897 0)
(-0.0270981 0.00810231 0)
(-0.0343944 0.00912352 0)
(-0.0424229 0.0100909 0)
(-0.0511129 0.0109792 0)
(-0.0603658 0.0117512 0)
(-0.0700498 0.0123609 0)
(-0.0799964 0.0127566 0)
(-0.0900011 0.0128847 0)
(-0.0998258 0.0126942 0)
(-0.109205 0.0121402 0)
(-0.117853 0.0111889 0)
(-0.12548 0.00982128 0)
(-0.131796 0.00803699 0)
(-0.136535 0.00585701 0)
(-0.13946 0.00332561 0)
(-0.140385 0.000510881 0)
(-0.139181 -0.00249641 0)
(-0.135789 -0.00558608 0)
(-0.130228 -0.0086334 0)
(-0.122598 -0.0115053 0)
(-0.11308 -0.0140678 0)
(-0.101933 -0.0161943 0)
(-0.0894873 -0.0177743 0)
(-0.0761321 -0.0187223 0)
(-0.0622998 -0.0189849 0)
(-0.048447 -0.0185466 0)
(-0.0350324 -0.017432 0)
(-0.0224937 -0.0157059 0)
(-0.0112241 -0.0134687 0)
(-0.00155103 -0.0108492 0)
(0.00628089 -0.00799474 0)
(0.0121228 -0.00506009 0)
(0.0159284 -0.00219671 0)
(0.0177553 0.000453649 0)
(0.0177607 0.00276108 0)
(0.0161974 0.00460204 0)
(0.0134091 0.00584806 0)
(0.00982791 0.00635154 0)
(0.00598769 0.0059375 0)
(0.00258965 0.00442986 0)
(0.000303611 0.00178621 0)
(6.76576e-05 -0.000952558 0)
(-0.000258542 -0.000618295 0)
(-0.0015662 0.00100499 0)
(-0.0040299 0.00320464 0)
(-0.00770971 0.00558576 0)
(-0.0126005 0.00795231 0)
(-0.0186692 0.0102279 0)
(-0.0258751 0.0123995 0)
(-0.0341758 0.0144763 0)
(-0.0435248 0.0164649 0)
(-0.0538621 0.0183542 0)
(-0.0651053 0.0201112 0)
(-0.0771394 0.0216806 0)
(-0.08981 0.0229888 0)
(-0.10292 0.0239493 0)
(-0.116226 0.02447 0)
(-0.129448 0.0244595 0)
(-0.142268 0.0238353 0)
(-0.154347 0.0225308 0)
(-0.165332 0.0205023 0)
(-0.174877 0.0177345 0)
(-0.182649 0.0142458 0)
(-0.188353 0.0100911 0)
(-0.191735 0.00536259 0)
(-0.192605 0.000189388 0)
(-0.190842 -0.00526571 0)
(-0.186402 -0.0108124 0)
(-0.179325 -0.0162415 0)
(-0.169737 -0.0213339 0)
(-0.157849 -0.0258713 0)
(-0.143958 -0.0296486 0)
(-0.128435 -0.0324863 0)
(-0.111721 -0.0342435 0)
(-0.0943072 -0.0348292 0)
(-0.0767183 -0.0342109 0)
(-0.0594918 -0.0324203 0)
(-0.0431515 -0.0295534 0)
(-0.0281822 -0.0257662 0)
(-0.0150036 -0.0212652 0)
(-0.00394794 -0.0162929 0)
(0.0047586 -0.0111116 0)
(0.0110084 -0.00598808 0)
(0.0148197 -0.00117876 0)
(0.0163366 0.00307409 0)
(0.0158243 0.00654017 0)
(0.0136647 0.00898736 0)
(0.0103478 0.0101653 0)
(0.00648371 0.00979315 0)
(0.00288168 0.00757246 0)
(0.000344649 0.00326018 0)
(-1.43443e-05 -0.000674433 0)
(-0.00111134 0.000682677 0)
(-0.00370202 0.00356994 0)
(-0.00783403 0.0071127 0)
(-0.0134548 0.0108369 0)
(-0.0205101 0.0145136 0)
(-0.0289461 0.0180567 0)
(-0.038713 0.0214512 0)
(-0.0497613 0.0247022 0)
(-0.0620311 0.0278032 0)
(-0.0754392 0.0307199 0)
(-0.0898676 0.0333854 0)
(-0.105154 0.0357027 0)
(-0.121088 0.0375519 0)
(-0.137408 0.0387993 0)
(-0.153806 0.0393087 0)
(-0.169934 0.038952 0)
(-0.185417 0.0376203 0)
(-0.199864 0.0352335 0)
(-0.212884 0.0317494 0)
(-0.224102 0.0271696 0)
(-0.233171 0.0215442 0)
(-0.239787 0.0149737 0)
(-0.2437 0.00760781 0)
(-0.244721 -0.000356423 0)
(-0.242736 -0.00868008 0)
(-0.237704 -0.0170913 0)
(-0.229666 -0.0252958 0)
(-0.218748 -0.0329877 0)
(-0.20516 -0.0398625 0)
(-0.189202 -0.0456324 0)
(-0.171254 -0.0500426 0)
(-0.151774 -0.0528877 0)
(-0.131287 -0.0540277 0)
(-0.110363 -0.0534014 0)
(-0.0896029 -0.051035 0)
(-0.0696055 -0.0470462 0)
(-0.050943 -0.0416402 0)
(-0.034129 -0.035099 0)
(-0.01959 -0.0277646 0)
(-0.00764095 -0.0200175 0)
(0.00153396 -0.0122538 0)
(0.00789316 -0.00486696 0)
(0.0115433 0.00176532 0)
(0.0127353 0.00728218 0)
(0.0118595 0.0113262 0)
(0.00943544 0.0135251 0)
(0.00612081 0.0134725 0)
(0.00279265 0.0107195 0)
(0.000341267 0.00478481 0)
(-0.00011072 8.67455e-05 0)
(-0.00211716 0.00314135 0)
(-0.0062009 0.00775397 0)
(-0.0122404 0.0129622 0)
(-0.0200345 0.0182691 0)
(-0.0294608 0.0234524 0)
(-0.0404347 0.0284395 0)
(-0.0528919 0.0332232 0)
(-0.0667718 0.0378029 0)
(-0.0819986 0.0421513 0)
(-0.0984634 0.0461994 0)
(-0.116011 0.0498351 0)
(-0.134433 0.0529102 0)
(-0.153464 0.0552516 0)
(-0.172789 0.0566764 0)
(-0.192045 0.0570062 0)
(-0.210838 0.0560822 0)
(-0.228757 0.0537786 0)
(-0.245382 0.0500135 0)
(-0.260309 0.0447578 0)
(-0.273157 0.0380406 0)
(-0.283579 0.0299521 0)
(-0.291276 0.0206427 0)
(-0.296001 0.0103212 0)
(-0.297562 -0.000750189 0)
(-0.295837 -0.0122615 0)
(-0.290769 -0.0238648 0)
(-0.282372 -0.0351854 0)
(-0.270744 -0.0458332 0)
(-0.256067 -0.0554165 0)
(-0.238611 -0.0635599 0)
(-0.218742 -0.0699235 0)
(-0.196912 -0.0742241 0)
(-0.173659 -0.0762562 0)
(-0.14959 -0.0759113 0)
(-0.12536 -0.0731931 0)
(-0.101646 -0.0682248 0)
(-0.0791139 -0.0612495 0)
(-0.0583828 -0.0526194 0)
(-0.0399881 -0.0427768 0)
(-0.0243501 -0.0322273 0)
(-0.0117474 -0.0215115 0)
(-0.00229912 -0.0111764 0)
(0.00404449 -0.00175685 0)
(0.0075027 0.0062311 0)
(0.00845509 0.0122852 0)
(0.0074332 0.0158918 0)
(0.00512358 0.0165019 0)
(0.00243757 0.013503 0)
(0.000311285 0.00618598 0)
(-0.000218316 0.00139655 0)
(-0.00323263 0.00690613 0)
(-0.00895549 0.0137446 0)
(-0.0170644 0.0209469 0)
(-0.0271834 0.0280613 0)
(-0.0391088 0.0349201 0)
(-0.0527176 0.0414933 0)
(-0.0679261 0.0477929 0)
(-0.0846592 0.0538129 0)
(-0.102822 0.0594979 0)
(-0.122279 0.0647344 0)
(-0.142838 0.0693559 0)
(-0.164247 0.0731562 0)
(-0.186197 0.0759075 0)
(-0.208328 0.0773794 0)
(-0.230243 0.0773584 0)
(-0.251522 0.0756646 0)
(-0.271734 0.0721663 0)
(-0.290458 0.0667907 0)
(-0.307292 0.0595308 0)
(-0.321861 0.0504487 0)
(-0.333828 0.0396756 0)
(-0.342897 0.0274097 0)
(-0.348817 0.0139116 0)
(-0.351385 -0.000500424 0)
(-0.350451 -0.0154558 0)
(-0.34592 -0.0305403 0)
(-0.337762 -0.0453059 0)
(-0.326021 -0.0592813 0)
(-0.310824 -0.0719863 0)
(-0.292392 -0.0829512 0)
(-0.271046 -0.0917383 0)
(-0.247216 -0.0979686 0)
(-0.221434 -0.101349 0)
(-0.194329 -0.1017 0)
(-0.16661 -0.0989772 0)
(-0.139032 -0.0932878 0)
(-0.112366 -0.0848957 0)
(-0.0873525 -0.0742137 0)
(-0.0646583 -0.0617827 0)
(-0.0448326 -0.0482411 0)
(-0.0282724 -0.0342874 0)
(-0.0151956 -0.0206431 0)
(-0.00562759 -0.00802337 0)
(0.000601492 0.00287901 0)
(0.00384844 0.0113922 0)
(0.00464467 0.0168429 0)
(0.00369284 0.0185263 0)
(0.00191565 0.0156654 0)
(0.000268466 0.0073553 0)
(-0.000334346 0.00330266 0)
(-0.00442148 0.0120781 0)
(-0.0118721 0.0216626 0)
(-0.02214 0.0311841 0)
(-0.0346578 0.0403131 0)
(-0.0491325 0.0489905 0)
(-0.0653982 0.0572603 0)
(-0.0833481 0.0651675 0)
(-0.10289 0.0727011 0)
(-0.123908 0.079772 0)
(-0.146238 0.0862144 0)
(-0.169655 0.0918013 0)
(-0.193872 0.0962664 0)
(-0.218544 0.0993292 0)
(-0.243286 0.100719 0)
(-0.267679 0.100196 0)
(-0.291297 0.0975695 0)
(-0.313712 0.0927133 0)
(-0.334511 0.0855709 0)
(-0.353306 0.0761615 0)
(-0.369734 0.0645796 0)
(-0.383468 0.0509931 0)
(-0.394211 0.0356389 0)
(-0.401702 0.0188183 0)
(-0.405713 0.000893449 0)
(-0.406058 -0.0177174 0)
(-0.402595 -0.0365454 0)
(-0.395233 -0.0550773 0)
(-0.383948 -0.0727656 0)
(-0.368793 -0.0890417 0)
(-0.349917 -0.103335 0)
(-0.327574 -0.115097 0)
(-0.302142 -0.123835 0)
(-0.274126 -0.12914 0)
(-0.244157 -0.130732 0)
(-0.212979 -0.128485 0)
(-0.181425 -0.122461 0)
(-0.150377 -0.112917 0)
(-0.120714 -0.100311 0)
(-0.0932599 -0.0852773 0)
(-0.0687251 -0.0685912 0)
(-0.0476569 -0.0511256 0)
(-0.0304029 -0.0337996 0)
(-0.0170887 -0.0175357 0)
(-0.00761256 -0.0032325 0)
(-0.00165344 0.00824281 0)
(0.00130941 0.0160388 0)
(0.0019875 0.019282 0)
(0.00130347 0.0170354 0)
(0.00022302 0.00823188 0)
(-0.000455706 0.00583547 0)
(-0.00564756 0.0187134 0)
(-0.0148592 0.0315654 0)
(-0.0273066 0.0437181 0)
(-0.0422223 0.0550477 0)
(-0.0592212 0.0656611 0)
(-0.078092 0.0757094 0)
(-0.0987029 0.0852844 0)
(-0.120942 0.0943717 0)
(-0.144671 0.102844 0)
(-0.169701 0.110478 0)
(-0.195777 0.116985 0)
(-0.222585 0.122039 0)
(-0.24976 0.125314 0)
(-0.2769 0.126506 0)
(-0.303587 0.125362 0)
(-0.329397 0.121689 0)
(-0.353919 0.115373 0)
(-0.376756 0.106377 0)
(-0.397535 0.0947473 0)
(-0.41591 0.0806051 0)
(-0.431559 0.0641468 0)
(-0.444183 0.0456379 0)
(-0.453508 0.0254088 0)
(-0.459284 0.00385229 0)
(-0.461287 -0.0185782 0)
(-0.45933 -0.041371 0)
(-0.453258 -0.0639596 0)
(-0.442972 -0.0857285 0)
(-0.428441 -0.106025 0)
(-0.409719 -0.124177 0)
(-0.38697 -0.139519 0)
(-0.360486 -0.151421 0)
(-0.330707 -0.159337 0)
(-0.298229 -0.162847 0)
(-0.263807 -0.161706 0)
(-0.228327 -0.155883 0)
(-0.192777 -0.145596 0)
(-0.158188 -0.131314 0)
(-0.125567 -0.113751 0)
(-0.0958221 -0.09382 0)
(-0.0696947 -0.0725838 0)
(-0.0477044 -0.0511861 0)
(-0.0301143 -0.0307913 0)
(-0.0169188 -0.0125388 0)
(-0.00785186 0.00247661 0)
(-0.00241171 0.0131988 0)
(0.000115669 0.0185744 0)
(0.000652668 0.0175062 0)
(0.000181533 0.00878917 0)
(-0.000578518 0.00900658 0)
(-0.006872 0.0268227 0)
(-0.0178226 0.0434485 0)
(-0.0324029 0.0585227 0)
(-0.0496444 0.0722147 0)
(-0.0690703 0.0848563 0)
(-0.0904239 0.0967385 0)
(-0.113547 0.108013 0)
(-0.138306 0.118665 0)
(-0.164543 0.128526 0)
(-0.192043 0.137313 0)
(-0.22053 0.144676 0)
(-0.24967 0.150238 0)
(-0.279088 0.153632 0)
(-0.308381 0.154533 0)
(-0.337137 0.152679 0)
(-0.364947 0.147888 0)
(-0.391417 0.140057 0)
(-0.416169 0.129172 0)
(-0.438848 0.1153 0)
(-0.459121 0.0985856 0)
(-0.476674 0.0792462 0)
(-0.491211 0.0575669 0)
(-0.502454 0.0338978 0)
(-0.510141 0.00865193 0)
(-0.514025 -0.0176942 0)
(-0.513883 -0.0445997 0)
(-0.509511 -0.0714603 0)
(-0.500736 -0.0976078 0)
(-0.487437 -0.122319 0)
(-0.46956 -0.144828 0)
(-0.447149 -0.164351 0)
(-0.420373 -0.180115 0)
(-0.389559 -0.19141 0)
(-0.355217 -0.197641 0)
(-0.318057 -0.198393 0)
(-0.278983 -0.19349 0)
(-0.239061 -0.183049 0)
(-0.199468 -0.167509 0)
(-0.161412 -0.147625 0)
(-0.126039 -0.124441 0)
(-0.0943361 -0.099218 0)
(-0.0670529 -0.073354 0)
(-0.0446433 -0.0482974 0)
(-0.0272406 -0.0254753 0)
(-0.0146633 -0.00625262 0)
(-0.00644409 0.00807391 0)
(-0.00186899 0.0162496 0)
(-1.04306e-05 0.0170103 0)
(0.000147223 0.00902136 0)
(-0.000698096 0.0128067 0)
(-0.00805269 0.0363693 0)
(-0.0206646 0.0572457 0)
(-0.0372661 0.0755038 0)
(-0.0566936 0.0916944 0)
(-0.0783823 0.106432 0)
(-0.10203 0.120178 0)
(-0.127452 0.133159 0)
(-0.154493 0.145359 0)
(-0.182973 0.156571 0)
(-0.212659 0.166454 0)
(-0.243255 0.174599 0)
(-0.274419 0.180582 0)
(-0.30577 0.184008 0)
(-0.336911 0.184537 0)
(-0.367441 0.181908 0)
(-0.396968 0.175948 0)
(-0.425114 0.166572 0)
(-0.451519 0.153784 0)
(-0.475847 0.137672 0)
(-0.497779 0.1184 0)
(-0.517018 0.0962031 0)
(-0.533285 0.0713814 0)
(-0.546315 0.0443 0)
(-0.555854 0.0153844 0)
(-0.561657 -0.014877 0)
(-0.563489 -0.0459299 0)
(-0.561113 -0.0771527 0)
(-0.554301 -0.107848 0)
(-0.542842 -0.137245 0)
(-0.526569 -0.164507 0)
(-0.505382 -0.188745 0)
(-0.479289 -0.209047 0)
(-0.448451 -0.224524 0)
(-0.413227 -0.234373 0)
(-0.374213 -0.237958 0)
(-0.332257 -0.234891 0)
(-0.288452 -0.225115 0)
(-0.24409 -0.20896 0)
(-0.200579 -0.187169 0)
(-0.159329 -0.160879 0)
(-0.121631 -0.131548 0)
(-0.0885354 -0.100855 0)
(-0.0607583 -0.0705803 0)
(-0.0386359 -0.0424988 0)
(-0.0221171 -0.0183055 0)
(-0.0107956 0.000412895 0)
(-0.00396495 0.012163 0)
(-0.000683252 0.0154937 0)
(0.000120459 0.00893006 0)
(-0.000809134 0.0172036 0)
(-0.00914543 0.0472683 0)
(-0.0232857 0.0728308 0)
(-0.041735 0.0945032 0)
(-0.0631464 0.113303 0)
(-0.086872 0.130179 0)
(-0.112566 0.145797 0)
(-0.140014 0.160464 0)
(-0.169041 0.174174 0)
(-0.199445 0.186677 0)
(-0.230975 0.197579 0)
(-0.263325 0.206419 0)
(-0.296144 0.212733 0)
(-0.329053 0.216102 0)
(-0.36166 0.216181 0)
(-0.393575 0.212711 0)
(-0.424419 0.205532 0)
(-0.453829 0.194578 0)
(-0.481463 0.179872 0)
(-0.507001 0.161523 0)
(-0.530153 0.139716 0)
(-0.550648 0.114707 0)
(-0.568245 0.0868138 0)
(-0.582715 0.0564141 0)
(-0.593843 0.0239414 0)
(-0.60141 -0.0101149 0)
(-0.6052 -0.0452043 0)
(-0.604972 -0.0807124 0)
(-0.600462 -0.115943 0)
(-0.591389 -0.150114 0)
(-0.577476 -0.18235 0)
(-0.558469 -0.21169 0)
(-0.534188 -0.237102 0)
(-0.504578 -0.257522 0)
(-0.469779 -0.271923 0)
(-0.430185 -0.2794 0)
(-0.386499 -0.279279 0)
(-0.339751 -0.271236 0)
(-0.291277 -0.255394 0)
(-0.242652 -0.232389 0)
(-0.195557 -0.203382 0)
(-0.151631 -0.169998 0)
(-0.1123 -0.134209 0)
(-0.0786367 -0.0981765 0)
(-0.0512655 -0.0640976 0)
(-0.0303355 -0.0340773 0)
(-0.0155457 -0.0100649 0)
(-0.00621539 0.00615012 0)
(-0.00138318 0.0128909 0)
(9.92248e-05 0.00851261 0)
(-0.00090605 0.0221416 0)
(-0.0101057 0.0593867 0)
(-0.0255889 0.09002 0)
(-0.0456548 0.115303 0)
(-0.0687912 0.136796 0)
(-0.0942729 0.155833 0)
(-0.12171 0.173305 0)
(-0.15086 0.189618 0)
(-0.181524 0.204774 0)
(-0.213481 0.218488 0)
(-0.246464 0.230315 0)
(-0.280156 0.239746 0)
(-0.314202 0.246286 0)
(-0.348221 0.249498 0)
(-0.381828 0.249032 0)
(-0.414638 0.244638 0)
(-0.446281 0.236169 0)
(-0.476406 0.22358 0)
(-0.504689 0.206918 0)
(-0.530839 0.18632 0)
(-0.554597 0.162002 0)
(-0.575745 0.134245 0)
(-0.594094 0.103393 0)
(-0.60948 0.0698384 0)
(-0.621752 0.0340198 0)
(-0.630749 -0.00358207 0)
(-0.636299 -0.0424375 0)
(-0.638191 -0.081965 0)
(-0.636155 -0.121505 0)
(-0.629871 -0.160306 0)
(-0.618968 -0.197503 0)
(-0.603051 -0.232107 0)
(-0.58174 -0.263009 0)
(-0.554736 -0.289 0)
(-0.521897 -0.308829 0)
(-0.483332 -0.321295 0)
(-0.439488 -0.325375 0)
(-0.391216 -0.320376 0)
(-0.339787 -0.306089 0)
(-0.286858 -0.28291 0)
(-0.234346 -0.251909 0)
(-0.184254 -0.214804 0)
(-0.138455 -0.17384 0)
(-0.0984749 -0.131601 0)
(-0.0653408 -0.0907835 0)
(-0.039499 -0.0540087 0)
(-0.0208237 -0.0236895 0)
(-0.00869595 -0.00199537 0)
(-0.0021422 0.00910658 0)
(7.98096e-05 0.00775287 0)
(-0.000983379 0.0275412 0)
(-0.0108913 0.0725454 0)
(-0.0274831 0.108576 0)
(-0.048883 0.137632 0)
(-0.073436 0.161878 0)
(-0.100346 0.183076 0)
(-0.129179 0.202365 0)
(-0.15966 0.220259 0)
(-0.191568 0.236775 0)
(-0.224661 0.251597 0)
(-0.258659 0.264233 0)
(-0.293233 0.274132 0)
(-0.32802 0.280771 0)
(-0.36264 0.2837 0)
(-0.396704 0.282567 0)
(-0.429832 0.277132 0)
(-0.461659 0.267266 0)
(-0.491847 0.252949 0)
(-0.520095 0.234265 0)
(-0.546147 0.211389 0)
(-0.569796 0.184578 0)
(-0.590885 0.154156 0)
(-0.609301 0.120497 0)
(-0.624965 0.0840157 0)
(-0.637809 0.0451535 0)
(-0.647756 0.004375 0)
(-0.654703 -0.0378273 0)
(-0.658501 -0.080926 0)
(-0.658907 -0.124335 0)
(-0.655595 -0.167375 0)
(-0.64814 -0.209247 0)
(-0.636035 -0.248996 0)
(-0.618722 -0.285494 0)
(-0.595651 -0.317442 0)
(-0.566368 -0.343402 0)
(-0.530627 -0.36188 0)
(-0.488514 -0.371463 0)
(-0.440564 -0.370997 0)
(-0.38784 -0.359803 0)
(-0.331944 -0.337872 0)
(-0.274936 -0.306015 0)
(-0.219154 -0.265906 0)
(-0.166947 -0.219993 0)
(-0.120397 -0.171285 0)
(-0.0810572 -0.123062 0)
(-0.0498012 -0.0785774 0)
(-0.0267797 -0.0408457 0)
(-0.0114992 -0.0125357 0)
(-0.00300043 0.00400225 0)
(5.74264e-05 0.00661519 0)
(-0.00103621 0.0333012 0)
(-0.0114644 0.0865239 0)
(-0.0288879 0.128215 0)
(-0.0512953 0.161172 0)
(-0.076915 0.188211 0)
(-0.104886 0.21155 0)
(-0.134729 0.232597 0)
(-0.166137 0.251986 0)
(-0.198861 0.269754 0)
(-0.23264 0.285557 0)
(-0.267177 0.298861 0)
(-0.302132 0.30908 0)
(-0.337134 0.315664 0)
(-0.371795 0.318152 0)
(-0.405725 0.316193 0)
(-0.438541 0.30956 0)
(-0.469887 0.298151 0)
(-0.49944 0.281981 0)
(-0.526932 0.261183 0)
(-0.55215 0.235985 0)
(-0.574952 0.206703 0)
(-0.595256 0.173713 0)
(-0.613037 0.137433 0)
(-0.628311 0.0983043 0)
(-0.641107 0.0567706 0)
(-0.651443 0.0132753 0)
(-0.659309 -0.031738 0)
(-0.664631 -0.0778141 0)
(-0.667233 -0.124467 0)
(-0.666817 -0.171133 0)
(-0.662955 -0.217125 0)
(-0.655076 -0.261592 0)
(-0.642491 -0.303464 0)
(-0.624434 -0.341428 0)
(-0.600145 -0.373928 0)
(-0.568992 -0.399226 0)
(-0.530618 -0.415515 0)
(-0.485116 -0.421126 0)
(-0.43317 -0.41478 0)
(-0.376155 -0.395876 0)
(-0.316112 -0.364752 0)
(-0.255611 -0.322833 0)
(-0.197462 -0.272622 0)
(-0.144363 -0.2175 0)
(-0.0985249 -0.161375 0)
(-0.0614001 -0.10827 0)
(-0.0335546 -0.0619637 0)
(-0.0147179 -0.0257884 0)
(-0.00399944 -0.00260674 0)
(2.69159e-05 0.00504225 0)
(-0.00106058 0.0393012 0)
(-0.0117939 0.101066 0)
(-0.0297377 0.148613 0)
(-0.0527905 0.185567 0)
(-0.0790949 0.215417 0)
(-0.107731 0.240863 0)
(-0.138173 0.263592 0)
(-0.170077 0.284368 0)
(-0.203165 0.303255 0)
(-0.237156 0.319889 0)
(-0.271735 0.333698 0)
(-0.30655 0.344061 0)
(-0.341219 0.350406 0)
(-0.375345 0.352261 0)
(-0.408534 0.349283 0)
(-0.440405 0.341264 0)
(-0.470612 0.328135 0)
(-0.498857 0.309966 0)
(-0.52491 0.286949 0)
(-0.548618 0.259385 0)
(-0.569905 0.227661 0)
(-0.588774 0.19222 0)
(-0.605292 0.153531 0)
(-0.619569 0.112065 0)
(-0.631733 0.0682717 0)
(-0.641901 0.0225693 0)
(-0.650156 -0.024654 0)
(-0.656515 -0.0730256 0)
(-0.660888 -0.122177 0)
(-0.663044 -0.171685 0)
(-0.662596 -0.221025 0)
(-0.658976 -0.269502 0)
(-0.651431 -0.316185 0)
(-0.639049 -0.359843 0)
(-0.620818 -0.398906 0)
(-0.595735 -0.431476 0)
(-0.562974 -0.455414 0)
(-0.522086 -0.468526 0)
(-0.473225 -0.468847 0)
(-0.41733 -0.455012 0)
(-0.356213 -0.426636 0)
(-0.292496 -0.384622 0)
(-0.229353 -0.331291 0)
(-0.170099 -0.270253 0)
(-0.117709 -0.206034 0)
(-0.0743753 -0.143535 0)
(-0.0412522 -0.0874944 0)
(-0.01843 -0.0421152 0)
(-0.00517656 -0.0109484 0)
(-1.65102e-05 0.00295608 0)
(-0.00105382 0.0454065 0)
(-0.0118579 0.115887 0)
(-0.0299846 0.169416 0)
(-0.0532955 0.210431 0)
(-0.0798803 0.243098 0)
(-0.108767 0.270599 0)
(-0.139379 0.294918 0)
(-0.171335 0.316954 0)
(-0.204326 0.336809 0)
(-0.238048 0.354102 0)
(-0.272169 0.368228 0)
(-0.306322 0.378535 0)
(-0.340116 0.384431 0)
(-0.373147 0.385439 0)
(-0.405018 0.381226 0)
(-0.435355 0.371613 0)
(-0.463832 0.35658 0)
(-0.490184 0.336262 0)
(-0.51423 0.310929 0)
(-0.535879 0.28097 0)
(-0.555131 0.246854 0)
(-0.57207 0.209099 0)
(-0.586847 0.16823 0)
(-0.599662 0.12475 0)
(-0.610729 0.0791164 0)
(-0.620251 0.031721 0)
(-0.628398 -0.0171039 0)
(-0.635276 -0.0670716 0)
(-0.640891 -0.117934 0)
(-0.645101 -0.169422 0)
(-0.647604 -0.221196 0)
(-0.647894 -0.272765 0)
(-0.645238 -0.323406 0)
(-0.63867 -0.372065 0)
(-0.627018 -0.417277 0)
(-0.608988 -0.457116 0)
(-0.583312 -0.489223 0)
(-0.548971 -0.510946 0)
(-0.505469 -0.519619 0)
(-0.453118 -0.51298 0)
(-0.393258 -0.489682 0)
(-0.328313 -0.449787 0)
(-0.261629 -0.395098 0)
(-0.197061 -0.329202 0)
(-0.138388 -0.25713 0)
(-0.0886958 -0.184722 0)
(-0.049919 -0.117871 0)
(-0.0226881 -0.0619017 0)
(-0.00656064 -0.0212828 0)
(-7.68688e-05 0.000261231 0)
(-0.0010148 0.0514727 0)
(-0.0116443 0.130686 0)
(-0.0296016 0.190248 0)
(-0.0527681 0.23536 0)
(-0.0792166 0.270835 0)
(-0.107929 0.300333 0)
(-0.138281 0.326136 0)
(-0.169844 0.349291 0)
(-0.20228 0.369944 0)
(-0.23526 0.387707 0)
(-0.268437 0.401946 0)
(-0.301431 0.411981 0)
(-0.333843 0.417204 0)
(-0.365268 0.417138 0)
(-0.395312 0.411469 0)
(-0.423618 0.400059 0)
(-0.449888 0.38295 0)
(-0.473902 0.360357 0)
(-0.495533 0.332643 0)
(-0.514758 0.300291 0)
(-0.531647 0.263864 0)
(-0.54636 0.223954 0)
(-0.559121 0.181146 0)
(-0.570198 0.135974 0)
(-0.579873 0.088898 0)
(-0.588416 0.040288 0)
(-0.596061 -0.00957683 0)
(-0.602994 -0.0604905 0)
(-0.609307 -0.112317 0)
(-0.614957 -0.164938 0)
(-0.619751 -0.218201 0)
(-0.623298 -0.271841 0)
(-0.624958 -0.325389 0)
(-0.623813 -0.378052 0)
(-0.618654 -0.428587 0)
(-0.608016 -0.475194 0)
(-0.590289 -0.515459 0)
(-0.563925 -0.546416 0)
(-0.527739 -0.564767 0)
(-0.481273 -0.567311 0)
(-0.425152 -0.551547 0)
(-0.361318 -0.516366 0)
(-0.29301 -0.462653 0)
(-0.224437 -0.393587 0)
(-0.160141 -0.31446 0)
(-0.104201 -0.232015 0)
(-0.0595306 -0.153463 0)
(-0.0275132 -0.0855288 0)
(-0.0081704 -0.0338875 0)
(-0.000157459 -0.00315059 0)
(-0.000944072 0.0573519 0)
(-0.0111523 0.145152 0)
(-0.0285836 0.210726 0)
(-0.0511988 0.259943 0)
(-0.0770925 0.298207 0)
(-0.10521 0.329635 0)
(-0.134874 0.356809 0)
(-0.165612 0.38093 0)
(-0.197053 0.402203 0)
(-0.228844 0.420235 0)
(-0.260625 0.434374 0)
(-0.292007 0.443917 0)
(-0.322591 0.448245 0)
(-0.351975 0.446887 0)
(-0.379782 0.43956 0)
(-0.405682 0.426178 0)
(-0.429414 0.406859 0)
(-0.45081 0.38191 0)
(-0.469804 0.351796 0)
(-0.486437 0.317103 0)
(-0.500845 0.278483 0)
(-0.513248 0.236606 0)
(-0.523925 0.192106 0)
(-0.533191 0.145545 0)
(-0.541372 0.0973868 0)
(-0.548775 0.0479772 0)
(-0.555674 -0.0024507 0)
(-0.562311 -0.0537623 0)
(-0.568848 -0.105915 0)
(-0.575331 -0.158922 0)
(-0.581685 -0.2128 0)
(-0.587657 -0.267505 0)
(-0.592762 -0.32284 0)
(-0.59622 -0.378324 0)
(-0.596905 -0.433037 0)
(-0.593332 -0.485454 0)
(-0.583702 -0.533302 0)
(-0.566058 -0.573506 0)
(-0.538574 -0.602309 0)
(-0.499962 -0.615635 0)
(-0.449952 -0.609737 0)
(-0.389708 -0.582055 0)
(-0.322032 -0.532117 0)
(-0.251198 -0.462202 0)
(-0.182355 -0.377465 0)
(-0.120599 -0.28537 0)
(-0.0699867 -0.194525 0)
(-0.0328913 -0.113342 0)
(-0.0100136 -0.0490408 0)
(-0.000261188 -0.00739497 0)
(-0.000843823 0.062899 0)
(-0.0103922 0.158977 0)
(-0.0269476 0.230466 0)
(-0.0486113 0.283769 0)
(-0.0735397 0.324797 0)
(-0.100652 0.358088 0)
(-0.129219 0.386516 0)
(-0.158724 0.411448 0)
(-0.188758 0.433154 0)
(-0.218953 0.451256 0)
(-0.248934 0.465085 0)
(-0.278315 0.473925 0)
(-0.306701 0.477152 0)
(-0.333707 0.474313 0)
(-0.358982 0.465165 0)
(-0.382233 0.449687 0)
(-0.403249 0.428083 0)
(-0.421916 0.40076 0)
(-0.43823 0.36829 0)
(-0.45229 0.331361 0)
(-0.464287 0.290711 0)
(-0.474484 0.247077 0)
(-0.483195 0.201137 0)
(-0.490758 0.153471 0)
(-0.497514 0.104538 0)
(-0.503783 0.054666 0)
(-0.509852 0.00404697 0)
(-0.515991 -0.0472438 0)
(-0.522405 -0.0992335 0)
(-0.529211 -0.152036 0)
(-0.536438 -0.205808 0)
(-0.543979 -0.260697 0)
(-0.551526 -0.316759 0)
(-0.558501 -0.373841 0)
(-0.563969 -0.431409 0)
(-0.566567 -0.488338 0)
(-0.564487 -0.542684 0)
(-0.555546 -0.591512 0)
(-0.537418 -0.630858 0)
(-0.508029 -0.655965 0)
(-0.466119 -0.661878 0)
(-0.411838 -0.644407 0)
(-0.347202 -0.601318 0)
(-0.276183 -0.53343 0)
(-0.204266 -0.445205 0)
(-0.137473 -0.344459 0)
(-0.0811114 -0.241151 0)
(-0.0387724 -0.145616 0)
(-0.0120871 -0.0670041 0)
(-0.000390603 -0.0125893 0)
(-0.000717781 0.0679777 0)
(-0.00938509 0.171867 0)
(-0.0247325 0.249097 0)
(-0.0450611 0.30644 0)
(-0.0686309 0.350202 0)
(-0.0943479 0.385291 0)
(-0.121436 0.414861 0)
(-0.14933 0.44045 0)
(-0.17759 0.462411 0)
(-0.205828 0.480389 0)
(-0.233668 0.493714 0)
(-0.260729 0.501663 0)
(-0.286635 0.503619 0)
(-0.311028 0.499156 0)
(-0.333593 0.48808 0)
(-0.354085 0.470446 0)
(-0.372346 0.446553 0)
(-0.388321 0.416911 0)
(-0.402062 0.382197 0)
(-0.413718 0.343194 0)
(-0.423518 0.300718 0)
(-0.431755 0.255561 0)
(-0.438752 0.208429 0)
(-0.444851 0.159914 0)
(-0.450383 0.110466 0)
(-0.455659 0.0603886 0)
(-0.460954 0.00984307 0)
(-0.466536 -0.0411398 0)
(-0.47263 -0.0926364 0)
(-0.479397 -0.144828 0)
(-0.486947 -0.197969 0)
(-0.495297 -0.252351 0)
(-0.50432 -0.308247 0)
(-0.513663 -0.365806 0)
(-0.522644 -0.424891 0)
(-0.530146 -0.484855 0)
(-0.534521 -0.544244 0)
(-0.533571 -0.600506 0)
(-0.524678 -0.649777 0)
(-0.505137 -0.68692 0)
(-0.472721 -0.705966 0)
(-0.426423 -0.701071 0)
(-0.367163 -0.667928 0)
(-0.298212 -0.605332 0)
(-0.225017 -0.516369 0)
(-0.15431 -0.408648 0)
(-0.0926605 -0.293232 0)
(-0.0450722 -0.182527 0)
(-0.0143762 -0.0880047 0)
(-0.000547667 -0.0188472 0)
(-0.000570942 0.0724663 0)
(-0.00816175 0.183549 0)
(-0.021997 0.266272 0)
(-0.0406334 0.32758 0)
(-0.0624772 0.374043 0)
(-0.0864376 0.410873 0)
(-0.111696 0.44148 0)
(-0.137642 0.467584 0)
(-0.163806 0.489633 0)
(-0.189785 0.507314 0)
(-0.215208 0.519967 0)
(-0.239709 0.526874 0)
(-0.262939 0.527436 0)
(-0.284579 0.521262 0)
(-0.304362 0.50822 0)
(-0.322095 0.488446 0)
(-0.337678 0.462334 0)
(-0.35111 0.4305 0)
(-0.362493 0.393718 0)
(-0.372011 0.352854 0)
(-0.379921 0.30879 0)
(-0.386522 0.262356 0)
(-0.392135 0.214279 0)
(-0.397079 0.165146 0)
(-0.401664 0.115392 0)
(-0.406169 0.0652977 0)
(-0.410841 0.0149969 0)
(-0.415926 -0.0355087 0)
(-0.421643 -0.0863258 0)
(-0.428174 -0.137672 0)
(-0.435676 -0.189858 0)
(-0.444264 -0.243269 0)
(-0.45396 -0.298333 0)
(-0.464627 -0.355449 0)
(-0.475862 -0.414847 0)
(-0.486859 -0.476373 0)
(-0.496266 -0.539164 0)
(-0.502073 -0.601257 0)
(-0.501613 -0.659203 0)
(-0.491781 -0.70786 0)
(-0.469534 -0.74058 0)
(-0.432687 -0.750024 0)
(-0.380852 -0.729667 0)
(-0.316211 -0.675784 0)
(-0.243736 -0.589345 0)
(-0.170537 -0.476995 0)
(-0.104335 -0.350436 0)
(-0.0516752 -0.224124 0)
(-0.0168556 -0.112219 0)
(-0.000733546 -0.0262738 0)
(-0.000409253 0.0762622 0)
(-0.00676111 0.193783 0)
(-0.0188172 0.281674 0)
(-0.0354396 0.346842 0)
(-0.0552226 0.395972 0)
(-0.0770991 0.434493 0)
(-0.100217 0.46605 0)
(-0.123923 0.492543 0)
(-0.14772 0.514536 0)
(-0.171196 0.531772 0)
(-0.19399 0.543619 0)
(-0.215762 0.549378 0)
(-0.2362 0.548477 0)
(-0.255032 0.540573 0)
(-0.272045 0.525597 0)
(-0.287103 0.503772 0)
(-0.300162 0.475586 0)
(-0.311271 0.441751 0)
(-0.320568 0.40313 0)
(-0.328265 0.360659 0)
(-0.334625 0.315269 0)
(-0.33994 0.267814 0)
(-0.344511 0.219025 0)
(-0.348628 0.169479 0)
(-0.35256 0.11959 0)
(-0.356547 0.0696118 0)
(-0.360797 0.0196565 0)
(-0.365518 -0.0302928 0)
(-0.37091 -0.0803567 0)
(-0.377152 -0.130765 0)
(-0.38442 -0.181846 0)
(-0.392888 -0.234031 0)
(-0.402689 -0.287842 0)
(-0.413866 -0.343853 0)
(-0.426272 -0.402596 0)
(-0.439432 -0.46437 0)
(-0.452369 -0.528933 0)
(-0.463415 -0.595048 0)
(-0.47009 -0.659952 0)
(-0.469165 -0.718895 0)
(-0.457028 -0.764995 0)
(-0.430438 -0.789759 0)
(-0.387606 -0.784506 0)
(-0.329318 -0.74265 0)
(-0.259621 -0.662314 0)
(-0.18557 -0.548287 0)
(-0.115802 -0.412194 0)
(-0.0584412 -0.270312 0)
(-0.0194897 -0.139758 0)
(-0.000948435 -0.0349602 0)
(-0.000239218 0.0792864 0)
(-0.00522832 0.20237 0)
(-0.0152836 0.295029 0)
(-0.0296131 0.363917 0)
(-0.04704 0.415674 0)
(-0.0665438 0.455853 0)
(-0.0872506 0.488292 0)
(-0.108472 0.515073 0)
(-0.129682 0.53689 0)
(-0.150468 0.553567 0)
(-0.170483 0.564514 0)
(-0.18942 0.569068 0)
(-0.207015 0.566695 0)
(-0.223047 0.557103 0)
(-0.237363 0.540294 0)
(-0.249883 0.516574 0)
(-0.260613 0.486521 0)
(-0.269646 0.450932 0)
(-0.277145 0.410742 0)
(-0.283334 0.366944 0)
(-0.28847 0.3205 0)
(-0.292826 0.272277 0)
(-0.296672 0.222998 0)
(-0.300257 0.173221 0)
(-0.303807 0.123334 0)
(-0.307518 0.0735664 0)
(-0.311552 0.0240102 0)
(-0.316076 -0.0253629 0)
(-0.321261 -0.0746749 0)
(-0.327267 -0.12415 0)
(-0.334266 -0.174107 0)
(-0.342457 -0.224982 0)
(-0.352043 -0.277332 0)
(-0.363192 -0.331836 0)
(-0.375968 -0.389238 0)
(-0.390198 -0.450214 0)
(-0.405295 -0.515098 0)
(-0.420023 -0.583429 0)
(-0.432278 -0.653324 0)
(-0.438982 -0.720786 0)
(-0.436257 -0.779193 0)
(-0.420046 -0.819392 0)
(-0.38722 -0.830835 0)
(-0.336972 -0.803946 0)
(-0.272013 -0.733382 0)
(-0.198863 -0.621107 0)
(-0.126721 -0.477727 0)
(-0.0652147 -0.320844 0)
(-0.0222347 -0.170661 0)
(-0.0011914 -0.0449797 0)
(-6.75104e-05 0.0814854 0)
(-0.00361261 0.209157 0)
(-0.0114971 0.306108 0)
(-0.0233049 0.378541 0)
(-0.0381245 0.432879 0)
(-0.0550089 0.474693 0)
(-0.0730777 0.507968 0)
(-0.0916128 0.534963 0)
(-0.110068 0.556518 0)
(-0.128028 0.572556 0)
(-0.145166 0.582554 0)
(-0.161216 0.585895 0)
(-0.175963 0.582094 0)
(-0.189246 0.570917 0)
(-0.200969 0.552436 0)
(-0.211108 0.527034 0)
(-0.219714 0.495369 0)
(-0.22691 0.458309 0)
(-0.232876 0.416847 0)
(-0.237834 0.372014 0)
(-0.242025 0.324791 0)
(-0.245694 0.276043 0)
(-0.249071 0.22648 0)
(-0.252363 0.176633 0)
(-0.255751 0.126863 0)
(-0.259384 0.0773762 0)
(-0.263385 0.0282465 0)
(-0.267877 -0.0205605 0)
(-0.272999 -0.0691609 0)
(-0.278884 -0.117761 0)
(-0.285686 -0.166656 0)
(-0.293603 -0.216253 0)
(-0.302865 -0.267102 0)
(-0.31372 -0.319916 0)
(-0.326375 -0.375568 0)
(-0.340902 -0.435006 0)
(-0.357067 -0.499047 0)
(-0.374089 -0.567973 0)
(-0.390352 -0.640869 0)
(-0.403155 -0.714765 0)
(-0.408673 -0.783777 0)
(-0.402356 -0.838683 0)
(-0.379927 -0.867564 0)
(-0.338943 -0.857985 0)
(-0.280457 -0.800708 0)
(-0.20996 -0.693917 0)
(-0.136774 -0.546075 0)
(-0.0718374 -0.375329 0)
(-0.025042 -0.204884 0)
(-0.00146036 -0.056384 0)
(9.94105e-05 0.0828331 0)
(-0.00196511 0.214039 0)
(-0.00756591 0.31474 0)
(-0.0166786 0.390499 0)
(-0.0286889 0.44736 0)
(-0.0427511 0.490798 0)
(-0.0579973 0.524888 0)
(-0.0736898 0.552052 0)
(-0.0892638 0.573291 0)
(-0.104306 0.588648 0)
(-0.118513 0.597686 0)
(-0.131661 0.599851 0)
(-0.143588 0.594715 0)
(-0.154194 0.582105 0)
(-0.163438 0.56216 0)
(-0.171348 0.535331 0)
(-0.178013 0.502342 0)
(-0.183577 0.464118 0)
(-0.188227 0.421693 0)
(-0.192172 0.37612 0)
(-0.195629 0.328385 0)
(-0.198809 0.279345 0)
(-0.2019 0.229685 0)
(-0.205067 0.179913 0)
(-0.208444 0.13036 0)
(-0.212144 0.0812117 0)
(-0.216253 0.0325272 0)
(-0.220851 -0.0157313 0)
(-0.22605 -0.0636696 0)
(-0.231956 -0.111473 0)
(-0.238694 -0.159399 0)
(-0.246444 -0.207812 0)
(-0.255436 -0.257223 0)
(-0.265949 -0.308331 0)
(-0.278275 -0.362054 0)
(-0.292656 -0.419508 0)
(-0.309141 -0.481876 0)
(-0.327366 -0.550077 0)
(-0.346239 -0.624151 0)
(-0.363587 -0.702314 0)
(-0.375916 -0.779815 0)
(-0.378535 -0.847975 0)
(-0.366331 -0.894161 0)
(-0.335329 -0.903479 0)
(-0.284723 -0.862622 0)
(-0.21853 -0.765155 0)
(-0.145693 -0.616151 0)
(-0.078163 -0.433249 0)
(-0.0278619 -0.242311 0)
(-0.00175219 -0.069202 0)
(0.00025558 0.0833307 0)
(-0.000336906 0.216969 0)
(-0.00360129 0.32081 0)
(-0.00990613 0.39963 0)
(-0.0189576 0.458938 0)
(-0.0300405 0.503995 0)
(-0.0423213 0.538901 0)
(-0.0550539 0.566221 0)
(-0.0676604 0.587121 0)
(-0.0797295 0.601789 0)
(-0.0909826 0.609892 0)
(-0.101238 0.610956 0)
(-0.110389 0.604616 0)
(-0.118392 0.590763 0)
(-0.125262 0.569594 0)
(-0.13107 0.54162 0)
(-0.135938 0.507616 0)
(-0.140023 0.468544 0)
(-0.143508 0.425466 0)
(-0.146586 0.379441 0)
(-0.149445 0.331451 0)
(-0.152256 0.282333 0)
(-0.155168 0.232751 0)
(-0.158303 0.183185 0)
(-0.161758 0.133943 0)
(-0.165611 0.0851893 0)
(-0.169917 0.0369726 0)
(-0.174724 -0.0107458 0)
(-0.180118 -0.0580602 0)
(-0.186182 -0.105132 0)
(-0.193012 -0.152183 0)
(-0.200759 -0.199525 0)
(-0.209636 -0.247612 0)
(-0.219915 -0.297093 0)
(-0.231925 -0.348873 0)
(-0.246003 -0.404144 0)
(-0.262401 -0.464325 0)
(-0.281091 -0.530835 0)
(-0.301473 -0.604566 0)
(-0.321965 -0.684954 0)
(-0.339611 -0.768646 0)
(-0.349915 -0.848068 0)
(-0.347302 -0.910617 0)
(-0.326504 -0.939581 0)
(-0.284808 -0.917713 0)
(-0.224384 -0.833317 0)
(-0.153279 -0.686803 0)
(-0.0840706 -0.493988 0)
(-0.0306497 -0.282757 0)
(-0.00206309 -0.0834405 0)
(0.000395827 0.0830057 0)
(0.0012226 0.217952 0)
(0.000285342 0.324268 0)
(-0.00316263 0.405831 0)
(-0.00916222 0.467485 0)
(-0.0171559 0.514157 0)
(-0.0263685 0.549898 0)
(-0.0360601 0.577384 0)
(-0.0456446 0.597955 0)
(-0.0547138 0.611955 0)
(-0.0630117 0.619178 0)
(-0.0703978 0.619242 0)
(-0.0768172 0.611858 0)
(-0.0822814 0.596973 0)
(-0.0868563 0.574841 0)
(-0.0906528 0.546017 0)
(-0.0938159 0.511311 0)
(-0.0965123 0.471709 0)
(-0.0989171 0.428279 0)
(-0.101201 0.382079 0)
(-0.10352 0.334075 0)
(-0.106008 0.285083 0)
(-0.108775 0.235743 0)
(-0.111907 0.186509 0)
(-0.115466 0.137669 0)
(-0.119503 0.0893712 0)
(-0.12405 0.0416579 0)
(-0.129129 -0.00550908 0)
(-0.134805 -0.0522139 0)
(-0.141146 -0.0985948 0)
(-0.148218 -0.144838 0)
(-0.156145 -0.191205 0)
(-0.165108 -0.238086 0)
(-0.175355 -0.286062 0)
(-0.18721 -0.335986 0)
(-0.201048 -0.389049 0)
(-0.217238 -0.446794 0)
(-0.235996 -0.51099 0)
(-0.257131 -0.583223 0)
(-0.279641 -0.664067 0)
(-0.301216 -0.751693 0)
(-0.317836 -0.840065 0)
(-0.323852 -0.917364 0)
(-0.313047 -0.965881 0)
(-0.280899 -0.964877 0)
(-0.227476 -0.89703 0)
(-0.15942 -0.756871 0)
(-0.0894766 -0.556869 0)
(-0.0333703 -0.325985 0)
(-0.00238907 -0.0990876 0)
(0.000515963 0.0819103 0)
(0.00266841 0.217046 0)
(0.00398525 0.325127 0)
(0.00337583 0.409063 0)
(0.000462796 0.472926 0)
(-0.00438051 0.521199 0)
(-0.0104615 0.557803 0)
(-0.0170626 0.585491 0)
(-0.0235968 0.605764 0)
(-0.0296591 0.619141 0)
(-0.0350135 0.625559 0)
(-0.0395568 0.624746 0)
(-0.0432821 0.616488 0)
(-0.0462519 0.600795 0)
(-0.0485781 0.577966 0)
(-0.0504068 0.548587 0)
(-0.0519033 0.513489 0)
(-0.053239 0.473664 0)
(-0.0545783 0.430175 0)
(-0.0560694 0.384064 0)
(-0.0578374 0.336275 0)
(-0.0599817 0.287602 0)
(-0.0625771 0.238659 0)
(-0.0656763 0.189881 0)
(-0.0693162 0.14154 0)
(-0.0735231 0.0937717 0)
(-0.0783138 0.0466155 0)
(-0.0836907 3.65373e-05 0)
(-0.0897034 -0.0460426 0)
(-0.0964111 -0.0917357 0)
(-0.103856 -0.1372 0)
(-0.112135 -0.182652 0)
(-0.121397 -0.22842 0)
(-0.131854 -0.275012 0)
(-0.143799 -0.323204 0)
(-0.1576 -0.374141 0)
(-0.173674 -0.429396 0)
(-0.192388 -0.490946 0)
(-0.213856 -0.560894 0)
(-0.23758 -0.64079 0)
(-0.261921 -0.730302 0)
(-0.283521 -0.825213 0)
(-0.297017 -0.91516 0)
(-0.295654 -0.982364 0)
(-0.273332 -1.00333 0)
(-0.227882 -0.955097 0)
(-0.164084 -0.825232 0)
(-0.0943426 -0.62119 0)
(-0.036004 -0.37173 0)
(-0.00272659 -0.116118 0)
(0.000613061 0.0801175 0)
(0.00396103 0.214365 0)
(0.0073973 0.323466 0)
(0.00953685 0.409348 0)
(0.00968131 0.475239 0)
(0.00800013 0.525082 0)
(0.00507622 0.562581 0)
(0.00158636 0.590517 0)
(-0.0018902 0.610543 0)
(-0.0049521 0.623359 0)
(-0.00738036 0.629061 0)
(-0.00910364 0.627498 0)
(-0.010158 0.618543 0)
(-0.010652 0.602266 0)
(-0.0107395 0.579 0)
(-0.010598 0.549355 0)
(-0.0104111 0.514163 0)
(-0.0103533 0.474409 0)
(-0.0105792 0.431138 0)
(-0.0112161 0.385367 0)
(-0.0123615 0.338014 0)
(-0.0140842 0.289847 0)
(-0.0164287 0.241457 0)
(-0.0194211 0.193264 0)
(-0.0230756 0.145526 0)
(-0.0274014 0.0983752 0)
(-0.0324041 0.0518496 0)
(-0.0380746 0.00591988 0)
(-0.0444497 -0.0394852 0)
(-0.0515828 -0.0844559 0)
(-0.0595041 -0.129127 0)
(-0.0682853 -0.173678 0)
(-0.0780439 -0.218384 0)
(-0.0889539 -0.263681 0)
(-0.101263 -0.310265 0)
(-0.115305 -0.359201 0)
(-0.131493 -0.412033 0)
(-0.15026 -0.470826 0)
(-0.171921 -0.538027 0)
(-0.196373 -0.615954 0)
(-0.222598 -0.705633 0)
(-0.247992 -0.804764 0)
(-0.267768 -0.904964 0)
(-0.275056 -0.989333 0)
(-0.262522 -1.03261 0)
(-0.225769 -1.00651 0)
(-0.167314 -0.890836 0)
(-0.0986776 -0.686257 0)
(-0.0385502 -0.419718 0)
(-0.00307329 -0.134502 0)
(0.000685121 0.077719 0)
(0.0050666 0.210069 0)
(0.0104294 0.319433 0)
(0.0151569 0.40678 0)
(0.0182612 0.474462 0)
(0.0196991 0.525806 0)
(0.0199199 0.56422 0)
(0.0195371 0.592457 0)
(0.0191104 0.612298 0)
(0.0190343 0.624623 0)
(0.019515 0.629701 0)
(0.0205975 0.627515 0)
(0.0222089 0.618033 0)
(0.0241993 0.601381 0)
(0.0263769 0.577925 0)
(0.0285346 0.548281 0)
(0.0304716 0.513275 0)
(0.0320088 0.47387 0)
(0.0329989 0.43108 0)
(0.0333313 0.38589 0)
(0.032931 0.339187 0)
(0.0317542 0.291712 0)
(0.0297811 0.244036 0)
(0.027007 0.196566 0)
(0.0234354 0.149554 0)
(0.0190699 0.103131 0)
(0.0139128 0.0573375 0)
(0.00797807 0.0121519 0)
(0.00124204 -0.0324931 0)
(-0.00634643 -0.0766697 0)
(-0.0148162 -0.120493 0)
(-0.0242183 -0.164113 0)
(-0.0346426 -0.20776 0)
(-0.0462256 -0.251808 0)
(-0.0591678 -0.296874 0)
(-0.0737508 -0.343938 0)
(-0.0903474 -0.394471 0)
(-0.109398 -0.450544 0)
(-0.131321 -0.514793 0)
(-0.15629 -0.590089 0)
(-0.18381 -0.678595 0)
(-0.212029 -0.779866 0)
(-0.236934 -0.887828 0)
(-0.251944 -0.987328 0)
(-0.248911 -1.05249 0)
(-0.221352 -1.05045 0)
(-0.169204 -0.952717 0)
(-0.102535 -0.751402 0)
(-0.0410311 -0.469694 0)
(-0.00342879 -0.154215 0)
(0.000731018 0.0748212 0)
(0.00595676 0.204363 0)
(0.0129986 0.31324 0)
(0.0200821 0.401523 0)
(0.0259769 0.470696 0)
(0.030431 0.523422 0)
(0.0337417 0.562744 0)
(0.036437 0.591325 0)
(0.0390405 0.61104 0)
(0.0419337 0.622945 0)
(0.0453113 0.627487 0)
(0.0491973 0.624794 0)
(0.0534877 0.614936 0)
(0.0579969 0.598099 0)
(0.0624985 0.574675 0)
(0.0667571 0.545278 0)
(0.0705537 0.510715 0)
(0.0737018 0.471914 0)
(0.0760568 0.429852 0)
(0.0775187 0.385474 0)
(0.0780288 0.339631 0)
(0.0775618 0.293035 0)
(0.0761159 0.246242 0)
(0.0737032 0.199646 0)
(0.0703399 0.153499 0)
(0.0660395 0.107935 0)
(0.0608092 0.0629992 0)
(0.0546613 0.0186793 0)
(0.0475813 -0.0250845 0)
(0.0395239 -0.0683531 0)
(0.0304587 -0.111226 0)
(0.020349 -0.15383 0)
(0.00912637 -0.196362 0)
(-0.00331271 -0.239151 0)
(-0.0171242 -0.282747 0)
(-0.0325322 -0.328041 0)
(-0.0498484 -0.376413 0)
(-0.0694758 -0.429883 0)
(-0.0918611 -0.491158 0)
(-0.117347 -0.563462 0)
(-0.145832 -0.649837 0)
(-0.176152 -0.751494 0)
(-0.205164 -0.864796 0)
(-0.226913 -0.977045 0)
(-0.232909 -1.063 0)
(-0.21485 -1.08626 0)
(-0.169876 -1.00998 0)
(-0.106003 -0.815997 0)
(-0.0434934 -0.521437 0)
(-0.00379562 -0.175249 0)
(0.000750368 0.0715425 0)
(0.00660809 0.197492 0)
(0.0150306 0.30516 0)
(0.0241687 0.393814 0)
(0.032611 0.464112 0)
(0.0399141 0.518037 0)
(0.0462137 0.558212 0)
(0.0519309 0.587154 0)
(0.0575342 0.606792 0)
(0.0633811 0.618338 0)
(0.0696521 0.622421 0)
(0.0763535 0.619322 0)
(0.0833559 0.60922 0)
(0.0904425 0.592362 0)
(0.097355 0.569163 0)
(0.103831 0.540232 0)
(0.109631 0.506343 0)
(0.114557 0.468385 0)
(0.118461 0.427284 0)
(0.121247 0.383941 0)
(0.122866 0.339167 0)
(0.123301 0.293646 0)
(0.122565 0.247915 0)
(0.12068 0.202361 0)
(0.117672 0.157236 0)
(0.11356 0.11268 0)
(0.108355 0.0687479 0)
(0.102067 0.0254377 0)
(0.0946876 -0.0172987 0)
(0.0861768 -0.0595124 0)
(0.0764985 -0.101291 0)
(0.0656258 -0.142751 0)
(0.0535058 -0.184066 0)
(0.0400621 -0.225531 0)
(0.0251837 -0.267642 0)
(0.00870536 -0.311217 0)
(-0.00961605 -0.357542 0)
(-0.0301229 -0.408558 0)
(-0.0532358 -0.466949 0)
(-0.0793722 -0.53613 0)
(-0.108703 -0.61976 0)
(-0.140634 -0.720424 0)
(-0.172899 -0.836841 0)
(-0.200424 -0.959262 0)
(-0.214849 -1.06429 0)
(-0.206441 -1.11342 0)
(-0.169439 -1.0618 0)
(-0.109193 -0.879444 0)
(-0.0460094 -0.574779 0)
(-0.00418023 -0.197627 0)
(0.000743216 0.0680105 0)
(0.00700075 0.189735 0)
(0.016458 0.295526 0)
(0.0272806 0.383962 0)
(0.0379521 0.454951 0)
(0.0478695 0.509814 0)
(0.0570068 0.550723 0)
(0.0656605 0.579998 0)
(0.0742222 0.599579 0)
(0.0830098 0.610811 0)
(0.0921822 0.614495 0)
(0.101728 0.611071 0)
(0.111494 0.60083 0)
(0.121238 0.584088 0)
(0.130671 0.56128 0)
(0.139505 0.533003 0)
(0.147477 0.499996 0)
(0.154373 0.463097 0)
(0.160035 0.423178 0)
(0.164365 0.381088 0)
(0.167311 0.337595 0)
(0.168865 0.293353 0)
(0.169042 0.248879 0)
(0.16787 0.204553 0)
(0.16538 0.160631 0)
(0.161597 0.11726 0)
(0.156533 0.0745073 0)
(0.150194 0.0323813 0)
(0.142578 -0.00915331 0)
(0.133649 -0.050142 0)
(0.123366 -0.0906621 0)
(0.111707 -0.130821 0)
(0.098634 -0.170781 0)
(0.0840935 -0.210813 0)
(0.0680105 -0.251376 0)
(0.0502709 -0.293228 0)
(0.0307 -0.337582 0)
(0.009037 -0.386278 0)
(-0.0150763 -0.441929 0)
(-0.0420667 -0.508012 0)
(-0.0722675 -0.588565 0)
(-0.105522 -0.687221 0)
(-0.140372 -0.804815 0)
(-0.172775 -0.934783 0)
(-0.19495 -1.05666 0)
(-0.196221 -1.13151 0)
(-0.167958 -1.10736 0)
(-0.112219 -0.941147 0)
(-0.0486781 -0.629607 0)
(-0.00459447 -0.221415 0)
(0.000709541 0.0643613 0)
(0.00711544 0.181406 0)
(0.0172154 0.284729 0)
(0.029285 0.372346 0)
(0.0417915 0.443526 0)
(0.0540181 0.498975 0)
(0.0657885 0.540414 0)
(0.0772612 0.56993 0)
(0.0887288 0.58943 0)
(0.100448 0.600362 0)
(0.112544 0.603684 0)
(0.124979 0.599991 0)
(0.137581 0.589692 0)
(0.15008 0.573172 0)
(0.162162 0.550891 0)
(0.17351 0.523428 0)
(0.183838 0.491484 0)
(0.192911 0.45584 0)
(0.200555 0.41731 0)
(0.20666 0.376686 0)
(0.21117 0.334688 0)
(0.21407 0.291937 0)
(0.215376 0.24893 0)
(0.215117 0.20604 0)
(0.213325 0.163525 0)
(0.210027 0.121541 0)
(0.205235 0.080167 0)
(0.198954 0.0394253 0)
(0.191185 -0.000706531 0)
(0.181896 -0.0402724 0)
(0.171043 -0.0793379 0)
(0.158608 -0.118008 0)
(0.144566 -0.156442 0)
(0.128882 -0.194899 0)
(0.111514 -0.233815 0)
(0.0923958 -0.273904 0)
(0.0714159 -0.316311 0)
(0.048388 -0.362784 0)
(0.0230302 -0.415857 0)
(-0.0050351 -0.478952 0)
(-0.0362131 -0.556303 0)
(-0.0706577 -0.652268 0)
(-0.107603 -0.769435 0)
(-0.144087 -0.904395 0)
(-0.173289 -1.0405 0)
(-0.184167 -1.14017 0)
(-0.165412 -1.14581 0)
(-0.115172 -1.00047 0)
(-0.0516253 -0.685859 0)
(-0.00505778 -0.246738 0)
(0.000648467 0.0607395 0)
(0.00692847 0.172851 0)
(0.0172311 0.273217 0)
(0.0300427 0.359421 0)
(0.0439146 0.430223 0)
(0.0580754 0.485807 0)
(0.0722196 0.527469 0)
(0.0863611 0.557045 0)
(0.10067 0.576377 0)
(0.115318 0.586978 0)
(0.130373 0.589944 0)
(0.145765 0.586013 0)
(0.161293 0.575712 0)
(0.176663 0.559494 0)
(0.191533 0.537845 0)
(0.205562 0.511329 0)
(0.218436 0.480605 0)
(0.229896 0.446395 0)
(0.23975 0.409448 0)
(0.247867 0.370495 0)
(0.254179 0.330209 0)
(0.258661 0.28917 0)
(0.261321 0.247854 0)
(0.262184 0.206625 0)
(0.261281 0.165741 0)
(0.258637 0.125368 0)
(0.254266 0.0855968 0)
(0.248171 0.0464624 0)
(0.240354 0.0079559 0)
(0.230787 -0.0299658 0)
(0.219433 -0.0673591 0)
(0.206273 -0.104331 0)
(0.191292 -0.141042 0)
(0.174475 -0.177752 0)
(0.155806 -0.214885 0)
(0.135265 -0.253133 0)
(0.112797 -0.293584 0)
(0.0882905 -0.337903 0)
(0.0615364 -0.388518 0)
(0.0322141 -0.448779 0)
(-8.10313e-05 -0.522941 0)
(-0.0356896 -0.615795 0)
(-0.0743977 -0.731269 0)
(-0.114285 -0.868843 0)
(-0.149779 -1.01623 0)
(-0.170102 -1.13907 0)
(-0.161649 -1.17623 0)
(-0.118092 -1.05668 0)
(-0.055005 -0.743501 0)
(-0.00560097 -0.273799 0)
(0.000556967 0.0573029 0)
(0.0064034 0.164457 0)
(0.0164124 0.261497 0)
(0.0293912 0.34571 0)
(0.0440866 0.415503 0)
(0.059741 0.470659 0)
(0.0759495 0.512113 0)
(0.0925791 0.541461 0)
(0.109655 0.560453 0)
(0.127234 0.570638 0)
(0.145303 0.573215 0)
(0.163738 0.56905 0)
(0.182303 0.558777 0)
(0.200673 0.542919 0)
(0.218482 0.521985 0)
(0.235361 0.496527 0)
(0.25097 0.467158 0)
(0.265026 0.434541 0)
(0.277309 0.399359 0)
(0.287669 0.362279 0)
(0.296016 0.323919 0)
(0.302312 0.284819 0)
(0.306551 0.24543 0)
(0.30875 0.206102 0)
(0.308934 0.167093 0)
(0.307127 0.128575 0)
(0.303341 0.0906498 0)
(0.297582 0.0533648 0)
(0.289846 0.0167228 0)
(0.28012 -0.0193156 0)
(0.268371 -0.0548042 0)
(0.254582 -0.0898522 0)
(0.238749 -0.124629 0)
(0.220876 -0.159402 0)
(0.200973 -0.194599 0)
(0.179056 -0.230896 0)
(0.155122 -0.269347 0)
(0.129123 -0.311541 0)
(0.100925 -0.359799 0)
(0.0702626 -0.417349 0)
(0.0367457 -0.488401 0)
(-6.02209e-05 -0.577923 0)
(-0.0403327 -0.690748 0)
(-0.0830778 -0.828801 0)
(-0.124145 -0.984346 0)
(-0.153659 -1.12793 0)
(-0.156333 -1.19755 0)
(-0.120922 -1.10883 0)
(-0.0589986 -0.802486 0)
(-0.00627283 -0.3029 0)
(0.000427564 0.0542323 0)
(0.00547718 0.156662 0)
(0.0146229 0.250147 0)
(0.0271191 0.331808 0)
(0.0420298 0.39989 0)
(0.0586836 0.453932 0)
(0.0766083 0.494609 0)
(0.0955236 0.523314 0)
(0.115288 0.541695 0)
(0.13581 0.551305 0)
(0.156966 0.553416 0)
(0.178555 0.548992 0)
(0.200286 0.538759 0)
(0.221802 0.523302 0)
(0.242706 0.50315 0)
(0.262604 0.478843 0)
(0.28113 0.450949 0)
(0.297973 0.420071 0)
(0.312891 0.386824 0)
(0.325707 0.35181 0)
(0.33631 0.31559 0)
(0.344639 0.27866 0)
(0.350675 0.24144 0)
(0.354421 0.204264 0)
(0.355896 0.167385 0)
(0.355117 0.13098 0)
(0.352098 0.0951597 0)
(0.346845 0.05998 0)
(0.339356 0.0254535 0)
(0.329627 -0.00845317 0)
(0.317639 -0.0417987 0)
(0.303376 -0.0746949 0)
(0.286852 -0.107323 0)
(0.268086 -0.139966 0)
(0.247114 -0.17306 0)
(0.223981 -0.207283 0)
(0.198725 -0.243661 0)
(0.17135 -0.283723 0)
(0.14178 -0.329682 0)
(0.109807 -0.38462 0)
(0.0750552 -0.452623 0)
(0.0370233 -0.538696 0)
(-0.00472107 -0.648174 0)
(-0.0499271 -0.784852 0)
(-0.0958963 -0.945346 0)
(-0.134256 -1.10649 0)
(-0.148894 -1.20857 0)
(-0.12345 -1.15568 0)
(-0.0638073 -0.86268 0)
(-0.00715074 -0.334473 0)
(0.000244149 0.0517516 0)
(0.00403716 0.149988 0)
(0.011646 0.239826 0)
(0.0229257 0.318383 0)
(0.0373894 0.383963 0)
(0.0545177 0.436067 0)
(0.0737958 0.475243 0)
(0.0947922 0.502746 0)
(0.117175 0.520132 0)
(0.14067 0.528929 0)
(0.165008 0.530444 0)
(0.189881 0.525708 0)
(0.21493 0.515512 0)
(0.239749 0.500487 0)
(0.263908 0.481178 0)
(0.286988 0.458106 0)
(0.308598 0.431797 0)
(0.328405 0.402794 0)
(0.346139 0.371644 0)
(0.361601 0.338883 0)
(0.374654 0.305011 0)
(0.385218 0.270479 0)
(0.393253 0.235672 0)
(0.398751 0.200904 0)
(0.401718 0.166418 0)
(0.402169 0.132391 0)
(0.400117 0.0989389 0)
(0.39557 0.0661246 0)
(0.388534 0.0339669 0)
(0.379013 0.00243819 0)
(0.367005 -0.0285309 0)
(0.352508 -0.0590555 0)
(0.335546 -0.0893318 0)
(0.316162 -0.11966 0)
(0.29441 -0.150493 0)
(0.270358 -0.182513 0)
(0.244074 -0.216729 0)
(0.215593 -0.254617 0)
(0.184876 -0.298282 0)
(0.151752 -0.350651 0)
(0.115858 -0.415628 0)
(0.0766342 -0.498126 0)
(0.0334483 -0.603732 0)
(-0.0139806 -0.737465 0)
(-0.0642842 -0.899745 0)
(-0.111055 -1.07452 0)
(-0.138459 -1.20783 0)
(-0.125223 -1.19554 0)
(-0.0696311 -0.923735 0)
(-0.008357 -0.369109 0)
(-2.5654e-05 0.0501642 0)
(0.00188325 0.145083 0)
(0.00713059 0.231305 0)
(0.0163659 0.306167 0)
(0.0296887 0.368332 0)
(0.0467742 0.417511 0)
(0.0670683 0.454296 0)
(0.0899716 0.479889 0)
(0.114932 0.495774 0)
(0.141458 0.503436 0)
(0.169099 0.504175 0)
(0.197413 0.499046 0)
(0.225947 0.488875 0)
(0.254235 0.474314 0)
(0.28181 0.455908 0)
(0.308226 0.434156 0)
(0.333071 0.409541 0)
(0.35599 0.382544 0)
(0.376695 0.353647 0)
(0.394961 0.323317 0)
(0.410632 0.291996 0)
(0.423606 0.260084 0)
(0.433825 0.227929 0)
(0.441268 0.19582 0)
(0.445932 0.163986 0)
(0.447828 0.132599 0)
(0.44697 0.101773 0)
(0.443374 0.0715751 0)
(0.437054 0.0420272 0)
(0.428028 0.0131036 0)
(0.416314 -0.0152746 0)
(0.401929 -0.0432319 0)
(0.384913 -0.0709786 0)
(0.365326 -0.0988329 0)
(0.34324 -0.127265 0)
(0.318735 -0.156961 0)
(0.29189 -0.188916 0)
(0.26275 -0.224552 0)
(0.231284 -0.265871 0)
(0.197326 -0.315631 0)
(0.160504 -0.377522 0)
(0.120199 -0.456265 0)
(0.0755998 -0.557487 0)
(0.0260204 -0.686968 0)
(-0.0282258 -0.848022 0)
(-0.0829183 -1.03189 0)
(-0.123775 -1.19373 0)
(-0.125436 -1.2261 0)
(-0.0766168 -0.984889 0)
(-0.0100829 -0.407558 0)
(-0.000444333 0.0499196 0)
(-0.00133237 0.142801 0)
(0.000512892 0.225499 0)
(0.00677841 0.295952 0)
(0.0182777 0.353598 0)
(0.0348729 0.398671 0)
(0.0559319 0.431998 0)
(0.0806469 0.454826 0)
(0.108207 0.468594 0)
(0.137869 0.474719 0)
(0.168969 0.474457 0)
(0.200901 0.468838 0)
(0.2331 0.458676 0)
(0.265028 0.444616 0)
(0.296176 0.427186 0)
(0.326069 0.406851 0)
(0.354279 0.384043 0)
(0.380435 0.359185 0)
(0.404233 0.332692 0)
(0.425434 0.304966 0)
(0.443863 0.276388 0)
(0.459402 0.247307 0)
(0.471979 0.218029 0)
(0.481561 0.188815 0)
(0.488141 0.159874 0)
(0.491728 0.131366 0)
(0.492342 0.103402 0)
(0.490009 0.0760466 0)
(0.484759 0.0493184 0)
(0.476626 0.0231903 0)
(0.465653 -0.00242203 0)
(0.451879 -0.0276587 0)
(0.435358 -0.052741 0)
(0.416163 -0.0780021 0)
(0.394378 -0.103923 0)
(0.370081 -0.131189 0)
(0.34334 -0.160776 0)
(0.314181 -0.194047 0)
(0.282546 -0.232894 0)
(0.248235 -0.279901 0)
(0.21083 -0.338516 0)
(0.169636 -0.4132 0)
(0.123673 -0.509456 0)
(0.0718825 -0.63349 0)
(0.0138183 -0.790571 0)
(-0.0483472 -0.978543 0)
(-0.103122 -1.16448 0)
(-0.122745 -1.24433 0)
(-0.0847368 -1.04474 0)
(-0.0126266 -0.450748 0)
(-0.00113033 0.0517305 0)
(-0.00619899 0.144316 0)
(-0.0090813 0.223503 0)
(-0.00678492 0.288554 0)
(0.00229785 0.340289 0)
(0.0181193 0.379838 0)
(0.0398642 0.408465 0)
(0.0664409 0.427547 0)
(0.0967308 0.438492 0)
(0.129705 0.442627 0)
(0.16446 0.441111 0)
(0.200209 0.434895 0)
(0.236263 0.424737 0)
(0.272002 0.411233 0)
(0.306871 0.39487 0)
(0.340371 0.376061 0)
(0.37206 0.355186 0)
(0.401561 0.332605 0)
(0.42856 0.308665 0)
(0.452812 0.283706 0)
(0.474132 0.258048 0)
(0.492393 0.231986 0)
(0.507518 0.205785 0)
(0.519468 0.179671 0)
(0.528234 0.153829 0)
(0.533833 0.128403 0)
(0.536294 0.103493 0)
(0.535657 0.0791544 0)
(0.531974 0.0554023 0)
(0.525297 0.0322033 0)
(0.51569 0.00947022 0)
(0.503221 -0.0129515 0)
(0.48795 -0.0352897 0)
(0.469955 -0.0578846 0)
(0.449315 -0.0812177 0)
(0.426091 -0.105964 0)
(0.400315 -0.133061 0)
(0.371963 -0.163805 0)
(0.340911 -0.199968 0)
(0.306879 -0.243947 0)
(0.269358 -0.298929 0)
(0.227539 -0.369066 0)
(0.180265 -0.459609 0)
(0.126138 -0.576899 0)
(0.064032 -0.727591 0)
(-0.00537458 -0.914503 0)
(-0.074246 -1.11829 0)
(-0.115059 -1.24633 0)
(-0.0935489 -1.10091 0)
(-0.0164606 -0.499935 0)
(-0.00230236 0.0567686 0)
(-0.0136755 0.151272 0)
(-0.022938 0.226605 0)
(-0.0255821 0.284739 0)
(-0.0192707 0.328755 0)
(-0.00420204 0.361089 0)
(0.0184394 0.383613 0)
(0.0471576 0.397886 0)
(0.0804702 0.405265 0)
(0.117037 0.406943 0)
(0.155704 0.403922 0)
(0.195502 0.397018 0)
(0.235612 0.386877 0)
(0.275339 0.374008 0)
(0.314082 0.358823 0)
(0.351322 0.341671 0)
(0.386614 0.322865 0)
(0.41958 0.302698 0)
(0.449912 0.281455 0)
(0.477365 0.259408 0)
(0.501759 0.23682 0)
(0.522967 0.213931 0)
(0.540913 0.190962 0)
(0.555563 0.168102 0)
(0.566916 0.145508 0)
(0.574997 0.123302 0)
(0.579851 0.101567 0)
(0.581536 0.0803509 0)
(0.580121 0.0596579 0)
(0.57568 0.0394489 0)
(0.568292 0.0196333 0)
(0.558041 5.57845e-05 0)
(0.544994 -0.0195155 0)
(0.529213 -0.0394141 0)
(0.510754 -0.0601084 0)
(0.489641 -0.0822435 0)
(0.465845 -0.106704 0)
(0.439259 -0.134698 0)
(0.409657 -0.167857 0)
(0.376636 -0.208376 0)
(0.339545 -0.259164 0)
(0.297408 -0.324027 0)
(0.248864 -0.407872 0)
(0.192188 -0.516932 0)
(0.12561 -0.65873 0)
(0.0486378 -0.839818 0)
(-0.0343079 -1.05339 0)
(-0.0993275 -1.22719 0)
(-0.101821 -1.1494 0)
(-0.0223368 -0.556658 0)
(-0.00435802 0.0669831 0)
(-0.0252385 0.165941 0)
(-0.042758 0.23621 0)
(-0.0510024 0.285042 0)
(-0.0472829 0.318975 0)
(-0.0324085 0.342128 0)
(-0.0082086 0.357049 0)
(0.0232864 0.365442 0)
(0.0601618 0.368551 0)
(0.100767 0.36735 0)
(0.143712 0.36262 0)
(0.187858 0.354976 0)
(0.23228 0.344897 0)
(0.276217 0.332766 0)
(0.319039 0.318891 0)
(0.360219 0.303535 0)
(0.399316 0.286934 0)
(0.435968 0.269312 0)
(0.469878 0.250885 0)
(0.50082 0.231862 0)
(0.528623 0.212447 0)
(0.553174 0.192829 0)
(0.574409 0.173182 0)
(0.592303 0.153657 0)
(0.606867 0.13438 0)
(0.618139 0.115448 0)
(0.626177 0.0969291 0)
(0.631053 0.0788556 0)
(0.632849 0.061225 0)
(0.63165 0.0439941 0)
(0.627541 0.0270725 0)
(0.620601 0.0103126 0)
(0.610903 -0.0065075 0)
(0.598468 -0.0236996 0)
(0.583313 -0.0417022 0)
(0.565402 -0.0611121 0)
(0.544626 -0.0827377 0)
(0.520773 -0.107673 0)
(0.493484 -0.137387 0)
(0.462194 -0.173847 0)
(0.426068 -0.219658 0)
(0.383913 -0.27825 0)
(0.334111 -0.354116 0)
(0.274594 -0.453193 0)
(0.203002 -0.583386 0)
(0.11762 -0.754134 0)
(0.0203519 -0.968359 0)
(-0.0711746 -1.18086 0)
(-0.106874 -1.18319 0)
(-0.0312079 -0.621134 0)
(-0.00798162 0.0855374 0)
(-0.0429414 0.191258 0)
(-0.0702793 0.253509 0)
(-0.0837301 0.289366 0)
(-0.0812684 0.310221 0)
(-0.0650385 0.322033 0)
(-0.0378377 0.327882 0)
(-0.00235404 0.329452 0)
(0.0390573 0.327728 0)
(0.0844564 0.323355 0)
(0.132276 0.31681 0)
(0.181259 0.308439 0)
(0.230411 0.298511 0)
(0.278943 0.287243 0)
(0.326219 0.274815 0)
(0.371721 0.261386 0)
(0.415029 0.247107 0)
(0.455805 0.232125 0)
(0.49378 0.216589 0)
(0.528748 0.200647 0)
(0.560562 0.184445 0)
(0.589126 0.168122 0)
(0.614388 0.151807 0)
(0.636335 0.135615 0)
(0.654988 0.119641 0)
(0.670392 0.103959 0)
(0.68261 0.0886182 0)
(0.691718 0.0736423 0)
(0.697797 0.0590229 0)
(0.70093 0.0447174 0)
(0.701191 0.0306423 0)
(0.698642 0.0166637 0)
(0.693325 0.00258624 0)
(0.685248 -0.0118688 0)
(0.674355 -0.0270891 0)
(0.660543 -0.0436027 0)
(0.643612 -0.0621192 0)
(0.623234 -0.0835915 0)
(0.598903 -0.109297 0)
(0.569878 -0.140941 0)
(0.535106 -0.180791 0)
(0.493136 -0.231858 0)
(0.442043 -0.298164 0)
(0.379372 -0.385208 0)
(0.302185 -0.500848 0)
(0.207591 -0.656351 0)
(0.0949757 -0.862848 0)
(-0.0239759 -1.10097 0)
(-0.103065 -1.19178 0)
(-0.0434071 -0.690338 0)
(-0.0141404 0.117372 0)
(-0.0689535 0.230364 0)
(-0.105634 0.278416 0)
(-0.120981 0.295939 0)
(-0.115867 0.300257 0)
(-0.0947341 0.29867 0)
(-0.0615854 0.29429 0)
(-0.0197819 0.288444 0)
(0.027967 0.28164 0)
(0.0795376 0.274061 0)
(0.133306 0.265771 0)
(0.187992 0.256802 0)
(0.242612 0.247177 0)
(0.296402 0.236923 0)
(0.348759 0.226077 0)
(0.399206 0.214686 0)
(0.447359 0.20281 0)
(0.492917 0.19052 0)
(0.535644 0.177899 0)
(0.57536 0.165037 0)
(0.61194 0.152027 0)
(0.645302 0.138962 0)
(0.675404 0.125932 0)
(0.702238 0.113017 0)
(0.725824 0.100286 0)
(0.746204 0.0877928 0)
(0.763434 0.0755729 0)
(0.77758 0.0636414 0)
(0.788711 0.0519897 0)
(0.796893 0.0405806 0)
(0.802181 0.0293433 0)
(0.804612 0.0181656 0)
(0.804192 0.00688363 0)
(0.800899 -0.00473409 0)
(0.794629 -0.017009 0)
(0.78521 -0.0303803 0)
(0.772362 -0.0454362 0)
(0.755647 -0.0629628 0)
(0.734428 -0.0840106 0)
(0.707792 -0.109985 0)
(0.674469 -0.142765 0)
(0.632734 -0.184885 0)
(0.58031 -0.239813 0)
(0.51429 -0.312482 0)
(0.431114 -0.410374 0)
(0.326782 -0.545603 0)
(0.198001 -0.73568 0)
(0.0519258 -0.983576 0)
(-0.0796985 -1.16326 0)
(-0.0574818 -0.764191 0)
(-0.0237898 0.170761 0)
(-0.10318 0.284744 0)
(-0.141709 0.306338 0)
(-0.148199 0.298548 0)
(-0.130857 0.283273 0)
(-0.0972444 0.267163 0)
(-0.0523549 0.2524 0)
(9.09664e-05 0.239446 0)
(0.0573071 0.228043 0)
(0.117296 0.217745 0)
(0.178603 0.208155 0)
(0.240122 0.198969 0)
(0.301019 0.189961 0)
(0.360657 0.180973 0)
(0.418536 0.171901 0)
(0.474262 0.162687 0)
(0.527523 0.153307 0)
(0.578069 0.143763 0)
(0.625707 0.134078 0)
(0.67029 0.124292 0)
(0.71171 0.114454 0)
(0.749899 0.104619 0)
(0.784819 0.0948413 0)
(0.816461 0.0851739 0)
(0.844838 0.0756633 0)
(0.869984 0.0663462 0)
(0.891943 0.0572477 0)
(0.910768 0.0483779 0)
(0.926514 0.0397293 0)
(0.939233 0.0312729 0)
(0.948964 0.022954 0)
(0.955725 0.0146858 0)
(0.959504 0.00634095 0)
(0.960246 -0.00225939 0)
(0.957831 -0.0113607 0)
(0.952043 -0.0212965 0)
(0.942543 -0.0325134 0)
(0.928825 -0.0456067 0)
(0.910156 -0.0613699 0)
(0.885499 -0.0808649 0)
(0.853415 -0.105524 0)
(0.81194 -0.137313 0)
(0.75845 -0.179015 0)
(0.689516 -0.234785 0)
(0.600783 -0.311355 0)
(0.48696 -0.420716 0)
(0.34222 -0.584376 0)
(0.168828 -0.82621 0)
(-0.0219661 -1.08245 0)
(-0.0701779 -0.852499 0)
(-0.0380809 0.260329 0)
(-0.133755 0.346893 0)
(-0.145067 0.319221 0)
(-0.115082 0.280831 0)
(-0.0657646 0.246767 0)
(-0.00612692 0.218112 0)
(0.059639 0.1953 0)
(0.128549 0.177527 0)
(0.198637 0.16347 0)
(0.268698 0.152006 0)
(0.337952 0.142332 0)
(0.405829 0.133872 0)
(0.471898 0.126205 0)
(0.535825 0.119033 0)
(0.597343 0.112151 0)
(0.656231 0.105426 0)
(0.712307 0.0987723 0)
(0.765417 0.0921448 0)
(0.815438 0.0855251 0)
(0.862273 0.078915 0)
(0.905851 0.0723303 0)
(0.946127 0.0657955 0)
(0.983078 0.0593393 0)
(1.0167 0.0529913 0)
(1.04702 0.0467787 0)
(1.07407 0.0407237 0)
(1.0979 0.0348413 0)
(1.11856 0.0291366 0)
(1.1361 0.0236033 0)
(1.1506 0.0182202 0)
(1.16207 0.0129489 0)
(1.17056 0.0077289 0)
(1.17604 0.00247154 0)
(1.17847 -0.00294672 0)
(1.17772 -0.00868905 0)
(1.17357 -0.014975 0)
(1.16566 -0.0220989 0)
(1.15349 -0.0304511 0)
(1.13628 -0.040549 0)
(1.11298 -0.053083 0)
(1.08209 -0.0689889 0)
(1.04155 -0.089575 0)
(0.988531 -0.116763 0)
(0.919169 -0.153595 0)
(0.828174 -0.205381 0)
(0.708388 -0.282496 0)
(0.550393 -0.406752 0)
(0.348095 -0.617562 0)
(0.0878352 -0.9194 0)
(-0.0645778 -0.923747 0)
(-0.0421273 0.376233 0)
(-0.082065 0.380156 0)
(0.0143343 0.279134 0)
(0.129721 0.2191 0)
(0.235479 0.177051 0)
(0.332368 0.143857 0)
(0.42269 0.119111 0)
(0.506914 0.101427 0)
(0.585552 0.0885866 0)
(0.659376 0.07891 0)
(0.729041 0.0713614 0)
(0.794975 0.0652637 0)
(0.857459 0.0601406 0)
(0.916675 0.0556611 0)
(0.972732 0.0516014 0)
(1.02568 0.0478133 0)
(1.07554 0.0442006 0)
(1.12231 0.0407035 0)
(1.16597 0.0372886 0)
(1.20651 0.0339407 0)
(1.24393 0.030657 0)
(1.27823 0.0274429 0)
(1.30942 0.0243081 0)
(1.33755 0.021264 0)
(1.36265 0.0183217 0)
(1.3848 0.0154897 0)
(1.40406 0.012773 0)
(1.4205 0.0101715 0)
(1.43421 0.0076786 0)
(1.44525 0.00528009 0)
(1.45369 0.0029523 0)
(1.45958 0.00066027 0)
(1.46291 -0.00164459 0)
(1.46365 -0.00402646 0)
(1.46169 -0.00657129 0)
(1.45684 -0.00939162 0)
(1.44879 -0.0126357 0)
(1.43708 -0.0164969 0)
(1.42103 -0.0212278 0)
(1.39968 -0.0271612 0)
(1.3717 -0.0347479 0)
(1.33522 -0.0446258 0)
(1.28764 -0.0577651 0)
(1.22524 -0.0757914 0)
(1.14246 -0.101762 0)
(1.03057 -0.142184 0)
(0.874967 -0.212714 0)
(0.653271 -0.352174 0)
(0.319173 -0.620923 0)
(0.0717389 -0.799247 0)
(0.396976 0.211119 0)
(0.568609 0.208677 0)
(0.78031 0.130629 0)
(0.966614 0.0799672 0)
(1.09823 0.0529484 0)
(1.19437 0.0366132 0)
(1.27082 0.0259122 0)
(1.33404 0.0189549 0)
(1.38749 0.0144322 0)
(1.43384 0.0114083 0)
(1.47497 0.00931437 0)
(1.51206 0.00781221 0)
(1.54588 0.00668787 0)
(1.57692 0.00580316 0)
(1.60552 0.00507052 0)
(1.63189 0.0044354 0)
(1.65617 0.0038642 0)
(1.67845 0.00333677 0)
(1.69879 0.00284171 0)
(1.71724 0.00237333 0)
(1.73385 0.00192941 0)
(1.74865 0.00150981 0)
(1.76171 0.00111537 0)
(1.77307 0.000747199 0)
(1.7828 0.00040614 0)
(1.79096 9.23989e-05 0)
(1.79764 -0.000194732 0)
(1.80289 -0.000457075 0)
(1.80678 -0.000697747 0)
(1.80939 -0.000921365 0)
(1.81075 -0.00113437 0)
(1.8109 -0.00134513 0)
(1.80983 -0.00156389 0)
(1.80754 -0.00180363 0)
(1.80394 -0.00208091 0)
(1.79891 -0.00241668 0)
(1.79225 -0.00283758 0)
(1.78366 -0.0033772 0)
(1.77272 -0.00407795 0)
(1.75885 -0.00499451 0)
(1.74125 -0.0062002 0)
(1.71884 -0.0078002 0)
(1.69008 -0.00996103 0)
(1.65274 -0.0129788 0)
(1.60326 -0.0174488 0)
(1.53533 -0.0246808 0)
(1.43568 -0.0379702 0)
(1.27354 -0.0671957 0)
(0.981866 -0.163807 0)
(0.771516 -0.304402 0)
)
;

boundaryField
{
    movingWall
    {
        type            fixedValue;
        value           uniform (2 0 0);
    }
    fixedWalls
    {
        type            fixedValue;
        value           uniform (0 0 0);
    }
    frontAndBack
    {
        type            empty;
    }
}


// ************************************************************************* //
