/*--------------------------------*- C++ -*----------------------------------*\
  =========                 |
  \\      /  F ield         | OpenFOAM: The Open Source CFD Toolbox
   \\    /   O peration     | Website:  https://openfoam.org
    \\  /    A nd           | Version:  7
     \\/     M anipulation  |
\*---------------------------------------------------------------------------*/
FoamFile
{
    version     2.0;
    format      ascii;
    class       surfaceScalarField;
    location    "600";
    object      phi;
}
// * * * * * * * * * * * * * * * * * * * * * * * * * * * * * * * * * * * * * //

dimensions      [0 3 -1 0 0 0 0];

internalField   nonuniform List<scalar> 
4900
(
1.69704e-06
-1.70808e-06
6.22473e-06
-4.52769e-06
1.17184e-05
-5.49362e-06
1.65044e-05
-4.78604e-06
1.97513e-05
-3.2469e-06
2.13895e-05
-1.63835e-06
2.17671e-05
-3.7771e-07
2.12606e-05
5.06459e-07
2.00127e-05
1.24775e-06
1.7859e-05
2.1535e-06
1.44061e-05
3.45283e-06
9.16657e-06
5.23937e-06
1.64907e-06
7.51737e-06
-8.59879e-06
1.02477e-05
-2.19267e-05
1.33278e-05
-3.84977e-05
1.65709e-05
-5.82161e-05
1.97183e-05
-8.06464e-05
2.24301e-05
-0.00010495
2.43033e-05
-0.000129869
2.49192e-05
-0.000153776
2.39072e-05
-0.000174785
2.10081e-05
-0.000190911
1.61265e-05
-0.00020028
9.36903e-06
-0.00020137
1.08961e-06
-0.000193238
-8.13222e-06
-0.000175638
-1.75999e-05
-0.00014909
-2.65478e-05
-0.000114887
-3.42031e-05
-7.50531e-05
-3.98338e-05
-3.22396e-05
-4.28135e-05
1.04387e-05
-4.26783e-05
4.97238e-05
-3.92851e-05
8.27618e-05
-3.3038e-05
0.000107374
-2.46127e-05
0.000122294
-1.492e-05
0.000127404
-5.10979e-06
0.000123782
3.62189e-06
0.000113425
1.03577e-05
9.87224e-05
1.47021e-05
8.20196e-05
1.67027e-05
6.52553e-05
1.67643e-05
4.97766e-05
1.54787e-05
3.6319e-05
1.34575e-05
2.51113e-05
1.12077e-05
1.60463e-05
9.06496e-06
8.89782e-06
7.14846e-06
3.59683e-06
5.30099e-06
5.0608e-07
3.09074e-06
5.06079e-07
4.47366e-06
-6.18182e-06
1.38487e-05
-1.39027e-05
2.43112e-05
-1.59561e-05
3.28986e-05
-1.33736e-05
3.79987e-05
-8.34707e-06
3.92214e-05
-2.86128e-06
3.68487e-05
1.99469e-06
3.1187e-05
6.16783e-06
2.21274e-05
1.0307e-05
9.04088e-06
1.52397e-05
-9.07068e-06
2.1564e-05
-3.33088e-05
2.94771e-05
-6.45734e-05
3.87816e-05
-0.000103304
4.8978e-05
-0.00014927
5.92938e-05
-0.00020141
6.8711e-05
-0.000257777
7.60843e-05
-0.000315657
8.03103e-05
-0.000371852
8.04986e-05
-0.000423027
7.60932e-05
-0.000466041
6.69215e-05
-0.000498217
5.31838e-05
-0.0005175
3.54096e-05
-0.000522549
1.44177e-05
-0.000512818
-8.64101e-06
-0.000488401
-3.2549e-05
-0.000449934
-5.60669e-05
-0.000398619
-7.7863e-05
-0.000336283
-9.65389e-05
-0.0002654
-0.000110717
-0.000189058
-0.000119155
-0.000110832
-0.000120904
-3.46036e-05
-0.000115514
3.55545e-05
-0.000103196
9.59473e-05
-8.50056e-05
0.000143758
-6.27305e-05
0.000177061
-3.84128e-05
0.000195064
-1.43814e-05
0.000198357
7.06414e-06
0.000189036
2.40238e-05
0.000170245
3.54929e-05
0.000145577
4.14324e-05
0.000118441
4.26145e-05
9.16049e-05
4.02937e-05
6.69371e-05
3.58755e-05
4.54268e-05
3.05752e-05
2.74656e-05
2.51096e-05
1.3339e-05
1.94276e-05
3.75697e-06
1.26728e-05
4.26304e-06
5.98772e-06
-1.21696e-05
1.73366e-05
-2.52519e-05
2.87985e-05
-2.74182e-05
3.68145e-05
-2.13897e-05
3.95232e-05
-1.10559e-05
3.63358e-05
3.25869e-07
2.71889e-05
1.11413e-05
1.18741e-05
2.14823e-05
-1.03748e-05
3.25557e-05
-4.08362e-05
4.57007e-05
-8.08699e-05
6.15975e-05
-0.000131399
8.00058e-05
-0.000192487
9.98693e-05
-0.000263027
0.000119518
-0.00034067
0.000136937
-0.000422057
0.000150098
-0.000503268
0.000157296
-0.000580351
0.000157393
-0.000649759
0.000149907
-0.000708632
0.000134965
-0.000754885
0.000113174
-0.000787165
8.5464e-05
-0.00080471
5.29551e-05
-0.000807171
1.68782e-05
-0.000794413
-2.1399e-05
-0.000766453
-6.05093e-05
-0.000723601
-9.89193e-05
-0.000666588
-0.000134875
-0.000596653
-0.000166474
-0.000515639
-0.000191732
-0.000426065
-0.000208729
-0.000331127
-0.000215842
-0.000234609
-0.000212032
-0.000140646
-0.000197159
-5.34683e-05
-0.000172184
2.29592e-05
-0.000139158
8.56601e-05
-0.000101114
0.000132841
-6.15625e-05
0.000163534
-2.36292e-05
0.000177881
9.67717e-06
0.000177416
3.59582e-05
0.000164939
5.3909e-05
0.000143998
6.35554e-05
0.000118275
6.6017e-05
9.10302e-05
6.312e-05
6.47402e-05
5.68652e-05
4.10654e-05
4.87844e-05
2.12089e-05
3.92841e-05
6.60785e-06
2.72737e-05
1.08709e-05
6.5082e-06
-1.8678e-05
1.7593e-05
-3.6337e-05
2.6942e-05
-3.67675e-05
3.07402e-05
-2.51881e-05
2.7182e-05
-7.49793e-06
1.55737e-05
1.1934e-05
-4.62139e-06
3.13361e-05
-3.44187e-05
5.12793e-05
-7.53423e-05
7.3479e-05
-0.000128869
9.92269e-05
-0.000195727
0.000128455
-0.000275332
0.000159611
-0.000365556
0.000190092
-0.000462905
0.000216867
-0.000563064
0.000237095
-0.000661582
0.000248616
-0.000754485
0.000250198
-0.000838634
0.000241542
-0.000911823
0.000223095
-0.00097265
0.000195792
-0.00102029
0.000160816
-0.00105426
0.00011943
-0.0010742
7.28997e-05
-0.00107981
2.24815e-05
-0.00107068
-3.05254e-05
-0.00104652
-8.46722e-05
-0.00100716
-0.000138272
-0.000952689
-0.00018935
-0.000883505
-0.000235659
-0.000800539
-0.000274697
-0.000705421
-0.000303848
-0.000600636
-0.000320627
-0.000489601
-0.000323067
-0.000376588
-0.000310172
-0.000266429
-0.000282343
-0.000163978
-0.000241609
-7.35555e-05
-0.000191537
1.56291e-06
-0.000136681
5.97994e-05
-8.18658e-05
0.00010085
-3.13735e-05
0.00012497
1.18383e-05
0.000133447
4.54314e-05
0.000128787
6.82162e-05
0.000114282
8.05214e-05
9.35167e-05
8.38854e-05
6.98525e-05
8.05293e-05
4.61072e-05
7.25297e-05
2.46325e-05
6.07588e-05
7.92732e-06
4.39789e-05
1.87982e-05
6.20347e-06
-2.48817e-05
1.48874e-05
-4.50213e-05
1.91882e-05
-4.10686e-05
1.54457e-05
-2.14458e-05
2.11318e-06
5.8343e-06
-2.16944e-05
3.57413e-05
-5.71554e-05
6.67969e-05
-0.000105997
0.000100121
-0.000169842
0.000137324
-0.00024925
0.000178635
-0.000343033
0.000222238
-0.000448167
0.000264745
-0.000560267
0.000302192
-0.000674387
0.000330987
-0.000785851
0.000348559
-0.000890839
0.000353605
-0.000986627
0.000345986
-0.0010715
0.000326417
-0.00114451
0.000296104
-0.00120517
0.000256454
-0.00125324
0.000208888
-0.00128858
0.000154764
-0.00131104
9.53593e-05
-0.00132046
3.19032e-05
-0.00131657
-3.44132e-05
-0.00129901
-0.000102232
-0.0012673
-0.000169986
-0.00122086
-0.000235788
-0.00115917
-0.000297354
-0.00108192
-0.000351941
-0.000989366
-0.000396404
-0.0008826
-0.000427394
-0.000763912
-0.000441754
-0.000636998
-0.000437087
-0.000506918
-0.000412423
-0.0003797
-0.000368827
-0.000261547
-0.00030969
-0.000157761
-0.000240467
-7.18729e-05
-0.000167754
-5.32773e-06
-9.79188e-05
4.24144e-05
-3.59038e-05
7.25995e-05
1.52462e-05
8.68308e-05
5.39849e-05
8.76347e-05
7.97175e-05
7.82189e-05
9.33012e-05
6.2095e-05
9.66532e-05
4.27238e-05
9.19008e-05
2.34002e-05
8.00824e-05
7.60072e-06
5.97784e-05
2.63989e-05
4.89453e-06
-2.97764e-05
8.86674e-06
-4.8994e-05
5.26253e-06
-3.74648e-05
-8.96693e-06
-7.21669e-06
-3.51665e-05
3.20336e-05
-7.44999e-05
7.50745e-05
-0.000128686
0.000120983
-0.000199473
0.000170907
-0.000287414
0.000225265
-0.00039098
0.000282201
-0.000506519
0.000337777
-0.000628965
0.000387191
-0.000752866
0.000426094
-0.000873317
0.000451437
-0.000986516
0.000461758
-0.00108991
0.000456997
-0.00118201
0.000438091
-0.00126213
0.000406533
-0.00133007
0.000364041
-0.00138595
0.000312341
-0.00143011
0.000253049
-0.00146297
0.000187621
-0.00148494
0.000117332
-0.00149635
4.33096e-05
-0.00149729
-3.3473e-05
-0.00148753
-0.000111994
-0.00146644
-0.000191073
-0.00143299
-0.000269243
-0.00138577
-0.000344567
-0.00132323
-0.000414481
-0.00124392
-0.00047572
-0.00114693
-0.000524384
-0.00103246
-0.000556219
-0.000902387
-0.000567162
-0.00076066
-0.000554149
-0.000613406
-0.000516081
-0.000468408
-0.000454689
-0.000333922
-0.000374953
-0.000217017
-0.000284658
-0.000122007
-0.000192929
-4.98549e-05
-0.000108056
1.07207e-06
-3.56808e-05
3.33759e-05
2.1681e-05
4.96089e-05
6.34845e-05
5.27292e-05
9.01808e-05
4.61506e-05
0.000103232
3.35752e-05
0.000104476
1.88639e-05
9.47937e-05
6.11097e-06
7.25313e-05
3.25099e-05
2.26834e-06
-3.20449e-05
-9.34042e-07
-4.5792e-05
-1.50414e-05
-2.33578e-05
-4.22447e-05
1.99863e-05
-8.37275e-05
7.35162e-05
-0.000140925
0.000132271
-0.000215535
0.000195593
-0.000308233
0.000263605
-0.000417476
0.000334507
-0.000539313
0.000404038
-0.000668193
0.000466656
-0.00079818
0.000517178
-0.000924005
0.000551919
-0.00104165
0.000569084
-0.00114847
0.000568577
-0.00124299
0.000551515
-0.00132463
0.000519733
-0.00139348
0.000475384
-0.00145011
0.000420669
-0.00149543
0.00035766
-0.00153056
0.000288181
-0.00155667
0.000213731
-0.00157482
0.00013548
-0.00158582
5.43117e-05
-0.00159017
-2.91311e-05
-0.00158786
-0.000114304
-0.00157836
-0.000200567
-0.00156051
-0.000287095
-0.00153247
-0.000372611
-0.00149179
-0.000455157
-0.00143561
-0.000531897
-0.00136101
-0.00059899
-0.00126559
-0.000651642
-0.0011483
-0.000684448
-0.00101034
-0.000692109
-0.000855878
-0.000670545
-0.000692313
-0.000618254
-0.000529687
-0.000537578
-0.000379018
-0.000435328
-0.000249789
-0.000322157
-0.000147486
-0.000210359
-7.25783e-05
-0.000110589
-2.1766e-05
-2.91314e-05
9.27284e-06
3.24457e-05
2.43973e-05
7.50564e-05
2.73909e-05
0.000100238
2.22108e-05
0.000109656
1.30364e-05
0.000103968
4.20984e-06
8.13578e-05
3.67197e-05
-1.92587e-06
-3.01192e-05
-1.46786e-05
-3.30397e-05
-4.13676e-05
3.33077e-06
-8.32826e-05
6.19011e-05
-0.000141436
0.000131669
-0.000217224
0.00020806
-0.000311427
0.000289796
-0.000422756
0.000374933
-0.000547312
0.000459063
-0.000679286
0.000536012
-0.00081229
0.00059966
-0.000940563
0.000645451
-0.00105966
0.000671018
-0.00116663
0.000676054
-0.00125985
0.000661796
-0.00133879
0.000630453
-0.00140378
0.000584723
-0.00145583
0.000527437
-0.00149644
0.000461281
-0.00152738
0.0003886
-0.00155048
0.000311275
-0.00156743
0.000230683
-0.00157969
0.000147737
-0.00158835
6.2975e-05
-0.00159415
-2.33354e-05
-0.00159734
-0.00011111
-0.00159767
-0.000200234
-0.00159423
-0.000290532
-0.00158536
-0.000381488
-0.0015685
-0.00047202
-0.00154019
-0.000560199
-0.00149623
-0.000642951
-0.00143204
-0.000715832
-0.00134348
-0.000773013
-0.00122793
-0.000807652
-0.00108567
-0.000812809
-0.000920975
-0.000782949
-0.000742705
-0.000715849
-0.0005636
-0.000614433
-0.000398031
-0.000487726
-0.000258397
-0.000349993
-0.000151475
-0.00021751
-7.69211e-05
-0.000103686
-2.92746e-05
-1.52008e-05
-2.10852e-06
4.78903e-05
9.94849e-06
8.81812e-05
1.17139e-05
0.000107891
7.78299e-06
0.000107899
2.59845e-06
8.65424e-05
3.93182e-05
-7.75514e-06
-2.23642e-05
-3.19267e-05
-8.86853e-06
-7.25438e-05
4.39476e-05
-0.000129863
0.00011922
-0.000204706
0.000206511
-0.000297798
0.000301152
-0.000408242
0.00040024
-0.000532525
0.000499215
-0.000664866
0.000591404
-0.000798532
0.000669679
-0.000927213
0.000728341
-0.0010459
0.000764133
-0.00115117
0.000776288
-0.00124114
0.000766031
-0.00131528
0.000735929
-0.00137412
0.000689301
-0.00141912
0.000629721
-0.0014523
0.000560617
-0.00147599
0.000484969
-0.00149252
0.000405126
-0.001504
0.00032276
-0.00151224
0.00023892
-0.00151865
0.000154145
-0.00152428
6.86099e-05
-0.00152987
-1.77457e-05
-0.00153583
-0.000105152
-0.00154221
-0.000193852
-0.00154863
-0.000284109
-0.0015541
-0.000376023
-0.00155675
-0.000469367
-0.00155363
-0.00056332
-0.0015405
-0.000656088
-0.00151187
-0.000744461
-0.00146147
-0.000823412
-0.00138318
-0.000885935
-0.00127257
-0.000923425
-0.0011287
-0.000926817
-0.000955925
-0.000888624
-0.000764746
-0.000805612
-0.000571045
-0.000681427
-0.000393038
-0.000528
-0.000246262
-0.000364286
-0.000138466
-0.000211483
-6.77561e-05
-8.59103e-05
-2.59339e-05
6.06805e-06
-4.33716e-06
6.65845e-05
3.85459e-06
9.96992e-05
4.27461e-06
0.000107479
1.71266e-06
8.91043e-05
4.10308e-05
-1.49464e-05
-7.41799e-06
-5.16951e-05
2.78798e-05
-0.000106534
9.87867e-05
-0.000178788
0.000191474
-0.000268805
0.000296528
-0.000376038
0.000408385
-0.000497615
0.000521816
-0.000628132
0.000629732
-0.000760733
0.000724006
-0.000888601
0.000797546
-0.00100608
0.000845816
-0.00110917
0.000867228
-0.00119564
0.000862756
-0.00126484
0.00083523
-0.00131751
0.000788599
-0.00135548
0.000727268
-0.00138128
0.000655525
-0.00139775
0.000577085
-0.00140762
0.000494837
-0.00141326
0.000410771
-0.00141658
0.000326081
-0.001419
0.000241334
-0.00142152
0.000156671
-0.00142487
7.19608e-05
-0.00142956
-1.30606e-05
-0.00143597
-9.87425e-05
-0.00144437
-0.000185449
-0.0014549
-0.000273581
-0.00146739
-0.000363538
-0.0014811
-0.000455654
-0.00149438
-0.000550035
-0.00150423
-0.000646239
-0.00150591
-0.000742783
-0.00149285
-0.000836477
-0.00145703
-0.000921751
-0.00139019
-0.000990265
-0.00128577
-0.00103124
-0.00114149
-0.0010329
-0.000961799
-0.000985303
-0.000759203
-0.000884023
-0.000553266
-0.000733937
-0.000366452
-0.000551099
-0.000217245
-0.00036069
-0.000113387
-0.000189769
-5.02229e-05
-5.70961e-05
-1.63614e-05
3.27229e-05
-1.3034e-06
8.46411e-05
2.74204e-06
0.000103433
1.64673e-06
9.01997e-05
4.26776e-05
-2.30001e-05
1.5582e-05
-7.24728e-05
7.73522e-05
-0.000140746
0.00016706
-0.000226304
0.000277032
-0.000328619
0.000398843
-0.00044556
0.000525325
-0.000572453
0.000648709
-0.000702661
0.00075994
-0.000829029
0.000850373
-0.000945253
0.00091377
-0.00104668
0.00094724
-0.00113057
0.000951116
-0.00119606
0.000928251
-0.00124398
0.000883152
-0.00127649
0.000821101
-0.00129657
0.000747357
-0.00130755
0.000666505
-0.00131254
0.000582067
-0.0013141
0.0004964
-0.00131416
0.00041083
-0.00131399
0.000325913
-0.00131437
0.000241718
-0.00131575
0.000158049
-0.00131839
7.4595e-05
-0.00132248
-8.96974e-06
-0.00132827
-9.29532e-05
-0.00133607
-0.000177651
-0.00134628
-0.000263366
-0.00135933
-0.000350485
-0.00137549
-0.000439495
-0.00139456
-0.000530965
-0.0014154
-0.000625402
-0.00143529
-0.000722897
-0.00144929
-0.000822473
-0.00144991
-0.000921132
-0.00142739
-0.00101279
-0.00137111
-0.00108751
-0.0012722
-0.00113182
-0.00112696
-0.00113054
-0.000940261
-0.00107073
-0.000727255
-0.000946943
-0.000511938
-0.000766417
-0.000321278
-0.00055135
-0.000175879
-0.000335168
-8.16501e-05
-0.000151325
-2.96416e-05
-1.92856e-05
-5.40894e-06
6.04084e-05
2.48577e-06
9.55388e-05
2.17936e-06
9.0506e-05
4.48569e-05
-3.11737e-05
4.67556e-05
-9.24468e-05
0.000138625
-0.000172443
0.000247055
-0.000268687
0.000373275
-0.000379516
0.000509672
-0.000501241
0.00064705
-0.000627866
0.000775334
-0.000752214
0.000884288
-0.000867446
0.000965605
-0.000968183
0.00101451
-0.00105104
0.0010301
-0.00111478
0.00101485
-0.00116011
0.000973579
-0.00118937
0.000912416
-0.00120596
0.00083769
-0.00121362
0.000755019
-0.00121584
0.000668723
-0.00121541
0.000581633
-0.00121426
0.000495252
-0.00121354
0.000410107
-0.00121377
0.000326146
-0.0012151
0.000243049
-0.00121748
0.000160433
-0.00122083
7.79418e-05
-0.0012251
-4.69968e-06
-0.00123037
-8.76837e-05
-0.00123686
-0.000171161
-0.00124497
-0.000255256
-0.00125529
-0.000340168
-0.00126855
-0.000426235
-0.0012855
-0.000514011
-0.0013066
-0.000604306
-0.00133141
-0.000698088
-0.00135776
-0.000796114
-0.00138079
-0.000898102
-0.00139219
-0.00100139
-0.00138039
-0.00109931
-0.00133225
-0.00117996
-0.00123644
-0.00122635
-0.00108805
-0.00121911
-0.000893078
-0.00114192
-0.000670447
-0.000989048
-0.000449533
-0.000772264
-0.000261702
-0.000522998
-0.000127819
-0.000285207
-4.91797e-05
-9.79252e-05
-1.12931e-05
2.25217e-05
2.14931e-06
8.20963e-05
2.87819e-06
8.97772e-05
4.77351e-05
-3.85923e-05
8.53477e-05
-0.000109889
0.000209922
-0.000199141
0.000336307
-0.0003028
0.000476935
-0.000418007
0.000624879
-0.000539799
0.000768842
-0.000661433
0.000896968
-0.000775795
0.00099865
-0.000876808
0.00106662
-0.000960314
0.00109801
-0.00102443
0.00109422
-0.00106953
0.00105995
-0.00109792
0.00100197
-0.0011132
0.000927703
-0.00111951
0.000844001
-0.00112071
0.000756211
-0.00111982
0.000667836
-0.00111886
0.000580678
-0.00111889
0.000495283
-0.00112026
0.00041147
-0.00112287
0.000328758
-0.00112646
0.000246643
-0.00113074
0.000164711
-0.00113547
8.26724e-05
-0.00114052
3.50095e-07
-0.00114587
-8.2336e-05
-0.00115162
-0.000165415
-0.001158
-0.000248875
-0.00116544
-0.000332728
-0.0011746
-0.000417071
-0.00118643
-0.000502179
-0.00120209
-0.000588646
-0.00122268
-0.000677504
-0.00124857
-0.000770222
-0.00127834
-0.000868332
-0.00130733
-0.000972402
-0.00132645
-0.00108018
-0.0013222
-0.00118421
-0.00127867
-0.00126989
-0.0011821
-0.00131568
-0.001027
-0.00129702
-0.000821792
-0.00119425
-0.000590841
-0.00100321
-0.000369896
-0.000743943
-0.000193723
-0.000461381
-8.00102e-05
-0.000211638
-2.19675e-05
-3.5521e-05
2.35888e-07
5.9893e-05
3.2689e-06
8.67441e-05
5.1004e-05
-4.4489e-05
0.000129837
-0.000123371
0.000288804
-0.000218925
0.00043186
-0.000326469
0.000584479
-0.000442061
0.00074047
-0.000559886
0.000886668
-0.000672997
0.00101008
-0.000774805
0.00110046
-0.000860308
0.00115212
-0.00092677
0.00116447
-0.000973907
0.00114135
-0.00100367
0.00108972
-0.00101967
0.00101796
-0.00102627
0.0009343
-0.00102767
0.000845407
-0.00102723
0.00075577
-0.00102711
0.000667716
-0.00102837
0.000581929
-0.00103122
0.000498137
-0.00103544
0.00041569
-0.00104062
0.000333936
-0.00104635
0.000252378
-0.00105234
0.000170694
-0.00105837
8.87041e-05
-0.00106434
6.32766e-06
-0.00107024
-7.64456e-05
-0.00107606
-0.000159588
-0.0010819
-0.000243037
-0.00108792
-0.000326713
-0.00109445
-0.000410542
-0.00110211
-0.00049452
-0.00111191
-0.00057884
-0.00112532
-0.000664095
-0.00114403
-0.000751516
-0.00116926
-0.000843097
-0.00120041
-0.000941253
-0.00123306
-0.00104753
-0.00125721
-0.00116006
-0.00125706
-0.00127004
-0.00121372
-0.00135903
-0.0011113
-0.00139944
-0.000944974
-0.00136058
-0.000727746
-0.00122044
-0.000491549
-0.00098014
-0.00027899
-0.00067394
-0.000125351
-0.000365276
-3.96932e-05
-0.000121179
-4.40534e-06
2.4605e-05
3.02634e-06
7.93124e-05
5.40303e-05
-4.82937e-05
0.00017813
-0.00013191
0.00037242
-0.000230619
0.000530568
-0.000338609
0.000692469
-0.000451097
0.000852958
-0.000561857
0.000997427
-0.000664184
0.00111241
-0.00075234
0.00118861
-0.00082259
0.00122237
-0.000873693
0.00121558
-0.000906892
0.00117455
-0.000925445
0.00110827
-0.00093375
0.00102627
-0.000936304
0.000936854
-0.000936807
0.00084591
-0.000937693
0.000756656
-0.000940122
0.000670145
-0.000944297
0.000586104
-0.000949889
0.000503729
-0.000956393
0.000422195
-0.00096335
0.000340893
-0.000970432
0.00025946
-0.000977453
0.000177715
-0.00098433
9.55813e-05
-0.000991043
1.30404e-05
-0.000997594
-6.98947e-05
-0.00100399
-0.000153195
-0.00101021
-0.000236816
-0.00101625
-0.000320673
-0.00102214
-0.00040465
-0.00102806
-0.000488599
-0.00103448
-0.000572416
-0.0010424
-0.000656182
-0.00105346
-0.000740454
-0.00106991
-0.000826649
-0.00109382
-0.000917343
-0.00112538
-0.00101597
-0.00116027
-0.00112517
-0.00118714
-0.00124316
-0.00118735
-0.00135882
-0.00113882
-0.00144797
-0.00102438
-0.00147501
-0.000842113
-0.00140271
-0.000612657
-0.0012096
-0.000377743
-0.000908854
-0.000185614
-0.000557406
-6.59167e-05
-0.000240876
-1.23473e-05
-2.89645e-05
2.03524e-06
6.49298e-05
5.60656e-05
-4.96781e-05
0.000227808
-0.000135019
0.000457761
-0.0002338
0.000629349
-0.000339156
0.000797825
-0.00044575
0.000959552
-0.000547338
0.00109902
-0.000637794
0.00120286
-0.000712424
0.00126324
-0.000768824
0.00127877
-0.00080717
0.00125392
-0.000829977
0.00119736
-0.000841352
0.00111964
-0.000845916
0.00103083
-0.000847733
0.000938671
-0.000849622
0.000847799
-0.000852998
0.000760032
-0.000858155
0.000675302
-0.000864739
0.000592688
-0.00087218
0.000511169
-0.000879968
0.000429983
-0.000887767
0.000348691
-0.00089541
0.000267103
-0.000902857
0.000185162
-0.000910136
0.00010286
-0.000917297
2.0202e-05
-0.000924385
-6.28076e-05
-0.000931411
-0.000146169
-0.000938352
-0.000229875
-0.000945134
-0.000313891
-0.000951647
-0.000398137
-0.000957778
-0.000482468
-0.00096352
-0.000566674
-0.000969167
-0.000650535
-0.000975617
-0.000734004
-0.000984684
-0.000817582
-0.000999126
-0.0009029
-0.00102185
-0.000993246
-0.00105373
-0.00109329
-0.0010901
-0.00120679
-0.00111749
-0.00133143
-0.00111362
-0.00145184
-0.00105333
-0.00153531
-0.000919985
-0.00153606
-0.000718135
-0.00141145
-0.000479954
-0.00114704
-0.000258102
-0.000779258
-0.000101454
-0.000397524
-2.37524e-05
-0.000106666
3.02594e-07
4.08748e-05
5.63682e-05
-4.85565e-05
0.000276365
-0.000132669
0.000541873
-0.000228708
0.000725388
-0.000328861
0.000897978
-0.000427522
0.00105821
-0.000518749
0.00119024
-0.000597205
0.00128132
-0.000659319
0.00132536
-0.000703948
0.0013234
-0.000732466
0.00128244
-0.000748269
0.00121316
-0.000755802
0.00112718
-0.000759396
0.00103443
-0.000762329
0.000941604
-0.000766432
0.000851902
-0.000772241
0.000765842
-0.000779474
0.000682535
-0.000787537
0.00060075
-0.000795871
0.000519504
-0.000804116
0.000438228
-0.000812111
0.000356686
-0.000819843
0.000274835
-0.000827378
0.000192697
-0.000834807
0.00011029
-0.000842215
2.76101e-05
-0.000849666
-5.53571e-05
-0.000857188
-0.000138647
-0.000864774
-0.000222289
-0.000872365
-0.000306299
-0.000879839
-0.000390663
-0.000886999
-0.000475308
-0.000893605
-0.000560068
-0.000899472
-0.000644668
-0.00090471
-0.000728766
-0.000910123
-0.000812169
-0.000917691
-0.000895333
-0.000930729
-0.000980208
-0.000952966
-0.00107105
-0.000985676
-0.00117408
-0.00102305
-0.00129406
-0.00104824
-0.00142664
-0.00103452
-0.00154904
-0.000954496
-0.00161608
-0.000795573
-0.00157037
-0.000573914
-0.00136869
-0.00033699
-0.00101618
-0.000146037
-0.000588478
-3.89954e-05
-0.000213707
-2.31116e-06
4.19037e-06
5.4057e-05
-4.50492e-05
0.000321414
-0.000125204
0.000622028
-0.000216073
0.000816257
-0.000309025
0.00099093
-0.000398423
0.00114761
-0.000478852
0.00127067
-0.000545873
0.00134834
-0.000596998
0.00137648
-0.000632172
0.00135857
-0.000653639
0.00130391
-0.000665238
0.00122476
-0.000671295
0.00113323
-0.000675505
0.00103864
-0.000680236
0.000946335
-0.000686443
0.000858109
-0.000694053
0.000773452
-0.000702511
0.000690993
-0.000711223
0.000609462
-0.000719784
0.000528065
-0.000728018
0.000446462
-0.000735921
0.00036459
-0.000743579
0.000282493
-0.000751107
0.000200225
-0.000758615
0.000117798
-0.000766189
3.51837e-05
-0.000773892
-4.76542e-05
-0.000781758
-0.00013078
-0.0007898
-0.000214248
-0.00079799
-0.000298108
-0.000806251
-0.000382402
-0.000814426
-0.000467134
-0.000822257
-0.000552237
-0.000829398
-0.000637527
-0.000835508
-0.000722656
-0.00084053
-0.000807147
-0.000845215
-0.000890647
-0.000851793
-0.00097363
-0.000864251
-0.0010586
-0.000887098
-0.00115124
-0.000921463
-0.00125969
-0.00095903
-0.00138908
-0.000977899
-0.00153017
-0.000946456
-0.00164752
-0.000837768
-0.00167906
-0.000649032
-0.00155743
-0.000414315
-0.0012509
-0.000197625
-0.000805168
-5.87343e-05
-0.000352598
-5.87756e-06
-4.86665e-05
4.81794e-05
-3.94295e-05
0.000360843
-0.000113224
0.000695822
-0.00019694
0.000899973
-0.000281243
0.00107523
-0.000360643
0.00122701
-0.000430391
0.00134042
-0.000486959
0.0014049
-0.00052882
0.00141834
-0.000556745
0.0013865
-0.000573489
0.00132065
-0.000582926
0.0012342
-0.000588928
0.00113924
-0.000594403
0.00104411
-0.000600871
0.000952804
-0.000608641
0.000865879
-0.000617311
0.000782121
-0.000626285
0.000699967
-0.000635105
0.000618282
-0.000643553
0.000536512
-0.000651609
0.000454518
-0.000659368
0.000372348
-0.000666958
0.000290084
-0.000674505
0.000207771
-0.000682107
0.0001254
-0.000689839
4.29152e-05
-0.000697753
-3.97399e-05
-0.000705881
-0.000122652
-0.00071424
-0.000205888
-0.000722828
-0.000289521
-0.000731609
-0.000373621
-0.000740495
-0.000458248
-0.000749307
-0.000543424
-0.000757743
-0.000629091
-0.000765363
-0.000715036
-0.000771689
-0.000800821
-0.000776536
-0.0008858
-0.000780695
-0.000969471
-0.000786822
-0.00105247
-0.000799757
-0.0011383
-0.000824641
-0.00123481
-0.00086138
-0.00135234
-0.000897048
-0.0014945
-0.000902885
-0.00164168
-0.000843517
-0.00173842
-0.000698063
-0.00170289
-0.000481861
-0.0014671
-0.000252137
-0.00103489
-8.31139e-05
-0.000521621
-1.03771e-05
-0.000121403
3.78023e-05
-3.20697e-05
0.000392913
-9.74787e-05
0.000761231
-0.000172494
0.000974988
-0.000247182
0.00114992
-0.000316307
0.00129614
-0.000375848
0.00139996
-0.000423126
0.00145218
-0.000457393
0.00145261
-0.000479957
0.00140906
-0.000493731
0.00133442
-0.000502313
0.00124278
-0.000508932
0.00114586
-0.000515712
0.00105089
-0.000523501
0.000960593
-0.000532209
0.000874586
-0.000541325
0.000791237
-0.000550352
0.000708994
-0.000559005
0.000626935
-0.000567223
0.00054473
-0.000575089
0.000462385
-0.000582742
0.000380002
-0.000590317
0.000297659
-0.000597924
0.000215379
-0.000605648
0.000133124
-0.000613547
5.08148e-05
-0.000621667
-3.16204e-05
-0.00063003
-0.000114288
-0.000638653
-0.000197265
-0.000647541
-0.000280633
-0.000656681
-0.000364481
-0.000666031
-0.000448898
-0.000675495
-0.00053396
-0.000684877
-0.000619709
-0.000693828
-0.000706085
-0.00070182
-0.000792829
-0.000708253
-0.000879367
-0.000712876
-0.000964848
-0.000716684
-0.00104866
-0.000723049
-0.00113194
-0.000737869
-0.00121999
-0.000766404
-0.0013238
-0.000805371
-0.00145553
-0.000834345
-0.00161271
-0.000816825
-0.00175594
-0.000718116
-0.00180159
-0.000533022
-0.00165219
-0.0003043
-0.00126361
-0.000111124
-0.000714797
-1.58125e-05
-0.000216715
2.19898e-05
-2.33938e-05
0.000416307
-7.87727e-05
0.00081661
-0.000143934
0.00104015
-0.000208431
0.00121442
-0.000267321
0.00135503
-0.000317308
0.00144995
-0.000356458
0.00149133
-0.00038459
0.00148074
-0.000403266
0.00142774
-0.000415269
0.00134643
-0.000423704
0.00125122
-0.000431106
0.00115326
-0.000438917
0.0010587
-0.000447518
0.000969194
-0.000456625
0.000883694
-0.000465767
0.000800378
-0.00047459
0.000717818
-0.000482967
0.000635312
-0.000490944
0.000552707
-0.000498653
0.000470094
-0.000506242
0.00038759
-0.000513831
0.000305248
-0.000521514
0.000223062
-0.000529363
0.000140973
-0.000537428
5.88809e-05
-0.000545752
-2.32969e-05
-0.00055435
-0.00010569
-0.000563234
-0.00018838
-0.000572408
-0.000271458
-0.000581865
-0.000355025
-0.000591582
-0.000439181
-0.00060151
-0.000524032
-0.000611541
-0.000609678
-0.000621454
-0.000696171
-0.000630846
-0.000783437
-0.000639091
-0.000871122
-0.000645485
-0.000958453
-0.000649818
-0.00104433
-0.000653561
-0.00112819
-0.00066121
-0.00121234
-0.00067979
-0.00130522
-0.000713334
-0.00142199
-0.000752068
-0.00157397
-0.000765104
-0.00174291
-0.000710448
-0.00185625
-0.000563959
-0.00179868
-0.000349083
-0.00147849
-0.000140775
-0.000923106
-2.20812e-05
-0.000335408
-9.14586e-08
-1.38429e-05
0.00043015
-5.79045e-05
0.000860671
-0.000112386
0.00109463
-0.000166404
0.00126843
-0.000215288
0.00140391
-0.000256418
0.00149108
-0.00028848
0.0015234
-0.000311649
0.00150391
-0.000327495
0.00144359
-0.000338454
0.00135739
-0.000347032
0.0012598
-0.000355096
0.00116132
-0.000363555
0.00106716
-0.000372503
0.000978142
-0.000381615
0.000892805
-0.00039052
0.000809284
-0.000399015
0.000726313
-0.000407083
0.00064338
-0.00041483
0.000560454
-0.000422402
0.000477667
-0.000429934
0.000395123
-0.000437532
0.000312846
-0.000445275
0.000230804
-0.000453227
0.000148925
-0.000461442
6.70962e-05
-0.000469961
-1.47775e-05
-0.000478798
-9.68525e-05
-0.000487961
-0.000179217
-0.000497446
-0.000261973
-0.000507244
-0.000345227
-0.000517335
-0.000429089
-0.000527689
-0.000513678
-0.000538246
-0.000599121
-0.000548877
-0.00068554
-0.000559323
-0.000772992
-0.000569101
-0.000861344
-0.000577476
-0.000950078
-0.000583682
-0.00103812
-0.000587739
-0.00112414
-0.00059203
-0.00120804
-0.000602644
-0.00129461
-0.000627231
-0.0013974
-0.000665666
-0.00153554
-0.000697094
-0.00171148
-0.000679401
-0.00187394
-0.000573846
-0.00190424
-0.000382779
-0.00166956
-0.000169494
-0.00113639
-2.9392e-05
-0.00047551
-2.94835e-05
-3.83654e-06
0.000433986
-3.56383e-05
0.000892473
-7.88568e-05
0.00113785
-0.000122301
0.00131188
-0.000161493
0.0014431
-0.000194412
0.001524
-0.000220234
0.00154922
-0.000239308
0.00152299
-0.000253019
0.0014573
-0.000263315
0.00136768
-0.000272065
0.00126855
-0.000280545
0.0011698
-0.000289274
0.00107589
-0.000298202
0.000987071
-0.000307046
0.000901649
-0.000315561
0.0008178
-0.000323663
0.000734415
-0.000331406
0.000651124
-0.000338921
0.00056797
-0.000346347
0.000485093
-0.000353801
0.000402577
-0.000361375
0.000320421
-0.000369139
0.000238569
-0.000377159
0.000156945
-0.000385494
7.54322e-05
-0.000394192
-6.07915e-06
-0.000403269
-8.77757e-05
-0.000412728
-0.000169758
-0.000422559
-0.000252142
-0.000432745
-0.00033504
-0.000443265
-0.000418569
-0.000454091
-0.000502853
-0.00046518
-0.000588031
-0.000476458
-0.000674262
-0.000487762
-0.000761687
-0.000498766
-0.000850339
-0.000508886
-0.000939958
-0.00051727
-0.00102974
-0.000523186
-0.00111822
-0.000527233
-0.001204
-0.000533338
-0.0012885
-0.00054944
-0.0013813
-0.000581864
-0.00150311
-0.000621056
-0.00167229
-0.000631004
-0.00186399
-0.000564399
-0.00197084
-0.000403504
-0.00183045
-0.000194843
-0.00134505
-3.78071e-05
-0.000632547
-6.72906e-05
6.08784e-06
0.000427898
-1.2642e-05
0.000911203
-4.4237e-05
0.00116944
-7.71125e-05
0.00134475
-0.000106933
0.00147292
-0.000132175
0.00154924
-0.000152386
0.00156943
-0.000167949
0.00153855
-0.000179928
0.00146928
-0.000189705
0.00137746
-0.00019852
0.00127736
-0.000207145
0.00117843
-0.000215825
0.00108457
-0.000224462
0.000995708
-0.000232857
0.000910044
-0.000240885
0.000825828
-0.000248548
0.000742078
-0.000255943
0.000658518
-0.000263199
0.000575226
-0.000270442
0.000492336
-0.000277775
0.00040991
-0.000285279
0.000327925
-0.000293022
0.000246312
-0.000301066
0.00016499
-0.000309487
8.38535e-05
-0.000318339
2.77378e-06
-0.000327649
-7.84652e-05
-0.000337418
-0.00015999
-0.000347624
-0.000241934
-0.000358247
-0.000324417
-0.00036926
-0.000407557
-0.000380631
-0.000491481
-0.000392326
-0.000576336
-0.000404291
-0.000662298
-0.000416419
-0.000749559
-0.000428495
-0.000838263
-0.000440098
-0.000928355
-0.000450511
-0.00101933
-0.000458797
-0.00110993
-0.000464486
-0.00119831
-0.000469349
-0.00128364
-0.000479597
-0.00137105
-0.00050428
-0.00147843
-0.000543589
-0.00163298
-0.000571627
-0.00183596
-0.000539026
-0.00200345
-0.000411152
-0.00195832
-0.000215064
-0.00154114
-4.69044e-05
-0.000800707
-0.000114195
1.53231e-05
0.000412575
1.04448e-05
0.000916081
-9.26089e-06
0.00118915
-3.16487e-05
0.00136714
-5.23661e-05
0.00149364
-7.03162e-05
0.00156719
-8.53264e-05
0.00158444
-9.77164e-05
0.00155094
-0.000108148
0.00147971
-0.000117403
0.00138671
-0.000126122
0.00128608
-0.000134648
0.00118695
-0.000143035
0.00109296
-0.000151188
0.00100386
-0.000159008
0.000917864
-0.000166474
0.000833294
-0.000173651
0.000749255
-0.000180652
0.00066552
-0.000187601
0.000582176
-0.000194609
0.000499344
-0.000201767
0.000417068
-0.000209151
0.00033531
-0.000216827
0.000253989
-0.000224857
0.00017302
-0.000233324
9.2321e-05
-0.000242303
1.17528e-05
-0.000251834
-6.89338e-05
-0.000261916
-0.000149907
-0.000272521
-0.000231329
-0.000283619
-0.000313319
-0.000295181
-0.000395995
-0.000307176
-0.000479485
-0.00031957
-0.000563942
-0.000332315
-0.000649552
-0.000345333
-0.00073654
-0.000358472
-0.000825124
-0.000371433
-0.000915394
-0.000383668
-0.00100709
-0.000394325
-0.00109928
-0.000402502
-0.00119013
-0.000408442
-0.0012777
-0.000415997
-0.0013635
-0.000433987
-0.00146044
-0.000469132
-0.00159784
-0.000506977
-0.00179811
-0.00050191
-0.00200851
-0.000406994
-0.00205324
-0.000229293
-0.00171884
-5.61465e-05
-0.000973853
-0.000170342
2.34493e-05
0.000389126
3.28861e-05
0.000906644
2.54775e-05
0.00119656
1.34219e-05
0.0013792
1.60287e-06
0.00150546
-9.26287e-06
0.00157805
-1.92677e-05
0.00159444
-2.86119e-05
0.00156028
-3.75184e-05
0.00148862
-4.61642e-05
0.00139536
-5.46212e-05
0.00129454
-6.28531e-05
0.00119518
-7.07709e-05
0.00110087
-7.83068e-05
0.0010114
-8.54578e-05
0.000925015
-9.22918e-05
0.000840128
-9.89204e-05
0.000755884
-0.000105467
0.000672067
-0.000112045
0.000588754
-0.000118753
0.000506052
-0.000125674
0.00042399
-0.000132886
0.000342522
-0.000140452
0.000261556
-0.000148434
0.000181003
-0.000156914
0.000100801
-0.00016599
2.08289e-05
-0.000175726
-5.91965e-05
-0.000186119
-0.000139513
-0.000197131
-0.000220317
-0.000208727
-0.000301722
-0.000220884
-0.000383838
-0.000233573
-0.000466797
-0.000246757
-0.000550757
-0.000260393
-0.000635917
-0.000274412
-0.000722521
-0.000288696
-0.000810839
-0.000303024
-0.000901067
-0.000316982
-0.000993133
-0.000329882
-0.00108638
-0.000340784
-0.00117923
-0.000349124
-0.00126936
-0.000356689
-0.00135593
-0.000370414
-0.00144672
-0.000400044
-0.00156821
-0.000441516
-0.00175664
-0.000457224
-0.00199281
-0.000393119
-0.00211734
-0.000237448
-0.00187451
-6.48543e-05
-0.00114645
-0.000235196
3.01882e-05
0.000358937
5.38894e-05
0.000882943
5.9393e-05
0.00119105
5.76776e-05
0.00138091
5.45442e-05
0.00150859
5.06414e-05
0.00158196
4.56288e-05
0.00159946
3.93932e-05
0.00156652
3.21291e-05
0.00149588
2.42405e-05
0.00140325
1.61996e-05
0.00130258
8.40111e-06
0.00120298
1.06971e-06
0.00110821
-5.75312e-06
0.00101822
-1.21551e-05
0.000931418
-1.82829e-05
0.000846256
-2.42886e-05
0.00076189
-3.03024e-05
0.000678081
-3.64307e-05
0.000594883
-4.27635e-05
0.000512385
-4.93825e-05
0.00043061
-5.6365e-05
0.000349505
-6.37848e-05
0.000268976
-7.1706e-05
0.000188925
-8.01989e-05
0.000109295
-8.93526e-05
2.99834e-05
-9.92624e-05
-4.92861e-05
-0.000109934
-0.000128841
-0.000121334
-0.000208916
-0.000133433
-0.000289622
-0.000146215
-0.000371055
-0.000159655
-0.000453356
-0.000173716
-0.000536696
-0.000188352
-0.000621281
-0.000203499
-0.000707374
-0.000219056
-0.000795281
-0.000234845
-0.000885278
-0.000250547
-0.000977431
-0.00026562
-0.0010713
-0.000279252
-0.0011656
-0.000290599
-0.00125801
-0.000300064
-0.00134647
-0.000312231
-0.00143455
-0.000337053
-0.00154338
-0.000378283
-0.00171541
-0.000408614
-0.00196247
-0.000371935
-0.00215402
-0.000240034
-0.00200641
-7.2452e-05
-0.00131403
-0.000307648
3.53291e-05
0.000323608
7.27726e-05
0.0008455
9.17561e-05
0.00117207
0.000100603
0.00137207
0.000106098
0.0015031
0.000109173
0.00157888
0.000109284
0.00159934
0.00010636
0.00156944
0.000100959
0.00150128
9.40223e-05
0.00141018
8.65409e-05
0.00131006
7.92698e-05
0.00121025
7.25877e-05
0.00111489
6.65335e-05
0.00102427
6.09448e-05
0.000937006
5.56e-05
0.000851601
5.03046e-05
0.000767185
4.49146e-05
0.000683471
3.93252e-05
0.000600473
3.34493e-05
0.000518262
2.72046e-05
0.000436855
2.05087e-05
0.000356202
1.32785e-05
0.000276207
5.43624e-06
0.000196768
-3.08682e-06
0.000117819
-1.23444e-05
3.92418e-05
-2.23956e-05
-3.92341e-05
-3.32834e-05
-0.000117953
-4.50218e-05
-0.000197177
-5.76036e-05
-0.00027704
-7.10195e-05
-0.000357639
-8.525e-05
-0.000439125
-0.00010026
-0.000521686
-0.000115999
-0.000605541
-0.000132404
-0.000690969
-0.000149377
-0.000778307
-0.000166766
-0.000867889
-0.000184311
-0.000959886
-0.000201588
-0.00105403
-0.000217937
-0.00114925
-0.000232526
-0.00124342
-0.000245031
-0.00133396
-0.000257987
-0.00142159
-0.000279829
-0.00152154
-0.000319024
-0.00167621
-0.000358953
-0.00192255
-0.000345802
-0.00216717
-0.000237927
-0.00211429
-7.86141e-05
-0.00147334
-0.000386262
3.87346e-05
0.000284874
8.89355e-05
0.000795299
0.00012185
0.00113916
0.000141689
0.00135223
0.000155878
0.00148891
0.000166034
0.00156873
0.000171539
0.00159384
0.000172281
0.0015687
0.000169086
0.00150448
0.000163362
0.00141591
0.000156595
0.00131683
0.000149918
0.00121693
0.000143908
0.0011209
0.000138645
0.00102954
0.000133917
0.000941735
0.000129432
0.000856087
0.000124944
0.000771674
0.000120282
0.000688133
0.000115333
0.000605422
0.000110007
0.000523588
0.000104217
0.000442645
9.78734e-05
0.000362545
9.08841e-05
0.000283197
8.31661e-05
0.000204486
7.46757e-05
0.00012631
6.53875e-05
4.85308e-05
5.5252e-05
-2.9098e-05
4.41732e-05
-0.000106873
3.20984e-05
-0.000185102
1.90104e-05
-0.000263952
4.91526e-06
-0.000343543
-1.01672e-05
-0.000424042
-2.62043e-05
-0.000505648
-4.3147e-05
-0.000588598
-6.09281e-05
-0.000673188
-7.94558e-05
-0.000759779
-9.85927e-05
-0.000848752
-0.000118126
-0.000940353
-0.000137714
-0.00103444
-0.000156832
-0.00113013
-0.000174769
-0.00122549
-0.000190939
-0.00131779
-0.000206439
-0.00140609
-0.0002275
-0.00150048
-0.000264463
-0.00163925
-0.000310298
-0.00187671
-0.000316803
-0.00216067
-0.000232196
-0.0021989
-8.33006e-05
-0.00162224
-0.000469563
4.03711e-05
0.000244503
0.000101841
0.000733828
0.000148895
0.0010921
0.000180333
0.00132079
0.00020346
0.00146578
0.000220884
0.0015513
0.000232145
0.00158258
0.000237033
0.00156381
0.000236509
0.001505
0.000232351
0.00142007
0.000226499
0.00132268
0.000220489
0.00122294
0.000215156
0.00112623
0.000210682
0.00103401
0.000206844
0.000945572
0.000203294
0.000859638
0.00019972
0.000775248
0.000195911
0.000691943
0.000191729
0.000609604
0.000187077
0.000528242
0.00018186
0.000447862
0.000175987
0.000368419
0.00016936
0.000289824
0.000161894
0.000211953
0.000153539
0.000134666
0.000144268
5.78019e-05
0.000134042
-1.88714e-05
0.000122757
-9.55873e-05
0.000110324
-0.000172668
9.66999e-05
-0.000250327
8.18818e-05
-0.000328725
6.58813e-05
-0.000408041
4.87271e-05
-0.000488494
3.04682e-05
-0.000570339
1.11753e-05
-0.000653895
-9.05643e-06
-0.000739547
-3.01025e-05
-0.000827706
-5.17845e-05
-0.00091867
-7.38313e-05
-0.00101239
-9.58345e-05
-0.00110813
-0.000117228
-0.00120409
-0.000137413
-0.00129761
-0.000156653
-0.00138685
-0.000179026
-0.00147811
-0.000214615
-0.00160366
-0.000263953
-0.00182737
-0.00028663
-0.00213799
-0.000223963
-0.00226156
-8.6719e-05
-0.00175948
-0.000556281
4.03147e-05
0.000204188
0.000111041
0.000663102
0.000172037
0.00103111
0.00021578
0.00127705
0.000248309
0.00143325
0.000273286
0.00152632
0.000290733
0.00156513
0.000300356
0.00155419
0.000303102
0.00150225
0.000300983
0.00142219
0.000296337
0.00132733
0.00029111
0.00122817
0.000286461
0.00113088
0.000282753
0.00103772
0.000279814
0.000948512
0.000277255
0.000862197
0.0002747
0.000777803
0.000271876
0.000694767
0.000268605
0.000612875
0.000264766
0.00053208
0.000260259
0.000452369
0.000254985
0.000373694
0.000248847
0.000295962
0.000241756
0.000219044
0.000233644
0.000142778
0.000224463
6.6984e-05
0.000214154
-8.56203e-06
0.000202636
-8.40685e-05
0.000189818
-0.00015985
0.000175634
-0.000236143
0.000160062
-0.000313153
0.000143102
-0.000391081
0.000124773
-0.000470164
0.000105117
-0.000550683
8.42038e-05
-0.000632981
6.21237e-05
-0.000717467
3.89967e-05
-0.000804578
1.49813e-05
-0.000894655
-9.70561e-06
-0.000987705
-3.47629e-05
-0.00108307
-5.97676e-05
-0.00117909
-8.42123e-05
-0.00127316
-0.000107977
-0.00136309
-0.000133419
-0.00145266
-0.000169064
-0.00156802
-0.000220618
-0.00177582
-0.000256565
-0.00210205
-0.000214299
-0.00230383
-8.92534e-05
-0.00188453
-0.000645535
3.87495e-05
0.000165438
0.000116218
0.000585633
0.000190382
0.000956943
0.000247083
0.00122035
0.000289711
0.00139062
0.000322669
0.00149337
0.000346785
0.00154102
0.000361812
0.00153916
0.000368561
0.00149551
0.000369113
0.00142163
0.000366098
0.00133034
0.000361865
0.0012324
0.000357954
0.00113479
0.000354995
0.00104068
0.000352939
0.000950567
0.000351406
0.000863731
0.000349959
0.00077925
0.000348251
0.000696475
0.000346043
0.000615083
0.000343177
0.000534947
0.00033953
0.000456016
0.000334996
0.000378228
0.000329472
0.000301487
0.000322862
0.000225654
0.000315081
0.000150559
0.000306058
7.60073e-05
0.000295719
1.7767e-06
0.000283993
-7.23418e-05
0.000270791
-0.000146648
0.000256033
-0.000221385
0.00023968
-0.000296799
0.000221718
-0.000373119
0.000202159
-0.000450604
0.000181037
-0.000529562
0.000158418
-0.000610361
0.000134386
-0.000693435
0.000109046
-0.000779239
8.25249e-05
-0.000868133
5.4981e-05
-0.000960161
2.66358e-05
-0.00105472
-2.19075e-06
-0.00115026
-3.11299e-05
-0.00124422
-5.99585e-05
-0.00133426
-8.98461e-05
-0.00142278
-0.000127189
-0.00153067
-0.000180547
-0.00172246
-0.000227497
-0.0020551
-0.00020414
-0.00232719
-9.13913e-05
-0.00199727
-0.000736926
3.59549e-05
0.000129483
0.000117236
0.000504351
0.000203065
0.000871114
0.000273098
0.00115032
0.000326709
0.00133701
0.000368266
0.00145181
0.000399596
0.00150969
0.000420746
0.00151801
0.000432352
0.0014839
0.000436386
0.0014176
0.000435625
0.0013311
0.000432761
0.00123526
0.000429746
0.00113781
0.00042756
0.00104287
0.000426372
0.000951756
0.000425871
0.000864231
0.000425594
0.000779527
0.000425117
0.000696953
0.000424124
0.000616076
0.000422395
0.000536676
0.000419774
0.000458637
0.000416133
0.000381869
0.000411359
0.000306262
0.000405344
0.000231669
0.00039799
0.000157913
0.000389209
8.47885e-05
0.000378912
1.2074e-05
0.000367026
-6.04556e-05
0.000353461
-0.000133083
0.000338132
-0.000206056
0.000320986
-0.000279653
0.000301998
-0.000354131
0.000281168
-0.000429774
0.000258526
-0.000506919
0.000234126
-0.000585961
0.000208044
-0.000667353
0.000180368
-0.000751562
0.000151186
-0.000838952
0.000120598
-0.000929573
8.87332e-05
-0.00102286
5.57868e-05
-0.00111731
2.2038e-05
-0.00121047
-1.22706e-05
-0.00129995
-4.76382e-05
-0.00138741
-8.8306e-05
-0.00149001
-0.000143682
-0.00166709
-0.000199965
-0.00199881
-0.000194245
-0.00233291
-9.36598e-05
-0.00209786
-0.000830586
3.22751e-05
9.72083e-05
0.000114193
0.000422433
0.000209362
0.000775945
0.000292548
0.00106713
0.000358054
0.00127151
0.000409056
0.00140081
0.000448244
0.0014705
0.000476265
0.00148999
0.000493669
0.0014665
0.000502181
0.00140909
0.000504534
0.00132875
0.000503653
0.00123615
0.000501879
0.00113958
0.000500604
0.00104414
0.000500305
0.000952055
0.000500835
0.000863702
0.000501757
0.000778605
0.000502592
0.000696117
0.000502942
0.000615726
0.000502512
0.000537107
0.000501087
0.000460063
0.000498505
0.000384452
0.00049463
0.000310136
0.000489342
0.000236957
0.000482529
0.000164726
0.000474087
9.32307e-05
0.000463917
2.22449e-05
0.000451935
-4.84738e-05
0.000438047
-0.000119195
0.00042217
-0.000190179
0.000404239
-0.000261722
0.000384219
-0.000334111
0.000362102
-0.000407657
0.000337908
-0.000482724
0.00031168
-0.000559732
0.000283475
-0.000639149
0.000253352
-0.000721439
0.000221355
-0.000806954
0.000187513
-0.000895731
0.000151864
-0.00098721
0.000114497
-0.00107995
7.55934e-05
-0.00117157
3.53764e-05
-0.00125973
-6.27283e-06
-0.00134576
-5.17353e-05
-0.00144454
-0.00010975
-0.00160907
-0.000174192
-0.00193437
-0.000185155
-0.00232194
-9.65729e-05
-0.00218644
-0.000927159
2.80754e-05
6.91328e-05
0.000107458
0.000343051
0.000208829
0.000674573
0.000304148
0.000971811
0.000382225
0.00119343
0.000443691
0.00133934
0.000491543
0.00142265
0.000527218
0.00145432
0.000551405
0.00144231
0.00056554
0.00139495
0.000572129
0.00132216
0.000574146
0.00123413
0.00057424
0.00113949
0.000574222
0.00104416
0.000574954
0.000951322
0.00057655
0.000862107
0.000578684
0.000776471
0.000580876
0.000693926
0.00058266
0.000613942
0.000583659
0.000536108
0.000583587
0.000460135
0.000582228
0.000385811
0.000579412
0.000312952
0.000574996
0.000241373
0.000568852
0.000170871
0.00056086
0.000101222
0.000550913
3.2192e-05
0.000538918
-3.64782e-05
0.000524774
-0.000105051
0.000508396
-0.000173802
0.000489716
-0.000243041
0.000468689
-0.000313084
0.000445299
-0.000384267
0.000419552
-0.000456978
0.000391474
-0.000531654
0.000361094
-0.000608768
0.000328427
-0.000688772
0.00029346
-0.000771987
0.000256143
-0.000858414
0.000216417
-0.000947484
0.000174263
-0.00103779
0.00012979
-0.0011271
8.32478e-05
-0.00121319
3.4738e-05
-0.00129725
-1.68509e-05
-0.00139295
-7.8337e-05
-0.00154759
-0.000150124
-0.00186258
-0.000177157
-0.00229491
-0.000100581
-0.00226302
-0.00102774
2.36947e-05
4.54381e-05
9.76837e-05
0.000269062
0.000201451
0.000570806
0.000306813
0.000866448
0.000397525
0.00110272
0.000470471
0.00126639
0.000527972
0.00136515
0.00057216
0.00141013
0.00060413
0.00141034
0.00062513
0.00137395
0.000637308
0.00130998
0.000643478
0.00122796
0.000646433
0.00113653
0.000648341
0.00104225
0.00065048
0.000949183
0.000653308
0.000859278
0.000656713
0.000773067
0.00066029
0.000690349
0.000663557
0.000610675
0.000666072
0.000533593
0.000667473
0.000458734
0.00066748
0.000385804
0.000665873
0.000314559
0.000662475
0.000244771
0.000657135
0.000176211
0.000649721
0.000108636
0.000640112
4.18011e-05
0.000628204
-2.45705e-05
0.000613895
-9.07409e-05
0.000597097
-0.000157004
0.000577737
-0.000223681
0.000555763
-0.00029111
0.000531147
-0.000359651
0.000503879
-0.000429709
0.000473955
-0.000501729
0.000441361
-0.000576175
0.000406057
-0.000653469
0.000367955
-0.000733884
0.000326916
-0.000817375
0.000282778
-0.000903346
0.000235428
-0.000990443
0.00018491
-0.00107658
0.000131533
-0.00115981
7.57098e-05
-0.00124143
1.7038e-05
-0.00133428
-4.89613e-05
-0.00148159
-0.000127451
-0.00178409
-0.000170237
-0.00225212
-0.000106013
-0.00232724
-0.00113375
1.94133e-05
2.60247e-05
8.57695e-05
0.000202706
0.000187756
0.000468819
0.000299905
0.0007543
0.000402294
0.00100033
0.000487384
0.0011813
0.000555612
0.00129692
0.0006093
0.00135644
0.00065008
0.00136956
0.000679221
0.00134481
0.000698504
0.0012907
0.000710399
0.00121606
0.000717625
0.00112931
0.000722558
0.00103732
0.000726849
0.000944893
0.000731344
0.000854783
0.000736233
0.000768178
0.000741286
0.000685296
0.000746081
0.000605879
0.00075016
0.000529515
0.000753107
0.000455787
0.000754578
0.000384333
0.000754298
0.000314839
0.000752048
0.000247022
0.000747647
0.000180612
0.00074094
0.000115343
0.000731796
5.09451e-05
0.000720098
-1.28727e-05
0.00070574
-7.63827e-05
0.000688633
-0.000139896
0.000668696
-0.000203745
0.000645869
-0.000268283
0.000620107
-0.000333889
0.000591371
-0.000400973
0.000559615
-0.000469974
0.00052477
-0.00054133
0.00048672
-0.000615419
0.000445288
-0.000692452
0.000400236
-0.000772323
0.000351303
-0.000854414
0.000298291
-0.000937431
0.000241215
-0.0010195
0.000180475
-0.00109907
0.000116825
-0.00117778
5.05357e-05
-0.00126799
-2.10561e-05
-0.00140999
-0.000105622
-0.00169953
-0.000164027
-0.00219372
-0.00011301
-0.00237826
-0.00124676
1.54481e-05
1.05766e-05
7.27679e-05
0.000145386
0.000168862
0.000372725
0.000283475
0.000639687
0.000395215
0.00088859
0.000492284
0.00108424
0.000572151
0.00121705
0.000636432
0.00129216
0.000687117
0.00131888
0.000725685
0.00130624
0.000753664
0.00126272
0.000773089
0.00119664
0.000786387
0.00111601
0.000795929
0.00102778
0.000803608
0.000937214
0.000810627
0.000847764
0.000817527
0.000761279
0.000824343
0.00067848
0.000830808
0.000599415
0.000836522
0.0005238
0.000841067
0.000451242
0.000844063
0.000381337
0.00084519
0.000313713
0.000844184
0.000248027
0.000840832
0.000183965
0.000834954
0.00012122
0.000826403
5.94964e-05
0.000815044
-1.51378e-06
0.000800771
-6.21101e-05
0.000783486
-0.000122611
0.000763097
-0.000183356
0.000739529
-0.000244714
0.000712708
-0.000307068
0.000682556
-0.000370821
0.00064897
-0.000436388
0.000611806
-0.000504166
0.000570857
-0.00057447
0.000525846
-0.000647441
0.000476433
-0.000722909
0.00042226
-0.000800242
0.000363072
-0.000878242
0.000298895
-0.000955327
0.000230275
-0.00103045
0.000158333
-0.00110583
8.40799e-05
-0.00119374
6.09867e-06
-0.00133201
-8.38884e-05
-0.00160954
-0.000157759
-0.00211985
-0.000121447
-0.00241457
-0.00136821
1.19798e-05
-1.40316e-06
5.97575e-05
9.76082e-05
0.00014638
0.000286102
0.000258409
0.000527658
0.000375654
0.000771345
0.000483204
0.000976685
0.000575005
0.00112525
0.000650909
0.00121625
0.000712683
0.0012571
0.000761994
0.00125693
0.00080027
0.00122444
0.000829139
0.00116777
0.000850593
0.00109456
0.000866775
0.00101159
0.000879616
0.000924373
0.000890562
0.000836818
0.00090048
0.000751361
0.000909719
0.000669242
0.000918249
0.000590884
0.000925821
0.000516228
0.000932088
0.000444975
0.000936687
0.000376738
0.000939285
0.000311114
0.000939594
0.000247718
0.000937374
0.000186185
0.000932422
0.000126172
0.000924571
6.73471e-05
0.000913672
9.38555e-06
0.000899609
-4.80476e-05
0.000882268
-0.00010527
0.000861542
-0.00016263
0.000837324
-0.000220497
0.000809504
-0.000279248
0.000777946
-0.000339263
0.000742475
-0.000400917
0.000702857
-0.000464548
0.000658783
-0.000530397
0.00060987
-0.000598527
0.000555673
-0.000668712
0.000495761
-0.00074033
0.000429852
-0.000812334
0.000358048
-0.000883522
0.000281105
-0.000953511
0.000200553
-0.00102528
0.000118123
-0.00111131
3.33936e-05
-0.00124728
-6.13479e-05
-0.0015148
-0.000150209
-0.00203099
-0.000130817
-0.00243396
-0.00149903
9.19821e-06
-1.06013e-05
4.77004e-05
5.9106e-05
0.000122175
0.000211628
0.000226364
0.000423469
0.000343894
0.000653816
0.000458749
0.000861829
0.00056162
0.00102238
0.00064974
0.00112813
0.000723772
0.00118307
0.000785198
0.00119551
0.000835371
0.00117427
0.000875602
0.00112754
0.000907417
0.00106274
0.000932567
0.000986445
0.000952806
0.000904134
0.000969643
0.000819981
0.000984167
0.000736836
0.000997019
0.00065639
0.00100845
0.000579455
0.00101843
0.000506249
0.00102676
0.000436642
0.00103318
0.000370323
0.00103738
0.000306909
0.0010391
0.000245997
0.0010381
0.000187193
0.00103415
0.000130121
0.00102708
7.44177e-05
0.00101672
1.97382e-05
0.00100295
-3.42757e-05
0.000985627
-8.79454e-05
0.000964614
-0.000141617
0.000939769
-0.000195652
0.000910925
-0.000250404
0.000877877
-0.000306215
0.000840364
-0.000363404
0.000798054
-0.000422237
0.000750531
-0.000482874
0.000697304
-0.000545301
0.000637843
-0.000609252
0.00057167
-0.000674156
0.000498532
-0.000739197
0.000418674
-0.000803664
0.000333135
-0.000867973
0.000243891
-0.000936038
0.000153315
-0.00102073
6.18994e-05
-0.00115587
-3.68664e-05
-0.00141603
-0.000139575
-0.00192828
-0.000140101
-0.00243344
-0.00163913
7.21944e-06
-1.78208e-05
3.72193e-05
2.91062e-05
9.78814e-05
0.000150966
0.000189357
0.000331993
0.000301086
0.000542087
0.000418405
0.00074451
0.000529897
0.000910888
0.000629888
0.00102814
0.000717036
0.00109592
0.000791938
0.00112061
0.000855615
0.00111059
0.000909077
0.00107408
0.000953424
0.00101839
0.000989951
0.000949918
0.00102008
0.000874002
0.0010452
0.000794867
0.00106645
0.000715581
0.00108468
0.000638157
0.0011004
0.000563739
0.00111382
0.00049283
0.00112495
0.000425507
0.00113369
0.000361588
0.00113984
0.000300759
0.00114319
0.00024264
0.00114355
0.000186839
0.0011407
0.000132966
0.00113448
8.06417e-05
0.00112471
2.95064e-05
0.00111124
-2.0808e-05
0.00109392
-7.06194e-05
0.00107257
-0.000120266
0.00104699
-0.00017008
0.00101697
-0.00022038
0.000982213
-0.000271459
0.000942373
-0.000323564
0.000897016
-0.000376881
0.000845627
-0.000431485
0.000787623
-0.000487297
0.000722417
-0.000544046
0.000649534
-0.000601273
0.000568821
-0.000658484
0.000480736
-0.000715579
0.000386657
-0.000773893
0.000289
-0.000838382
0.000190684
-0.000922419
9.29683e-05
-0.00105815
-9.12523e-06
-0.00131394
-0.000123416
-0.00181399
-0.000147664
-0.00240919
-0.00178679
5.86696e-06
-2.36877e-05
2.80634e-05
6.90979e-06
7.40094e-05
0.00010502
0.000148836
0.000257166
0.00024869
0.000442234
0.000362523
0.000630677
0.000478586
0.000794824
0.000588752
0.000917977
0.000689121
0.000995553
0.000778597
0.00103113
0.000857318
0.00103187
0.0009258
0.0010056
0.000984713
0.000959479
0.00103491
0.000899726
0.00107741
0.000831502
0.00111333
0.000758941
0.00114375
0.000685159
0.00116958
0.000612337
0.00119147
0.000541846
0.00120987
0.000474426
0.00122502
0.000410359
0.00123699
0.00034962
0.00124575
0.000291999
0.00125121
0.000237182
0.00125323
0.000184811
0.00125169
0.000134513
0.00124641
8.59167e-05
0.00123725
3.8666e-05
0.00122404
-7.59806e-06
0.00120661
-5.31873e-05
0.00118475
-9.8407e-05
0.00115822
-0.000143551
0.00112673
-0.000188889
0.00108992
-0.000234649
0.00104736
-0.000281002
0.000998525
-0.000328048
0.000942828
-0.000375788
0.000879636
-0.000424105
0.000808358
-0.000472768
0.000728596
-0.000521511
0.000640368
-0.000570256
0.000544399
-0.00061961
0.000442395
-0.000671889
0.000337125
-0.000733112
0.000231884
-0.000817177
0.00012853
-0.000954799
2.33143e-05
-0.00120872
-9.89035e-05
-0.00169177
-0.000151327
-0.00235677
-0.00193812
4.13569e-06
-2.78233e-05
1.80041e-05
-6.95843e-06
4.84281e-05
7.4596e-05
0.000104054
0.00020154
0.000187194
0.000359094
0.000291713
0.000526158
0.000407364
0.000679174
0.000524669
0.000800671
0.000637241
0.000882981
0.000741715
0.000926656
0.000836695
0.000936893
0.000921788
0.000920503
0.000997079
0.000884189
0.00106295
0.000833852
0.00112004
0.000774418
0.00116914
0.000709841
0.00121113
0.000643164
0.00124687
0.000576595
0.0012771
0.000511622
0.00130238
0.00044914
0.00132315
0.000389596
0.00133965
0.000333115
0.00135204
0.000279607
0.00136037
0.000228853
0.00136463
0.000180557
0.00136474
0.000134395
0.00136063
9.00313e-05
0.00135216
4.71374e-05
0.00133917
5.39048e-06
0.0013215
-3.55139e-05
0.00129891
-7.5818e-05
0.00127113
-0.00011577
0.00123781
-0.000155578
0.00119856
-0.000195397
0.00115288
-0.000235321
0.00110021
-0.000275376
0.00103993
-0.000315509
0.000971436
-0.00035561
0.000894222
-0.000395554
0.000808053
-0.000435343
0.000713182
-0.000475384
0.000610593
-0.000517022
0.000502212
-0.000563509
0.000390922
-0.000621822
0.000280049
-0.000706304
0.000171677
-0.000846427
6.27466e-05
-0.00109979
-6.33172e-05
-0.00156571
-0.000148372
-0.00227171
-0.00208649
-6.48424e-07
-2.71748e-05
1.45253e-06
-9.05919e-06
1.47279e-05
6.13207e-05
5.01718e-05
0.000166096
0.000114331
0.000294935
0.000205595
0.000434894
0.000316362
0.000568407
0.000437159
0.000679874
0.000559818
0.000760323
0.000678681
0.000807793
0.000790389
0.000825184
0.000893174
0.000817718
0.000986238
0.000791125
0.00106938
0.000750707
0.00114281
0.00070099
0.001207
0.000645652
0.0012626
0.000587562
0.00131034
0.000528855
0.00135093
0.000471028
0.00138502
0.000415055
0.00141313
0.000361488
0.00143567
0.000310572
0.00145295
0.00026233
0.00146516
0.000216643
0.00147241
0.000173302
0.00147476
0.000132049
0.00147218
9.26107e-05
0.00146461
5.47091e-05
0.00145192
1.80816e-05
0.00143395
-1.75467e-05
0.00141049
-5.23555e-05
0.00138125
-8.6532e-05
0.00134588
-0.000120215
0.00130398
-0.000153491
0.00125505
-0.000186391
0.00119856
-0.000218892
0.00113399
-0.000250937
0.00106085
-0.000282472
0.00097884
-0.000313542
0.000887956
-0.00034446
0.000788688
-0.000376116
0.00068218
-0.000410513
0.000570347
-0.000451676
0.000455825
-0.0005073
0.000341466
-0.000591945
0.000228836
-0.000733798
0.00011477
-0.000985727
-1.35732e-05
-0.00143736
-0.000134147
-0.00215114
-0.00222064
-1.3414e-05
-1.37608e-05
-3.094e-05
8.46696e-06
-3.77044e-05
6.80852e-05
-2.18966e-05
0.000150288
2.40438e-05
0.000248995
0.000101562
0.000357376
0.000205327
0.000464642
0.000326722
0.000558479
0.000456896
0.000630148
0.000588504
0.000676185
0.000716289
0.000697399
0.000836876
0.000697131
0.000948308
0.000679693
0.00104961
0.000649405
0.00114046
0.000610137
0.00122099
0.000565129
0.00129158
0.000516965
0.00135282
0.000467615
0.00140534
0.000418507
0.00144979
0.000370613
0.00148673
0.00032454
0.0015167
0.000280609
0.00154009
0.000238937
0.00155724
0.000199496
0.00156837
0.000162166
0.00157365
0.00012677
0.00157315
9.31083e-05
0.00156689
6.09719e-05
0.00155481
3.01672e-05
0.00153676
4.96976e-07
0.00151261
-2.8202e-05
0.0014821
-5.60285e-05
0.00144496
-8.30682e-05
0.00140083
-0.00010936
0.00134934
-0.000134907
0.00129013
-0.000159685
0.00122288
-0.000183678
0.00114734
-0.000206937
0.00106349
-0.00022969
0.000971555
-0.000252526
0.000872145
-0.000276707
0.000766316
-0.000304684
0.000655611
-0.000340972
0.000541985
-0.000393674
0.000427351
-0.000477311
0.000312123
-0.00061857
0.000192001
-0.000865605
5.63499e-05
-0.00130171
-9.83631e-05
-0.00199643
-0.002319
-4.09753e-05
2.72145e-05
-9.01753e-05
5.76672e-05
-0.000121088
9.8998e-05
-0.000123134
0.000152334
-9.1332e-05
0.000217193
-2.4715e-05
0.000290759
7.3114e-05
0.000366813
0.000194397
0.000437196
0.000330144
0.000494402
0.000472324
0.000534005
0.00061438
0.000555343
0.000751541
0.00055997
0.000880651
0.000550583
0.000999842
0.000530215
0.00110817
0.000501812
0.00120531
0.000467981
0.0012914
0.000430882
0.0013668
0.000392215
0.00143205
0.000353256
0.00148775
0.000314913
0.0015345
0.000277788
0.00157287
0.000242244
0.00160334
0.000208458
0.00162636
0.000176478
0.00164226
0.000146264
0.00165132
0.000117718
0.00165371
9.07124e-05
0.00164957
6.5111e-05
0.00163896
4.07855e-05
0.00162183
1.7626e-05
0.0015981
-4.47266e-06
0.00156767
-2.55971e-05
0.0015304
-4.58061e-05
0.00148616
-6.51194e-05
0.00143481
-8.3552e-05
0.00137624
-0.000101117
0.00131042
-0.00011786
0.00123741
-0.00013393
0.0011574
-0.000149681
0.00107072
-0.000165845
0.000977838
-0.000183822
0.000879335
-0.000206181
0.000775867
-0.000237504
0.000668087
-0.000285895
0.000556383
-0.000365607
0.00043979
-0.000501976
0.000312743
-0.000738559
0.000159746
-0.00114871
-2.67943e-05
-0.00180989
-0.0023458
-9.00806e-05
0.000117295
-0.000183112
0.000150698
-0.000240151
0.000156037
-0.000257358
0.000169542
-0.00023484
0.000194675
-0.000174072
0.00022999
-7.93238e-05
0.000272065
4.25969e-05
0.000315275
0.000183091
0.000353908
0.000333662
0.000383434
0.00048733
0.000401675
0.00063844
0.000408859
0.000782943
0.00040608
0.000918185
0.000394972
0.00104259
0.000377408
0.00115538
0.000355196
0.00125633
0.000329932
0.0013456
0.000302938
0.00142361
0.000275251
0.00149087
0.000247645
0.001548
0.000220663
0.00159558
0.000194661
0.00163419
0.000169846
0.00166436
0.000146317
0.00168653
0.000124094
0.00170109
0.000103148
0.00170839
8.34126e-05
0.00170869
6.48113e-05
0.00170221
4.72711e-05
0.00168911
3.07249e-05
0.00166954
1.50964e-05
0.00164355
3.89771e-07
0.00161115
-1.3402e-05
0.00157243
-2.64026e-05
0.00152756
-3.86762e-05
0.00147669
-5.02502e-05
0.00142002
-6.11947e-05
0.00135778
-7.16894e-05
0.0012902
-8.21012e-05
0.00121747
-9.31168e-05
0.00113965
-0.000105997
0.00105649
-0.000123024
0.000967256
-0.000148268
0.000870407
-0.000189046
0.000763279
-0.000258479
0.000641518
-0.000380216
0.000497444
-0.000594485
0.000312271
-0.000963542
8.51121e-05
-0.00158273
-0.00226068
-0.00016032
0.000277615
-0.000293217
0.000283596
-0.000362502
0.000225322
-0.000384575
0.000191615
-0.000365505
0.000175604
-0.000307957
0.000172442
-0.000216164
0.000180271
-9.64506e-05
0.000195562
4.43436e-05
0.000213114
0.000198596
0.000229182
0.000358661
0.00024161
0.000518644
0.000248877
0.000674069
0.000250654
0.0008217
0.000247342
0.000959407
0.000239701
0.00108595
0.000228652
0.00120076
0.000215124
0.00130374
0.000199961
0.00139511
0.000183877
0.00147531
0.00016744
0.0015449
0.000151074
0.00160448
0.00013508
0.00165467
0.00011966
0.00169605
0.000104933
0.00172918
9.09619e-05
0.00175457
7.77648e-05
0.00177265
6.53274e-05
0.00178384
5.36193e-05
0.0017885
4.26179e-05
0.00178693
3.22963e-05
0.00177942
2.26033e-05
0.00176632
1.34857e-05
0.00174796
4.96487e-06
0.00172446
-2.90266e-06
0.00169598
-1.01985e-05
0.00166276
-1.70319e-05
0.00162504
-2.34757e-05
0.00158302
-2.96662e-05
0.0015368
-3.58825e-05
0.0014863
-4.26238e-05
0.0014311
-5.07931e-05
0.00137011
-6.20282e-05
0.0013011
-7.92659e-05
0.00121988
-0.000107827
0.00111886
-0.000157455
0.000985014
-0.000246372
0.000799386
-0.000408856
0.000541236
-0.000705392
0.000229476
-0.00127097
-0.00203121
-0.000223939
0.000501554
-0.000284622
0.000344279
-0.000270858
0.000211558
-0.000242355
0.000163111
-0.000199323
0.000132573
-0.000135776
0.000108895
-4.99545e-05
9.44501e-05
5.7594e-05
8.80131e-05
0.000183648
8.70599e-05
0.000323599
8.92306e-05
0.000472555
9.26538e-05
0.000625506
9.59257e-05
0.00077809
9.80702e-05
0.000926825
9.86067e-05
0.00106911
9.74115e-05
0.00120316
9.46046e-05
0.00132784
9.04457e-05
0.00144255
8.52492e-05
0.0015471
7.93297e-05
0.00164157
7.297e-05
0.00172624
6.64026e-05
0.00180151
5.98077e-05
0.00186785
5.33204e-05
0.00192575
4.70358e-05
0.0019757
4.10154e-05
0.00201816
3.52967e-05
0.0020536
2.98931e-05
0.00208241
2.48041e-05
0.00210499
2.00376e-05
0.00212169
1.55971e-05
0.00213284
1.14585e-05
0.00213872
7.59763e-06
0.00213967
4.02015e-06
0.00213603
7.34764e-07
0.00212811
-2.27664e-06
0.00211612
-5.03912e-06
0.00210023
-7.58402e-06
0.00208055
-9.98805e-06
0.00205707
-1.24052e-05
0.00202954
-1.50895e-05
0.00199723
-1.84839e-05
0.00195858
-2.33781e-05
0.00191047
-3.11557e-05
0.00184685
-4.42156e-05
0.00175624
-6.68453e-05
0.00161654
-0.000106665
0.00138911
-0.000181431
0.00101749
-0.000333768
0.000489627
-0.000743106
-0.00154158
0.000501554
0.000845833
0.00105739
0.0012205
0.00135307
0.00146197
0.00155642
0.00164443
0.00173149
0.00182072
0.00191338
0.0020093
0.00210737
0.00220598
0.00230339
0.002398
0.00248844
0.00257369
0.00265302
0.00272599
0.00279239
0.0028522
0.00290552
0.00295256
0.00299357
0.00302887
0.00305876
0.00308357
0.0031036
0.0031192
0.00313066
0.00313826
0.00314228
0.00314301
0.00314073
0.0031357
0.00312811
0.00311812
0.00310572
0.00309063
0.00307215
0.00304877
0.00301761
0.0029734
0.00290655
0.00279989
0.00261845
0.00228469
0.00154158
)
;

boundaryField
{
    movingWall
    {
        type            calculated;
        value           uniform 0;
    }
    fixedWalls
    {
        type            calculated;
        value           uniform 0;
    }
    frontAndBack
    {
        type            empty;
        value           nonuniform 0();
    }
}


// ************************************************************************* //
