/*--------------------------------*- C++ -*----------------------------------*\
  =========                 |
  \\      /  F ield         | OpenFOAM: The Open Source CFD Toolbox
   \\    /   O peration     | Website:  https://openfoam.org
    \\  /    A nd           | Version:  7
     \\/     M anipulation  |
\*---------------------------------------------------------------------------*/
FoamFile
{
    version     2.0;
    format      ascii;
    class       surfaceScalarField;
    location    "1650";
    object      phi;
}
// * * * * * * * * * * * * * * * * * * * * * * * * * * * * * * * * * * * * * //

dimensions      [0 3 -1 0 0 0 0];

internalField   nonuniform List<scalar> 
4900
(
1.69961e-06
-1.70394e-06
6.22388e-06
-4.52429e-06
1.17165e-05
-5.49264e-06
1.65024e-05
-4.78595e-06
1.97498e-05
-3.24737e-06
2.13889e-05
-1.63907e-06
2.17674e-05
-3.78508e-07
2.12618e-05
5.05508e-07
2.00155e-05
1.24632e-06
1.78644e-05
2.1511e-06
1.44153e-05
3.44907e-06
9.18139e-06
5.23388e-06
1.67158e-06
7.50979e-06
-8.56611e-06
1.02377e-05
-2.18811e-05
1.33149e-05
-3.8436e-05
1.65549e-05
-5.81351e-05
1.96991e-05
-8.05427e-05
2.24076e-05
-0.00010482
2.42774e-05
-0.00012971
2.48902e-05
-0.000153586
2.38756e-05
-0.00017456
2.09744e-05
-0.000190651
1.60911e-05
-0.000199985
9.33322e-06
-0.00020104
1.05562e-06
-0.000192878
-8.1625e-06
-0.000175253
-1.76252e-05
-0.000148687
-2.65663e-05
-0.000114475
-3.42118e-05
-7.4644e-05
-3.98307e-05
-3.18457e-05
-4.27984e-05
1.0805e-05
-4.26507e-05
5.00511e-05
-3.92461e-05
8.30416e-05
-3.29905e-05
0.000107601
-2.45599e-05
0.000122467
-1.48658e-05
0.000127526
-5.05854e-06
0.00012386
3.66611e-06
0.000113467
1.03926e-05
9.87398e-05
1.47272e-05
8.20209e-05
1.67188e-05
6.52478e-05
1.67732e-05
4.97654e-05
1.54824e-05
3.63075e-05
1.34579e-05
2.51011e-05
1.12063e-05
1.60384e-05
9.06276e-06
8.89231e-06
7.14603e-06
3.59368e-06
5.29862e-06
5.04973e-07
3.08869e-06
5.0497e-07
4.47475e-06
-6.17872e-06
1.38486e-05
-1.38982e-05
2.43106e-05
-1.59547e-05
3.28989e-05
-1.33742e-05
3.80015e-05
-8.35003e-06
3.92281e-05
-2.86567e-06
3.68604e-05
1.98917e-06
3.12052e-05
6.16064e-06
2.21545e-05
1.02969e-05
9.08048e-06
1.52251e-05
-9.01397e-06
2.15435e-05
-3.32295e-05
2.94494e-05
-6.44658e-05
3.8746e-05
-0.000103162
4.89341e-05
-0.000149089
5.92419e-05
-0.000201187
6.86522e-05
-0.000257508
7.60202e-05
-0.000315342
8.02421e-05
-0.000371493
8.04279e-05
-0.000422625
7.6022e-05
-0.0004656
6.68509e-05
-0.000497739
5.3113e-05
-0.000516987
3.53392e-05
-0.000522005
1.43517e-05
-0.00051225
-8.69946e-06
-0.000487811
-3.26017e-05
-0.000449323
-5.61132e-05
-0.000397994
-7.78951e-05
-0.000335656
-9.655e-05
-0.000264779
-0.000110708
-0.000188452
-0.000119126
-0.000110252
-0.000120851
-3.40631e-05
-0.000115435
3.60421e-05
-0.000103096
9.63744e-05
-8.48923e-05
0.000144119
-6.26103e-05
0.000177353
-3.82924e-05
0.000195287
-1.42683e-05
0.000198517
7.16299e-06
0.00018914
2.41037e-05
0.000170306
3.55525e-05
0.000145607
4.14728e-05
0.00011845
4.26388e-05
9.16023e-05
4.03058e-05
6.69294e-05
3.58792e-05
4.54182e-05
3.0574e-05
2.74584e-05
2.51057e-05
1.33344e-05
1.94226e-05
3.75518e-06
1.26679e-05
4.26015e-06
5.98723e-06
-1.2166e-05
1.7337e-05
-2.52481e-05
2.88014e-05
-2.74191e-05
3.68222e-05
-2.1395e-05
3.95377e-05
-1.10655e-05
3.63591e-05
3.12855e-07
2.72235e-05
1.11247e-05
1.19237e-05
2.14604e-05
-1.03051e-05
3.25257e-05
-4.07397e-05
4.56596e-05
-8.07396e-05
6.15434e-05
-0.000131228
7.99379e-05
-0.000192271
9.97885e-05
-0.000262763
0.000119426
-0.000340359
0.000136838
-0.000421703
0.000149996
-0.000502878
0.000157195
-0.000579931
0.000157295
-0.000649317
0.000149814
-0.000708176
0.00013488
-0.000754418
0.000113093
-0.000786687
8.53814e-05
-0.000804224
5.28767e-05
-0.000806682
1.68096e-05
-0.000793916
-2.14659e-05
-0.000765936
-6.05811e-05
-0.000723066
-9.89833e-05
-0.000666046
-0.000134915
-0.000596105
-0.000166492
-0.00051508
-0.000191733
-0.000425501
-0.000208704
-0.000330575
-0.000215777
-0.000234081
-0.000211929
-0.00014015
-0.000197027
-5.30127e-05
-0.000172029
2.33636e-05
-0.000138987
8.60088e-05
-0.000100938
0.000133132
-6.13915e-05
0.000163767
-2.34719e-05
0.000178057
9.81368e-06
0.000177541
3.60688e-05
0.000165021
5.39923e-05
0.000144047
6.36129e-05
0.0001183
6.60527e-05
9.10405e-05
6.31386e-05
6.47424e-05
5.68721e-05
4.10642e-05
4.87839e-05
2.12071e-05
3.92797e-05
6.6069e-06
2.72681e-05
1.0867e-05
6.50866e-06
-1.86747e-05
1.75972e-05
-3.63366e-05
2.69526e-05
-3.67745e-05
3.07602e-05
-2.52026e-05
2.72139e-05
-7.51929e-06
1.56206e-05
1.19062e-05
-4.55512e-06
3.13004e-05
-3.43269e-05
5.12322e-05
-7.52178e-05
7.34165e-05
-0.000128704
9.91463e-05
-0.000195517
0.000128356
-0.000275077
0.000159497
-0.000365256
0.000189968
-0.00046257
0.000216739
-0.000562704
0.000236972
-0.000661211
0.000248503
-0.000754112
0.000250097
-0.000838271
0.000241454
-0.000911481
0.000223024
-0.000972332
0.000195731
-0.00101999
0.000160751
-0.00105397
0.000119364
-0.00107394
7.28445e-05
-0.00107955
2.24236e-05
-0.00107041
-3.06077e-05
-0.00104623
-8.47638e-05
-0.00100687
-0.000138343
-0.000952381
-0.000189403
-0.000883161
-0.000235712
-0.000800156
-0.000274738
-0.000705017
-0.000303843
-0.000600223
-0.00032057
-0.00048918
-0.000322972
-0.000376166
-0.000310041
-0.000266024
-0.000282171
-0.000163605
-0.000241406
-7.32221e-05
-0.00019132
1.85287e-06
-0.000136467
6.00455e-05
-8.16646e-05
0.000101052
-3.11932e-05
0.000125129
1.19924e-05
0.000133566
4.55553e-05
0.000128869
6.83092e-05
0.000114336
8.05858e-05
9.35492e-05
8.39256e-05
6.98703e-05
8.05509e-05
4.61159e-05
7.25383e-05
2.4636e-05
6.07595e-05
7.92818e-06
4.39759e-05
1.87952e-05
6.20567e-06
-2.48803e-05
1.4897e-05
-4.5028e-05
1.92091e-05
-4.10867e-05
1.54812e-05
-2.14748e-05
2.16633e-06
5.79554e-06
-2.16194e-05
3.56918e-05
-5.70526e-05
6.67335e-05
-0.000105859
0.000100039
-0.000169664
0.000137221
-0.000249029
0.000178512
-0.000342772
0.000222099
-0.000447875
0.0002646
-0.000559957
0.000302051
-0.000674077
0.00033086
-0.000785559
0.000348454
-0.00089058
0.000353524
-0.000986412
0.000345929
-0.00107134
0.000326384
-0.00114441
0.000296091
-0.00120512
0.000256438
-0.00125323
0.000208864
-0.00128861
0.000154748
-0.00131111
9.5341e-05
-0.00132053
3.18408e-05
-0.00131663
-3.45102e-05
-0.00129907
-0.000102318
-0.00126735
-0.000170063
-0.00122086
-0.000235892
-0.0011591
-0.000297475
-0.00108181
-0.000352027
-0.00098922
-0.000396435
-0.000882399
-0.000427391
-0.000763654
-0.000441717
-0.000636704
-0.000436991
-0.000506613
-0.000412263
-0.000379396
-0.000368622
-0.000261257
-0.00030946
-0.000157497
-0.000240226
-7.16438e-05
-0.000167518
-5.13375e-06
-9.77033e-05
4.25757e-05
-3.5717e-05
7.27292e-05
1.54018e-05
8.69302e-05
5.41081e-05
8.77069e-05
7.98091e-05
7.82683e-05
9.33643e-05
6.21264e-05
9.66927e-05
4.2742e-05
9.19227e-05
2.34091e-05
8.00924e-05
7.60347e-06
5.97815e-05
2.63987e-05
4.89928e-06
-2.97796e-05
8.88357e-06
-4.90123e-05
5.29584e-06
-3.7499e-05
-8.91407e-06
-7.2649e-06
-3.50905e-05
3.1972e-05
-7.43961e-05
7.49974e-05
-0.000128549
0.000120887
-0.000199298
0.000170788
-0.000287202
0.000225125
-0.000390738
0.000282048
-0.000506261
0.000337622
-0.00062871
0.000387049
-0.000752637
0.000425977
-0.000873135
0.000451357
-0.000986399
0.000461718
-0.00108987
0.000456993
-0.00118206
0.00043812
-0.00126227
0.000406592
-0.00133028
0.000364107
-0.00138624
0.000312393
-0.00143047
0.000253102
-0.0014634
0.000187672
-0.00148539
0.000117331
-0.00149679
4.32456e-05
-0.00149776
-3.35424e-05
-0.00148802
-0.000112063
-0.00146688
-0.000191197
-0.00143335
-0.000269424
-0.00138609
-0.000344738
-0.0013235
-0.000414611
-0.0012441
-0.000475837
-0.001147
-0.000524492
-0.00103244
-0.000556272
-0.000902302
-0.000567132
-0.000760515
-0.00055405
-0.00061321
-0.000515927
-0.000468185
-0.000454485
-0.0003337
-0.000374711
-0.000216814
-0.000284404
-0.000121831
-0.000192687
-4.97059e-05
-0.000107842
1.19563e-06
-3.54998e-05
3.34759e-05
2.18277e-05
4.96864e-05
6.35986e-05
5.27861e-05
9.02645e-05
4.61895e-05
0.000103289
3.35993e-05
0.000104513
1.88763e-05
9.48154e-05
6.11491e-06
7.25428e-05
3.25136e-05
2.27625e-06
-3.20559e-05
-9.09098e-07
-4.5827e-05
-1.49954e-05
-2.34127e-05
-4.21752e-05
1.99149e-05
-8.36315e-05
7.34283e-05
-0.000140798
0.000132164
-0.000215376
0.000195464
-0.000308045
0.000263457
-0.000417269
0.000334349
-0.000539105
0.000403884
-0.000668007
0.000466524
-0.000798043
0.000517085
-0.000923941
0.000551876
-0.00104168
0.000569097
-0.00114861
0.000568642
-0.00124324
0.000551625
-0.001325
0.000519881
-0.00139396
0.000475552
-0.00145068
0.000420829
-0.0014961
0.000357811
-0.00153132
0.000288328
-0.00155748
0.000213831
-0.00157565
0.000135497
-0.0015867
5.42969e-05
-0.00159109
-2.91561e-05
-0.00158875
-0.000114404
-0.00157918
-0.00020076
-0.00156129
-0.000287314
-0.00153322
-0.000372812
-0.00149246
-0.000455375
-0.00143615
-0.000532147
-0.00136142
-0.000599215
-0.0012659
-0.000651793
-0.0011485
-0.000684531
-0.00101042
-0.000692135
-0.000855849
-0.000670497
-0.000692213
-0.000618122
-0.000529545
-0.000537379
-0.000378857
-0.000435092
-0.000249633
-0.000321911
-0.00014735
-0.000210125
-7.2465e-05
-0.000110384
-2.16736e-05
-2.89636e-05
9.34658e-06
3.25783e-05
2.44535e-05
7.51575e-05
2.7431e-05
0.000100312
2.22364e-05
0.000109707
1.30498e-05
0.000104002
4.21401e-06
8.13786e-05
3.67276e-05
-1.91456e-06
-3.01414e-05
-1.46462e-05
-3.30953e-05
-4.13113e-05
3.25233e-06
-8.32013e-05
6.18048e-05
-0.000141328
0.000131555
-0.00021709
0.000207926
-0.000311272
0.000289646
-0.000422591
0.000374776
-0.000547159
0.000458916
-0.000679171
0.000535896
-0.000812241
0.000599594
-0.000940606
0.00064545
-0.00105982
0.000671089
-0.00116692
0.000676195
-0.00126027
0.000661998
-0.00133935
0.000630702
-0.00140447
0.000585005
-0.00145665
0.000527725
-0.00149737
0.000461555
-0.00152843
0.000388863
-0.0015516
0.000311501
-0.00156859
0.000230827
-0.00158092
0.000147817
-0.00158965
6.30279e-05
-0.00159544
-2.33636e-05
-0.00159858
-0.000111259
-0.0015989
-0.000200445
-0.00159546
-0.000290756
-0.00158651
-0.000381758
-0.00156952
-0.000472363
-0.00154111
-0.000560562
-0.00149705
-0.000643272
-0.00143273
-0.000716112
-0.001344
-0.000773263
-0.00122829
-0.00080784
-0.00108589
-0.000812898
-0.000921078
-0.000782938
-0.000742701
-0.000715755
-0.000563522
-0.000614272
-0.000397917
-0.000487516
-0.000258278
-0.000349764
-0.000151371
-0.000217292
-7.6836e-05
-0.000103498
-2.92075e-05
-1.50502e-05
-2.05722e-06
4.80072e-05
9.98536e-06
8.82692e-05
1.17376e-05
0.000107955
7.79516e-06
0.000107944
2.60207e-06
8.65716e-05
3.93297e-05
-7.74106e-06
-2.24003e-05
-3.18895e-05
-8.94694e-06
-7.24826e-05
4.38454e-05
-0.000129779
0.000119101
-0.000204601
0.000206377
-0.000297679
0.000301004
-0.000408122
0.000400089
-0.000532425
0.000499079
-0.000664814
0.000591306
-0.000798559
0.000669641
-0.000927346
0.000728381
-0.00104616
0.000764261
-0.00115157
0.000776504
-0.0012417
0.000766325
-0.00131599
0.000736285
-0.00137499
0.000689702
-0.00142013
0.000630144
-0.00145344
0.000561034
-0.00147725
0.000485368
-0.00149388
0.000405494
-0.00150544
0.000323059
-0.00151375
0.000239136
-0.00152024
0.000154306
-0.0015259
6.86904e-05
-0.00153147
-1.77961e-05
-0.00153743
-0.0001053
-0.00154382
-0.000194048
-0.0015502
-0.000284377
-0.00155557
-0.000376395
-0.00155813
-0.000469804
-0.00155493
-0.000563757
-0.00154168
-0.000656522
-0.00151289
-0.000744906
-0.00146232
-0.000823833
-0.00138388
-0.00088628
-0.0012731
-0.000923675
-0.00112906
-0.000926978
-0.000956123
-0.000888691
-0.000764817
-0.000805578
-0.000571027
-0.000681306
-0.000392969
-0.000527822
-0.000246176
-0.000364085
-0.000138387
-0.000211288
-6.76936e-05
-8.57433e-05
-2.58872e-05
6.20075e-06
-4.30447e-06
6.66864e-05
3.87504e-06
9.97757e-05
4.28476e-06
0.000107535
1.71547e-06
8.91409e-05
4.10451e-05
-1.49311e-05
-7.46924e-06
-5.16574e-05
2.77794e-05
-0.000106476
9.86644e-05
-0.000178714
0.000191339
-0.000268722
0.000296384
-0.000375959
0.000408242
-0.000497561
0.000521691
-0.000628132
0.00062965
-0.000760818
0.000723992
-0.0008888
0.000797622
-0.00100641
0.000845994
-0.00110966
0.000867511
-0.00119629
0.000863136
-0.00126566
0.000835689
-0.00131849
0.000789117
-0.00135661
0.000727824
-0.00138256
0.000656091
-0.00139916
0.000577637
-0.00140915
0.000495358
-0.0014149
0.000411237
-0.0014183
0.000326465
-0.0014208
0.000241639
-0.00142339
0.000156888
-0.00142675
7.20511e-05
-0.00143145
-1.30944e-05
-0.00143789
-9.88616e-05
-0.00144627
-0.000185663
-0.00145673
-0.000273921
-0.00146914
-0.000363981
-0.0014828
-0.000456146
-0.00149599
-0.000550562
-0.0015057
-0.000646816
-0.00150722
-0.000743381
-0.00149402
-0.00083704
-0.00145804
-0.000922253
-0.00139102
-0.000990703
-0.0012864
-0.00103159
-0.00114194
-0.00103315
-0.000962082
-0.000985434
-0.000759343
-0.000884045
-0.000553296
-0.000733869
-0.000366417
-0.000550964
-0.000217185
-0.00036052
-0.000113329
-0.000189599
-5.01788e-05
-5.69499e-05
-1.6331e-05
3.28386e-05
-1.28505e-06
8.47297e-05
2.7508e-06
0.000103499
1.649e-06
9.02427e-05
4.26941e-05
-2.2986e-05
1.55167e-05
-7.24408e-05
7.72342e-05
-0.000140701
0.000166925
-0.000226254
0.000276892
-0.000328577
0.000398707
-0.000445545
0.00052521
-0.000572493
0.000648639
-0.000702787
0.000759943
-0.000829271
0.000850475
-0.000945635
0.000913987
-0.00104722
0.000947577
-0.00113127
0.000951567
-0.00119694
0.000928801
-0.00124503
0.000883779
-0.0012777
0.000821783
-0.00129794
0.000748067
-0.00130906
0.000667215
-0.00131418
0.000582753
-0.00131586
0.00049704
-0.00131602
0.000411398
-0.00131595
0.000326394
-0.00131641
0.000242102
-0.00131784
0.00015831
-0.0013205
7.47189e-05
-0.00132463
-8.96468e-06
-0.00133043
-9.30675e-05
-0.00133818
-0.000177908
-0.00134835
-0.000263756
-0.00136136
-0.000350969
-0.00137745
-0.000440057
-0.0013964
-0.000531612
-0.0014171
-0.000626112
-0.00143687
-0.000723619
-0.00145073
-0.000823175
-0.00145118
-0.000921807
-0.00142847
-0.00101341
-0.00137201
-0.00108806
-0.00127291
-0.00113225
-0.00112749
-0.00113086
-0.000940601
-0.00107093
-0.000727438
-0.000947031
-0.000512002
-0.0007664
-0.000321268
-0.000551253
-0.000175839
-0.000335029
-8.1609e-05
-0.00015118
-2.96112e-05
-1.91592e-05
-5.39016e-06
6.05086e-05
2.49481e-06
9.56137e-05
2.18182e-06
9.05556e-05
4.48759e-05
-3.11638e-05
4.66805e-05
-9.24271e-05
0.000138497
-0.000172421
0.000246918
-0.000268674
0.000373145
-0.000379532
0.000509564
-0.000501309
0.000646988
-0.000628017
0.000775346
-0.000752477
0.000884404
-0.000867847
0.000965845
-0.000968739
0.00101488
-0.00105177
0.00103061
-0.00111567
0.00101547
-0.00116117
0.000974301
-0.00119061
0.000913212
-0.00120736
0.000838532
-0.00121517
0.000755882
-0.00121753
0.000669578
-0.00121724
0.000582454
-0.00121621
0.000496012
-0.00121559
0.000410785
-0.00121592
0.000326723
-0.00121733
0.000243506
-0.00121977
0.000160748
-0.00122316
7.81152e-05
-0.00122746
-4.66817e-06
-0.00123272
-8.78093e-05
-0.00123918
-0.000171444
-0.00124726
-0.000255674
-0.00125753
-0.000340704
-0.00127069
-0.00042689
-0.00128754
-0.00051477
-0.00130852
-0.000605126
-0.0013332
-0.000698936
-0.0013594
-0.000796976
-0.00138226
-0.000898953
-0.00139348
-0.00100219
-0.00138151
-0.00110003
-0.00133319
-0.00118057
-0.00123718
-0.00122687
-0.0010886
-0.0012195
-0.00089345
-0.00114218
-0.000670661
-0.00098919
-0.00044962
-0.000772294
-0.000261708
-0.00052294
-0.000127792
-0.000285096
-4.91499e-05
-9.78013e-05
-1.12719e-05
2.26306e-05
2.1605e-06
8.21813e-05
2.88162e-06
8.98345e-05
4.77576e-05
-3.85897e-05
8.52702e-05
-0.000109888
0.000209795
-0.00019915
0.000336181
-0.000302837
0.000476832
-0.000418092
0.000624819
-0.00053996
0.000768856
-0.000661698
0.000897085
-0.000776191
0.000998896
-0.000877355
0.00106701
-0.000961025
0.00109855
-0.00102531
0.00109489
-0.00107058
0.00106074
-0.00109914
0.00100286
-0.00111459
0.000928663
-0.00112106
0.000845003
-0.0011224
0.000757226
-0.00112166
0.000668837
-0.00112084
0.000581634
-0.001121
0.000496168
-0.00112247
0.000412259
-0.00112518
0.000329431
-0.00112885
0.000247176
-0.00113319
0.00016509
-0.00113797
8.28913e-05
-0.00114303
3.98721e-07
-0.00114838
-8.24635e-05
-0.00115411
-0.000165709
-0.00116046
-0.000249324
-0.00116784
-0.00033333
-0.00117692
-0.000417813
-0.00118865
-0.000503031
-0.0012042
-0.000589578
-0.00122464
-0.000678496
-0.00125037
-0.000771248
-0.00127998
-0.000869348
-0.0013088
-0.000973369
-0.00132774
-0.00108108
-0.0013233
-0.00118501
-0.00127959
-0.00127058
-0.00118284
-0.00131625
-0.00102756
-0.00129746
-0.000822177
-0.00119458
-0.000591063
-0.00100341
-0.000369988
-0.000744015
-0.000193734
-0.000461351
-7.99898e-05
-0.000211545
-2.19456e-05
-3.54137e-05
2.49658e-07
5.9986e-05
3.27377e-06
8.68104e-05
5.10313e-05
-4.44959e-05
0.000129766
-0.000123392
0.000288692
-0.000218972
0.000431761
-0.000326561
0.00058442
-0.000442221
0.000740479
-0.000560141
0.000886776
-0.000673372
0.00101032
-0.000775321
0.00110085
-0.00086098
0.00115267
-0.000927606
0.00116517
-0.000974908
0.0011422
-0.00100484
0.00109067
-0.001021
0.00101902
-0.00102776
0.000935422
-0.00102933
0.000846568
-0.00102904
0.00075694
-0.00102907
0.000668864
-0.00103046
0.000583023
-0.00103343
0.000499147
-0.00103777
0.00041659
-0.00104304
0.000334703
-0.00104885
0.000252989
-0.00105489
0.000171135
-0.00106097
8.89632e-05
-0.00106696
6.39712e-06
-0.00107286
-7.65654e-05
-0.00107868
-0.000159892
-0.00108448
-0.000243523
-0.00109044
-0.000327371
-0.0010969
-0.000411353
-0.00110447
-0.00049546
-0.00111416
-0.00057989
-0.00112743
-0.000665229
-0.00114598
-0.000752695
-0.00117105
-0.000844278
-0.00120202
-0.000942402
-0.00123447
-0.00104862
-0.00125844
-0.00116105
-0.00125812
-0.0012709
-0.00121461
-0.00135977
-0.00111202
-0.00140005
-0.000945521
-0.00136107
-0.000728119
-0.00122081
-0.00049176
-0.000980373
-0.000279073
-0.000674038
-0.000125359
-0.000365259
-3.96768e-05
-0.000121096
-4.39038e-06
2.46996e-05
3.03245e-06
7.93875e-05
5.40638e-05
-4.83116e-05
0.000178078
-0.000131956
0.000372337
-0.000230706
0.00053051
-0.000338757
0.000692471
-0.000451329
0.000853051
-0.000562197
0.000997644
-0.000664654
0.00111277
-0.000752955
0.00118915
-0.00082336
0.00122307
-0.000874621
0.00121644
-0.00090798
0.00117555
-0.000926693
0.00110939
-0.000935158
0.00102748
-0.000937872
0.000938135
-0.000938533
0.000847229
-0.000939573
0.00075798
-0.000942147
0.000671438
-0.000946458
0.000587334
-0.000952172
0.000504861
-0.000958783
0.000423202
-0.00096583
0.00034175
-0.000972988
0.000260146
-0.000980066
0.000178213
-0.000986983
9.58799e-05
-0.00099372
1.31346e-05
-0.00100028
-7.00058e-05
-0.00100666
-0.000153511
-0.00101285
-0.000237331
-0.00101885
-0.000321376
-0.00102468
-0.000405523
-0.00103051
-0.000489626
-0.00103683
-0.000573573
-0.00104462
-0.00065744
-0.00105554
-0.000741777
-0.00107182
-0.000827999
-0.00109554
-0.000918681
-0.0011269
-0.00101725
-0.0011616
-0.00112635
-0.0011883
-0.00124421
-0.00118834
-0.00135972
-0.00113965
-0.00144874
-0.00102506
-0.00147566
-0.000842631
-0.00140324
-0.000613003
-0.00121
-0.000377926
-0.000909114
-0.000185674
-0.000557511
-6.59165e-05
-0.000240854
-1.23347e-05
-2.88822e-05
2.04199e-06
6.50108e-05
5.61058e-05
-4.97071e-05
0.000227785
-0.00013509
0.000457719
-0.000233926
0.000629346
-0.000339356
0.000797901
-0.000446045
0.000959741
-0.00054775
0.00109935
-0.000638338
0.00120336
-0.000713112
0.00126392
-0.000769661
0.00127962
-0.000808158
0.00125493
-0.000831118
0.00119851
-0.000842648
0.00112092
-0.000847367
0.0010322
-0.000849342
0.00094011
-0.000851386
0.000849274
-0.000854913
0.000761507
-0.000860212
0.000676737
-0.000866926
0.000594047
-0.000874483
0.000512418
-0.000882372
0.000431091
-0.000890256
0.000349634
-0.000897969
0.000267859
-0.000905471
0.000185714
-0.000912789
0.000103199
-0.000919976
2.03209e-05
-0.000927071
-6.29105e-05
-0.000934089
-0.000146493
-0.000941007
-0.000230413
-0.000947752
-0.000314632
-0.000954207
-0.000399067
-0.000960263
-0.00048357
-0.000965913
-0.000567923
-0.000971451
-0.000651903
-0.000977767
-0.00073546
-0.000986676
-0.00081909
-0.00100094
-0.000904416
-0.00102347
-0.000994718
-0.00105515
-0.00109467
-0.00109133
-0.00120804
-0.00111854
-0.00133251
-0.00111452
-0.00145276
-0.00105409
-0.00153609
-0.000920613
-0.00153672
-0.000718604
-0.00141201
-0.00048025
-0.00114747
-0.000258239
-0.000779522
-0.000101485
-0.000397607
-2.37466e-05
-0.000106621
3.09218e-07
4.09549e-05
5.6415e-05
-4.85956e-05
0.00027638
-0.000132762
0.000541886
-0.000228867
0.000725451
-0.000329104
0.000898138
-0.000427868
0.0010585
-0.000519215
0.0011907
-0.000597802
0.00128195
-0.000660053
0.00132617
-0.000704823
0.00132439
-0.000733484
0.00128359
-0.000749432
0.00121446
-0.000757113
0.0011286
-0.000760859
0.00103595
-0.000763945
0.000943196
-0.000768199
0.000853527
-0.000774153
0.000767461
-0.00078152
0.000684105
-0.000789704
0.000602231
-0.000798147
0.00052086
-0.000806485
0.000439429
-0.00081456
0.000357708
-0.000822357
0.000275657
-0.000829944
0.000193301
-0.000837412
0.000110666
-0.000844845
2.77535e-05
-0.000852305
-5.54501e-05
-0.000859823
-0.000138975
-0.000867391
-0.000222845
-0.000874949
-0.000307074
-0.000882373
-0.000391643
-0.000889468
-0.000476474
-0.000895994
-0.000561397
-0.000901764
-0.000646134
-0.000906884
-0.00073034
-0.000912159
-0.000813815
-0.000919568
-0.000897008
-0.000932423
-0.000981863
-0.000954456
-0.00107263
-0.000986959
-0.00117553
-0.00102414
-0.00129533
-0.00104918
-0.00142772
-0.00103532
-0.00154995
-0.000955186
-0.00161686
-0.000796135
-0.00157106
-0.000574318
-0.00136929
-0.000337219
-0.00101662
-0.000146118
-0.000588709
-3.90026e-05
-0.000213736
-2.30574e-06
4.25797e-06
5.41092e-05
-4.50963e-05
0.000321477
-0.000125315
0.000622105
-0.00021626
0.000816395
-0.000309302
0.00099118
-0.000398805
0.00114801
-0.000479353
0.00127124
-0.000546498
0.00134909
-0.000597753
0.00137743
-0.000633057
0.0013597
-0.000654658
0.00130519
-0.000666394
0.0012262
-0.000672594
0.0011348
-0.000676949
0.0010403
-0.000681826
0.000948073
-0.000688177
0.000859878
-0.000695922
0.000775206
-0.000704504
0.000692687
-0.000713328
0.000611055
-0.000721988
0.000529521
-0.000730309
0.00044775
-0.000738286
0.000365685
-0.000746006
0.000283377
-0.000753584
0.000200879
-0.00076113
0.000118212
-0.000768728
3.53521e-05
-0.000776443
-4.77349e-05
-0.00078431
-0.000131109
-0.000792336
-0.000214819
-0.000800497
-0.000298913
-0.000808715
-0.000383425
-0.000816833
-0.000468356
-0.000824594
-0.000553636
-0.000831649
-0.000639079
-0.000837658
-0.000724331
-0.000842562
-0.000808911
-0.000847108
-0.000892461
-0.000853522
-0.000975449
-0.00086579
-0.00106037
-0.000888433
-0.00115289
-0.000922594
-0.00126117
-0.00095998
-0.00139034
-0.00097871
-0.00153122
-0.000947166
-0.0016484
-0.000838385
-0.00167984
-0.000649523
-0.00155815
-0.000414637
-0.00125151
-0.00019777
-0.000805575
-5.87633e-05
-0.000352744
-5.87507e-06
-4.86303e-05
4.82342e-05
-3.94819e-05
0.000360959
-0.000113348
0.000695971
-0.000197144
0.000900191
-0.00028154
0.00107558
-0.000361044
0.00122751
-0.000430906
0.0013411
-0.000487591
0.00140578
-0.000529571
0.00141941
-0.000557616
0.00138774
-0.000574483
0.00132206
-0.000584049
0.00123577
-0.000590185
0.00114093
-0.000595797
0.00104591
-0.000602403
0.000954679
-0.000610305
0.00086778
-0.000619098
0.000783999
-0.000628186
0.000701775
-0.000637108
0.000619978
-0.000645646
0.000538059
-0.000653782
0.000455886
-0.000661609
0.000373513
-0.000669259
0.000291026
-0.000676853
0.000208474
-0.000684493
0.000125852
-0.000692251
4.31097e-05
-0.000700179
-3.98062e-05
-0.00070831
-0.000122978
-0.000716658
-0.00020647
-0.000725222
-0.000290348
-0.000733967
-0.00037468
-0.000742803
-0.00045952
-0.000751552
-0.000544887
-0.000759913
-0.000630718
-0.000767445
-0.000716799
-0.000773669
-0.000802687
-0.000778397
-0.000887733
-0.000782416
-0.00097143
-0.000788379
-0.0010544
-0.000801124
-0.00114015
-0.0008258
-0.00123649
-0.000862341
-0.0013538
-0.000897852
-0.00149571
-0.000903586
-0.00164267
-0.000844147
-0.00173928
-0.000698603
-0.00170369
-0.00048226
-0.00146785
-0.000252354
-0.00103548
-8.31751e-05
-0.000521923
-1.03788e-05
-0.000121427
3.78553e-05
-3.2124e-05
0.000393083
-9.76089e-05
0.000761456
-0.000172707
0.000975289
-0.000247486
0.00115036
-0.000316712
0.00129674
-0.000376359
0.00140075
-0.000423744
0.00145316
-0.000458118
0.00145378
-0.000480791
0.00141041
-0.000494678
0.00133595
-0.000503378
0.00124447
-0.000510121
0.00114768
-0.000517028
0.00105282
-0.000524943
0.000962594
-0.00053377
0.000876607
-0.000542997
0.000793226
-0.000552126
0.000710904
-0.00056087
0.000628722
-0.00056917
0.000546359
-0.00057711
0.000463825
-0.000584827
0.00038123
-0.000592457
0.000298656
-0.00060011
0.000216128
-0.00060787
0.000133612
-0.000615796
5.10357e-05
-0.000623932
-3.16705e-05
-0.000632301
-0.000114609
-0.000640918
-0.000197853
-0.000649788
-0.000281478
-0.000658899
-0.00036557
-0.000668207
-0.000450212
-0.000677616
-0.000535478
-0.000686932
-0.000621402
-0.000695806
-0.000707925
-0.000703709
-0.000794783
-0.000710041
-0.000881401
-0.000714548
-0.000966923
-0.000718218
-0.00105073
-0.000724416
-0.00113395
-0.000739043
-0.00122186
-0.000767375
-0.00132546
-0.000806164
-0.00145692
-0.000835016
-0.00161382
-0.000817428
-0.00175687
-0.000718665
-0.00180245
-0.000533472
-0.00165304
-0.000304584
-0.00126437
-0.000111227
-0.00071528
-1.58199e-05
-0.000216833
2.20354e-05
-2.34465e-05
0.000416529
-7.89025e-05
0.000816912
-0.000144146
0.00104053
-0.00020873
0.00121494
-0.000267714
0.00135572
-0.000317797
0.00145083
-0.000357043
0.00149241
-0.000385271
0.00148201
-0.000404044
0.00142919
-0.000416147
0.00134805
-0.000424689
0.00125301
-0.000432203
0.00115519
-0.000440128
0.00106075
-0.000448841
0.000971306
-0.000458054
0.00088582
-0.000467293
0.000802465
-0.000476207
0.000719817
-0.000484665
0.000637181
-0.000492715
0.000554409
-0.000500491
0.000471601
-0.000508138
0.000388877
-0.000515779
0.000306296
-0.000523505
0.000223854
-0.000531389
0.000141496
-0.000539482
5.91283e-05
-0.000547823
-2.33291e-05
-0.00055643
-0.000106002
-0.000565314
-0.000188969
-0.000574477
-0.000272315
-0.000583912
-0.000356135
-0.000593595
-0.000440529
-0.000603478
-0.000525595
-0.000613453
-0.000611428
-0.000623299
-0.000698079
-0.000632613
-0.000785469
-0.000640771
-0.000873243
-0.000647068
-0.000960627
-0.000651286
-0.00104652
-0.000654892
-0.00113034
-0.000662375
-0.00121438
-0.000680762
-0.00130708
-0.000714112
-0.00142357
-0.000752698
-0.00157523
-0.000765659
-0.00174391
-0.000710973
-0.00185714
-0.00056443
-0.00179959
-0.000349419
-0.00147938
-0.000140922
-0.000923777
-2.20965e-05
-0.000335659
-6.11214e-08
-1.38903e-05
0.000430419
-5.80272e-05
0.000861049
-0.000112587
0.00109509
-0.000166687
0.00126904
-0.000215655
0.00140469
-0.00025687
0.00149205
-0.000289016
0.00152456
-0.000312268
0.00150526
-0.000328198
0.00144512
-0.000339245
0.0013591
-0.000347917
0.00126168
-0.000356079
0.00116335
-0.000364637
0.0010693
-0.000373682
0.000980351
-0.000382884
0.000895023
-0.000391875
0.000811456
-0.000400447
0.00072839
-0.000408586
0.00064532
-0.000416399
0.000562222
-0.000424031
0.000479233
-0.000431616
0.000396463
-0.00043926
0.000313941
-0.000447043
0.000231636
-0.000455028
0.000149482
-0.00046327
6.73698e-05
-0.000471808
-1.47903e-05
-0.000480658
-9.71527e-05
-0.000489825
-0.000179802
-0.000499306
-0.000262833
-0.00050909
-0.000346351
-0.000519158
-0.000430461
-0.000529477
-0.000515275
-0.000539987
-0.000600917
-0.000550562
-0.000687504
-0.000560942
-0.000775089
-0.000570645
-0.00086354
-0.000578938
-0.000952334
-0.000585051
-0.0010404
-0.000588997
-0.0011264
-0.000593152
-0.00121023
-0.000603596
-0.00129663
-0.000627993
-0.00139917
-0.000666262
-0.00153696
-0.000697595
-0.00171258
-0.000679879
-0.00187486
-0.000574305
-0.00190516
-0.000383147
-0.00167054
-0.000169684
-0.00113724
-2.94196e-05
-0.000475923
-2.94807e-05
-3.87526e-06
0.000434295
-3.57475e-05
0.000892921
-7.90387e-05
0.00113838
-0.000122556
0.00131256
-0.000161823
0.00144396
-0.000194815
0.00152504
-0.000220708
0.00155045
-0.000239852
0.0015244
-0.000253634
0.0014589
-0.000264004
0.00136947
-0.000272832
0.00127051
-0.000281394
0.00117192
-0.000290205
0.00107812
-0.000299214
0.00098936
-0.000308134
0.000903943
-0.000316721
0.000820043
-0.000324889
0.000736557
-0.000332694
0.000653125
-0.000340265
0.000569794
-0.000347743
0.00048671
-0.000355244
0.000403964
-0.000362859
0.000321556
-0.00037066
0.000239437
-0.00037871
0.000157532
-0.000387071
7.57313e-05
-0.00039579
-6.0715e-06
-0.000404882
-8.80607e-05
-0.00041435
-0.000170333
-0.000424184
-0.000253
-0.000434365
-0.00033617
-0.00044487
-0.000419956
-0.000455671
-0.000504474
-0.000466726
-0.000589862
-0.000477959
-0.000676271
-0.000489209
-0.000763839
-0.000500152
-0.000852597
-0.000510202
-0.000942284
-0.00051851
-0.00103209
-0.000524339
-0.00112057
-0.000528279
-0.00120629
-0.000534246
-0.00129066
-0.000550178
-0.00138324
-0.000582429
-0.00150471
-0.000621502
-0.0016735
-0.000631415
-0.00186494
-0.000564817
-0.00197176
-0.000403878
-0.00183148
-0.000195068
-0.00134605
-3.7852e-05
-0.00063314
-6.73327e-05
6.06124e-06
0.000428233
-1.27324e-05
0.000911715
-4.43923e-05
0.00117004
-7.73316e-05
0.0013455
-0.000107215
0.00147384
-0.000132517
0.00155034
-0.000152786
0.00157072
-0.000168406
0.00154002
-0.000180442
0.00147094
-0.000190278
0.0013793
-0.000199154
0.00127938
-0.000207843
0.0011806
-0.000216589
0.00108686
-0.000225291
0.000998061
-0.000233747
0.000912399
-0.000241832
0.000828128
-0.00024955
0.000744275
-0.000256995
0.00066057
-0.000264299
0.000577098
-0.000271587
0.000493998
-0.00027896
0.000411337
-0.0002865
0.000329097
-0.000294275
0.000247212
-0.000302347
0.000165605
-0.000310793
8.41769e-05
-0.000319667
2.80243e-06
-0.000328995
-7.87328e-05
-0.000338776
-0.000160551
-0.000348991
-0.000242785
-0.000359616
-0.000325545
-0.000370623
-0.000408949
-0.000381981
-0.000493116
-0.000393654
-0.000578189
-0.000405587
-0.000664338
-0.000417674
-0.000751752
-0.000429701
-0.00084057
-0.000441249
-0.000930736
-0.0004516
-0.00102174
-0.000459819
-0.00111235
-0.000465426
-0.00120068
-0.000470184
-0.00128591
-0.00048029
-0.00137313
-0.000504807
-0.00148019
-0.000543977
-0.00163433
-0.000571963
-0.00183696
-0.000539384
-0.00200434
-0.00041151
-0.00195935
-0.000215311
-0.00154225
-4.69696e-05
-0.000801481
-0.000114302
1.53109e-05
0.000412923
1.03784e-05
0.000916647
-9.38367e-06
0.00118981
-3.18243e-05
0.00136794
-5.25923e-05
0.00149461
-7.05903e-05
0.00156834
-8.56453e-05
0.00158577
-9.80779e-05
0.00155246
-0.000108551
0.00148141
-0.000117849
0.0013886
-0.000126612
0.00128815
-0.000135184
0.00118918
-0.000143618
0.0010953
-0.000151819
0.00100626
-0.000159685
0.000920265
-0.000167195
0.000835639
-0.000174414
0.000751494
-0.000181455
0.000667612
-0.000188443
0.000584086
-0.000195487
0.000501042
-0.000202679
0.000418529
-0.000210094
0.000336512
-0.000217798
0.000254916
-0.000225853
0.000173661
-0.000234344
9.26674e-05
-0.000243344
1.18026e-05
-0.000252894
-6.9182e-05
-0.000262994
-0.000150451
-0.000273613
-0.000232166
-0.00028472
-0.000314438
-0.000296285
-0.000397383
-0.000308277
-0.000481124
-0.00032066
-0.000565806
-0.000333386
-0.000651612
-0.000346377
-0.000738761
-0.000359482
-0.000827465
-0.000372401
-0.000917817
-0.00038459
-0.00100955
-0.000395195
-0.00110174
-0.000403313
-0.00119256
-0.000409177
-0.00128004
-0.000416622
-0.00136569
-0.000434466
-0.00146235
-0.000469467
-0.00159933
-0.000507242
-0.00179918
-0.000502198
-0.00200938
-0.000407315
-0.00205423
-0.000229546
-0.00172002
-5.62322e-05
-0.000974795
-0.000170535
2.3452e-05
0.000389471
3.28482e-05
0.000907251
2.53919e-05
0.00119726
1.32951e-05
0.00138003
1.43847e-06
0.00150646
-9.462e-06
0.00157924
-1.94983e-05
0.00159581
-2.88711e-05
0.00156183
-3.78042e-05
0.00149034
-4.64759e-05
0.00139727
-5.49592e-05
0.00129663
-6.32183e-05
0.00119743
-7.11646e-05
0.00110324
-7.873e-05
0.00101383
-8.59112e-05
0.000927446
-9.27755e-05
0.000842503
-9.94343e-05
0.000758153
-0.00010601
0.000674188
-0.000112618
0.000590693
-0.000119353
0.000507778
-0.000126302
0.000425478
-0.000133539
0.000343749
-0.00014113
0.000262507
-0.000149135
0.000181666
-0.000157636
0.000101169
-0.000166733
2.08996e-05
-0.000176491
-5.94239e-05
-0.000186904
-0.000140038
-0.000197934
-0.000221136
-0.000209546
-0.000302826
-0.000221714
-0.000385215
-0.00023441
-0.000468429
-0.000247595
-0.00055262
-0.000261225
-0.000637982
-0.000275231
-0.000724754
-0.000289496
-0.0008132
-0.000303797
-0.000903516
-0.000317724
-0.000995628
-0.000330588
-0.00108888
-0.00034145
-0.0011817
-0.000349738
-0.00127176
-0.000357227
-0.0013582
-0.000370837
-0.00144874
-0.000400332
-0.00156984
-0.000441715
-0.0017578
-0.000457436
-0.00199366
-0.000393388
-0.00211828
-0.000237696
-0.00187571
-6.49578e-05
-0.00114753
-0.000235492
3.02051e-05
0.000359265
5.38826e-05
0.000883574
5.93489e-05
0.0011918
5.76034e-05
0.00138178
5.44452e-05
0.00150962
5.05211e-05
0.00158317
4.54906e-05
0.00160084
3.92405e-05
0.00156808
3.1965e-05
0.00149762
2.40673e-05
0.00140517
1.60183e-05
0.00130468
8.21163e-06
0.00120524
8.70803e-07
0.00111058
-5.96363e-06
0.00102066
-1.23796e-05
0.000933862
-1.85235e-05
0.000848647
-2.45468e-05
0.000764176
-3.05792e-05
0.000680221
-3.6727e-05
0.000596841
-4.30798e-05
0.000514131
-4.97191e-05
0.000432117
-5.67222e-05
0.000350752
-6.41623e-05
0.000269947
-7.21039e-05
0.000189607
-8.06174e-05
0.000109683
-8.97922e-05
3.00747e-05
-9.97242e-05
-4.94916e-05
-0.000110418
-0.000129343
-0.000121841
-0.000209713
-0.000133961
-0.000290706
-0.000146761
-0.000372414
-0.000160217
-0.000454973
-0.00017429
-0.000538548
-0.000188933
-0.00062334
-0.000204081
-0.000709606
-0.000219634
-0.000797647
-0.000235413
-0.000887737
-0.000251099
-0.000979942
-0.000266153
-0.00107383
-0.000279762
-0.00116809
-0.000291078
-0.00126044
-0.000300497
-0.00134878
-0.000312583
-0.00143665
-0.000337287
-0.00154513
-0.000378418
-0.00171667
-0.000408747
-0.00196333
-0.000372143
-0.00215488
-0.000240263
-0.00200759
-7.25673e-05
-0.00131523
-0.00030806
3.53584e-05
0.000323907
7.27974e-05
0.000846135
9.17561e-05
0.00117284
0.000100584
0.00137295
0.000106067
0.00150414
0.000109133
0.0015801
0.00010924
0.00160073
0.000106316
0.001571
0.000100918
0.00150301
9.39888e-05
0.0014121
8.65175e-05
0.00131215
7.92572e-05
0.0012125
7.25846e-05
0.00111726
6.6537e-05
0.00102671
6.09509e-05
0.000939448
5.56049e-05
0.000853993
5.03047e-05
0.000769476
4.49074e-05
0.000685618
3.93084e-05
0.00060244
3.34208e-05
0.000520019
2.71626e-05
0.000438375
2.04513e-05
0.000357464
1.32041e-05
0.000277194
5.34323e-06
0.000197469
-3.19998e-06
0.000118226
-1.24789e-05
3.93538e-05
-2.25529e-05
-3.94174e-05
-3.34647e-05
-0.000118431
-4.52279e-05
-0.00019795
-5.78347e-05
-0.000278099
-7.12752e-05
-0.000358974
-8.55293e-05
-0.000440719
-0.000100561
-0.000523516
-0.000116319
-0.000607581
-0.000132739
-0.000693186
-0.000149724
-0.000780663
-0.000167118
-0.000870342
-0.000184666
-0.000962394
-0.00020194
-0.00105655
-0.000218283
-0.00115175
-0.000232861
-0.00124586
-0.000245344
-0.00133629
-0.00025825
-0.00142375
-0.00028
-0.00152338
-0.000319099
-0.00167757
-0.000359013
-0.00192342
-0.000345943
-0.00216796
-0.000238123
-0.00211541
-7.87336e-05
-0.00147462
-0.000386793
3.87738e-05
0.000285133
8.89905e-05
0.000795918
0.000121895
0.00113993
0.000141725
0.00135312
0.000155915
0.00148995
0.000166077
0.00156994
0.000171591
0.00159522
0.000172346
0.00157025
0.000169168
0.00150619
0.000163468
0.0014178
0.000156728
0.00131889
0.00015008
0.00121915
0.000144099
0.00112324
0.000138861
0.00103195
0.000134152
0.000944157
0.000129681
0.000858464
0.000125202
0.000773956
0.000120545
0.000690276
0.000115596
0.000607389
0.000110266
0.000525348
0.00010447
0.000444172
9.81162e-05
0.000363818
9.11132e-05
0.000284198
8.33784e-05
0.000205204
7.48685e-05
0.000126736
6.55588e-05
4.86637e-05
5.54006e-05
-2.92589e-05
4.42968e-05
-0.000107327
3.21949e-05
-0.000185848
1.90779e-05
-0.000264982
4.95247e-06
-0.000344848
-1.01611e-05
-0.000425605
-2.62293e-05
-0.000507448
-4.3202e-05
-0.000590608
-6.10114e-05
-0.000675376
-7.95648e-05
-0.000762109
-9.87242e-05
-0.000851183
-0.000118276
-0.000942843
-0.000137879
-0.00103695
-0.000157008
-0.00113262
-0.000174952
-0.00122792
-0.000191122
-0.00132013
-0.000206602
-0.00140827
-0.000227604
-0.00150238
-0.000264484
-0.00164069
-0.000310291
-0.00187761
-0.000316873
-0.00216137
-0.00023235
-0.00219993
-8.34171e-05
-0.00162355
-0.00047021
4.04167e-05
0.000244717
0.000101923
0.000734411
0.000148984
0.00109287
0.000180425
0.00132168
0.000203564
0.00146681
0.000221006
0.0015525
0.000232289
0.00158394
0.000237203
0.00156533
0.000236711
0.00150668
0.00023259
0.00142192
0.000226784
0.0013247
0.000220821
0.00122511
0.000215535
0.00112852
0.000211104
0.00103638
0.000207304
0.000947957
0.000203783
0.000861985
0.000200232
0.000777506
0.00019644
0.000694068
0.00019227
0.000611559
0.000187622
0.000529996
0.000182407
0.000449388
0.000176529
0.000369696
0.000169893
0.000290834
0.000162412
0.000212684
0.000154039
0.00013511
0.000144747
5.79555e-05
0.000134498
-1.90093e-05
0.000123186
-9.60155e-05
0.000110723
-0.000173384
9.70665e-05
-0.000251325
8.22123e-05
-0.000329994
6.6173e-05
-0.000409566
4.89784e-05
-0.000490253
3.06781e-05
-0.000572308
1.1344e-05
-0.000656042
-8.92773e-06
-0.000741837
-3.00119e-05
-0.000830098
-5.17292e-05
-0.000921125
-7.38082e-05
-0.00101487
-9.584e-05
-0.00111059
-0.000117259
-0.0012065
-0.000137463
-0.00129992
-0.000156709
-0.00138902
-0.000179055
-0.00148003
-0.000214579
-0.00160516
-0.00026388
-0.00182831
-0.000286628
-0.00213863
-0.000224069
-0.00226249
-8.68253e-05
-0.0017608
-0.000557036
4.0363e-05
0.000204354
0.000111145
0.000663629
0.000172167
0.00103185
0.000215926
0.00127792
0.000248477
0.00143426
0.000273485
0.00152749
0.000290966
0.00156646
0.000300628
0.00155567
0.000303417
0.00150389
0.00030135
0.00142399
0.000296763
0.00132929
0.0002916
0.00123028
0.000287016
0.00113311
0.00028337
0.00104002
0.000280486
0.000950841
0.000277973
0.000864497
0.000275457
0.000780023
0.000272662
0.000696863
0.000269414
0.000614808
0.000265591
0.000533819
0.000261092
0.000453886
0.00025582
0.000374968
0.000249678
0.000296976
0.000242577
0.000219785
0.00023445
0.000143237
0.000225248
6.71574e-05
0.000214915
-8.67618e-06
0.000203369
-8.44688e-05
0.000190518
-0.000160534
0.000176297
-0.000237104
0.000160683
-0.00031438
0.000143677
-0.000392559
0.000125298
-0.000471874
0.00010559
-0.0005526
8.46224e-05
-0.000635075
6.24879e-05
-0.000719703
3.93072e-05
-0.000806918
1.52399e-05
-0.000897058
-9.49611e-06
-0.000990133
-3.45991e-05
-0.00108548
-5.96457e-05
-0.00118145
-8.41279e-05
-0.00127544
-0.00010792
-0.00136523
-0.000133365
-0.00145459
-0.000168968
-0.00156956
-0.000220484
-0.00177679
-0.000256493
-0.00210262
-0.00021435
-0.00230463
-8.93423e-05
-0.0018858
-0.000646378
3.87968e-05
0.000165557
0.000116337
0.000586089
0.000190547
0.000957638
0.000247278
0.00122119
0.00028994
0.0013916
0.000322939
0.00149449
0.000347101
0.00154229
0.000362178
0.00154059
0.000368982
0.00149709
0.000369598
0.00142337
0.000366656
0.00133223
0.000362502
0.00123443
0.000358671
0.00113694
0.000355791
0.00104291
0.000353808
0.000952824
0.000352338
0.000865967
0.000350945
0.000781416
0.000349281
0.000698527
0.000347108
0.000616981
0.000344268
0.000536659
0.000340639
0.000457515
0.000336115
0.000379492
0.000330593
0.000302498
0.000323978
0.000226401
0.000316184
0.000151031
0.000307143
7.6199e-05
0.00029678
1.68666e-06
0.000285023
-7.27122e-05
0.000271786
-0.000147296
0.000256986
-0.000222304
0.000240585
-0.000297978
0.00022257
-0.000374544
0.000202951
-0.000452255
0.000181766
-0.000531415
0.00015908
-0.000612388
0.00013498
-0.000695602
0.000109572
-0.000781509
8.29823e-05
-0.000870469
5.53725e-05
-0.000962523
2.69645e-05
-0.00105708
-1.92092e-06
-0.00115257
-3.09142e-05
-0.00124645
-5.979e-05
-0.00133635
-8.97063e-05
-0.00142467
-0.000127037
-0.00153223
-0.000180362
-0.00172347
-0.000227361
-0.00205562
-0.000204134
-0.00232786
-9.14568e-05
-0.00199848
-0.000737835
3.59981e-05
0.000129559
0.000117363
0.000504725
0.000203258
0.000871743
0.000273337
0.00115111
0.000326992
0.00133794
0.000368601
0.00145288
0.000399987
0.00151091
0.000421199
0.00151938
0.000432871
0.00148542
0.000436979
0.00141926
0.000436301
0.00133291
0.000433529
0.0012372
0.000430609
0.00113986
0.000428519
0.001045
0.00042742
0.000953923
0.000427
0.000866387
0.000426793
0.000781623
0.000426374
0.000698946
0.000425429
0.000617926
0.000423738
0.00053835
0.000421144
0.000460108
0.000417522
0.000383115
0.000412756
0.000307264
0.000406742
0.000232415
0.00039938
0.000158393
0.000390582
8.49966e-05
0.000380261
1.20079e-05
0.000368344
-6.07948e-05
0.000354739
-0.000133692
0.000339364
-0.000206929
0.000322165
-0.000280779
0.000303115
-0.000355494
0.000282218
-0.000431357
0.000259501
-0.000508699
0.000235022
-0.00058791
0.000208859
-0.000669439
0.000181099
-0.000753749
0.000151834
-0.000841204
0.000121165
-0.000931853
8.92204e-05
-0.00102513
5.61985e-05
-0.00111954
2.23784e-05
-0.00121263
-1.19954e-05
-0.00130198
-4.74152e-05
-0.00138925
-8.80996e-05
-0.00149155
-0.000143455
-0.00166811
-0.000199773
-0.0019993
-0.000194182
-0.00233345
-9.36982e-05
-0.00209896
-0.000831533
3.23121e-05
9.72465e-05
0.000114319
0.000422718
0.000209573
0.000776489
0.000292823
0.00106786
0.000358385
0.00127238
0.000409447
0.00140182
0.000448702
0.00147165
0.000476795
0.00149129
0.000494275
0.00146794
0.00050287
0.00141067
0.000505316
0.00133046
0.000504536
0.00123798
0.000502869
0.00114152
0.000501704
0.00104616
0.00050151
0.000954117
0.000502137
0.000865761
0.000503144
0.000780616
0.000504054
0.000698036
0.000504466
0.000617514
0.000504085
0.000538731
0.000502699
0.000461495
0.000500144
0.00038567
0.000496285
0.000311122
0.000491004
0.000237697
0.000484186
0.000165211
0.000475731
9.34526e-05
0.000465537
2.2202e-05
0.000453523
-4.87807e-05
0.000439594
-0.000119763
0.000423666
-0.000191001
0.000405675
-0.000262788
0.000385587
-0.000335406
0.000363394
-0.000409164
0.000339115
-0.00048442
0.000312797
-0.000561591
0.000284498
-0.00064114
0.000254277
-0.000723529
0.000222182
-0.000809109
0.000188243
-0.000897914
0.0001525
-0.000989388
0.000115042
-0.00108209
7.6051e-05
-0.00117363
3.5752e-05
-0.00126168
-5.96932e-06
-0.00134753
-5.14745e-05
-0.00144604
-0.000109483
-0.0016101
-0.000173951
-0.00193483
-0.000185037
-0.00232237
-9.65813e-05
-0.00218742
-0.000928114
2.8105e-05
6.91415e-05
0.000107575
0.000343248
0.000209046
0.000675018
0.000304448
0.00097246
0.000382595
0.00119423
0.000444131
0.00134028
0.000492058
0.00142373
0.000527813
0.00145554
0.000552085
0.00144367
0.000566311
0.00139644
0.000573
0.00132377
0.000575126
0.00123586
0.000575336
0.00114131
0.000575438
0.00104606
0.000576289
0.000953266
0.000577997
0.000864053
0.000580233
0.00077838
0.000582514
0.000695755
0.000584374
0.000615654
0.000585436
0.000537669
0.000585414
0.000461518
0.000584092
0.000386992
0.000581301
0.000313913
0.000576897
0.0002421
0.000570753
0.000171355
0.000562751
0.000101454
0.000552782
3.21709e-05
0.000540754
-3.67525e-05
0.000526566
-0.000105575
0.000510135
-0.000174569
0.000491389
-0.000244043
0.000470288
-0.000314304
0.000446812
-0.000385689
0.000420972
-0.00045858
0.000392793
-0.000533412
0.000362306
-0.000610653
0.00032953
-0.000690753
0.000294451
-0.00077403
0.000257024
-0.000860487
0.000217189
-0.000949553
0.00017493
-0.00103983
0.000130354
-0.00112906
8.37148e-05
-0.00121504
3.51164e-05
-0.00129893
-1.65387e-05
-0.00139439
-7.80377e-05
-0.0015486
-0.000149842
-0.00186303
-0.000176989
-0.00229522
-0.000100557
-0.00226385
-0.00102867
2.37168e-05
4.54246e-05
9.77867e-05
0.000269178
0.000201661
0.000571144
0.000307124
0.000866997
0.000397921
0.00110344
0.000470948
0.00126726
0.000528531
0.00136614
0.000572807
0.00141126
0.000604869
0.0014116
0.000625968
0.00137534
0.000638251
0.00131149
0.000644536
0.00122957
0.000647614
0.00113824
0.000649649
0.00104402
0.000651917
0.000950998
0.00065487
0.000861101
0.00065839
0.000774859
0.000662071
0.000692074
0.000665429
0.000612296
0.00066802
0.000535078
0.000669483
0.000460055
0.000669537
0.000386938
0.000667963
0.000315487
0.000664585
0.000245479
0.000659252
0.000176688
0.000651831
0.000108876
0.000642202
4.17997e-05
0.000630262
-2.48123e-05
0.000615907
-9.12198e-05
0.000599051
-0.000157714
0.000579621
-0.000224613
0.000557566
-0.000292249
0.000532858
-0.000360981
0.000505488
-0.000431209
0.000475453
-0.000503377
0.000442743
-0.000577943
0.000407318
-0.000655328
0.000369093
-0.000735805
0.00032793
-0.000819325
0.000283672
-0.000905294
0.000236202
-0.000992357
0.000185568
-0.00107843
0.000132079
-0.00116155
7.61522e-05
-0.00124301
1.73949e-05
-0.00133563
-4.86408e-05
-0.00148257
-0.000127141
-0.00178453
-0.000170027
-0.00225233
-0.000105958
-0.00232792
-0.00113463
1.94285e-05
2.59961e-05
8.58537e-05
0.000202753
0.000187949
0.000469048
0.000300211
0.000754735
0.000402701
0.00100095
0.000487884
0.00118207
0.000556203
0.00129782
0.000609985
0.00135748
0.000650863
0.00137073
0.000680109
0.0013461
0.000699502
0.00129209
0.000711515
0.00121756
0.000718867
0.00113088
0.000723933
0.00103896
0.000728359
0.000946572
0.000732988
0.000856472
0.000738003
0.000769844
0.000743173
0.000686904
0.000748072
0.000607397
0.00075224
0.00053091
0.000755261
0.000457034
0.000756791
0.000385408
0.000756554
0.000315724
0.000754332
0.000247701
0.000749943
0.000181077
0.000743234
0.000115584
0.000734073
5.09611e-05
0.000722343
-1.30827e-05
0.000707939
-7.68153e-05
0.000690771
-0.000140546
0.00067076
-0.000204603
0.000647847
-0.000269336
0.000621986
-0.00033512
0.00059314
-0.000402364
0.000561266
-0.000471503
0.000526296
-0.000542973
0.000488115
-0.000617148
0.00044655
-0.000694239
0.000401365
-0.00077414
0.0003523
-0.000856229
0.000299157
-0.000939214
0.000241952
-0.00102122
0.000181086
-0.00110069
0.000117318
-0.00117924
5.09278e-05
-0.00126924
-2.0723e-05
-0.00141092
-0.000105298
-0.00169995
-0.000163783
-0.00219385
-0.000112927
-0.00237878
-0.00124756
1.54574e-05
1.05387e-05
7.28319e-05
0.000145378
0.000169027
0.000372853
0.000283761
0.000640002
0.000395617
0.00088909
0.000492792
0.0010849
0.000572758
0.00121786
0.00063714
0.0012931
0.000687928
0.00131994
0.000726605
0.00130742
0.000754698
0.001264
0.000774243
0.00119801
0.000787669
0.00111746
0.000797346
0.00102928
0.000805163
0.000938755
0.000812321
0.000849314
0.000819355
0.00076281
0.000826297
0.000679962
0.000832876
0.000600817
0.000838692
0.000525095
0.000843322
0.000452403
0.000846388
0.000382343
0.000847567
0.000314544
0.000846598
0.000248671
0.000843264
0.00018441
0.000837389
0.00012146
0.000828824
5.95265e-05
0.000817435
-1.69348e-06
0.000803116
-6.24965e-05
0.000785769
-0.000123199
0.000765304
-0.000184137
0.000741645
-0.000245677
0.000714721
-0.000308196
0.000684454
-0.000372097
0.000650744
-0.000437793
0.000613448
-0.000505676
0.000572362
-0.000576062
0.00052721
-0.000649088
0.000477654
-0.000724584
0.00042334
-0.000801915
0.00036401
-0.000879883
0.000299693
-0.000956903
0.000230936
-0.00103193
0.000158863
-0.00110717
8.44961e-05
-0.00119487
6.43817e-06
-0.00133286
-8.35615e-05
-0.00160995
-0.000157494
-0.00211992
-0.000121338
-0.00241493
-0.0013689
1.19846e-05
-1.44594e-06
5.98023e-05
9.75608e-05
0.000146513
0.000286142
0.000258662
0.000527853
0.000376032
0.00077172
0.000483701
0.00097723
0.000575612
0.00112595
0.000651623
0.00121708
0.000713504
0.00125806
0.000762927
0.001258
0.000801319
0.00122561
0.00083031
0.00116902
0.000851893
0.00109588
0.00086821
0.00101297
0.000881189
0.000925776
0.000892275
0.000838228
0.000902331
0.000752754
0.000911702
0.000670592
0.000920355
0.000592164
0.000928037
0.000517413
0.000934399
0.000446041
0.000939077
0.000377665
0.000941736
0.000311885
0.00094209
0.000248318
0.000939895
0.000186605
0.000934951
0.000126404
0.00092709
6.73873e-05
0.000916163
9.2336e-06
0.000902055
-4.83892e-05
0.000884653
-0.000105796
0.000863849
-0.000163333
0.000839539
-0.000221367
0.000811614
-0.00028027
0.000779938
-0.000340421
0.000744339
-0.000402193
0.000704584
-0.000465922
0.000660369
-0.000531846
0.000611308
-0.000600028
0.000556963
-0.000670238
0.0004969
-0.000741853
0.000430842
-0.000813825
0.000358888
-0.000884949
0.000281797
-0.000954839
0.000201105
-0.00102647
0.00011855
-0.00111232
3.3731e-05
-0.00124804
-6.10321e-05
-0.00151519
-0.000149936
-0.00203101
-0.000130689
-0.00243418
-0.00149958
9.20027e-06
-1.06462e-05
4.773e-05
5.9031e-05
0.000122275
0.000211597
0.000226574
0.000423554
0.000344232
0.000654062
0.000459215
0.000862247
0.000562205
0.00102296
0.00065044
0.00112885
0.000724583
0.00118391
0.000786124
0.00119646
0.000836415
0.00117532
0.000876769
0.00112867
0.000908713
0.00106393
0.000933996
0.000987683
0.000954373
0.000905399
0.000971349
0.000821252
0.000986012
0.000738091
0.000998997
0.000657606
0.00101055
0.000580608
0.00102065
0.000507318
0.00102908
0.000437606
0.00103558
0.000371164
0.00103986
0.00030761
0.00104163
0.000246546
0.00104065
0.00018758
0.00103672
0.000130339
0.00102964
7.44635e-05
0.00101927
1.96104e-05
0.00100545
-3.45751e-05
0.000988068
-8.84118e-05
0.000966979
-0.000142244
0.000942042
-0.00019643
0.000913092
-0.00025132
0.000879925
-0.000307255
0.000842283
-0.000364551
0.000799835
-0.000423473
0.000752167
-0.000484178
0.00069879
-0.000546651
0.000639175
-0.000610623
0.000572844
-0.000675522
0.000499549
-0.00074053
0.000419533
-0.000804933
0.000333839
-0.000869145
0.000244447
-0.000937081
0.000153739
-0.00102161
6.22245e-05
-0.00115653
-3.65748e-05
-0.00141639
-0.000139309
-0.00192828
-0.000139962
-0.00243353
-0.00163955
7.221e-06
-1.78673e-05
3.724e-05
2.90119e-05
9.79549e-05
0.000150882
0.000189523
0.000331986
0.000301372
0.000542213
0.000418821
0.000744798
0.00053044
0.000911338
0.000630551
0.00102874
0.000717816
0.00109665
0.000792835
0.00112144
0.000856632
0.00111152
0.000910218
0.00107508
0.000954693
0.00101946
0.000991353
0.000951023
0.00102162
0.000875132
0.00104687
0.000796001
0.00106826
0.0007167
0.00108663
0.00063924
0.00110247
0.000564766
0.00111601
0.000493783
0.00112725
0.000426366
0.00113607
0.000362339
0.00114229
0.000301386
0.00114571
0.000243133
0.0011461
0.000187189
0.00114327
0.000133166
0.00113705
8.06882e-05
0.00112726
2.93984e-05
0.00111375
-2.1069e-05
0.00109637
-7.10296e-05
0.00107494
-0.000120819
0.00104928
-0.000170768
0.00101915
-0.000221193
0.000984282
-0.000272381
0.000944313
-0.000324583
0.000898818
-0.000377978
0.000847282
-0.000432642
0.000789125
-0.000488494
0.000723761
-0.000545259
0.000650717
-0.000602478
0.00056984
-0.000659653
0.000481592
-0.000716685
0.000387352
-0.000774905
0.000289544
-0.000839272
0.000191093
-0.00092316
9.32729e-05
-0.00105871
-8.86661e-06
-0.00131425
-0.00012317
-0.00181398
-0.000147522
-0.00240917
-0.00178707
5.87114e-06
-2.37384e-05
2.80834e-05
6.79955e-06
7.40666e-05
0.000104899
0.000148964
0.000257089
0.000248919
0.000442258
0.000362874
0.000630843
0.000479064
0.000795148
0.000589354
0.000918449
0.000689844
0.000996156
0.000779441
0.00103184
0.000858284
0.00103268
0.000926891
0.00100647
0.000985932
0.000960414
0.00103626
0.000900699
0.00107889
0.000832497
0.00111495
0.000759939
0.00114551
0.000686143
0.00117146
0.000613289
0.00119348
0.000542748
0.001212
0.000475263
0.00122725
0.000411114
0.00123931
0.00035028
0.00124815
0.00029255
0.00125366
0.000237616
0.00125573
0.00018512
0.00125421
0.00013469
0.00124894
8.59596e-05
0.00123976
3.85734e-05
0.00122652
-7.82513e-06
0.00120903
-5.35453e-05
0.0011871
-9.88907e-05
0.00116049
-0.000144153
0.0011289
-0.0001896
0.00109197
-0.000235457
0.00104928
-0.000281893
0.00100031
-0.000329008
0.00094447
-0.000376799
0.000881123
-0.000425148
0.000809685
-0.000473821
0.000729758
-0.000522551
0.000641362
-0.000571257
0.000545226
-0.000620549
0.000443061
-0.00067274
0.00033764
-0.000733851
0.000232265
-0.000817785
0.000128808
-0.000955248
2.3534e-05
-0.00120898
-9.86895e-05
-0.00169175
-0.000151191
-0.00235667
-0.00193826
4.14549e-06
-2.78839e-05
1.80305e-05
-7.08553e-06
4.84795e-05
7.44498e-05
0.000104152
0.000201416
0.000187368
0.000359042
0.000291989
0.000526222
0.000407757
0.000679379
0.000525186
0.00080102
0.000637881
0.000883461
0.000742478
0.000927247
0.000837583
0.000937574
0.000922802
0.000921255
0.000998222
0.000884994
0.00106423
0.000834694
0.00112144
0.000775279
0.00117068
0.000710706
0.00121281
0.000644016
0.00124867
0.000577419
0.00127902
0.000512402
0.00130442
0.000449862
0.00132529
0.000390247
0.00134189
0.000333683
0.00135435
0.000280082
0.00136274
0.000229226
0.00136704
0.000180822
0.00136719
0.000134547
0.00136308
9.0067e-05
0.0013546
4.70564e-05
0.00134158
5.1935e-06
0.00132386
-3.58239e-05
0.0013012
-7.62363e-05
0.00127334
-0.00011629
0.00123993
-0.000156192
0.00120057
-0.000196094
0.00115476
-0.000236088
0.00110195
-0.000276198
0.00104153
-0.000316373
0.000972874
-0.000356497
0.000895497
-0.000396444
0.000809162
-0.000436216
0.000714121
-0.000476217
0.000611366
-0.000517794
0.000502827
-0.0005642
0.000391391
-0.000622416
0.000280391
-0.000706784
0.000171919
-0.000846777
6.29242e-05
-0.00109998
-6.31463e-05
-0.00156568
-0.000148252
-0.00227157
-0.00208651
-6.33435e-07
-2.72505e-05
1.4845e-06
-9.20351e-06
1.47756e-05
6.11587e-05
5.02444e-05
0.000165948
0.000114451
0.000294835
0.000205791
0.000434882
0.000316657
0.000568514
0.000437567
0.00068011
0.000560347
0.000760682
0.000679334
0.000808259
0.000791169
0.000825739
0.000894083
0.000818341
0.000987278
0.000791799
0.00107056
0.000751416
0.00114412
0.000701717
0.00120844
0.000646383
0.00126417
0.000588283
0.00131204
0.000529551
0.00135276
0.000471687
0.00138695
0.000415664
0.00141516
0.000362036
0.0014378
0.000311049
0.00145515
0.000262729
0.00146742
0.000216955
0.00147472
0.000173522
0.0014771
0.000132174
0.00147453
9.26367e-05
0.00146695
5.46368e-05
0.00145423
1.79118e-05
0.00143622
-1.7812e-05
0.00141269
-5.27114e-05
0.00138337
-8.69725e-05
0.00134791
-0.000120733
0.0013059
-0.000154077
0.00125684
-0.000187033
0.00120022
-0.000219578
0.0011355
-0.000251652
0.00106221
-0.000283202
0.00098003
-0.000314269
0.00088898
-0.000345166
0.000789546
-0.000376783
0.000682876
-0.000411124
0.000570892
-0.000452216
0.000456234
-0.000507758
0.000341759
-0.000592309
0.000229037
-0.000734055
0.000114906
-0.000985852
-1.3452e-05
-0.00143732
-0.000134052
-0.00215097
-0.00222056
-1.33999e-05
-1.38506e-05
-3.09148e-05
8.31132e-06
-3.76745e-05
6.79184e-05
-2.18596e-05
0.000150133
2.41035e-05
0.000248872
0.00010167
0.000357316
0.00020551
0.000464673
0.000327002
0.000558617
0.000457289
0.000630395
0.000589018
0.00067653
0.000716931
0.000697826
0.00083765
0.000697622
0.000949217
0.000680232
0.00105065
0.000649978
0.00114164
0.000610728
0.0012223
0.000565725
0.00129303
0.000517553
0.0013544
0.000468184
0.00140704
0.000419045
0.0014516
0.00037111
0.00148865
0.000324985
0.0015187
0.000280996
0.00154217
0.000239258
0.00155938
0.000199746
0.00157056
0.00016234
0.00157587
0.000126866
0.00157538
9.31234e-05
0.00156911
6.09072e-05
0.001557
3.00235e-05
0.00153891
2.75372e-07
0.0015147
-2.84967e-05
0.00148411
-5.63897e-05
0.00144687
-8.34897e-05
0.00140263
-0.000109835
0.00135102
-0.000135424
0.00129167
-0.000160233
0.00122427
-0.000184245
0.00114858
-0.00020751
0.00106456
-0.000230255
0.000972464
-0.000253069
0.000872895
-0.000277213
0.000766915
-0.000305144
0.000656072
-0.000341373
0.000542324
-0.00039401
0.000427588
-0.000477573
0.000312278
-0.000618745
0.000192097
-0.000865672
5.64214e-05
-0.00130165
-9.82978e-05
-0.00199625
-0.00231886
-4.09728e-05
2.71222e-05
-9.0181e-05
5.75195e-05
-0.000121106
9.88436e-05
-0.00012316
0.000152187
-9.13547e-05
0.000217066
-2.47125e-05
0.000290674
7.31689e-05
0.000366792
0.000194531
0.000437255
0.000330377
0.000494548
0.000472674
0.000534233
0.000614856
0.000555643
0.00075215
0.000560328
0.000881398
0.000550985
0.00100073
0.000530648
0.00110919
0.000502264
0.00120648
0.000468439
0.0012927
0.000431335
0.00136823
0.000392653
0.0014336
0.00035367
0.00148941
0.000315295
0.00153627
0.000278131
0.00157473
0.00024254
0.00160528
0.000208702
0.00162836
0.000176667
0.00164431
0.000146393
0.00165339
0.000117784
0.0016558
9.0717e-05
0.00165165
6.50549e-05
0.001641
4.0669e-05
0.00162383
1.74497e-05
0.00160004
-4.70409e-06
0.00156952
-2.58762e-05
0.00153216
-4.61284e-05
0.00148781
-6.54807e-05
0.00143633
-8.39427e-05
0.00137762
-0.000101526
0.00131165
-0.000118278
0.00123849
-0.000134349
0.00115833
-0.000150091
0.00107149
-0.000166234
0.000978461
-0.000184182
0.000879822
-0.000206505
0.000776233
-0.000237784
0.000668348
-0.000286125
0.000556556
-0.000365781
0.000439892
-0.000502081
0.000312795
-0.000738574
0.000159772
-0.00114862
-2.67626e-05
-0.00180971
-0.00234562
-9.01044e-05
0.000117227
-0.000183173
0.000150588
-0.000240248
0.000155918
-0.000257482
0.000169421
-0.000234977
0.000194561
-0.0001742
0.000229897
-7.94178e-05
0.00027201
4.25647e-05
0.000315273
0.000183146
0.000353967
0.000333823
0.000383556
0.000487613
0.000401853
0.000638856
0.000409085
0.000783497
0.000406343
0.000918882
0.000395263
0.00104343
0.000377716
0.00115636
0.000355512
0.00125744
0.000330248
0.00134685
0.000303245
0.00142498
0.000275542
0.00149236
0.000247912
0.00154959
0.000220902
0.00159727
0.000194866
0.00163595
0.000170015
0.00166618
0.000146446
0.00168839
0.000124181
0.00170298
0.000103189
0.00171029
8.34098e-05
0.00171058
6.47685e-05
0.00170406
4.71871e-05
0.00169091
3.05963e-05
0.00167128
1.49292e-05
0.0016452
1.9676e-07
0.0016127
-1.36199e-05
0.00157386
-2.66491e-05
0.00152886
-3.89417e-05
0.00147786
-5.05225e-05
0.00142105
-6.14706e-05
0.00135867
-7.19658e-05
0.00129095
-8.23692e-05
0.00121808
-9.33691e-05
0.00114013
-0.00010623
0.00105686
-0.00012323
0.000967515
-0.000148444
0.000870577
-0.000189187
0.000763375
-0.000258579
0.000641555
-0.000380261
0.00049744
-0.000594458
0.00031225
-0.000963435
8.51065e-05
-0.00158257
-0.00226052
-0.000160369
0.000277596
-0.000293329
0.000283547
-0.000362672
0.000225261
-0.000384793
0.000191543
-0.000365756
0.000175524
-0.000308222
0.000172362
-0.000216415
0.000180203
-9.66612e-05
0.000195519
4.41994e-05
0.000213107
0.000198544
0.000229212
0.00035872
0.000241677
0.000518827
0.000248978
0.000674387
0.000250784
0.000822156
0.000247494
0.000960003
0.000239869
0.00108669
0.000228829
0.00120163
0.000215304
0.00130474
0.000200139
0.00139623
0.000184048
0.00147654
0.000167597
0.00154623
0.000151214
0.0016059
0.000135201
0.00165615
0.00011976
0.00169759
0.00010501
0.00173076
9.1013e-05
0.00175616
7.77868e-05
0.00177424
6.53226e-05
0.00178542
5.35956e-05
0.00179003
4.25726e-05
0.00178841
3.22186e-05
0.00178084
2.24998e-05
0.00176766
1.33745e-05
0.0017492
4.84461e-06
0.00172559
-3.0439e-06
0.001697
-1.03528e-05
0.00166366
-1.71836e-05
0.00162582
-2.36265e-05
0.00158367
-2.98201e-05
0.00153734
-3.60312e-05
0.00148673
-4.27604e-05
0.00143141
-5.09176e-05
0.00137032
-6.21374e-05
0.00130123
-7.93541e-05
0.00121994
-0.000107892
0.00111885
-0.000157493
0.00098496
-0.000246372
0.000799307
-0.000408805
0.000541162
-0.00070529
0.000229435
-0.00127084
-0.00203108
-0.000223968
0.000501564
-0.000284697
0.000344277
-0.000270987
0.000211551
-0.000242541
0.000163096
-0.000199565
0.000132548
-0.000136066
0.000108862
-5.02769e-05
9.44142e-05
5.72643e-05
8.79779e-05
0.00018334
8.70307e-05
0.000323339
8.92127e-05
0.000472366
9.26501e-05
0.000625406
9.59378e-05
0.000778092
9.80979e-05
0.000926938
9.8648e-05
0.00106934
9.74635e-05
0.00120351
9.46639e-05
0.0013283
9.05092e-05
0.00144313
8.53147e-05
0.00154778
7.93949e-05
0.00164235
7.30311e-05
0.0017271
6.64568e-05
0.00180245
5.98548e-05
0.00186885
5.33601e-05
0.00192679
4.70668e-05
0.00197677
4.10359e-05
0.00201925
3.53034e-05
0.00205469
2.98875e-05
0.00208349
2.47942e-05
0.00210604
2.00218e-05
0.00212269
1.55634e-05
0.00213378
1.14104e-05
0.00213961
7.55238e-06
0.00214048
3.97525e-06
0.00213676
6.76083e-07
0.00212875
-2.3427e-06
0.00211666
-5.09834e-06
0.00210067
-7.63949e-06
0.0020809
-1.00462e-05
0.00205733
-1.24603e-05
0.0020297
-1.51364e-05
0.00199731
-1.85243e-05
0.00195858
-2.34113e-05
0.00191041
-3.11779e-05
0.00184674
-4.42253e-05
0.00175609
-6.68418e-05
0.00161636
-0.000106644
0.00138895
-0.000181387
0.00101736
-0.000333704
0.000489558
-0.00074304
-0.00154153
0.000501564
0.000845841
0.00105739
0.00122049
0.00135304
0.0014619
0.00155631
0.00164429
0.00173132
0.00182053
0.00191318
0.00200912
0.00210722
0.00220587
0.00230333
0.002398
0.0024885
0.00257382
0.00265321
0.00272624
0.0027927
0.00285256
0.00290592
0.00295298
0.00299402
0.00302932
0.00305921
0.003084
0.00310403
0.00311959
0.003131
0.00313855
0.00314253
0.0031432
0.00314086
0.00313576
0.00312812
0.00311808
0.00310562
0.00309048
0.00307196
0.00304854
0.00301737
0.00297314
0.0029063
0.00279966
0.00261827
0.00228456
0.00154153
)
;

boundaryField
{
    movingWall
    {
        type            calculated;
        value           uniform 0;
    }
    fixedWalls
    {
        type            calculated;
        value           uniform 0;
    }
    frontAndBack
    {
        type            empty;
        value           nonuniform 0();
    }
}


// ************************************************************************* //
