/*--------------------------------*- C++ -*----------------------------------*\
  =========                 |
  \\      /  F ield         | OpenFOAM: The Open Source CFD Toolbox
   \\    /   O peration     | Website:  https://openfoam.org
    \\  /    A nd           | Version:  7
     \\/     M anipulation  |
\*---------------------------------------------------------------------------*/
FoamFile
{
    version     2.0;
    format      ascii;
    class       surfaceScalarField;
    location    "300";
    object      phi;
}
// * * * * * * * * * * * * * * * * * * * * * * * * * * * * * * * * * * * * * //

dimensions      [0 3 -1 0 0 0 0];

internalField   nonuniform List<scalar> 
4900
(
1.70007e-06
-1.71887e-06
6.23964e-06
-4.53873e-06
1.1739e-05
-5.50326e-06
1.65253e-05
-4.79099e-06
1.97687e-05
-3.24748e-06
2.14017e-05
-1.63633e-06
2.17732e-05
-3.74396e-07
2.12592e-05
5.11556e-07
2.00003e-05
1.25662e-06
1.78289e-05
2.16908e-06
1.43491e-05
3.47764e-06
9.07137e-06
5.27565e-06
1.50205e-06
7.56739e-06
-8.81368e-06
1.0314e-05
-2.22278e-05
1.34125e-05
-3.89047e-05
1.66755e-05
-5.87504e-05
1.98443e-05
-8.13299e-05
2.25783e-05
-0.000105804
2.44734e-05
-0.000130915
2.51099e-05
-0.000155032
2.41159e-05
-0.000176264
2.1231e-05
-0.000192623
1.63582e-05
-0.000202226
9.60182e-06
-0.000203538
1.31174e-06
-0.000195605
-7.93418e-06
-0.000178165
-1.74406e-05
-0.000151725
-2.64401e-05
-0.000117566
-3.41597e-05
-7.77018e-05
-3.98648e-05
-3.4776e-05
-4.29264e-05
8.09946e-06
-4.28761e-05
4.76552e-05
-3.95563e-05
8.10146e-05
-3.33601e-05
0.000105979
-2.49648e-05
0.000121253
-1.52752e-05
0.000126692
-5.43954e-06
0.000123348
3.34323e-06
0.000113205
1.01425e-05
9.86528e-05
1.45521e-05
8.2042e-05
1.66103e-05
6.53244e-05
1.67171e-05
4.98613e-05
1.54627e-05
3.64005e-05
1.34603e-05
2.51799e-05
1.122e-05
1.60986e-05
9.08084e-06
8.93335e-06
7.16471e-06
3.61664e-06
5.31617e-06
5.12677e-07
3.10345e-06
5.1257e-07
4.48569e-06
-6.2013e-06
1.38727e-05
-1.3931e-05
2.43366e-05
-1.59774e-05
3.29137e-05
-1.33788e-05
3.79941e-05
-8.33731e-06
3.91897e-05
-2.84003e-06
3.67825e-05
2.02585e-06
3.10754e-05
6.21231e-06
2.19536e-05
1.03724e-05
8.78126e-06
1.53356e-05
-9.4464e-06
2.16998e-05
-3.38358e-05
2.966e-05
-6.52893e-05
3.90164e-05
-0.000104246
4.92668e-05
-0.000150472
5.96347e-05
-0.000202897
6.90979e-05
-0.000259563
7.65077e-05
-0.000317747
8.07595e-05
-0.000374239
8.09637e-05
-0.000425697
7.65656e-05
-0.000468977
6.73943e-05
-0.000501398
5.36509e-05
-0.000520905
3.58636e-05
-0.000526153
1.48485e-05
-0.000516593
-8.24921e-06
-0.000492318
-3.22108e-05
-0.000453958
-5.58013e-05
-0.000402707
-7.76925e-05
-0.000340381
-9.64869e-05
-0.000269442
-0.000110805
-0.000192971
-0.000119398
-0.000114541
-0.000121307
-3.80322e-05
-0.000116067
3.24799e-05
-0.000103874
9.32761e-05
-8.57625e-05
0.000141523
-6.35232e-05
0.000175276
-3.91938e-05
0.000193722
-1.5104e-05
0.000197421
6.44231e-06
0.000188441
2.35301e-05
0.000169917
3.51338e-05
0.000145437
4.1196e-05
0.000118419
4.24788e-05
9.1646e-05
4.02323e-05
6.70021e-05
3.58628e-05
4.54911e-05
3.05905e-05
2.75161e-05
2.51384e-05
1.337e-05
1.9461e-05
3.7684e-06
1.27038e-05
4.28084e-06
5.997e-06
-1.21985e-05
1.73506e-05
-2.52876e-05
2.88003e-05
-2.74342e-05
3.67869e-05
-2.13738e-05
3.94508e-05
-1.10095e-05
3.62041e-05
3.99037e-07
2.69805e-05
1.12425e-05
1.15646e-05
2.16219e-05
-1.08198e-05
3.27509e-05
-4.14593e-05
4.59699e-05
-8.17174e-05
6.19534e-05
-0.000132514
8.0453e-05
-0.000193904
0.000100403
-0.000264762
0.000120122
-0.000342718
0.000137589
-0.000424393
0.000150771
-0.000505853
0.000157966
-0.000583137
0.000158041
-0.000652699
0.000150524
-0.000711683
0.000135549
-0.000758018
0.000113728
-0.000790361
8.59928e-05
-0.000807962
5.34637e-05
-0.000810482
1.73667e-05
-0.000797794
-2.09378e-05
-0.000769915
-6.00908e-05
-0.000727148
-9.85688e-05
-0.000670216
-0.000134626
-0.000600341
-0.000166363
-0.000519351
-0.000191796
-0.000429751
-0.000208999
-0.000334724
-0.000216335
-0.000238045
-0.000212747
-0.000143851
-0.000198069
-5.63724e-05
-0.000173242
2.04041e-05
-0.000140301
8.34754e-05
-0.000102266
0.000131036
-6.26663e-05
0.00016211
-2.46325e-05
0.00017682
8.81855e-06
0.000176679
3.52741e-05
0.000164469
5.34047e-05
0.000143731
6.32158e-05
0.000118147
6.58147e-05
9.09881e-05
6.30209e-05
6.47416e-05
5.68359e-05
4.1082e-05
4.87968e-05
2.12242e-05
3.93174e-05
6.61484e-06
2.73122e-05
1.08955e-05
6.5118e-06
-1.87091e-05
1.75843e-05
-3.63629e-05
2.68973e-05
-3.67529e-05
3.06373e-05
-2.5121e-05
2.70008e-05
-7.3806e-06
1.52922e-05
1.21005e-05
-5.03237e-06
3.15606e-05
-3.49991e-05
5.15829e-05
-7.61396e-05
7.38866e-05
-0.00012993
9.97559e-05
-0.000197086
0.000129106
-0.000277002
0.000160366
-0.000367518
0.000190916
-0.000465111
0.000217714
-0.000565444
0.000237919
-0.000664054
0.000249379
-0.000756968
0.000250878
-0.00084106
0.000242133
-0.000914143
0.000223606
-0.00097484
0.000196244
-0.00102235
0.000161236
-0.0010562
0.000119845
-0.00107607
7.3331e-05
-0.00108165
2.29406e-05
-0.00107254
-3.00399e-05
-0.00104846
-8.41781e-05
-0.00100923
-0.000137801
-0.000954907
-0.000188946
-0.000885896
-0.000235375
-0.000803101
-0.000274592
-0.000708126
-0.000303974
-0.000603436
-0.000321026
-0.000492428
-0.000323756
-0.000379359
-0.000311139
-0.000269059
-0.000283542
-0.000166395
-0.000242966
-7.57009e-05
-0.000192961
-2.86009e-07
-0.000138082
5.82453e-05
-8.31652e-05
9.95855e-05
-3.25229e-05
0.000123989
1.0869e-05
0.000132729
4.46643e-05
0.000128292
6.7651e-05
0.000113967
8.01389e-05
9.33324e-05
8.36542e-05
6.97553e-05
8.04119e-05
4.6062e-05
7.24889e-05
2.46152e-05
6.07631e-05
7.92308e-06
4.40031e-05
1.88185e-05
6.19568e-06
-2.49057e-05
1.48418e-05
-4.5012e-05
1.90751e-05
-4.09911e-05
1.52399e-05
-2.12921e-05
1.79138e-06
6.06121e-06
-2.2162e-05
3.60477e-05
-5.78085e-05
6.72017e-05
-0.000106881
0.000100651
-0.000170997
0.000137999
-0.000250694
0.000179449
-0.000344747
0.000223157
-0.000450096
0.000265713
-0.000562321
0.000303138
-0.000676454
0.000331845
-0.000787814
0.000349279
-0.000892597
0.000354161
-0.0009881
0.00034638
-0.00107264
0.000326673
-0.0011453
0.000296264
-0.00120563
0.000256568
-0.0012534
0.00020901
-0.00128849
0.000154939
-0.00131079
9.56239e-05
-0.00132013
3.22773e-05
-0.00131624
-3.39266e-05
-0.00129877
-0.000101651
-0.00126722
-0.000169346
-0.00122103
-0.000235141
-0.00115964
-0.000296769
-0.00108273
-0.000351497
-0.000990528
-0.000396179
-0.000884093
-0.000427461
-0.000765685
-0.000442164
-0.000638967
-0.000437858
-0.000508978
-0.000413532
-0.000381738
-0.000370207
-0.00026346
-0.00031124
-0.000159478
-0.000242065
-7.33566e-05
-0.000169288
-6.57614e-06
-9.93045e-05
4.13855e-05
-3.7094e-05
7.17817e-05
1.42669e-05
8.62114e-05
5.32201e-05
8.71907e-05
7.91585e-05
7.792e-05
9.29238e-05
6.19077e-05
9.64232e-05
4.26167e-05
9.17788e-05
2.33481e-05
8.00305e-05
7.58427e-06
5.9766e-05
2.64026e-05
4.87002e-06
-2.97763e-05
8.77183e-06
-4.89175e-05
5.06522e-06
-3.72893e-05
-9.29118e-06
-6.94133e-06
-3.56441e-05
3.24086e-05
-7.51639e-05
7.55627e-05
-0.000129575
0.000121609
-0.000200615
0.000171688
-0.000288808
0.000226189
-0.000392581
0.00028322
-0.000508237
0.000338811
-0.000630672
0.000388147
-0.000754419
0.000426883
-0.000874574
0.000451998
-0.000987358
0.000462061
-0.00109025
0.000457051
-0.0011818
0.000437934
-0.00126136
0.000406229
-0.00132876
0.000363663
-0.00138416
0.000311966
-0.0014279
0.000252751
-0.00146042
0.000187461
-0.00148216
0.000117358
-0.00149343
4.35491e-05
-0.00149435
-3.3012e-05
-0.00148467
-0.000111327
-0.00146378
-0.000190235
-0.00143063
-0.000268292
-0.00138382
-0.000343581
-0.00132176
-0.000413554
-0.00124299
-0.000474954
-0.00114657
-0.000523883
-0.00103266
-0.000556071
-0.00090309
-0.00056743
-0.000761769
-0.000554853
-0.000614787
-0.000517189
-0.00046991
-0.000456118
-0.000335402
-0.000376574
-0.000218368
-0.000286323
-0.000123173
-0.0001945
-5.08283e-05
-0.00010944
2.72357e-07
-3.68349e-05
3.27355e-05
2.07557e-05
4.91179e-05
6.27749e-05
5.23729e-05
8.96677e-05
4.59091e-05
0.000102886
3.3427e-05
0.00010426
1.87878e-05
9.46687e-05
6.08625e-06
7.24665e-05
3.24888e-05
2.2219e-06
-3.19999e-05
-1.08514e-06
-4.56145e-05
-1.53274e-05
-2.30516e-05
-4.26864e-05
2.0413e-05
-8.43482e-05
7.40662e-05
-0.000141751
0.000132962
-0.000216582
0.000196437
-0.000309483
0.000264586
-0.000418863
0.000335567
-0.00054072
0.000405075
-0.000669465
0.000467554
-0.000799149
0.000517829
-0.00092451
0.000552243
-0.00104156
0.000569048
-0.00114769
0.000568192
-0.00124148
0.000550833
-0.00132237
0.000518833
-0.00139051
0.000474361
-0.00144647
0.000419624
-0.0014912
0.000356693
-0.00152583
0.000287379
-0.00155153
0.000213168
-0.00156939
0.000135211
-0.00158021
5.43735e-05
-0.0015845
-2.87262e-05
-0.00158226
-0.000113569
-0.00157296
-0.000199534
-0.00155543
-0.000285822
-0.00152783
-0.000371178
-0.00148772
-0.000453667
-0.00143221
-0.000530467
-0.00135835
-0.000597745
-0.00126371
-0.000650706
-0.00114722
-0.000683928
-0.00100999
-0.000692078
-0.000856153
-0.000671029
-0.000693055
-0.000619216
-0.000530708
-0.000538921
-0.000380129
-0.000436902
-0.000250841
-0.000323789
-0.000148395
-0.000211887
-7.33238e-05
-0.000111907
-2.23673e-05
-3.02019e-05
8.79733e-06
3.16091e-05
2.40379e-05
7.44259e-05
2.71372e-05
9.97855e-05
2.205e-05
0.000109346
1.29527e-05
0.000103765
4.18312e-06
8.12354e-05
3.66718e-05
-1.99629e-06
-3.00049e-05
-1.48831e-05
-3.27319e-05
-4.17295e-05
3.79062e-06
-8.38142e-05
6.24939e-05
-0.000142149
0.000132398
-0.000218121
0.000208931
-0.000312478
0.000290791
-0.000423879
0.000375986
-0.000548375
0.00046006
-0.000680115
0.000536814
-0.000812698
0.000600136
-0.000940374
0.000645503
-0.00105873
0.000670603
-0.00116487
0.000675183
-0.00125721
0.000660527
-0.00133525
0.000628879
-0.00139938
0.000582958
-0.00145062
0.000525603
-0.0014905
0.0004595
-0.00152079
0.000386984
-0.00154333
0.000309923
-0.00155984
0.000229678
-0.00157178
0.00014714
-0.00158023
6.28296e-05
-0.00158595
-2.30134e-05
-0.00158918
-0.000110331
-0.00158969
-0.000199027
-0.00158656
-0.000288952
-0.00157813
-0.000379613
-0.00156184
-0.000469954
-0.00153424
-0.000558065
-0.0014911
-0.000640888
-0.00142782
-0.000713984
-0.00134023
-0.000771521
-0.00122567
-0.000806637
-0.00108435
-0.000812354
-0.000920478
-0.000783085
-0.000742858
-0.000716541
-0.000564186
-0.000615575
-0.000398821
-0.000489154
-0.000259199
-0.00035151
-0.000152173
-0.000218933
-7.74799e-05
-0.000104896
-2.97099e-05
-1.61619e-05
-2.4387e-06
4.71536e-05
9.71304e-06
8.76326e-05
1.15639e-05
0.000107494
7.70601e-06
0.000107622
2.5749e-06
8.63654e-05
3.92466e-05
-7.84638e-06
-2.21605e-05
-3.21693e-05
-8.41299e-06
-7.29492e-05
4.4567e-05
-0.000130428
0.00011997
-0.000205419
0.000207386
-0.000298622
0.000302131
-0.000409089
0.000401257
-0.000533252
0.000500148
-0.000665291
0.000592098
-0.000798457
0.000669979
-0.000926451
0.000728129
-0.0010443
0.000763348
-0.00114863
0.000774934
-0.00123762
0.000764169
-0.00131075
0.000733661
-0.00136863
0.000686756
-0.00141271
0.000627038
-0.00144504
0.000557937
-0.00146797
0.000482426
-0.00148383
0.000402843
-0.00149475
0.000320845
-0.00150253
0.000237459
-0.0015086
0.000153207
-0.00151401
6.82409e-05
-0.0015195
-1.75251e-05
-0.00152548
-0.000104351
-0.00153202
-0.000192495
-0.00153872
-0.000282248
-0.0015446
-0.000373734
-0.0015478
-0.000466752
-0.00154537
-0.000560503
-0.00153304
-0.000653211
-0.00150535
-0.00074168
-0.00145599
-0.000820885
-0.00137881
-0.000883816
-0.00126932
-0.000921841
-0.00112654
-0.000925861
-0.000954754
-0.000888331
-0.00076438
-0.00080595
-0.000571246
-0.000682288
-0.000393547
-0.000529209
-0.00024685
-0.00036563
-0.000138987
-0.00021276
-6.81621e-05
-8.69879e-05
-2.62333e-05
5.22373e-06
-4.54499e-06
6.59433e-05
3.72562e-06
9.92227e-05
4.21072e-06
0.000107135
1.69455e-06
8.88809e-05
4.0941e-05
-1.50483e-05
-7.11349e-06
-5.19484e-05
2.84834e-05
-0.000106931
9.95471e-05
-0.000179306
0.000192342
-0.000269397
0.000297476
-0.000376618
0.000409351
-0.000498041
0.000522679
-0.000628221
0.000630326
-0.00076028
0.000724156
-0.000887413
0.00079711
-0.001004
0.00084471
-0.00110609
0.000865442
-0.0011915
0.000860346
-0.00125964
0.0008323
-0.00131126
0.000785287
-0.00134824
0.000723729
-0.00137311
0.000651915
-0.00138873
0.000573557
-0.00139784
0.000491533
-0.00140282
0.000407822
-0.00140558
0.000323598
-0.00140753
0.000239412
-0.00140971
0.000155382
-0.00141282
7.13578e-05
-0.00141739
-1.29537e-05
-0.00142381
-9.79322e-05
-0.00143235
-0.000183957
-0.00144314
-0.000271457
-0.00145602
-0.000360857
-0.00147026
-0.000452518
-0.00148419
-0.000546566
-0.00149482
-0.000642583
-0.0014974
-0.0007391
-0.00148535
-0.000832936
-0.00145065
-0.00091852
-0.00138499
-0.0009875
-0.00128178
-0.00102907
-0.00113869
-0.00103142
-0.000960089
-0.00098455
-0.00075841
-0.000883967
-0.000553147
-0.000734474
-0.000366726
-0.000552051
-0.000217655
-0.000361831
-0.000113762
-0.000190881
-5.05036e-05
-5.80354e-05
-1.65518e-05
3.19905e-05
-1.41697e-06
8.40868e-05
2.68853e-06
0.000103029
1.63249e-06
8.99359e-05
4.25734e-05
-2.30978e-05
1.59826e-05
-7.26966e-05
7.80795e-05
-0.000141069
0.000167918
-0.000226677
0.000277948
-0.000328958
0.000399756
-0.000445732
0.000526123
-0.000572281
0.000649226
-0.000701941
0.000759986
-0.000827564
0.000849779
-0.000942879
0.000912424
-0.00104328
0.00094511
-0.00112608
0.000948243
-0.00119047
0.000924737
-0.00123731
0.000879137
-0.00126877
0.000816748
-0.00128788
0.000742833
-0.00129794
0.000661978
-0.00130208
0.000577696
-0.00130288
0.000492336
-0.00130227
0.000407209
-0.00130153
0.000322856
-0.00130144
0.000239324
-0.00130246
0.000156399
-0.00130485
7.37467e-05
-0.00130882
-8.98661e-06
-0.00131461
-9.21435e-05
-0.00132253
-0.000176033
-0.001333
-0.000260988
-0.00134643
-0.000347422
-0.0013631
-0.000435848
-0.00138281
-0.000526861
-0.00140441
-0.000620989
-0.00142516
-0.000718342
-0.00144015
-0.000817954
-0.00144184
-0.000916828
-0.00142047
-0.00100887
-0.0013654
-0.00108413
-0.00126773
-0.0011291
-0.00112372
-0.00112856
-0.000938167
-0.00106952
-0.000726149
-0.000946492
-0.000511579
-0.000766622
-0.000321374
-0.000552036
-0.000176152
-0.000336104
-8.19138e-05
-0.000152274
-2.98303e-05
-2.00937e-05
-5.52277e-06
5.97784e-05
2.43171e-06
9.50735e-05
2.16469e-06
9.02024e-05
4.47379e-05
-3.12463e-05
4.72281e-05
-9.25973e-05
0.000139428
-0.000172625
0.000247944
-0.000268823
0.000374145
-0.000379486
0.000510418
-0.000500881
0.000647517
-0.00062698
0.000775325
-0.000750607
0.000883612
-0.000864948
0.000964119
-0.00096467
0.00101215
-0.00104645
0.00102689
-0.00110907
0.00101087
-0.0011533
0.000968965
-0.00118149
0.000907334
-0.00119706
0.000832313
-0.00120375
0.000749526
-0.00120506
0.000663286
-0.00120379
0.000576419
-0.00120187
0.000490418
-0.00120046
0.000405801
-0.00120011
0.000322498
-0.00120095
0.000240169
-0.00120296
0.000158407
-0.00120605
7.68361e-05
-0.00121019
-4.85091e-06
-0.00121545
-8.68841e-05
-0.00122205
-0.000169426
-0.00123041
-0.000252631
-0.0012411
-0.000336728
-0.00125487
-0.000422082
-0.00127246
-0.000509274
-0.00129431
-0.000599138
-0.00131998
-0.000692666
-0.00134731
-0.000790629
-0.00137139
-0.000892749
-0.0013839
-0.000996357
-0.00137327
-0.00109477
-0.00132633
-0.00117603
-0.00123174
-0.00122315
-0.00108457
-0.00121669
-0.000890757
-0.00114031
-0.00066915
-0.00098823
-0.000449027
-0.000772159
-0.000261688
-0.000523444
-0.000128001
-0.000285961
-4.93659e-05
-9.87298e-05
-1.14212e-05
2.18329e-05
2.08305e-06
8.15687e-05
2.85765e-06
8.94267e-05
4.75955e-05
-3.86195e-05
8.58465e-05
-0.000109926
0.000210733
-0.000199122
0.00033714
-0.000302624
0.000477645
-0.000417527
0.00062532
-0.000538836
0.000768825
-0.000659796
0.000896285
-0.000773313
0.000997128
-0.00087335
0.00106416
-0.000955799
0.00109459
-0.00101882
0.00108991
-0.00106283
0.00105487
-0.00109015
0.00099628
-0.00110439
0.00092158
-0.0011097
0.00083762
-0.00110993
0.000749755
-0.00110813
0.000661486
-0.00110632
0.000574611
-0.00110557
0.000489669
-0.00110624
0.000406468
-0.00110825
0.00032451
-0.00111135
0.000243267
-0.00111525
0.000162303
-0.00111971
8.13014e-05
-0.00112462
5.50454e-08
-0.00112995
-8.15581e-05
-0.00113579
-0.000163577
-0.00114241
-0.000246021
-0.0011502
-0.00032893
-0.00115986
-0.000412428
-0.00117231
-0.000496822
-0.00118872
-0.00058273
-0.00121017
-0.000671213
-0.00123704
-0.00076376
-0.00126787
-0.000861918
-0.00129798
-0.000966254
-0.00131825
-0.00107449
-0.00131515
-0.00117913
-0.00127278
-0.00126552
-0.00117737
-0.00131209
-0.00102345
-0.00129423
-0.000819393
-0.00119229
-0.000589478
-0.00100207
-0.000369345
-0.000743577
-0.000193666
-0.00046164
-8.01404e-05
-0.000212256
-2.21007e-05
-3.62073e-05
1.53196e-07
5.93136e-05
3.23944e-06
8.63401e-05
5.08348e-05
-4.44544e-05
0.000130301
-0.000123263
0.00028954
-0.000218664
0.00043254
-0.000325935
0.000584916
-0.000441095
0.00074048
-0.000558312
0.000886041
-0.000670644
0.00100862
-0.000771536
0.00109802
-0.000856033
0.00114865
-0.000921444
0.00116
-0.000967518
0.00113598
-0.000996231
0.00108359
-0.00101119
0.00101124
-0.00101677
0.00092716
-0.00101719
0.000838034
-0.00101579
0.000748354
-0.00101475
0.000660449
-0.00101514
0.000575004
-0.00101721
0.00049174
-0.00102074
0.000409994
-0.00102532
0.000329093
-0.00103057
0.000248513
-0.00103617
0.000167907
-0.00104194
8.70678e-05
-0.00104777
5.88273e-06
-0.00105362
-7.57016e-05
-0.00105954
-0.000157666
-0.00106558
-0.000239979
-0.00107192
-0.000322588
-0.0010789
-0.000405446
-0.00108714
-0.000488579
-0.00109766
-0.000572209
-0.00111192
-0.000656957
-0.0011316
-0.000744084
-0.00115791
-0.000835609
-0.0011902
-0.000933958
-0.00122403
-0.00104067
-0.00124934
-0.00115382
-0.00125031
-0.00126455
-0.00120805
-0.00135435
-0.00110672
-0.00139556
-0.000941511
-0.0013575
-0.000725404
-0.00121818
-0.000490242
-0.000978739
-0.000278489
-0.000673393
-0.00012531
-0.000365435
-3.9795e-05
-0.000121723
-4.49564e-06
2.4014e-05
2.98875e-06
7.88547e-05
5.38235e-05
-4.81878e-05
0.000178488
-0.00013164
0.000372992
-0.000230097
0.000530997
-0.000337707
0.000692525
-0.000449657
0.00085243
-0.000559717
0.000996101
-0.000661206
0.0011101
-0.000748423
0.00118524
-0.000817679
0.00121791
-0.000867767
0.00121009
-0.000899951
0.00116817
-0.000917494
0.00110113
-0.000924795
0.00101854
-0.000926352
0.000928717
-0.000925871
0.000837553
-0.000925801
0.000748283
-0.000927319
0.000661967
-0.000930648
0.000578334
-0.000935476
0.000496567
-0.000941308
0.000415826
-0.000947691
0.000335476
-0.000954304
0.000255125
-0.00096096
0.000174563
-0.000967578
9.36859e-05
-0.000974138
1.24434e-05
-0.000980645
-6.9195e-05
-0.0009871
-0.00015121
-0.000993495
-0.000233585
-0.00099982
-0.000316263
-0.00100611
-0.000399152
-0.00101256
-0.000482135
-0.00101963
-0.000565133
-0.00102833
-0.000648258
-0.00104032
-0.0007321
-0.00105782
-0.000818109
-0.00108288
-0.000908889
-0.00111567
-0.00100789
-0.00115177
-0.00111772
-0.00117979
-0.00123653
-0.00118106
-0.00135308
-0.00113351
-0.00144311
-0.00102007
-0.00147094
-0.00083885
-0.0013994
-0.000610496
-0.00120709
-0.000376612
-0.000907278
-0.000185245
-0.000556802
-6.59189e-05
-0.000241049
-1.24235e-05
-2.94825e-05
1.99348e-06
6.44375e-05
5.58169e-05
-4.94989e-05
0.000227987
-0.000134585
0.000458077
-0.000233023
0.000629435
-0.000337909
0.00079741
-0.000443886
0.000958407
-0.000544722
0.00109694
-0.000634319
0.0011997
-0.000708025
0.00125894
-0.000763472
0.00127335
-0.000800857
0.00124748
-0.000822701
0.00119001
-0.00083311
0.00111154
-0.000836698
0.00102213
-0.000837537
0.000929555
-0.000838458
0.000838474
-0.000840896
0.000750722
-0.000845169
0.000666239
-0.00085094
0.000584105
-0.000857653
0.00050328
-0.000864806
0.000422979
-0.000872065
0.000342735
-0.000879264
0.000262325
-0.000886363
0.000181663
-0.000893392
0.000100714
-0.0009004
1.94522e-05
-0.000907433
-6.21617e-05
-0.000914504
-0.000144139
-0.00092159
-0.000226499
-0.00092862
-0.000309233
-0.000935484
-0.000392288
-0.000942075
-0.000475544
-0.000948391
-0.000558817
-0.000954735
-0.000641914
-0.000962016
-0.000724819
-0.000972057
-0.000808069
-0.000987611
-0.000893335
-0.00101156
-0.000983941
-0.00104471
-0.00108457
-0.00108231
-0.00119893
-0.0011108
-0.00132459
-0.00110789
-0.00144602
-0.00104846
-0.00153037
-0.000916009
-0.00153185
-0.000715173
-0.00140793
-0.000478096
-0.00114435
-0.000257251
-0.000777647
-0.000101259
-0.000397041
-2.37857e-05
-0.000106956
2.6126e-07
4.03897e-05
5.60781e-05
-4.83103e-05
0.000276297
-0.000132085
0.000541852
-0.000227703
0.000725054
-0.000327319
0.000897026
-0.000425316
0.0010564
-0.000515771
0.00118739
-0.000593382
0.00127731
-0.000654613
0.00132017
-0.000698346
0.00131709
-0.000725965
0.00127509
-0.000740859
0.00120491
-0.000747466
0.00111814
-0.000750116
0.00102478
-0.000752097
0.000931537
-0.000755262
0.000841639
-0.000760172
0.000755632
-0.000766567
0.000672634
-0.000773867
0.000591405
-0.000781524
0.000510937
-0.000789177
0.000430632
-0.000796667
0.000350225
-0.00080398
0.000269638
-0.000811182
0.000188865
-0.000818366
0.000107899
-0.000825618
2.67049e-05
-0.000833004
-5.47746e-05
-0.000840554
-0.000136589
-0.000848261
-0.000218791
-0.000856068
-0.000301425
-0.000863851
-0.000384504
-0.000871416
-0.000467979
-0.000878525
-0.000551708
-0.000885
-0.000635438
-0.000890963
-0.000718856
-0.000897234
-0.000801798
-0.000905807
-0.000884761
-0.000919999
-0.000969748
-0.000943504
-0.00106106
-0.000977514
-0.00116492
-0.0010161
-0.00128601
-0.0010423
-0.00141981
-0.00102939
-0.00154329
-0.000950098
-0.00161114
-0.000791998
-0.00156603
-0.000571358
-0.00136499
-0.000335557
-0.00101345
-0.000145533
-0.000587065
-3.89496e-05
-0.00021354
-2.34518e-06
3.78538e-06
5.37329e-05
-4.47488e-05
0.000321046
-0.000124497
0.0006216
-0.000214887
0.000815445
-0.000307258
0.000989397
-0.000395973
0.00114512
-0.00047564
0.00126706
-0.000541853
0.00134353
-0.000592154
0.00137047
-0.000626499
0.00135143
-0.00064713
0.00129573
-0.000657875
0.00121565
-0.000663051
0.00112332
-0.000666356
0.00102809
-0.000670177
0.000935358
-0.000675495
0.000846957
-0.000682262
0.000762399
-0.000689941
0.000680314
-0.00069795
0.000599414
-0.000705886
0.000518874
-0.000713573
0.000438319
-0.000721003
0.000357656
-0.000728262
0.000276899
-0.000735468
0.000196072
-0.000742733
0.000115164
-0.000750145
3.41179e-05
-0.000757772
-4.71464e-05
-0.000765649
-0.000128712
-0.000773788
-0.000210652
-0.000782165
-0.000293048
-0.0007907
-0.000375969
-0.000799235
-0.000459443
-0.000807514
-0.000543428
-0.00081519
-0.000627762
-0.000821928
-0.000712117
-0.000827688
-0.000796038
-0.000833242
-0.000879207
-0.000840844
-0.000962146
-0.000854484
-0.00104742
-0.000878628
-0.00114078
-0.000914288
-0.00125035
-0.000952991
-0.00138111
-0.000972725
-0.00152356
-0.000941921
-0.00164194
-0.000833846
-0.0016741
-0.000645926
-0.00155291
-0.00041229
-0.00124708
-0.000196715
-0.000802641
-5.85543e-05
-0.000351699
-5.89364e-06
-4.88756e-05
4.78392e-05
-3.90934e-05
0.00036014
-0.00011243
0.000694937
-0.000195629
0.000898644
-0.000279333
0.0010731
-0.000358056
0.00122384
-0.000427075
0.00133608
-0.000482891
0.00139934
-0.000523996
0.00141158
-0.000551164
0.0013786
-0.000567136
0.0013117
-0.000575777
0.00122429
-0.000580949
0.00112849
-0.000585572
0.00103271
-0.000591189
0.000940976
-0.000598135
0.000853904
-0.00060603
0.000770295
-0.000614295
0.00068858
-0.000622475
0.000607595
-0.000630349
0.000526749
-0.000637897
0.000445868
-0.00064521
0.00036497
-0.000652421
0.00028411
-0.000659653
0.000203306
-0.000667013
0.000122524
-0.000674576
4.16823e-05
-0.000682402
-3.93196e-05
-0.000690521
-0.000120592
-0.000698953
-0.000202219
-0.000707696
-0.000284303
-0.000716717
-0.000366947
-0.000725924
-0.000450235
-0.000735137
-0.000534215
-0.00074405
-0.000618849
-0.000752224
-0.000703943
-0.000759186
-0.000789075
-0.00076477
-0.000873622
-0.000769799
-0.000957117
-0.00077696
-0.00104026
-0.000791098
-0.00112664
-0.000817287
-0.00122416
-0.000855274
-0.00134312
-0.000891936
-0.00148689
-0.00089843
-0.00163545
-0.000839523
-0.00173301
-0.000694634
-0.0016978
-0.000479335
-0.00146238
-0.000250775
-0.0010312
-8.2733e-05
-0.000519742
-1.03665e-05
-0.000121242
3.74728e-05
-3.17193e-05
0.000391859
-9.66387e-05
0.000759857
-0.000171121
0.000973127
-0.000245214
0.0011472
-0.00031369
0.00129232
-0.000372551
0.00139494
-0.000419144
0.00144593
-0.000452729
0.00144517
-0.000474609
0.00140048
-0.000487682
0.00132477
-0.00049553
0.00123214
-0.000501383
0.00113435
-0.000507378
0.0010387
-0.000514389
0.000947988
-0.00052235
0.000861865
-0.00053077
0.000778715
-0.000539159
0.00069697
-0.000547232
0.000615669
-0.000554926
0.000534444
-0.000562322
0.000453265
-0.000569558
0.000372207
-0.00057677
0.000291324
-0.000584074
0.000210611
-0.000591556
0.000130008
-0.000599282
4.9409e-05
-0.000607299
-3.13007e-05
-0.000615632
-0.000112258
-0.0006243
-0.000193549
-0.000633311
-0.000275292
-0.000642652
-0.000357605
-0.000652281
-0.000440605
-0.000662099
-0.000524396
-0.000671907
-0.00060904
-0.00068135
-0.000694499
-0.0006899
-0.000780525
-0.000696963
-0.000866558
-0.000702313
-0.000951767
-0.000706985
-0.00103559
-0.000714391
-0.00111923
-0.000730428
-0.00120812
-0.000760248
-0.0013133
-0.000800348
-0.00144679
-0.000830093
-0.0016057
-0.000812985
-0.00175012
-0.000714615
-0.00179617
-0.000530162
-0.00164684
-0.000302511
-0.00125885
-0.000110484
-0.000711768
-1.57668e-05
-0.000215959
2.17061e-05
-2.30526e-05
0.000414913
-7.79313e-05
0.000814737
-0.000142562
0.00103776
-0.000206488
0.00121112
-0.000264774
0.0013506
-0.000314143
0.00144431
-0.000352681
0.00148447
-0.000380209
0.00147269
-0.000398279
0.00141855
-0.000409653
0.00133615
-0.000417428
0.00123992
-0.000424139
0.00114106
-0.000431247
0.00104581
-0.000439154
0.000955896
-0.000447601
0.000870313
-0.000456127
0.000787242
-0.000464384
0.000705228
-0.000472242
0.000623528
-0.000479744
0.000541947
-0.000487021
0.000460544
-0.000494221
0.000379408
-0.000501469
0.000298573
-0.000508862
0.000218005
-0.000516475
0.000137623
-0.000524362
5.72986e-05
-0.000532571
-2.30898e-05
-0.000541118
-0.000103709
-0.000550019
-0.000184647
-0.000559279
-0.00026603
-0.000568893
-0.00034799
-0.000578841
-0.000430656
-0.000589071
-0.000514164
-0.000599473
-0.000598637
-0.000609821
-0.00068415
-0.000619703
-0.000770641
-0.000628494
-0.000857767
-0.000635499
-0.000944761
-0.000640539
-0.00103055
-0.000645139
-0.00111463
-0.000653841
-0.00119942
-0.000673641
-0.0012935
-0.000708398
-0.00141204
-0.000748058
-0.00156604
-0.000761564
-0.00173661
-0.000707101
-0.00185064
-0.000560972
-0.00179297
-0.000346958
-0.00147286
-0.00013985
-0.000918877
-2.19864e-05
-0.000333822
-2.80192e-07
-1.35343e-05
0.000428448
-5.71053e-05
0.000858309
-0.000111076
0.00109173
-0.000164564
0.00126461
-0.0002129
0.00139894
-0.000253482
0.0014849
-0.00028501
0.001516
-0.000307657
0.00149534
-0.000322977
0.00143387
-0.000333389
0.00134656
-0.00034139
0.00124792
-0.000348851
0.00114852
-0.000356698
0.00105366
-0.000365046
0.000964246
-0.000373587
0.000878854
-0.00038196
0.000795616
-0.00038996
0.00071323
-0.000397569
0.000631139
-0.000404892
0.000549271
-0.000412074
0.000467727
-0.000419252
0.000386588
-0.000426534
0.000305857
-0.000434003
0.000225476
-0.000441728
0.000145349
-0.000449764
6.53368e-05
-0.000458158
-1.46932e-05
-0.000466924
-9.49411e-05
-0.000476073
-0.000175496
-0.000485606
-0.000256496
-0.000495515
-0.000338079
-0.000505783
-0.000420387
-0.00051638
-0.000503566
-0.000527246
-0.000587771
-0.000538247
-0.000673148
-0.000549117
-0.00075977
-0.000559367
-0.000847516
-0.000568261
-0.000935867
-0.000575047
-0.00102376
-0.000579788
-0.00110989
-0.000584936
-0.00119427
-0.000596619
-0.00128182
-0.000622402
-0.00138625
-0.000661889
-0.00152656
-0.00069392
-0.00170458
-0.000676378
-0.00186818
-0.000570936
-0.00189841
-0.000380455
-0.00166334
-0.000168299
-0.00113103
-2.92218e-05
-0.000472898
-2.95019e-05
-3.58277e-06
0.000432031
-3.49227e-05
0.000889651
-7.76656e-05
0.00113447
-0.000120632
0.00130758
-0.000159342
0.00143765
-0.00019179
0.00151734
-0.000217159
0.00154137
-0.000235793
0.00151398
-0.000249063
0.00144714
-0.0002589
0.0013564
-0.000267166
0.00125618
-0.000275141
0.0011565
-0.000283358
0.00106188
-0.000291786
0.000972675
-0.000300152
0.000887222
-0.000308219
0.000803684
-0.000315898
0.000720911
-0.000323246
0.000638488
-0.00033039
0.000556417
-0.000337471
0.000474809
-0.000344608
0.000393727
-0.000351896
0.000313147
-0.000359409
0.000232992
-0.000367213
0.000153156
-0.000375371
7.34979e-05
-0.000383936
-6.12604e-06
-0.000392923
-8.59518e-05
-0.00040234
-0.000166077
-0.000412179
-0.000246654
-0.000422428
-0.000327828
-0.000433068
-0.000409746
-0.000444073
-0.00049256
-0.000455403
-0.00057644
-0.000466978
-0.000661571
-0.000478634
-0.000748114
-0.000490036
-0.000836112
-0.000500592
-0.000925311
-0.000509452
-0.0010149
-0.000515909
-0.00110343
-0.000520624
-0.00118955
-0.000527599
-0.00127484
-0.000544781
-0.00136907
-0.000578307
-0.00149303
-0.000618255
-0.00166463
-0.000628405
-0.00185803
-0.00056174
-0.00196507
-0.000401135
-0.00182395
-0.000193431
-0.00133874
-3.75286e-05
-0.000628799
-6.70302e-05
6.26408e-06
0.000425768
-1.20457e-05
0.000907962
-4.32138e-05
0.00116564
-7.56724e-05
0.00134004
-0.000105085
0.00146707
-0.000129934
0.00154219
-0.000149775
0.00156121
-0.000164983
0.00152919
-0.000176611
0.00145877
-0.000186023
0.00136581
-0.000194455
0.00126462
-0.000202681
0.00116472
-0.000210958
0.00107016
-0.000219198
0.000980916
-0.00022721
0.000895236
-0.000234874
0.000811349
-0.00024219
0.000728229
-0.000249254
0.000645554
-0.000256196
0.000563361
-0.000263144
0.000481759
-0.000270202
0.000400788
-0.000277454
0.000320403
-0.00028497
0.00024051
-0.000292815
0.000161003
-0.000301063
8.17496e-05
-0.000309775
2.58879e-06
-0.000318978
-7.67452e-05
-0.000328676
-0.000156376
-0.000338854
-0.000236475
-0.000349491
-0.000317189
-0.000360566
-0.000398669
-0.00037205
-0.000481073
-0.000383912
-0.000564577
-0.000396097
-0.000649385
-0.000408497
-0.000735713
-0.00042089
-0.000823719
-0.000432846
-0.000913354
-0.000443642
-0.0010041
-0.000452353
-0.00109472
-0.000458545
-0.00118336
-0.000464073
-0.00126931
-0.000475219
-0.00135792
-0.000500956
-0.00146729
-0.000541136
-0.00162445
-0.000569491
-0.00182967
-0.000536746
-0.00199782
-0.000408886
-0.00195181
-0.00021351
-0.00153411
-4.64969e-05
-0.000795811
-0.000113527
1.5407e-05
0.000410362
1.08879e-05
0.000912483
-8.44538e-06
0.00118498
-3.04854e-05
0.00136208
-5.0872e-05
0.00148745
-6.85117e-05
0.00155984
-8.32351e-05
0.00157594
-9.53571e-05
0.00154131
-0.000105529
0.00146895
-0.000114519
0.0013748
-0.000122963
0.00127306
-0.000131202
0.00117296
-0.000139298
0.00107825
-0.00014716
0.00098878
-0.000154695
0.000902772
-0.000161883
0.000818539
-0.00016879
0.000735138
-0.000175529
0.000652295
-0.000182225
0.00057006
-0.00018899
0.000488527
-0.000195919
0.000407719
-0.000203088
0.000327575
-0.000210566
0.000247991
-0.000218414
0.000168855
-0.000226717
9.00562e-05
-0.00023555
1.14252e-05
-0.000244959
-6.73322e-05
-0.000254946
-0.000146387
-0.000265485
-0.000225933
-0.00027655
-0.000306121
-0.000288117
-0.0003871
-0.000300159
-0.00046903
-0.000312644
-0.00055209
-0.000325528
-0.0006365
-0.000338731
-0.000722508
-0.000352098
-0.00081035
-0.000365323
-0.000900127
-0.000377852
-0.000991574
-0.000388829
-0.00108374
-0.000397374
-0.00117482
-0.000403793
-0.00126289
-0.000412036
-0.00134968
-0.000430945
-0.00144838
-0.000467003
-0.00158839
-0.000505299
-0.00179138
-0.000500084
-0.00200303
-0.000404954
-0.00204694
-0.000227684
-0.00171138
-5.56082e-05
-0.000967887
-0.000169135
2.34377e-05
0.000386926
3.31468e-05
0.000902775
2.6055e-05
0.00119207
1.42733e-05
0.00137386
2.70264e-06
0.00149903
-7.93543e-06
0.00157047
-1.77364e-05
0.00158574
-2.68994e-05
0.00155047
-3.56395e-05
0.00147769
-4.41245e-05
0.00138329
-5.24184e-05
0.00128136
-6.04809e-05
0.00118103
-6.82222e-05
0.001086
-7.55757e-05
0.000996136
-8.25406e-05
0.000909739
-8.91856e-05
0.000825186
-9.56238e-05
0.000741578
-0.000101979
0.000658653
-0.000108368
0.000576451
-0.00011489
0.000495052
-0.00012163
0.000414462
-0.000128666
0.000334614
-0.000136065
0.000255393
-0.000143887
0.000176682
-0.000152214
9.83874e-05
-0.000161142
2.03578e-05
-0.000170744
-5.7726e-05
-0.000181017
-0.00013611
-0.000191928
-0.000215019
-0.000203447
-0.000294599
-0.000215554
-0.000374991
-0.000228224
-0.000456358
-0.000241425
-0.000538887
-0.000255115
-0.000622808
-0.000269229
-0.000708392
-0.000283648
-0.00079593
-0.000298144
-0.00088563
-0.0003123
-0.000977417
-0.000325421
-0.00107062
-0.000336574
-0.00116366
-0.000345234
-0.00125423
-0.00035328
-0.00134163
-0.000367735
-0.00143393
-0.000398234
-0.00155789
-0.000440267
-0.00174934
-0.000455883
-0.00198742
-0.000391402
-0.00211142
-0.000235877
-0.0018669
-6.42041e-05
-0.00113956
-0.000233339
3.00851e-05
0.000356842
5.39497e-05
0.000878912
5.97033e-05
0.00118632
5.81905e-05
0.00137538
5.52235e-05
0.00150199
5.14636e-05
0.00157424
4.657e-05
0.00159063
4.04293e-05
0.00155662
3.32385e-05
0.00148488
2.54078e-05
0.00139112
1.74174e-05
0.00128935
9.67088e-06
0.00118878
2.3995e-06
0.00109327
-4.35109e-06
0.00100289
-1.06677e-05
0.000916058
-1.66977e-05
0.000831218
-2.25949e-05
0.000747478
-2.84921e-05
0.000664553
-3.44978e-05
0.00058246
-4.07037e-05
0.000501261
-4.71922e-05
0.000420954
-5.40416e-05
0.000341467
-6.13259e-05
0.000262681
-6.91101e-05
0.00018447
-7.74635e-05
0.000106746
-8.64726e-05
2.93722e-05
-9.6238e-05
-4.79559e-05
-0.000106769
-0.000125575
-0.000118038
-0.000203747
-0.000130017
-0.000282616
-0.000142697
-0.000362309
-0.000156054
-0.000442998
-0.000170057
-0.000524882
-0.000184664
-0.000608199
-0.000199815
-0.00069324
-0.00021541
-0.000780334
-0.000231267
-0.000869771
-0.000247065
-0.000961618
-0.000262258
-0.00105543
-0.000276032
-0.00114989
-0.000287564
-0.0012427
-0.000297325
-0.00133187
-0.000310013
-0.00142124
-0.000335584
-0.00153232
-0.000377434
-0.00170749
-0.000407763
-0.00195709
-0.000370611
-0.00214857
-0.000238587
-0.00199893
-7.17254e-05
-0.00130642
-0.000305064
3.51452e-05
0.000321698
7.2629e-05
0.00084143
9.17821e-05
0.00116717
0.000100761
0.0013664
0.000106341
0.00149642
0.000109473
0.0015711
0.00010962
0.00159049
0.000106705
0.00155953
0.000101285
0.0014903
9.43028e-05
0.00139811
8.67589e-05
0.0012969
7.942e-05
0.00119612
7.26785e-05
0.00110001
6.65831e-05
0.00100899
6.09763e-05
0.000921667
5.56363e-05
0.00083656
5.03655e-05
0.000752751
4.5017e-05
0.000669904
3.9483e-05
0.000587997
3.36753e-05
0.000507071
2.7511e-05
0.000427122
2.09072e-05
0.000348075
1.3781e-05
0.000269811
6.05438e-06
0.000192201
-2.34112e-06
0.000115146
-1.14586e-05
3.84952e-05
-2.13612e-05
-3.80481e-05
-3.20952e-05
-0.000114837
-4.36766e-05
-0.000192162
-5.61017e-05
-0.000270187
-6.93651e-05
-0.000349043
-8.34518e-05
-0.000428909
-9.83313e-05
-0.00051
-0.00011396
-0.000592569
-0.000130276
-0.000676922
-0.000147188
-0.000763421
-0.000164542
-0.000852415
-0.000182079
-0.00094408
-0.00019937
-0.00103814
-0.000215755
-0.0011335
-0.000230408
-0.00122805
-0.000243051
-0.00131923
-0.000256321
-0.00140797
-0.00027874
-0.0015099
-0.000318551
-0.00166768
-0.000358577
-0.00191706
-0.000344913
-0.00216224
-0.000236678
-0.00210716
-7.78562e-05
-0.00146524
-0.00038292
3.84872e-05
0.000283211
8.85969e-05
0.000791322
0.000121586
0.00113418
0.000141486
0.0013465
0.000155681
0.00148222
0.000165812
0.00156098
0.000171268
0.00158503
0.000171935
0.00155887
0.000168632
0.0014936
0.000162765
0.00140397
0.000155826
0.00130384
0.000148964
0.00120298
0.000142776
0.0011062
0.000137355
0.00101441
0.000132501
0.000926523
0.000127923
0.00084114
0.000123372
0.000757305
0.000118672
0.000674606
0.000113708
0.000592963
0.000108388
0.000512394
0.000102626
0.000432887
9.63319e-05
0.000354372
8.94148e-05
0.000276732
8.17927e-05
0.000199827
7.34204e-05
0.000123523
6.42701e-05
4.76503e-05
5.42884e-05
-2.80618e-05
4.33755e-05
-0.00010392
3.14793e-05
-0.000180262
1.85804e-05
-0.000257285
4.68192e-06
-0.000335142
-1.02e-05
-0.000414024
-2.60378e-05
-0.00049416
-4.27885e-05
-0.000575816
-6.03911e-05
-0.000659318
-7.87587e-05
-0.000745052
-9.7757e-05
-0.000833416
-0.000117174
-0.000924662
-0.000136668
-0.00101864
-0.000155714
-0.00111446
-0.000173602
-0.00121016
-0.000189772
-0.00130306
-0.0002054
-0.00139234
-0.00022684
-0.00148846
-0.000264349
-0.00163017
-0.000310362
-0.00187105
-0.000316365
-0.00215623
-0.00023121
-0.00219232
-8.25605e-05
-0.00161389
-0.00046548
4.00819e-05
0.000243131
0.000101329
0.000730077
0.000148347
0.00108716
0.000179772
0.00131508
0.000202831
0.00145916
0.000220148
0.00154366
0.000231279
0.0015739
0.000236011
0.00155413
0.000235295
0.00149432
0.000230902
0.00140837
0.000224777
0.00130996
0.000218471
0.00120929
0.000212842
0.00111183
0.000208095
0.00101916
0.000204022
0.000930598
0.000200276
0.000844887
0.000196548
0.000761035
0.00019262
0.000678536
0.000188351
0.000597234
0.000183641
0.000517107
0.000178398
0.000438133
0.000172528
0.000360244
0.000165939
0.000283324
0.000158544
0.000207225
0.000150292
0.000131778
0.000141154
5.67926e-05
0.000131086
-1.79906e-05
0.000119982
-9.2812e-05
0.000107753
-0.00016803
9.43547e-05
-0.000243884
7.97787e-05
-0.000320563
6.40323e-05
-0.000398276
4.71399e-05
-0.000477266
2.91457e-05
-0.00055782
1.01151e-05
-0.000640285
-9.8621e-06
-0.000725073
-3.06668e-05
-0.00081261
-5.21251e-05
-0.000903202
-7.39686e-05
-0.000996796
-9.57901e-05
-0.00109263
-0.000117025
-0.00118892
-0.000137086
-0.001283
-0.000156292
-0.00137313
-0.000178842
-0.00146591
-0.000214853
-0.00159416
-0.000264419
-0.00182148
-0.000286643
-0.00213401
-0.000223289
-0.00225567
-8.60443e-05
-0.00175113
-0.000551524
4.00078e-05
0.000203124
0.000110388
0.000659699
0.000171224
0.00102633
0.000214873
0.00127143
0.000247264
0.00142677
0.000272058
0.00151887
0.000289296
0.00155667
0.000298686
0.00154475
0.000301161
0.00149185
0.000298724
0.00141081
0.000293712
0.00131498
0.000288086
0.00121491
0.00028303
0.00111689
0.000278936
0.00102325
0.000275649
0.000933886
0.000272792
0.000847746
0.000269989
0.00076384
0.000266961
0.000681566
0.000263529
0.000600669
0.000259568
0.00052107
0.000254977
0.000442726
0.00024966
0.000365563
0.000243521
0.000289466
0.000236471
0.000214277
0.000228443
0.00013981
0.000219383
6.58553e-05
0.000209235
-7.83936e-06
0.000197912
-8.14853e-05
0.000185321
-0.000155437
0.000171395
-0.000229956
0.000156109
-0.000305275
0.000139457
-0.000381622
0.000121455
-0.000459262
0.00010214
-0.000538503
8.15729e-05
-0.000619717
5.9839e-05
-0.000703338
3.70508e-05
-0.00078982
1.33615e-05
-0.000879512
-1.10164e-05
-0.000972417
-3.57847e-05
-0.00106786
-6.05222e-05
-0.00116418
-8.47295e-05
-0.00125879
-0.000108317
-0.00134954
-0.000133748
-0.00144048
-0.000169656
-0.00155825
-0.000221451
-0.00176969
-0.000257013
-0.00209845
-0.000213969
-0.00229871
-8.86867e-05
-0.00187642
-0.000640211
3.84482e-05
0.000164677
0.000115466
0.000582683
0.000189338
0.000952457
0.000245852
0.00121492
0.000288276
0.00138435
0.000320981
0.00148616
0.000344812
0.00153284
0.000359532
0.00153003
0.000365938
0.00148544
0.000366098
0.00141065
0.000362637
0.00131844
0.000357914
0.00121964
0.000353494
0.00112131
0.000350039
0.00102671
0.000347526
0.0009364
0.000345588
0.000849686
0.000343795
0.000765634
0.000341797
0.000683566
0.000339351
0.000603117
0.000336295
0.000524128
0.000332507
0.000446516
0.000327881
0.000370192
0.000322315
0.000295034
0.000315715
0.00022088
0.000307994
0.000147533
0.00029908
7.47712e-05
0.0002889
2.34323e-06
0.000277379
-6.99609e-05
0.000264424
-0.00014248
0.000249954
-0.000215485
0.000233927
-0.000289245
0.000216324
-0.000364018
0.000197153
-0.000440089
0.000176443
-0.000517792
0.000154252
-0.000597524
0.000130657
-0.000679741
0.000105754
-0.000764917
7.96612e-05
-0.000853418
5.25298e-05
-0.000945285
2.4578e-05
-0.00103991
-3.87826e-06
-0.00113573
-3.24738e-05
-0.00123019
-6.10022e-05
-0.00132101
-9.07095e-05
-0.00141077
-0.00012814
-0.00152082
-0.000181709
-0.00171612
-0.000228353
-0.0020518
-0.000204171
-0.0023229
-9.09687e-05
-0.00198962
-0.000731179
3.56791e-05
0.000128998
0.000116434
0.00050193
0.00020184
0.000867052
0.000271581
0.00114518
0.000324917
0.00133102
0.000366158
0.00144492
0.000397134
0.00150186
0.000417907
0.00150926
0.000429104
0.00147425
0.000432681
0.00140707
0.000431405
0.00131971
0.000427974
0.00122307
0.000424362
0.00112493
0.000421581
0.00102949
0.000419829
0.000938153
0.000418819
0.000850698
0.000418095
0.000766359
0.000417237
0.000684426
0.000415925
0.000604431
0.000413937
0.000526117
0.000411115
0.000449339
0.000407331
0.000373977
0.000402472
0.000299894
0.000396433
0.000226921
0.000389115
0.000154853
0.000380429
8.34594e-05
0.000370284
1.249e-05
0.000358609
-5.82835e-05
0.000345307
-0.000129176
0.000330293
-0.000200469
0.00031351
-0.000272461
0.000294929
-0.000345435
0.000274545
-0.000419704
0.000252383
-0.000495628
0.000228489
-0.000573629
0.00020293
-0.000654182
0.000175783
-0.000737769
0.000147128
-0.000824761
0.000117053
-0.00091521
8.56827e-05
-0.00100854
5.32083e-05
-0.00110325
1.99067e-05
-0.00119689
-1.39919e-05
-0.00128711
-4.90345e-05
-0.00137573
-8.96097e-05
-0.00148024
-0.000145131
-0.00166059
-0.000201186
-0.00199575
-0.000194639
-0.00232944
-9.34093e-05
-0.00209085
-0.000824588
3.20389e-05
9.69603e-05
0.000113392
0.000420578
0.00020802
0.000772426
0.000290797
0.0010624
0.00035595
0.00126586
0.000406576
0.0013943
0.00044535
0.00146309
0.00047293
0.00148168
0.000489863
0.00145731
0.000497861
0.00139907
0.000499644
0.00131793
0.000498134
0.00122458
0.000495691
0.00112737
0.000493735
0.00103145
0.000492777
0.000939113
0.000492695
0.000850781
0.00049307
0.000765985
0.00049343
0.000684067
0.000493377
0.000604485
0.000492613
0.000526882
0.000490924
0.00045103
0.000488145
0.000376758
0.000484141
0.000303899
0.000478794
0.00023227
0.000471989
0.000161658
0.000463625
9.18255e-05
0.000453598
2.25184e-05
0.000441829
-4.65132e-05
0.000428218
-0.000115564
0.000412679
-0.000184929
0.000395146
-0.000254926
0.000375577
-0.000325866
0.000353961
-0.000398087
0.000330311
-0.000471977
0.000304661
-0.000547979
0.00027706
-0.00062658
0.000247553
-0.000708261
0.000216172
-0.00079338
0.000182938
-0.000881975
0.000147881
-0.000973482
0.000111083
-0.00106645
7.27248e-05
-0.00115853
3.30212e-05
-0.00124741
-8.17744e-06
-0.00133453
-5.33776e-05
-0.00143504
-0.000111439
-0.00160253
-0.000175725
-0.00193146
-0.000185897
-0.00231927
-9.65136e-05
-0.00218023
-0.000921102
2.78861e-05
6.9075e-05
0.000106708
0.000341758
0.000207445
0.00067169
0.000302235
0.00096761
0.000379868
0.00118823
0.000440898
0.00133327
0.000488282
0.0014157
0.000523457
0.0014465
0.000547118
0.00143365
0.00056069
0.0013855
0.000566663
0.00131196
0.000568006
0.00122324
0.000567376
0.001128
0.00056661
0.00103222
0.000566601
0.000939122
0.000567494
0.000849889
0.000568985
0.000764495
0.000570607
0.000682446
0.0005719
0.000603193
0.000572488
0.000526296
0.000572084
0.000451436
0.00057047
0.000378372
0.000567478
0.000306892
0.000562964
0.000236786
0.000556799
0.000167824
0.000548865
9.97599e-05
0.000539052
3.23329e-05
0.000527268
-3.47289e-05
0.000513411
-0.000101706
0.000497393
-0.00016891
0.00047914
-0.000236672
0.000458606
-0.000305331
0.000435767
-0.000375247
0.000410623
-0.000446833
0.00038319
-0.000520545
0.000353486
-0.000596875
0.000321514
-0.000676288
0.000287246
-0.000759112
0.000250623
-0.000845352
0.000211576
-0.000934435
0.000170084
-0.00102496
0.000126251
-0.0011147
8.03186e-05
-0.00120148
3.23655e-05
-0.00128658
-1.88067e-05
-0.00138387
-8.02188e-05
-0.00154112
-0.000151906
-0.00185977
-0.000178218
-0.00229296
-0.000100722
-0.00225773
-0.00102182
2.35531e-05
4.55225e-05
9.70246e-05
0.000268288
0.000200103
0.000568612
0.000304825
0.000862888
0.000394992
0.00109806
0.000467433
0.00126083
0.000524414
0.00135872
0.000568055
0.00140286
0.00059945
0.00140226
0.000619843
0.00136511
0.000631368
0.00130044
0.000636831
0.00121778
0.000639027
0.00112581
0.000640139
0.0010311
0.000641475
0.000937786
0.000643525
0.000847841
0.000646201
0.00076182
0.00064912
0.000679528
0.000651809
0.000600504
0.000653832
0.000524273
0.00065483
0.00045044
0.00065452
0.000378682
0.000652685
0.000308728
0.000649147
0.000240324
0.000643755
0.000173217
0.000636376
0.00010714
0.000626888
4.18218e-05
0.000615189
-2.30295e-05
0.000601173
-8.76901e-05
0.000584751
-0.000152487
0.000565845
-0.000217766
0.0005444
-0.000283885
0.00052038
-0.000351227
0.000493767
-0.000420219
0.000464546
-0.000491324
0.000432693
-0.000565022
0.000398152
-0.000641747
0.000360822
-0.000721782
0.000320553
-0.000805083
0.000277175
-0.000891057
0.00023057
-0.000978355
0.00018078
-0.00106491
0.000128106
-0.0011488
7.29336e-05
-0.0012314
1.4799e-05
-0.00132573
-5.098e-05
-0.00147534
-0.00012941
-0.00178134
-0.000171571
-0.0022508
-0.000106353
-0.00232295
-0.00112818
1.93156e-05
2.62077e-05
8.52285e-05
0.000202376
0.000186521
0.000467321
0.000297941
0.000751469
0.000399679
0.000996326
0.000484185
0.00117632
0.000551841
0.00129107
0.000604939
0.00134977
0.000645103
0.0013621
0.000673599
0.00133662
0.000692199
0.00128184
0.000703364
0.00120661
0.000709809
0.00111936
0.00071392
0.00102699
0.000717369
0.000934338
0.000721031
0.000844179
0.000725123
0.000757728
0.000729441
0.000675211
0.000733579
0.000596366
0.000737088
0.000520765
0.000739559
0.00044797
0.00074065
0.000377592
0.000740087
0.000309291
0.000737652
0.000242761
0.000733163
0.000177706
0.000726466
0.000113837
0.000717426
5.08613e-05
0.000705931
-1.15334e-05
0.000691869
-7.36283e-05
0.00067515
-0.000135768
0.000655689
-0.000198305
0.00063342
-0.000261616
0.00060829
-0.000326097
0.000580251
-0.00039218
0.000549247
-0.00046032
0.000515195
-0.000530969
0.000477964
-0.000604517
0.000437366
-0.000681183
0.00039315
-0.000760867
0.000345048
-0.000842955
0.000292856
-0.000926163
0.000236587
-0.00100864
0.000176635
-0.00108885
0.000113728
-0.0011685
4.80691e-05
-0.00126008
-2.31604e-05
-0.00140411
-0.000107679
-0.00169682
-0.000165573
-0.0021929
-0.000113536
-0.00237498
-0.00124171
1.53877e-05
1.08203e-05
7.23556e-05
0.000145409
0.000167798
0.00037188
0.000281635
0.000637632
0.00039263
0.000885331
0.000489027
0.00107993
0.000568262
0.00121183
0.000631913
0.00128611
0.000681948
0.00131206
0.00071984
0.00129872
0.000747111
0.00125456
0.000765789
0.00118794
0.000778295
0.00110686
0.000787005
0.00101828
0.000793824
0.00092752
0.00079998
0.000838024
0.000806039
0.000751669
0.000812062
0.000669188
0.000817804
0.000590625
0.000822881
0.000515689
0.000826882
0.000443968
0.000829436
0.000375039
0.000830224
0.000308504
0.000828985
0.000243999
0.000825506
0.000181185
0.000819609
0.000119735
0.000811142
5.93277e-05
0.000799973
-3.64397e-07
0.000785995
-5.965e-05
0.000769103
-0.000118877
0.000749204
-0.000178406
0.000726213
-0.000238625
0.000700051
-0.000299935
0.000670628
-0.000362757
0.000637829
-0.000427521
0.000601497
-0.000494637
0.000561412
-0.000564432
0.000517283
-0.000637055
0.00046876
-0.000712343
0.000415478
-0.000789674
0.000357176
-0.000867861
0.000293878
-0.000945341
0.000226122
-0.0010211
0.000155001
-0.00109738
8.1462e-05
-0.00118654
3.95846e-06
-0.00132661
-8.5958e-05
-0.00160691
-0.000159444
-0.00211942
-0.000122134
-0.00241229
-0.00136385
1.1948e-05
-1.12712e-06
5.94664e-05
9.78915e-05
0.000145522
0.000285824
0.000256781
0.000526373
0.000373216
0.000768896
0.00048001
0.000973134
0.000571111
0.00112073
0.000646341
0.00121089
0.000707435
0.00125097
0.000756046
0.00125011
0.000793595
0.00121702
0.000821704
0.00115983
0.000842361
0.0010862
0.00085771
0.00100294
0.00086969
0.00091554
0.000879764
0.00082795
0.000888821
0.000742612
0.000897235
0.000660774
0.000904999
0.000582861
0.000911881
0.000508806
0.000917549
0.0004383
0.00092165
0.000370938
0.000923857
0.000306296
0.000923887
0.000243969
0.000921501
0.000183572
0.000916496
0.000124739
0.000908706
6.71176e-05
0.000897979
1.03622e-05
0.000884201
-4.58723e-05
0.000867252
-0.000101927
0.000847017
-0.000158172
0.000823387
-0.000214995
0.000796238
-0.000272787
0.000765426
-0.000331945
0.000730763
-0.000392858
0.000692002
-0.000455877
0.000648822
-0.000521253
0.000600827
-0.00058906
0.000547563
-0.00065908
0.000488592
-0.000730703
0.000423628
-0.000802897
0.000352765
-0.000874478
0.000276749
-0.00094508
0.000197083
-0.00101771
0.000115436
-0.00110489
3.12697e-05
-0.00124244
-6.33454e-05
-0.00151229
-0.000151946
-0.00203082
-0.000131628
-0.00243261
-0.00149547
9.18411e-06
-1.03111e-05
4.75061e-05
5.95701e-05
0.000121523
0.000211808
0.000225004
0.000422892
0.000341709
0.000652191
0.000455746
0.000859097
0.000557851
0.00101863
0.000645249
0.00112349
0.00071857
0.00117765
0.000779276
0.00118941
0.000828707
0.00116759
0.000868168
0.00112037
0.000899185
0.00105518
0.000923505
0.000978616
0.000942891
0.000896154
0.000958862
0.000811979
0.000972526
0.000728948
0.000984543
0.000648757
0.000995186
0.000572218
0.00100445
0.000499547
0.00101214
0.000430603
0.00101802
0.000365062
0.00102179
0.000302524
0.00102319
0.000242568
0.00102198
0.000184783
0.00101795
0.000128772
0.00101091
7.41548e-05
0.00100071
2.05645e-05
0.000987201
-3.23676e-05
0.000970254
-8.49814e-05
0.000949726
-0.000137644
0.000925463
-0.000190732
0.000897289
-0.000244614
0.00086499
-0.000299646
0.000828292
-0.000356161
0.000786851
-0.000414436
0.00074024
-0.000474643
0.000687957
-0.000536777
0.000629462
-0.000600586
0.00056427
-0.000665512
0.000492125
-0.000730752
0.000413259
-0.000795613
0.000328699
-0.00086052
0.000240386
-0.000929399
0.000150641
-0.00101514
5.98497e-05
-0.00115165
-3.87158e-05
-0.00141373
-0.000141272
-0.00192826
-0.000140987
-0.0024329
-0.00163646
7.20853e-06
-1.75193e-05
3.70811e-05
2.96979e-05
9.74001e-05
0.000151489
0.000188279
0.000332014
0.000299232
0.000541238
0.000415717
0.000742612
0.000526396
0.000907948
0.000625617
0.00102427
0.000712022
0.00109124
0.000786184
0.00111525
0.000849106
0.00110466
0.00090179
0.00106768
0.000945336
0.00101164
0.000981038
0.000942914
0.00101033
0.000866866
0.00103459
0.000787718
0.00105499
0.000708542
0.0010724
0.000631351
0.00108733
0.00055729
0.00110002
0.000486857
0.0011105
0.00042012
0.00111867
0.00035689
0.00112436
0.000296835
0.00112737
0.000239563
0.00112748
0.000184665
0.00112452
0.000131733
0.0011183
8.0374e-05
0.00110866
3.02089e-05
0.00109543
-1.91427e-05
0.00107846
-6.80127e-05
0.00105758
-0.000116758
0.00103257
-0.000165726
0.0010032
-0.000215249
0.000969186
-0.00026563
0.000930156
-0.000317132
0.00088567
-0.000369951
0.0008352
-0.000424174
0.000778157
-0.000479734
0.000713942
-0.000536372
0.000642074
-0.000593645
0.000562391
-0.000651069
0.000475337
-0.00070856
0.000382268
-0.000767452
0.000285569
-0.0008327
0.000188103
-0.00091768
9.10452e-05
-0.00105459
-1.07643e-05
-0.00131192
-0.000124984
-0.00181404
-0.000148569
-0.00240931
-0.00178503
5.83901e-06
-2.33583e-05
2.79288e-05
7.60829e-06
7.3632e-05
0.000105786
0.000148006
0.000257641
0.000247199
0.000442044
0.000360249
0.000629563
0.000475495
0.000792701
0.000584861
0.000914901
0.000684456
0.000991649
0.000773168
0.00102653
0.00085112
0.00102671
0.000918817
0.000999985
0.000976924
0.000953529
0.00102629
0.000893546
0.00106796
0.000825202
0.00110304
0.000752632
0.00113263
0.000678953
0.00115764
0.000606343
0.00117875
0.000536172
0.00119644
0.000469176
0.00121093
0.000405627
0.00122233
0.000345492
0.00123061
0.00028855
0.0012357
0.000234475
0.00123747
0.000182894
0.00123578
0.000133421
0.00123048
8.56706e-05
0.00122142
3.92713e-05
0.00120842
-6.14797e-06
0.00119132
-5.09116e-05
0.0011699
-9.53398e-05
0.00114392
-0.00013974
0.00111306
-0.000184395
0.00107697
-0.000229543
0.00103521
-0.000275369
0.000987243
-0.000321984
0.000932469
-0.000369401
0.000870248
-0.000417514
0.000799981
-0.000466106
0.000721259
-0.000514923
0.000634086
-0.000563898
0.00053917
-0.000613644
0.000438188
-0.000666471
0.000333874
-0.000728386
0.000229473
-0.00081328
0.000126778
-0.000951898
2.19249e-05
-0.00120707
-0.000100261
-0.00169186
-0.000152191
-0.00235738
-0.00193722
4.07128e-06
-2.74295e-05
1.78271e-05
-6.1476e-06
4.80865e-05
7.55267e-05
0.000103412
0.000202315
0.000186058
0.000359398
0.000289915
0.000525706
0.000404806
0.00067781
0.000521321
0.000798387
0.000633101
0.000879868
0.000736789
0.000922846
0.000830982
0.00093252
0.000915275
0.000915691
0.000989751
0.000879053
0.0010548
0.0008285
0.00111104
0.000768954
0.00115931
0.000704368
0.00120048
0.000637782
0.00123542
0.000571403
0.00126488
0.000506712
0.00128945
0.000444601
0.00130957
0.00038551
0.00132551
0.000329555
0.00133742
0.000276636
0.00134537
0.000226524
0.00134935
0.000178911
0.00134931
0.000133462
0.00134515
8.98276e-05
0.00133675
4.76683e-05
0.00132396
6.64982e-06
0.00130659
-3.35432e-05
0.00128441
-7.31657e-05
0.00125715
-0.000112479
0.00122445
-0.000151701
0.00118591
-0.000190998
0.00114101
-0.000230477
0.0010892
-0.000270173
0.00102985
-0.000310048
0.000962335
-0.000350001
0.000886147
-0.000389918
0.000801034
-0.000429811
0.000707228
-0.000470093
0.000605691
-0.000512108
0.000498317
-0.000559098
0.000387952
-0.000618022
0.000277881
-0.000703211
0.000170143
-0.000844161
6.16177e-05
-0.00109854
-6.44074e-05
-0.00156583
-0.000149136
-0.00227265
-0.00208636
-7.46931e-07
-2.66827e-05
1.23978e-06
-8.1345e-06
1.44097e-05
6.23567e-05
4.96897e-05
0.000167035
0.000113537
0.000295551
0.00020431
0.000434933
0.000314437
0.000567682
0.000434502
0.000678321
0.000556383
0.000757986
0.00067445
0.000804779
0.00078535
0.000821619
0.000887315
0.000813726
0.000979548
0.00078682
0.00106185
0.000746195
0.00113444
0.00069637
0.00119779
0.000641018
0.00125257
0.000583004
0.00129951
0.000524458
0.00133934
0.000466876
0.00137272
0.000411221
0.00140019
0.000358042
0.00142217
0.000307576
0.00143897
0.000259837
0.0014508
0.000214696
0.00145777
0.000171934
0.00145995
0.000131285
0.00145731
9.24636e-05
0.0014498
5.51826e-05
0.00143728
1.91683e-05
0.00141959
-1.58614e-05
0.00139653
-5.01001e-05
0.00136779
-8.37429e-05
0.00133303
-0.00011694
0.00129182
-0.00014979
0.00124367
-0.000182331
0.00118805
-0.000214554
0.00112441
-0.000246409
0.00105226
-0.000277854
0.000971283
-0.00030894
0.000881455
-0.000339985
0.000783241
-0.00037188
0.000677755
-0.000406623
0.00056688
-0.000448225
0.000453221
-0.000504364
0.0003396
-0.000589591
0.000227556
-0.000732118
0.000113897
-0.000984882
-1.43546e-05
-0.00143758
-0.000134758
-0.00215225
-0.00222112
-1.35067e-05
-1.3176e-05
-3.11088e-05
9.46724e-06
-3.79079e-05
6.91555e-05
-2.21505e-05
0.000151277
2.36391e-05
0.000249761
0.000100842
0.00035773
0.00020412
0.000464404
0.000324887
0.000557554
0.000454335
0.000628537
0.000585159
0.000673956
0.000712124
0.000694653
0.000831871
0.000693979
0.000942448
0.000676242
0.00104289
0.000645754
0.00113288
0.000606377
0.00121255
0.000561346
0.00128232
0.000513239
0.00134275
0.000464021
0.00139451
0.000415114
0.00143825
0.000367486
0.00147456
0.000321735
0.00150395
0.000278177
0.00152687
0.000236922
0.00154363
0.000197933
0.00155448
0.00016108
0.00155959
0.000126181
0.00155903
9.30247e-05
0.00155281
6.13955e-05
0.00154089
3.10893e-05
0.00152312
1.90248e-06
0.00149936
-2.63387e-05
0.00146936
-5.37398e-05
0.00143281
-8.03976e-05
0.00138938
-0.000106361
0.00133869
-0.00013164
0.00128036
-0.00015622
0.00121404
-0.000180091
0.0011395
-0.000203311
0.00105667
-0.000226112
0.000965764
-0.000249083
0.000867364
-0.000273481
0.000762493
-0.000301753
0.000652667
-0.000338399
0.000539816
-0.000391513
0.000425836
-0.000475612
0.00031113
-0.000617413
0.000191386
-0.000865139
5.58937e-05
-0.00130209
-9.87837e-05
-0.00199757
-0.0023199
-4.09923e-05
2.78161e-05
-9.0144e-05
5.86186e-05
-0.000120981
9.99916e-05
-0.000122977
0.000153274
-9.12073e-05
0.00021799
-2.47587e-05
0.000291281
7.27288e-05
0.000366916
0.000193502
0.000436781
0.000328603
0.000493436
0.000470037
0.000532521
0.00061128
0.00055341
0.000747587
0.000557672
0.000875819
0.000548009
0.000994122
0.000527451
0.00110156
0.000498939
0.00119783
0.000465073
0.00128306
0.000428008
0.00135765
0.000389438
0.00142212
0.000350635
0.00147711
0.0003125
0.00152321
0.00027563
0.00156101
0.000240381
0.00159101
0.000206924
0.00161364
0.000175299
0.00162926
0.00014546
0.00163814
0.000117301
0.00164047
9.06893e-05
0.00163639
6.54804e-05
0.00162594
4.15369e-05
0.0016091
1.87388e-05
0.00158578
-3.01897e-06
0.00155586
-2.38256e-05
0.00151922
-4.37559e-05
0.0014757
-6.28396e-05
0.00142515
-8.10924e-05
0.00136746
-9.85311e-05
0.00130258
-0.000115209
0.00123054
-0.000131277
0.00115152
-0.000147088
0.0010658
-0.000163372
0.000973849
-0.000181527
0.000876209
-0.000204114
0.000773516
-0.000235708
0.000666408
-0.000284407
0.000555268
-0.000364473
0.000439127
-0.000501273
0.000312411
-0.000738424
0.00015959
-0.00114927
-2.69899e-05
-0.00181099
-0.00234689
-8.99261e-05
0.000117742
-0.000182717
0.000151409
-0.000239529
0.000156803
-0.000256569
0.000170313
-0.000233977
0.000195399
-0.00017327
0.000230573
-7.87513e-05
0.000272397
4.27655e-05
0.000315264
0.000182697
0.000353504
0.000332578
0.000382639
0.00048546
0.000400527
0.00063572
0.000407412
0.000779335
0.000404394
0.00091367
0.000393115
0.00103717
0.000375443
0.00114905
0.000353184
0.00124913
0.000327929
0.00133757
0.000300995
0.00141479
0.000273415
0.00148134
0.000245955
0.00153781
0.000219155
0.00158483
0.000193364
0.00162297
0.000168786
0.00165275
0.000145512
0.00167465
0.000123557
0.00168907
0.000102884
0.00169633
8.34262e-05
0.00169671
6.51015e-05
0.00169042
4.78262e-05
0.00167763
3.15246e-05
0.00165849
1.61252e-05
0.00163304
1.62299e-06
0.00160128
-1.19956e-05
0.00156329
-2.48566e-05
0.00151922
-3.70225e-05
0.00146921
-4.85217e-05
0.00141344
-5.94352e-05
0.0013521
-6.99441e-05
0.00128542
-8.04082e-05
0.00121356
-9.15126e-05
0.00113655
-0.000104519
0.00105414
-0.000121703
0.000965568
-0.000147135
0.000869292
-0.000188132
0.000762646
-0.000257827
0.000641273
-0.000379901
0.000497469
-0.000594621
0.000312402
-0.000964203
8.51484e-05
-0.00158374
-0.00226174
-0.000159998
0.00027774
-0.000292498
0.000283909
-0.000361408
0.000225712
-0.000383169
0.000192074
-0.000363887
0.000176116
-0.000306264
0.00017295
-0.000214566
0.000180699
-9.51302e-05
0.000195827
4.52214e-05
0.000213152
0.000198876
0.000228984
0.000358227
0.000241176
0.000517411
0.000248227
0.000671982
0.000249822
0.000818727
0.000246369
0.00095554
0.000238629
0.0010812
0.000227523
0.00119515
0.000213978
0.00129731
0.000198836
0.00138792
0.000182805
0.00146742
0.000166446
0.0015364
0.000150184
0.00159544
0.000134314
0.00164519
0.000119035
0.00168624
0.00010446
0.00171915
9.06475e-05
0.00174443
7.76106e-05
0.00176251
6.53362e-05
0.00177382
5.37951e-05
0.0017787
4.29502e-05
0.00177746
3.27635e-05
0.00177038
2.31971e-05
0.0017578
1.42066e-05
0.00174002
5.78306e-06
0.00171719
-2.0273e-06
0.00168944
-9.27317e-06
0.00165698
-1.60628e-05
0.00162003
-2.24919e-05
0.00157879
-2.87006e-05
0.00153333
-3.49543e-05
0.00148357
-4.1751e-05
0.00142905
-4.9999e-05
0.00136868
-6.13344e-05
0.00130024
-7.86924e-05
0.0012195
-0.000107399
0.00111889
-0.000157209
0.000985349
-0.000246365
0.000799888
-0.000409161
0.000541708
-0.000706024
0.000229729
-0.00127176
-0.00203201
-0.000223749
0.000501489
-0.00028413
0.00034429
-0.000270021
0.000211603
-0.000241154
0.000163207
-0.00019777
0.000132731
-0.000133925
0.000109105
-4.7912e-05
9.4685e-05
5.9672e-05
8.82421e-05
0.000185577
8.72464e-05
0.000325218
8.93421e-05
0.000473722
9.26716e-05
0.000626105
9.58425e-05
0.000778036
9.78905e-05
0.000926062
9.83427e-05
0.00106761
9.708e-05
0.00120091
9.4225e-05
0.00132485
9.00379e-05
0.00143885
8.48331e-05
0.00154273
7.89226e-05
0.00163659
7.25856e-05
0.00172072
6.6053e-05
0.00179553
5.95049e-05
0.00186149
5.30736e-05
0.0019191
4.68507e-05
0.00196885
4.08949e-05
0.00201122
3.52401e-05
0.00204665
2.99022e-05
0.00207556
2.4885e-05
0.00209833
2.01849e-05
0.0021153
1.57937e-05
0.00212679
1.17013e-05
0.0021331
7.89539e-06
0.00213452
4.36212e-06
0.0021314
1.09438e-06
0.00212403
-1.90737e-06
0.00211263
-4.65666e-06
0.00209734
-7.20305e-06
0.00207826
-9.62744e-06
0.00205538
-1.20708e-05
0.00202841
-1.47862e-05
0.00199664
-1.82229e-05
0.00195847
-2.31699e-05
0.00191079
-3.10095e-05
0.00184753
-4.41443e-05
0.00175719
-6.6867e-05
0.00161763
-0.000106803
0.00139018
-0.000181707
0.00101832
-0.000334165
0.000490075
-0.000743522
-0.00154194
0.000501489
0.000845778
0.00105738
0.00122059
0.00135332
0.00146242
0.00155711
0.00164535
0.0017326
0.00182194
0.00191461
0.00201045
0.00210834
0.00220669
0.00230377
0.00239799
0.00248803
0.00257286
0.00265178
0.00272437
0.00279042
0.00284993
0.002903
0.00294985
0.00299074
0.00302598
0.00305589
0.00308077
0.00310096
0.00311675
0.00312845
0.00313635
0.00314071
0.0031418
0.00313989
0.00313524
0.00312803
0.00311841
0.00310634
0.00309155
0.00307333
0.00305016
0.00301915
0.002975
0.00290814
0.00280133
0.00261962
0.00228546
0.00154194
)
;

boundaryField
{
    movingWall
    {
        type            calculated;
        value           uniform 0;
    }
    fixedWalls
    {
        type            calculated;
        value           uniform 0;
    }
    frontAndBack
    {
        type            empty;
        value           nonuniform 0();
    }
}


// ************************************************************************* //
