/*--------------------------------*- C++ -*----------------------------------*\
  =========                 |
  \\      /  F ield         | OpenFOAM: The Open Source CFD Toolbox
   \\    /   O peration     | Website:  https://openfoam.org
    \\  /    A nd           | Version:  7
     \\/     M anipulation  |
\*---------------------------------------------------------------------------*/
FoamFile
{
    version     2.0;
    format      ascii;
    class       volVectorField;
    location    "300";
    object      U;
}
// * * * * * * * * * * * * * * * * * * * * * * * * * * * * * * * * * * * * * //

dimensions      [0 1 -1 0 0 0 0];

internalField   nonuniform List<vector> 
2500
(
(0.000207211 -0.0002045 0)
(0.00187054 -0.000573984 0)
(0.00448429 -0.000699931 0)
(0.00717513 -0.000601605 0)
(0.00924011 -0.000420055 0)
(0.0104588 -0.000265334 0)
(0.0109353 -0.000189273 0)
(0.0108826 -0.000187465 0)
(0.0104473 -0.000221597 0)
(0.00962304 -0.00024698 0)
(0.00825918 -0.000229705 0)
(0.00612195 -0.000150934 0)
(0.00295273 -1.59083e-06 0)
(-0.00149347 0.000223705 0)
(-0.00742256 0.000528176 0)
(-0.0149682 0.0009156 0)
(-0.0241536 0.00138626 0)
(-0.0348494 0.00192876 0)
(-0.046738 0.00250999 0)
(-0.0592928 0.00306747 0)
(-0.0717846 0.00351096 0)
(-0.0833179 0.00373522 0)
(-0.0929013 0.00364101 0)
(-0.0995481 0.00316207 0)
(-0.102388 0.00229139 0)
(-0.10074 0.00108612 0)
(-0.0943259 -0.000323736 0)
(-0.083213 -0.00177175 0)
(-0.0678611 -0.0030839 0)
(-0.0491193 -0.00409244 0)
(-0.0281992 -0.00465231 0)
(-0.00658745 -0.0046424 0)
(0.0141857 -0.00399254 0)
(0.0326462 -0.00284882 0)
(0.0474812 -0.00143814 0)
(0.0577169 6.06294e-05 0)
(0.0629558 0.00144003 0)
(0.0633967 0.00249081 0)
(0.0598303 0.00308453 0)
(0.0534196 0.00321166 0)
(0.0453985 0.00298331 0)
(0.0368764 0.00255227 0)
(0.028698 0.00205394 0)
(0.0213912 0.00158011 0)
(0.0151917 0.00117949 0)
(0.0101152 0.000867797 0)
(0.00605445 0.000634767 0)
(0.00291697 0.000438914 0)
(0.000802734 0.000195142 0)
(-8.07131e-05 -8.60603e-05 0)
(0.00056819 -0.00182795 0)
(0.00438445 -0.00432894 0)
(0.00959601 -0.00512654 0)
(0.0146156 -0.00444512 0)
(0.0181646 -0.00299796 0)
(0.0197581 -0.00145433 0)
(0.0194354 -0.00018703 0)
(0.0174069 0.000773731 0)
(0.0137549 0.00163841 0)
(0.00828641 0.00268661 0)
(0.000560874 0.00413569 0)
(-0.0099814 0.00609123 0)
(-0.0238716 0.0085572 0)
(-0.0414731 0.0114663 0)
(-0.0628648 0.0146798 0)
(-0.0877361 0.0179707 0)
(-0.115324 0.0210172 0)
(-0.144426 0.0234256 0)
(-0.173515 0.0247859 0)
(-0.200905 0.0247402 0)
(-0.224937 0.0230413 0)
(-0.244129 0.0195889 0)
(-0.257281 0.0144466 0)
(-0.263536 0.00784542 0)
(-0.262416 0.000173681 0)
(-0.253851 -0.00805422 0)
(-0.238038 -0.0162668 0)
(-0.215419 -0.0239107 0)
(-0.186754 -0.0304231 0)
(-0.153126 -0.0352685 0)
(-0.115937 -0.0379823 0)
(-0.0768842 -0.0382178 0)
(-0.0378737 -0.0358205 0)
(-0.000850017 -0.0309652 0)
(0.0323398 -0.024145 0)
(0.0600116 -0.0160854 0)
(0.0808415 -0.00760838 0)
(0.0940874 0.000404179 0)
(0.0996116 0.00710528 0)
(0.0979987 0.0119043 0)
(0.0906946 0.0145934 0)
(0.0794826 0.0153664 0)
(0.0661911 0.0146844 0)
(0.0524247 0.0131012 0)
(0.0393708 0.0111247 0)
(0.027733 0.00912431 0)
(0.0178074 0.00726482 0)
(0.00970587 0.0054504 0)
(0.00373819 0.00335679 0)
(0.000331414 0.000925841 0)
(0.00078816 -0.00450969 0)
(0.00569626 -0.00971479 0)
(0.0117234 -0.0109296 0)
(0.0169 -0.00900554 0)
(0.019736 -0.00541157 0)
(0.0196555 -0.00144745 0)
(0.0165757 0.0021843 0)
(0.0104915 0.00546754 0)
(0.00117247 0.00884479 0)
(-0.0119189 0.0128841 0)
(-0.0294991 0.0179704 0)
(-0.0521965 0.0241789 0)
(-0.0803132 0.0312953 0)
(-0.113611 0.0388523 0)
(-0.151206 0.0461651 0)
(-0.191608 0.0524113 0)
(-0.232919 0.0567656 0)
(-0.273098 0.0585425 0)
(-0.310217 0.0572977 0)
(-0.342654 0.0528681 0)
(-0.369176 0.0453552 0)
(-0.388945 0.0350758 0)
(-0.401455 0.0225024 0)
(-0.406452 0.00821403 0)
(-0.403866 -0.00714131 0)
(-0.393677 -0.0228836 0)
(-0.37592 -0.038306 0)
(-0.350858 -0.0526234 0)
(-0.31897 -0.0650018 0)
(-0.281014 -0.0746007 0)
(-0.238074 -0.0806432 0)
(-0.191577 -0.0825132 0)
(-0.143275 -0.0798707 0)
(-0.0951714 -0.072761 0)
(-0.0493806 -0.0617191 0)
(-0.00790706 -0.0477457 0)
(0.0275234 -0.0321282 0)
(0.055539 -0.0163228 0)
(0.0754329 -0.00162212 0)
(0.0869431 0.0107746 0)
(0.0903029 0.0199498 0)
(0.0867562 0.0255273 0)
(0.0780033 0.0277285 0)
(0.0659325 0.0272369 0)
(0.0523468 0.0249503 0)
(0.0387137 0.0217259 0)
(0.0260417 0.0181382 0)
(0.0149784 0.0142614 0)
(0.00626329 0.00960516 0)
(0.000706672 0.00359984 0)
(0.00091973 -0.00774472 0)
(0.006069 -0.015612 0)
(0.0115325 -0.0165408 0)
(0.0151227 -0.0124315 0)
(0.0153379 -0.0056909 0)
(0.0116197 0.00176304 0)
(0.00374056 0.00902881 0)
(-0.00865391 0.0162215 0)
(-0.0262348 0.0241083 0)
(-0.0498203 0.0334392 0)
(-0.0800443 0.044489 0)
(-0.116994 0.0569089 0)
(-0.159987 0.0698143 0)
(-0.20755 0.0819751 0)
(-0.257628 0.0920582 0)
(-0.307929 0.0988781 0)
(-0.356276 0.101591 0)
(-0.400865 0.0997834 0)
(-0.440373 0.0934473 0)
(-0.473934 0.082891 0)
(-0.50104 0.0686193 0)
(-0.521404 0.0512311 0)
(-0.534842 0.031354 0)
(-0.5412 0.00962066 0)
(-0.540324 -0.013313 0)
(-0.532028 -0.0367236 0)
(-0.516182 -0.0597719 0)
(-0.492756 -0.0814984 0)
(-0.461847 -0.10084 0)
(-0.423764 -0.116656 0)
(-0.379116 -0.127808 0)
(-0.328903 -0.133287 0)
(-0.274584 -0.132386 0)
(-0.218086 -0.124885 0)
(-0.161718 -0.111202 0)
(-0.107964 -0.0924367 0)
(-0.0591822 -0.0702807 0)
(-0.0172586 -0.0467425 0)
(0.0166023 -0.0237429 0)
(0.0417943 -0.00303769 0)
(0.058268 0.0141299 0)
(0.0662639 0.026829 0)
(0.0668861 0.0346741 0)
(0.0616853 0.0379956 0)
(0.0524481 0.0376908 0)
(0.0409661 0.0348936 0)
(0.0287944 0.0305632 0)
(0.0171742 0.0250458 0)
(0.00741646 0.0177607 0)
(0.000861808 0.00738007 0)
(0.00100054 -0.0110348 0)
(0.00559882 -0.0208346 0)
(0.00918573 -0.0203247 0)
(0.00958843 -0.0128419 0)
(0.00547107 -0.00184068 0)
(-0.00368643 0.0102576 0)
(-0.0183547 0.0225597 0)
(-0.0392946 0.0355167 0)
(-0.067441 0.0500685 0)
(-0.103438 0.0667324 0)
(-0.147167 0.0851221 0)
(-0.19753 0.103993 0)
(-0.252566 0.121604 0)
(-0.309811 0.136158 0)
(-0.366751 0.146172 0)
(-0.421212 0.150706 0)
(-0.471558 0.149404 0)
(-0.516721 0.142404 0)
(-0.556092 0.130171 0)
(-0.589362 0.113331 0)
(-0.616389 0.0925583 0)
(-0.637102 0.0685117 0)
(-0.651444 0.0418229 0)
(-0.659345 0.0131115 0)
(-0.660704 -0.0169786 0)
(-0.655388 -0.0477289 0)
(-0.643183 -0.0782909 0)
(-0.62381 -0.107662 0)
(-0.596969 -0.13467 0)
(-0.56242 -0.157962 0)
(-0.5201 -0.176063 0)
(-0.470286 -0.187499 0)
(-0.413772 -0.191003 0)
(-0.352014 -0.185783 0)
(-0.287204 -0.171801 0)
(-0.222166 -0.149965 0)
(-0.160069 -0.122152 0)
(-0.103926 -0.0909622 0)
(-0.056045 -0.0592571 0)
(-0.0176395 -0.029573 0)
(0.0111504 -0.00370238 0)
(0.0307146 0.0171434 0)
(0.0415961 0.0322891 0)
(0.0449942 0.0415722 0)
(0.0424257 0.0455216 0)
(0.0356139 0.0452 0)
(0.0263215 0.041715 0)
(0.0162093 0.035589 0)
(0.00709281 0.0261633 0)
(0.000794445 0.0113911 0)
(0.0009943 -0.013931 0)
(0.00413173 -0.0242721 0)
(0.00450013 -0.0208077 0)
(0.000249245 -0.00860464 0)
(-0.00969236 0.00783029 0)
(-0.0258904 0.0258231 0)
(-0.0490933 0.0447806 0)
(-0.0802812 0.0653779 0)
(-0.120157 0.0882615 0)
(-0.168516 0.113099 0)
(-0.223984 0.138417 0)
(-0.284236 0.162048 0)
(-0.346487 0.18177 0)
(-0.408041 0.195812 0)
(-0.466684 0.20312 0)
(-0.52085 0.203365 0)
(-0.569584 0.196789 0)
(-0.612401 0.183985 0)
(-0.649127 0.165706 0)
(-0.67978 0.142738 0)
(-0.704499 0.115833 0)
(-0.723492 0.085689 0)
(-0.73699 0.0529471 0)
(-0.745189 0.0182049 0)
(-0.748203 -0.0179577 0)
(-0.746033 -0.0549364 0)
(-0.738483 -0.0920341 0)
(-0.725116 -0.128383 0)
(-0.705312 -0.162886 0)
(-0.678296 -0.194164 0)
(-0.643264 -0.220552 0)
(-0.599555 -0.240176 0)
(-0.546903 -0.251141 0)
(-0.485735 -0.251827 0)
(-0.417439 -0.241286 0)
(-0.344527 -0.219646 0)
(-0.270557 -0.188394 0)
(-0.199713 -0.150367 0)
(-0.136059 -0.109333 0)
(-0.0826263 -0.0691851 0)
(-0.0407372 -0.0330685 0)
(-0.0100376 -0.00287306 0)
(0.0106377 0.0206542 0)
(0.0224819 0.037232 0)
(0.0269208 0.0470703 0)
(0.0256167 0.050944 0)
(0.020358 0.0498426 0)
(0.0130177 0.0442707 0)
(0.0057236 0.033457 0)
(0.000587985 0.01489 0)
(0.000834951 -0.0158526 0)
(0.00143189 -0.0246981 0)
(-0.00271743 -0.0165561 0)
(-0.0128907 0.00165144 0)
(-0.029871 0.0246695 0)
(-0.0543366 0.0499105 0)
(-0.0871865 0.0770696 0)
(-0.129168 0.1066 0)
(-0.180131 0.138233 0)
(-0.238615 0.170398 0)
(-0.302069 0.200598 0)
(-0.367442 0.226196 0)
(-0.431821 0.245089 0)
(-0.492851 0.256036 0)
(-0.548899 0.258666 0)
(-0.598992 0.253285 0)
(-0.642677 0.240613 0)
(-0.679878 0.221575 0)
(-0.710791 0.197148 0)
(-0.735816 0.16828 0)
(-0.755492 0.135833 0)
(-0.770417 0.100556 0)
(-0.781173 0.0630706 0)
(-0.788241 0.0238854 0)
(-0.791954 -0.0165687 0)
(-0.792462 -0.057897 0)
(-0.789676 -0.0996741 0)
(-0.783147 -0.141321 0)
(-0.772128 -0.182011 0)
(-0.755536 -0.22057 0)
(-0.732008 -0.255401 0)
(-0.700027 -0.284477 0)
(-0.658164 -0.305434 0)
(-0.605431 -0.315816 0)
(-0.541726 -0.31349 0)
(-0.468284 -0.297206 0)
(-0.387974 -0.267183 0)
(-0.305266 -0.225534 0)
(-0.225683 -0.176254 0)
(-0.154705 -0.124576 0)
(-0.0963657 -0.0757122 0)
(-0.0521678 -0.033491 0)
(-0.0211288 0.000299438 0)
(-0.00104915 0.0255048 0)
(0.0100732 0.0424597 0)
(0.0141424 0.0517826 0)
(0.0130926 0.0542656 0)
(0.00894681 0.0502604 0)
(0.00397274 0.0388741 0)
(0.000359298 0.0174729 0)
(0.000455861 -0.0160522 0)
(-0.00264777 -0.020834 0)
(-0.0124432 -0.00639677 0)
(-0.0294846 0.018952 0)
(-0.0543008 0.0496398 0)
(-0.0876429 0.0833294 0)
(-0.130224 0.11966 0)
(-0.182027 0.158264 0)
(-0.241697 0.197558 0)
(-0.306617 0.234813 0)
(-0.373534 0.266977 0)
(-0.439282 0.291522 0)
(-0.501269 0.30691 0)
(-0.557675 0.312635 0)
(-0.607414 0.309015 0)
(-0.650005 0.296903 0)
(-0.685444 0.277443 0)
(-0.714108 0.251883 0)
(-0.736661 0.221458 0)
(-0.753955 0.187291 0)
(-0.766925 0.150328 0)
(-0.776478 0.111304 0)
(-0.783416 0.0707466 0)
(-0.78838 0.0290064 0)
(-0.791835 -0.0136875 0)
(-0.794045 -0.057184 0)
(-0.795049 -0.101357 0)
(-0.794545 -0.145982 0)
(-0.79191 -0.190619 0)
(-0.786099 -0.234496 0)
(-0.775608 -0.276374 0)
(-0.758485 -0.314435 0)
(-0.732453 -0.34624 0)
(-0.695202 -0.368825 0)
(-0.644869 -0.379003 0)
(-0.580672 -0.373919 0)
(-0.503594 -0.351828 0)
(-0.416875 -0.312938 0)
(-0.326058 -0.260042 0)
(-0.238281 -0.198539 0)
(-0.160747 -0.135505 0)
(-0.098672 -0.0778047 0)
(-0.0536695 -0.030031 0)
(-0.0238568 0.00635674 0)
(-0.00577581 0.0320573 0)
(0.00345613 0.0480056 0)
(0.00635094 0.0550442 0)
(0.00522771 0.053449 0)
(0.00246247 0.04229 0)
(0.000207127 0.0191226 0)
(-0.000185559 -0.013696 0)
(-0.00805744 -0.0116106 0)
(-0.0243032 0.0105128 0)
(-0.048711 0.0438914 0)
(-0.0815948 0.0831029 0)
(-0.123582 0.125927 0)
(-0.174789 0.171414 0)
(-0.23411 0.217935 0)
(-0.299052 0.262614 0)
(-0.366261 0.30199 0)
(-0.432317 0.333016 0)
(-0.494328 0.353705 0)
(-0.550204 0.363286 0)
(-0.598673 0.362016 0)
(-0.639184 0.350863 0)
(-0.671787 0.331222 0)
(-0.697031 0.304676 0)
(-0.715834 0.272814 0)
(-0.729332 0.23709 0)
(-0.738729 0.198713 0)
(-0.745166 0.158597 0)
(-0.749636 0.117359 0)
(-0.752937 0.0753595 0)
(-0.755678 0.0327593 0)
(-0.758309 -0.0104128 0)
(-0.761135 -0.0542119 0)
(-0.764281 -0.098741 0)
(-0.76767 -0.14407 0)
(-0.770986 -0.190136 0)
(-0.773546 -0.236644 0)
(-0.774178 -0.282906 0)
(-0.771091 -0.327663 0)
(-0.761828 -0.368898 0)
(-0.743363 -0.403725 0)
(-0.71243 -0.428463 0)
(-0.666157 -0.438995 0)
(-0.602937 -0.431502 0)
(-0.523407 -0.403527 0)
(-0.431214 -0.355183 0)
(-0.333141 -0.290082 0)
(-0.238207 -0.215401 0)
(-0.155556 -0.140542 0)
(-0.0915747 -0.0743531 0)
(-0.0476657 -0.0221216 0)
(-0.0206269 0.0153522 0)
(-0.00561437 0.0397738 0)
(0.00111098 0.0525283 0)
(0.00262163 0.0542084 0)
(0.00158598 0.0440862 0)
(0.000182779 0.0201217 0)
(-0.00108961 -0.0080199 0)
(-0.0145156 0.00371159 0)
(-0.0375513 0.0345398 0)
(-0.0693032 0.0765114 0)
(-0.109818 0.12466 0)
(-0.159332 0.176513 0)
(-0.217072 0.230065 0)
(-0.280851 0.282328 0)
(-0.347374 0.329476 0)
(-0.413027 0.367849 0)
(-0.474596 0.394845 0)
(-0.529663 0.409256 0)
(-0.576711 0.411151 0)
(-0.615068 0.401563 0)
(-0.644816 0.382137 0)
(-0.666656 0.354828 0)
(-0.681747 0.321642 0)
(-0.691492 0.284414 0)
(-0.69733 0.244661 0)
(-0.700569 0.203502 0)
(-0.702288 0.161673 0)
(-0.703315 0.119574 0)
(-0.704241 0.0773617 0)
(-0.705472 0.0350203 0)
(-0.707315 -0.00756735 0)
(-0.710023 -0.0505747 0)
(-0.713736 -0.0942054 0)
(-0.718569 -0.138677 0)
(-0.724536 -0.184174 0)
(-0.731453 -0.230784 0)
(-0.738772 -0.278386 0)
(-0.74538 -0.326448 0)
(-0.749377 -0.37377 0)
(-0.747921 -0.418186 0)
(-0.73727 -0.456343 0)
(-0.713149 -0.48371 0)
(-0.671545 -0.495005 0)
(-0.609898 -0.485159 0)
(-0.528456 -0.450798 0)
(-0.431374 -0.391944 0)
(-0.326931 -0.313346 0)
(-0.226313 -0.224553 0)
(-0.140704 -0.13791 0)
(-0.0773553 -0.0644666 0)
(-0.0367792 -0.00982399 0)
(-0.0139144 0.0264109 0)
(-0.0027114 0.0468537 0)
(0.00125839 0.0530362 0)
(0.0014307 0.0448794 0)
(0.000287556 0.0208905 0)
(-0.00219728 0.0015155 0)
(-0.0215183 0.0254091 0)
(-0.051179 0.0655324 0)
(-0.0897037 0.116263 0)
(-0.136763 0.173156 0)
(-0.191975 0.233079 0)
(-0.253613 0.292744 0)
(-0.318648 0.348007 0)
(-0.383407 0.394566 0)
(-0.444381 0.429026 0)
(-0.498792 0.449522 0)
(-0.544812 0.455752 0)
(-0.581588 0.448689 0)
(-0.609172 0.430189 0)
(-0.628377 0.40259 0)
(-0.640577 0.368362 0)
(-0.647428 0.329784 0)
(-0.650595 0.288724 0)
(-0.651534 0.246537 0)
(-0.651375 0.204071 0)
(-0.650908 0.16176 0)
(-0.650632 0.119747 0)
(-0.650828 0.0779928 0)
(-0.651638 0.0363571 0)
(-0.653174 -0.00534335 0)
(-0.655583 -0.0473018 0)
(-0.658969 -0.0897054 0)
(-0.663518 -0.132768 0)
(-0.669451 -0.176734 0)
(-0.676968 -0.221878 0)
(-0.686134 -0.26845 0)
(-0.69668 -0.316555 0)
(-0.707721 -0.365914 0)
(-0.717411 -0.415489 0)
(-0.72265 -0.463032 0)
(-0.71902 -0.504689 0)
(-0.701175 -0.53491 0)
(-0.663844 -0.546949 0)
(-0.603421 -0.534173 0)
(-0.519823 -0.492128 0)
(-0.417967 -0.420932 0)
(-0.308032 -0.327098 0)
(-0.203702 -0.223462 0)
(-0.118115 -0.126026 0)
(-0.0586257 -0.0479375 0)
(-0.0237757 0.00579669 0)
(-0.00627514 0.0374206 0)
(0.00063396 0.0501415 0)
(0.00179317 0.0451931 0)
(0.000484806 0.0218102 0)
(-0.00337151 0.0151341 0)
(-0.0284162 0.0532673 0)
(-0.0640646 0.102851 0)
(-0.108303 0.162043 0)
(-0.160317 0.226852 0)
(-0.219007 0.293187 0)
(-0.281827 0.35651 0)
(-0.345251 0.411892 0)
(-0.405585 0.455018 0)
(-0.459685 0.483107 0)
(-0.505352 0.49522 0)
(-0.541461 0.492071 0)
(-0.567938 0.475603 0)
(-0.58563 0.448513 0)
(-0.596066 0.413762 0)
(-0.601129 0.374143 0)
(-0.602704 0.331949 0)
(-0.602399 0.288818 0)
(-0.601404 0.245733 0)
(-0.60047 0.203152 0)
(-0.599993 0.161179 0)
(-0.600118 0.119718 0)
(-0.600849 0.0785953 0)
(-0.602123 0.0376175 0)
(-0.603901 -0.0033933 0)
(-0.606229 -0.0445842 0)
(-0.609162 -0.0860674 0)
(-0.612846 -0.127967 0)
(-0.617532 -0.170456 0)
(-0.623556 -0.213784 0)
(-0.631316 -0.258301 0)
(-0.64116 -0.304436 0)
(-0.653178 -0.352581 0)
(-0.666833 -0.402797 0)
(-0.680474 -0.454319 0)
(-0.690846 -0.50487 0)
(-0.692874 -0.55002 0)
(-0.680063 -0.582949 0)
(-0.645773 -0.59507 0)
(-0.585348 -0.577845 0)
(-0.498594 -0.525701 0)
(-0.391689 -0.439368 0)
(-0.277323 -0.328227 0)
(-0.172009 -0.209706 0)
(-0.0903772 -0.104088 0)
(-0.0384432 -0.0257508 0)
(-0.0114302 0.0225258 0)
(-0.000208889 0.0450818 0)
(0.00227457 0.0451672 0)
(0.000718289 0.0230829 0)
(-0.00444878 0.0326721 0)
(-0.034558 0.086609 0)
(-0.0751538 0.145427 0)
(-0.12368 0.212337 0)
(-0.178777 0.283702 0)
(-0.238669 0.354364 0)
(-0.300234 0.418747 0)
(-0.359783 0.471557 0)
(-0.413871 0.508856 0)
(-0.459888 0.52873 0)
(-0.496332 0.531317 0)
(-0.522877 0.518434 0)
(-0.540271 0.493019 0)
(-0.550107 0.458526 0)
(-0.554434 0.418326 0)
(-0.555345 0.375239 0)
(-0.554616 0.331276 0)
(-0.553519 0.287615 0)
(-0.552798 0.24476 0)
(-0.552769 0.20277 0)
(-0.553469 0.161472 0)
(-0.554791 0.120627 0)
(-0.556581 0.080005 0)
(-0.558689 0.0394265 0)
(-0.561012 -0.0012401 0)
(-0.563553 -0.0420792 0)
(-0.566332 -0.0831275 0)
(-0.569412 -0.12442 0)
(-0.572954 -0.166015 0)
(-0.577224 -0.208036 0)
(-0.582625 -0.250723 0)
(-0.589698 -0.294491 0)
(-0.599056 -0.339953 0)
(-0.611169 -0.387824 0)
(-0.625928 -0.438592 0)
(-0.641972 -0.491848 0)
(-0.655952 -0.545302 0)
(-0.662101 -0.593787 0)
(-0.652651 -0.628828 0)
(-0.619505 -0.639504 0)
(-0.557085 -0.615047 0)
(-0.465586 -0.549003 0)
(-0.353277 -0.443787 0)
(-0.236173 -0.313431 0)
(-0.133767 -0.181592 0)
(-0.0609639 -0.0728613 0)
(-0.020146 -0.000606186 0)
(-0.00233315 0.0366229 0)
(0.00243872 0.0444136 0)
(0.000935717 0.0246666 0)
(-0.00528126 0.053557 0)
(-0.0393859 0.124365 0)
(-0.0835957 0.191879 0)
(-0.134781 0.265402 0)
(-0.191045 0.341632 0)
(-0.250069 0.414394 0)
(-0.308433 0.477392 0)
(-0.362554 0.525357 0)
(-0.409425 0.555034 0)
(-0.447086 0.565569 0)
(-0.474809 0.558293 0)
(-0.493086 0.536162 0)
(-0.503422 0.50303 0)
(-0.507944 0.462889 0)
(-0.508916 0.419203 0)
(-0.508297 0.374494 0)
(-0.507482 0.330247 0)
(-0.50725 0.287074 0)
(-0.50788 0.245011 0)
(-0.50933 0.20381 0)
(-0.511415 0.163149 0)
(-0.513923 0.122745 0)
(-0.516675 0.0823949 0)
(-0.519532 0.0419664 0)
(-0.522409 0.00138331 0)
(-0.525309 -0.0393918 0)
(-0.528251 -0.0803509 0)
(-0.531229 -0.121483 0)
(-0.5343 -0.162771 0)
(-0.537581 -0.204219 0)
(-0.541295 -0.245897 0)
(-0.545841 -0.288018 0)
(-0.55184 -0.331042 0)
(-0.560124 -0.375759 0)
(-0.571542 -0.423239 0)
(-0.586445 -0.474465 0)
(-0.603811 -0.529443 0)
(-0.620174 -0.585804 0)
(-0.628939 -0.63732 0)
(-0.620875 -0.67328 0)
(-0.58639 -0.679799 0)
(-0.519349 -0.64369 0)
(-0.421244 -0.558393 0)
(-0.303659 -0.429987 0)
(-0.186825 -0.279773 0)
(-0.0927364 -0.139212 0)
(-0.0340127 -0.0355618 0)
(-0.00656921 0.0228297 0)
(0.00197405 0.0420641 0)
(0.00111001 0.0263102 0)
(-0.00574919 0.0768758 0)
(-0.0424935 0.165197 0)
(-0.0888269 0.240656 0)
(-0.141007 0.319469 0)
(-0.196663 0.398752 0)
(-0.253121 0.471497 0)
(-0.306909 0.531024 0)
(-0.354751 0.572423 0)
(-0.394199 0.593358 0)
(-0.424003 0.594175 0)
(-0.444218 0.577454 0)
(-0.456076 0.547232 0)
(-0.461637 0.508077 0)
(-0.463268 0.464203 0)
(-0.463115 0.418821 0)
(-0.462744 0.373895 0)
(-0.46303 0.330265 0)
(-0.464267 0.288003 0)
(-0.466373 0.246797 0)
(-0.469108 0.206239 0)
(-0.472215 0.16598 0)
(-0.4755 0.125784 0)
(-0.478841 0.0855107 0)
(-0.482162 0.0450859 0)
(-0.485427 0.00447468 0)
(-0.488668 -0.0363381 0)
(-0.491912 -0.077334 0)
(-0.49513 -0.1185 0)
(-0.498314 -0.159799 0)
(-0.501462 -0.201181 0)
(-0.504616 -0.242601 0)
(-0.507917 -0.284069 0)
(-0.511709 -0.325755 0)
(-0.516641 -0.368142 0)
(-0.523726 -0.412194 0)
(-0.534176 -0.459376 0)
(-0.548816 -0.511232 0)
(-0.566932 -0.568201 0)
(-0.5848 -0.627625 0)
(-0.594711 -0.681635 0)
(-0.585711 -0.716402 0)
(-0.546801 -0.714366 0)
(-0.472074 -0.660124 0)
(-0.365778 -0.548795 0)
(-0.24441 -0.39343 0)
(-0.132965 -0.225982 0)
(-0.0539882 -0.0860704 0)
(-0.0133982 0.00130716 0)
(0.000731801 0.0369456 0)
(0.00124537 0.0276564 0)
(-0.00577885 0.101492 0)
(-0.0436548 0.207622 0)
(-0.090595 0.290185 0)
(-0.142206 0.372895 0)
(-0.195746 0.453495 0)
(-0.248376 0.524395 0)
(-0.296773 0.578849 0)
(-0.338096 0.612571 0)
(-0.370517 0.624313 0)
(-0.393497 0.615703 0)
(-0.407793 0.590541 0)
(-0.415201 0.553777 0)
(-0.418064 0.510401 0)
(-0.418683 0.464501 0)
(-0.41884 0.418756 0)
(-0.419581 0.374432 0)
(-0.421282 0.331749 0)
(-0.42387 0.290367 0)
(-0.427072 0.249789 0)
(-0.430598 0.209586 0)
(-0.434234 0.169474 0)
(-0.437863 0.1293 0)
(-0.441445 0.0889954 0)
(-0.444969 0.0485296 0)
(-0.44844 0.00788819 0)
(-0.45192 -0.0329423 0)
(-0.455447 -0.0739537 0)
(-0.458996 -0.115152 0)
(-0.46254 -0.156519 0)
(-0.466032 -0.198011 0)
(-0.46941 -0.239551 0)
(-0.472629 -0.281049 0)
(-0.475735 -0.322447 0)
(-0.478988 -0.363857 0)
(-0.483042 -0.405774 0)
(-0.48907 -0.449358 0)
(-0.498645 -0.496536 0)
(-0.513051 -0.549498 0)
(-0.53177 -0.609056 0)
(-0.550496 -0.671802 0)
(-0.559934 -0.72723 0)
(-0.547118 -0.757162 0)
(-0.500069 -0.739759 0)
(-0.414544 -0.658543 0)
(-0.299688 -0.513811 0)
(-0.17858 -0.330606 0)
(-0.0802786 -0.154804 0)
(-0.0231585 -0.0307148 0)
(-0.00131952 0.0277378 0)
(0.00136089 0.0283306 0)
(-0.00534915 0.126162 0)
(-0.0428203 0.250134 0)
(-0.0889296 0.338981 0)
(-0.138601 0.424269 0)
(-0.18884 0.50467 0)
(-0.236812 0.572298 0)
(-0.279485 0.620611 0)
(-0.314524 0.646143 0)
(-0.340717 0.648837 0)
(-0.358169 0.631607 0)
(-0.368189 0.599353 0)
(-0.3729 0.557692 0)
(-0.374657 0.511705 0)
(-0.375458 0.465063 0)
(-0.376597 0.419743 0)
(-0.378621 0.376316 0)
(-0.381525 0.334507 0)
(-0.385038 0.293738 0)
(-0.388844 0.253473 0)
(-0.392707 0.213357 0)
(-0.396503 0.17321 0)
(-0.400202 0.132962 0)
(-0.403828 0.0925949 0)
(-0.407411 0.0521035 0)
(-0.410978 0.0114747 0)
(-0.414602 -0.0293148 0)
(-0.418333 -0.0702724 0)
(-0.422156 -0.111427 0)
(-0.426049 -0.152789 0)
(-0.429969 -0.194347 0)
(-0.433837 -0.236055 0)
(-0.437538 -0.277816 0)
(-0.44095 -0.319491 0)
(-0.44402 -0.360951 0)
(-0.446926 -0.402237 0)
(-0.45032 -0.443873 0)
(-0.45555 -0.487273 0)
(-0.464577 -0.534956 0)
(-0.479102 -0.589853 0)
(-0.498548 -0.652928 0)
(-0.517463 -0.719128 0)
(-0.524298 -0.77371 0)
(-0.503948 -0.792618 0)
(-0.44455 -0.74978 0)
(-0.345927 -0.630682 0)
(-0.224837 -0.446933 0)
(-0.111835 -0.24205 0)
(-0.0363127 -0.0761864 0)
(-0.00425287 0.0129556 0)
(0.00144807 0.0279265 0)
(-0.00448648 0.149654 0)
(-0.0400884 0.291303 0)
(-0.0840817 0.385733 0)
(-0.130686 0.472459 0)
(-0.176769 0.551461 0)
(-0.219631 0.614839 0)
(-0.256619 0.656467 0)
(-0.285918 0.673825 0)
(-0.306883 0.668082 0)
(-0.320135 0.643362 0)
(-0.327338 0.605474 0)
(-0.330706 0.560415 0)
(-0.332382 0.513066 0)
(-0.333939 0.466483 0)
(-0.336185 0.421907 0)
(-0.339271 0.379318 0)
(-0.342977 0.338116 0)
(-0.346975 0.297641 0)
(-0.351003 0.257425 0)
(-0.35492 0.217225 0)
(-0.358692 0.176957 0)
(-0.362353 0.136613 0)
(-0.365963 0.0962022 0)
(-0.369569 0.0557222 0)
(-0.373196 0.0151512 0)
(-0.376915 -0.0255472 0)
(-0.380783 -0.0663944 0)
(-0.384794 -0.107435 0)
(-0.388933 -0.148704 0)
(-0.393179 -0.190224 0)
(-0.397475 -0.231991 0)
(-0.401719 -0.273957 0)
(-0.405755 -0.316007 0)
(-0.409395 -0.357949 0)
(-0.412497 -0.399576 0)
(-0.415167 -0.440861 0)
(-0.418085 -0.482398 0)
(-0.422834 -0.525995 0)
(-0.431812 -0.57497 0)
(-0.447038 -0.633066 0)
(-0.467398 -0.700834 0)
(-0.485401 -0.769924 0)
(-0.486494 -0.818996 0)
(-0.453866 -0.816711 0)
(-0.378053 -0.734601 0)
(-0.26648 -0.566553 0)
(-0.146123 -0.34489 0)
(-0.0531636 -0.137283 0)
(-0.00822962 -0.00901348 0)
(0.0014592 0.0259928 0)
(-0.00325494 0.170832 0)
(-0.0356653 0.329841 0)
(-0.07645 0.429341 0)
(-0.119113 0.516621 0)
(-0.16048 0.593378 0)
(-0.198077 0.651973 0)
(-0.229672 0.686843 0)
(-0.253939 0.696472 0)
(-0.270703 0.683214 0)
(-0.280945 0.652269 0)
(-0.286479 0.610122 0)
(-0.28941 0.562881 0)
(-0.291536 0.515011 0)
(-0.293982 0.468873 0)
(-0.297154 0.425043 0)
(-0.300954 0.383062 0)
(-0.305078 0.342168 0)
(-0.309241 0.301732 0)
(-0.313271 0.2614 0)
(-0.31712 0.221041 0)
(-0.320819 0.180642 0)
(-0.324436 0.140227 0)
(-0.328042 0.0998085 0)
(-0.331682 0.0593766 0)
(-0.335373 0.0188962 0)
(-0.339174 -0.0216814 0)
(-0.343148 -0.0623878 0)
(-0.347292 -0.103278 0)
(-0.351593 -0.144401 0)
(-0.356046 -0.1858 0)
(-0.360622 -0.227509 0)
(-0.365258 -0.269531 0)
(-0.369838 -0.311818 0)
(-0.374171 -0.35423 0)
(-0.378009 -0.396515 0)
(-0.381133 -0.438376 0)
(-0.383607 -0.479738 0)
(-0.386205 -0.521368 0)
(-0.390854 -0.565713 0)
(-0.400457 -0.617198 0)
(-0.417105 -0.680285 0)
(-0.438288 -0.753811 0)
(-0.453227 -0.823306 0)
(-0.443911 -0.857841 0)
(-0.393534 -0.818694 0)
(-0.299017 -0.680708 0)
(-0.179646 -0.457719 0)
(-0.0731673 -0.21435 0)
(-0.0134897 -0.0399268 0)
(0.00137277 0.0220542 0)
(-0.00174426 0.188729 0)
(-0.0298255 0.364643 0)
(-0.0665117 0.468935 0)
(-0.104596 0.556169 0)
(-0.14093 0.630197 0)
(-0.17332 0.683879 0)
(-0.199952 0.712308 0)
(-0.219931 0.714958 0)
(-0.233431 0.695277 0)
(-0.241623 0.659356 0)
(-0.246296 0.614127 0)
(-0.249302 0.56559 0)
(-0.252051 0.517681 0)
(-0.255268 0.472086 0)
(-0.259078 0.428837 0)
(-0.263261 0.387199 0)
(-0.267526 0.34637 0)
(-0.271668 0.305815 0)
(-0.275608 0.265297 0)
(-0.279365 0.224774 0)
(-0.283004 0.184273 0)
(-0.286602 0.143827 0)
(-0.290229 0.103438 0)
(-0.293923 0.0630838 0)
(-0.297688 0.0227156 0)
(-0.301571 -0.0177252 0)
(-0.305641 -0.0582772 0)
(-0.309899 -0.0990027 0)
(-0.314325 -0.139957 0)
(-0.318921 -0.181197 0)
(-0.323676 -0.222776 0)
(-0.328558 -0.264734 0)
(-0.333499 -0.307085 0)
(-0.338367 -0.349773 0)
(-0.34294 -0.392622 0)
(-0.346911 -0.435303 0)
(-0.350001 -0.477417 0)
(-0.352278 -0.518893 0)
(-0.354733 -0.560878 0)
(-0.359802 -0.606878 0)
(-0.370913 -0.662776 0)
(-0.389653 -0.733131 0)
(-0.410683 -0.812364 0)
(-0.418553 -0.875542 0)
(-0.39248 -0.879517 0)
(-0.31959 -0.781958 0)
(-0.20889 -0.57356 0)
(-0.0947529 -0.305382 0)
(-0.0202484 -0.0814268 0)
(0.00122932 0.0156321 0)
(-5.89906e-05 0.20258 0)
(-0.0228769 0.394795 0)
(-0.0547656 0.503852 0)
(-0.087834 0.59074 0)
(-0.119005 0.66188 0)
(-0.146371 0.710862 0)
(-0.168521 0.733463 0)
(-0.184906 0.730082 0)
(-0.195918 0.705116 0)
(-0.202767 0.665356 0)
(-0.207079 0.617975 0)
(-0.210383 0.56873 0)
(-0.213711 0.520996 0)
(-0.21748 0.475872 0)
(-0.221645 0.432992 0)
(-0.225961 0.391473 0)
(-0.230197 0.350552 0)
(-0.234232 0.309803 0)
(-0.23806 0.269094 0)
(-0.241736 0.228437 0)
(-0.245338 0.187878 0)
(-0.248938 0.147438 0)
(-0.252598 0.10711 0)
(-0.256352 0.0668551 0)
(-0.260194 0.0266153 0)
(-0.264155 -0.0136765 0)
(-0.26832 -0.0540641 0)
(-0.272693 -0.0946169 0)
(-0.277239 -0.135395 0)
(-0.281965 -0.176461 0)
(-0.286865 -0.217878 0)
(-0.291922 -0.259709 0)
(-0.297102 -0.302004 0)
(-0.302328 -0.344779 0)
(-0.30745 -0.387961 0)
(-0.312205 -0.431317 0)
(-0.316231 -0.474409 0)
(-0.319207 -0.516737 0)
(-0.321298 -0.558359 0)
(-0.323897 -0.6012 0)
(-0.330164 -0.650458 0)
(-0.343862 -0.713636 0)
(-0.36484 -0.793439 0)
(-0.382861 -0.874845 0)
(-0.377116 -0.917033 0)
(-0.327271 -0.865221 0)
(-0.231137 -0.685477 0)
(-0.115801 -0.406446 0)
(-0.0285017 -0.134638 0)
(0.00109061 0.00622296 0)
(0.00169144 0.21184 0)
(-0.0151363 0.419579 0)
(-0.0416935 0.53361 0)
(-0.0694697 0.620133 0)
(-0.0954695 0.688515 0)
(-0.118061 0.733278 0)
(-0.136189 0.750873 0)
(-0.149566 0.742508 0)
(-0.158683 0.713362 0)
(-0.164665 0.670738 0)
(-0.168882 0.621902 0)
(-0.172519 0.572295 0)
(-0.176281 0.52478 0)
(-0.180369 0.479984 0)
(-0.184663 0.437276 0)
(-0.188945 0.39572 0)
(-0.193058 0.354625 0)
(-0.196955 0.313671 0)
(-0.20067 0.272798 0)
(-0.204279 0.23205 0)
(-0.207854 0.191471 0)
(-0.211459 0.15107 0)
(-0.215148 0.110825 0)
(-0.218954 0.0706881 0)
(-0.222866 0.0305926 0)
(-0.226898 -0.00953588 0)
(-0.231153 -0.0497451 0)
(-0.235647 -0.0901138 0)
(-0.240325 -0.130706 0)
(-0.245194 -0.17159 0)
(-0.250247 -0.212833 0)
(-0.255473 -0.254506 0)
(-0.260853 -0.296682 0)
(-0.266345 -0.339422 0)
(-0.271858 -0.382734 0)
(-0.277212 -0.426509 0)
(-0.282099 -0.470416 0)
(-0.286093 -0.513872 0)
(-0.288884 -0.556316 0)
(-0.290883 -0.598223 0)
(-0.29417 -0.643006 0)
(-0.302787 -0.698353 0)
(-0.320089 -0.772623 0)
(-0.341906 -0.861931 0)
(-0.350951 -0.933913 0)
(-0.322847 -0.928101 0)
(-0.244888 -0.787657 0)
(-0.134292 -0.512568 0)
(-0.0378653 -0.19934 0)
(0.000937915 -0.00663107 0)
(0.00340178 0.216212 0)
(-0.00691179 0.438419 0)
(-0.0277421 0.557877 0)
(-0.0500621 0.64427 0)
(-0.0709581 0.710253 0)
(-0.0890299 0.751475 0)
(-0.103535 0.765016 0)
(-0.114362 0.752747 0)
(-0.122003 0.720447 0)
(-0.127403 0.675772 0)
(-0.13163 0.625974 0)
(-0.135534 0.576185 0)
(-0.139557 0.528836 0)
(-0.143765 0.484214 0)
(-0.148021 0.441527 0)
(-0.152165 0.399842 0)
(-0.156107 0.358549 0)
(-0.159852 0.317411 0)
(-0.163457 0.276414 0)
(-0.166997 0.235615 0)
(-0.17054 0.19505 0)
(-0.174138 0.154714 0)
(-0.17784 0.114571 0)
(-0.181682 0.0745689 0)
(-0.185652 0.0346367 0)
(-0.189739 -0.00530738 0)
(-0.194076 -0.0453179 0)
(-0.198698 -0.0854828 0)
(-0.203523 -0.125874 0)
(-0.208555 -0.166562 0)
(-0.213787 -0.207618 0)
(-0.219207 -0.249118 0)
(-0.224802 -0.291143 0)
(-0.230545 -0.333778 0)
(-0.236383 -0.377089 0)
(-0.242202 -0.421063 0)
(-0.24778 -0.465513 0)
(-0.252743 -0.509956 0)
(-0.256624 -0.553637 0)
(-0.259212 -0.596088 0)
(-0.261427 -0.638817 0)
(-0.266399 -0.68787 0)
(-0.278879 -0.753916 0)
(-0.299874 -0.842732 0)
(-0.3179 -0.934495 0)
(-0.308317 -0.970639 0)
(-0.249889 -0.876005 0)
(-0.148765 -0.618681 0)
(-0.0476256 -0.273814 0)
(0.000637497 -0.0233606 0)
(0.00493089 0.215518 0)
(0.00149276 0.450985 0)
(-0.0133073 0.576399 0)
(-0.0300873 0.663144 0)
(-0.0459774 0.727263 0)
(-0.0597586 0.765756 0)
(-0.0709512 0.776264 0)
(-0.0795546 0.761158 0)
(-0.0859852 0.72664 0)
(-0.0909498 0.680578 0)
(-0.0951924 0.630165 0)
(-0.0992563 0.580265 0)
(-0.10338 0.532993 0)
(-0.107552 0.488407 0)
(-0.111658 0.445638 0)
(-0.115597 0.403783 0)
(-0.119339 0.362302 0)
(-0.122919 0.321015 0)
(-0.126404 0.279937 0)
(-0.129864 0.239124 0)
(-0.133357 0.198601 0)
(-0.136927 0.15835 0)
(-0.14062 0.118327 0)
(-0.144478 0.0784789 0)
(-0.14849 0.0387343 0)
(-0.152618 -0.000994511 0)
(-0.157024 -0.0407818 0)
(-0.161775 -0.0807138 0)
(-0.166759 -0.12088 0)
(-0.171976 -0.161351 0)
(-0.177414 -0.202202 0)
(-0.183064 -0.243509 0)
(-0.188911 -0.285359 0)
(-0.194936 -0.32785 0)
(-0.201103 -0.37108 0)
(-0.20734 -0.415106 0)
(-0.213494 -0.459858 0)
(-0.219285 -0.505012 0)
(-0.22427 -0.549865 0)
(-0.227982 -0.59353 0)
(-0.230502 -0.636066 0)
(-0.233672 -0.681205 0)
(-0.241957 -0.739099 0)
(-0.25962 -0.821934 0)
(-0.281576 -0.923688 0)
(-0.286297 -0.994716 0)
(-0.246894 -0.948272 0)
(-0.15849 -0.720338 0)
(-0.056969 -0.355353 0)
(-1.39419e-05 -0.0443765 0)
(0.00612703 0.210004 0)
(0.00971479 0.456835 0)
(0.00129079 0.589098 0)
(-0.00993983 0.676767 0)
(-0.020927 0.7397 0)
(-0.0305948 0.776351 0)
(-0.0386895 0.784875 0)
(-0.0452718 0.767968 0)
(-0.0506333 0.732081 0)
(-0.0552103 0.685186 0)
(-0.0594216 0.634405 0)
(-0.0635348 0.584407 0)
(-0.0676282 0.53711 0)
(-0.0716531 0.492452 0)
(-0.0755304 0.449537 0)
(-0.0792192 0.407503 0)
(-0.0827346 0.365862 0)
(-0.0861308 0.32447 0)
(-0.0894754 0.283351 0)
(-0.092831 0.242556 0)
(-0.0962484 0.2021 0)
(-0.0997674 0.161956 0)
(-0.10343 0.122074 0)
(-0.107282 0.0823984 0)
(-0.11132 0.0428673 0)
(-0.115474 0.00338908 0)
(-0.119935 -0.0361427 0)
(-0.12481 -0.0758034 0)
(-0.129964 -0.11571 0)
(-0.135379 -0.155934 0)
(-0.14105 -0.196551 0)
(-0.146963 -0.237638 0)
(-0.153105 -0.279285 0)
(-0.15946 -0.321597 0)
(-0.165999 -0.364693 0)
(-0.17267 -0.408673 0)
(-0.179368 -0.453557 0)
(-0.185888 -0.499158 0)
(-0.191878 -0.544928 0)
(-0.19684 -0.589905 0)
(-0.200423 -0.633312 0)
(-0.20336 -0.676758 0)
(-0.208947 -0.728201 0)
(-0.222637 -0.802533 0)
(-0.244844 -0.906082 0)
(-0.259487 -1.00332 0)
(-0.2373 -1.00384 0)
(-0.163416 -0.814088 0)
(-0.0651868 -0.440861 0)
(-0.00113231 -0.0699113 0)
(0.00690164 0.200173 0)
(0.0173777 0.455579 0)
(0.0157269 0.595817 0)
(0.0100723 0.685245 0)
(0.00387893 0.747692 0)
(-0.00179525 0.78343 0)
(-0.00690607 0.791016 0)
(-0.0115564 0.773299 0)
(-0.0158912 0.736822 0)
(-0.0200635 0.689574 0)
(-0.0241747 0.638611 0)
(-0.0282404 0.588504 0)
(-0.0322072 0.541086 0)
(-0.0360064 0.496266 0)
(-0.0396009 0.453168 0)
(-0.0430027 0.410965 0)
(-0.0462624 0.369201 0)
(-0.0494469 0.327746 0)
(-0.0526212 0.286624 0)
(-0.0558412 0.245878 0)
(-0.0591528 0.205516 0)
(-0.0625937 0.165504 0)
(-0.066203 0.125785 0)
(-0.070031 0.0863045 0)
(-0.0740788 0.0470066 0)
(-0.0782543 0.00780458 0)
(-0.0827521 -0.0314291 0)
(-0.0877356 -0.0707681 0)
(-0.0930654 -0.11037 0)
(-0.0986905 -0.150306 0)
(-0.104611 -0.190649 0)
(-0.110818 -0.231476 0)
(-0.117297 -0.272881 0)
(-0.124033 -0.314972 0)
(-0.130999 -0.357881 0)
(-0.138156 -0.401741 0)
(-0.145423 -0.446634 0)
(-0.152649 -0.492482 0)
(-0.159564 -0.538887 0)
(-0.165743 -0.584988 0)
(-0.170696 -0.629659 0)
(-0.174447 -0.672987 0)
(-0.178958 -0.720217 0)
(-0.189319 -0.78588 0)
(-0.209646 -0.885356 0)
(-0.230289 -0.999872 0)
(-0.22277 -1.04336 0)
(-0.163982 -0.897597 0)
(-0.0718154 -0.52739 0)
(-0.00267419 -0.0999011 0)
(0.00724396 0.186645 0)
(0.0241648 0.44717 0)
(0.029636 0.596252 0)
(0.0296813 0.688613 0)
(0.0282021 0.751338 0)
(0.0264501 0.787051 0)
(0.0242946 0.794725 0)
(0.021582 0.777168 0)
(0.0183124 0.74085 0)
(0.0146084 0.693694 0)
(0.0106742 0.642718 0)
(0.00673235 0.592487 0)
(0.00295856 0.544868 0)
(-0.000561038 0.499822 0)
(-0.00383003 0.456519 0)
(-0.00690881 0.414165 0)
(-0.00987788 0.372316 0)
(-0.012814 0.33084 0)
(-0.0157804 0.289752 0)
(-0.0188278 0.249088 0)
(-0.0219993 0.208847 0)
(-0.0253331 0.168993 0)
(-0.0288684 0.129463 0)
(-0.0326588 0.0901954 0)
(-0.0367198 0.051144 0)
(-0.0409208 0.0122434 0)
(-0.0454308 -0.0266387 0)
(-0.0504949 -0.0656013 0)
(-0.0559945 -0.104852 0)
(-0.0618299 -0.144457 0)
(-0.0680106 -0.18448 0)
(-0.0745341 -0.224997 0)
(-0.081388 -0.266106 0)
(-0.0885545 -0.307923 0)
(-0.0960098 -0.350589 0)
(-0.103717 -0.39426 0)
(-0.111612 -0.439064 0)
(-0.119575 -0.485003 0)
(-0.127398 -0.531806 0)
(-0.134743 -0.578751 0)
(-0.141142 -0.624657 0)
(-0.146279 -0.668726 0)
(-0.151046 -0.713769 0)
(-0.159353 -0.77205 0)
(-0.177048 -0.864032 0)
(-0.200603 -0.987659 0)
(-0.204944 -1.06827 0)
(-0.160914 -0.969572 0)
(-0.0766819 -0.61246 0)
(-0.00447542 -0.133963 0)
(0.00718219 0.170166 0)
(0.0298148 0.431764 0)
(0.0426345 0.590112 0)
(0.048616 0.686804 0)
(0.0518361 0.750697 0)
(0.0539765 0.787227 0)
(0.0548212 0.79595 0)
(0.0541408 0.779482 0)
(0.0520505 0.744055 0)
(0.0489235 0.697445 0)
(0.0452518 0.646642 0)
(0.0414915 0.596294 0)
(0.037946 0.548406 0)
(0.0347304 0.50307 0)
(0.0318129 0.459542 0)
(0.0290907 0.417055 0)
(0.0264525 0.375162 0)
(0.0238086 0.33371 0)
(0.0210944 0.292701 0)
(0.0182614 0.252162 0)
(0.0152667 0.212089 0)
(0.012069 0.172445 0)
(0.00862502 0.133171 0)
(0.00488057 0.0942016 0)
(0.00080545 0.0554924 0)
(-0.00343411 0.0169723 0)
(-0.00793743 -0.0215685 0)
(-0.0130389 -0.0601845 0)
(-0.0186829 -0.0990787 0)
(-0.0247204 -0.138325 0)
(-0.0311627 -0.177986 0)
(-0.0380163 -0.218143 0)
(-0.045274 -0.2589 0)
(-0.0529182 -0.300385 0)
(-0.060922 -0.342748 0)
(-0.0692494 -0.386162 0)
(-0.0778433 -0.430788 0)
(-0.0866062 -0.476691 0)
(-0.0953725 -0.523697 0)
(-0.103875 -0.571213 0)
(-0.111724 -0.618126 0)
(-0.11851 -0.663231 0)
(-0.124448 -0.707545 0)
(-0.132094 -0.760327 0)
(-0.147416 -0.843502 0)
(-0.171767 -0.96951 0)
(-0.185262 -1.08046 0)
(-0.155053 -1.02957 0)
(-0.0798721 -0.694176 0)
(-0.00633089 -0.17147 0)
(0.00676805 0.151575 0)
(0.0341253 0.409734 0)
(0.0543339 0.577139 0)
(0.066576 0.679665 0)
(0.074576 0.745782 0)
(0.0806182 0.783936 0)
(0.0845614 0.794594 0)
(0.0860816 0.7801 0)
(0.0853563 0.746289 0)
(0.0829653 0.700698 0)
(0.0796634 0.650288 0)
(0.0761386 0.599856 0)
(0.0728404 0.551644 0)
(0.0699369 0.505956 0)
(0.0673867 0.46217 0)
(0.0650518 0.419556 0)
(0.0627888 0.377646 0)
(0.0604891 0.336258 0)
(0.0580811 0.295369 0)
(0.0555146 0.254994 0)
(0.0527461 0.215132 0)
(0.0497314 0.175746 0)
(0.0464246 0.13678 0)
(0.0427726 0.0981689 0)
(0.0387266 0.0598573 0)
(0.0343963 0.021759 0)
(0.029815 -0.0163768 0)
(0.0247043 -0.0546062 0)
(0.0189652 -0.0930777 0)
(0.0127394 -0.131886 0)
(0.0060342 -0.171106 0)
(-0.00116307 -0.210831 0)
(-0.00885286 -0.251176 0)
(-0.0170181 -0.292268 0)
(-0.0256264 -0.334266 0)
(-0.0346391 -0.377355 0)
(-0.0440054 -0.421721 0)
(-0.0536432 -0.467477 0)
(-0.0634175 -0.514524 0)
(-0.0731171 -0.562371 0)
(-0.0824312 -0.610004 0)
(-0.0909765 -0.656084 0)
(-0.0986403 -0.700506 0)
(-0.106835 -0.749644 0)
(-0.120642 -0.824226 0)
(-0.1446 -0.947613 0)
(-0.164877 -1.08189 0)
(-0.147233 -1.07775 0)
(-0.0816637 -0.771222 0)
(-0.00806821 -0.211692 0)
(0.00607616 0.131753 0)
(0.0369586 0.381698 0)
(0.0643442 0.557159 0)
(0.0832036 0.666933 0)
(0.0961863 0.736522 0)
(0.106191 0.777111 0)
(0.113368 0.790503 0)
(0.117316 0.77882 0)
(0.118209 0.74736 0)
(0.116771 0.703313 0)
(0.113982 0.65358 0)
(0.110759 0.603154 0)
(0.107722 0.554592 0)
(0.105125 0.508488 0)
(0.102946 0.464396 0)
(0.101023 0.421637 0)
(0.0991802 0.379722 0)
(0.0972829 0.338423 0)
(0.0952438 0.297686 0)
(0.0930057 0.257509 0)
(0.090522 0.217889 0)
(0.0877467 0.178789 0)
(0.0846324 0.140155 0)
(0.0811297 0.101914 0)
(0.0771886 0.0639919 0)
(0.0728536 0.026302 0)
(0.0682067 -0.0113577 0)
(0.0630406 -0.0490751 0)
(0.0571899 -0.0870038 0)
(0.0507585 -0.12526 0)
(0.0437587 -0.16393 0)
(0.0361718 -0.203117 0)
(0.0280024 -0.242942 0)
(0.0192693 -0.283538 0)
(0.0100016 -0.32507 0)
(0.000238091 -0.36774 0)
(-0.00997502 -0.411757 0)
(-0.0205676 -0.457261 0)
(-0.0314281 -0.504204 0)
(-0.0423918 -0.552174 0)
(-0.0532195 -0.600242 0)
(-0.0635931 -0.647063 0)
(-0.0732965 -0.691919 0)
(-0.0829553 -0.738895 0)
(-0.096355 -0.806 0)
(-0.1195 -0.923488 0)
(-0.144642 -1.07442 0)
(-0.138201 -1.11468 0)
(-0.0824486 -0.842782 0)
(-0.00959345 -0.253941 0)
(0.00520044 0.111566 0)
(0.0382512 0.348528 0)
(0.0722852 0.530153 0)
(0.0980629 0.648269 0)
(0.116362 0.722744 0)
(0.13047 0.766635 0)
(0.141043 0.783475 0)
(0.147691 0.775375 0)
(0.15052 0.747007 0)
(0.150317 0.70509 0)
(0.14824 0.656407 0)
(0.145419 0.606153 0)
(0.142668 0.557262 0)
(0.140369 0.510691 0)
(0.138551 0.46623 0)
(0.137055 0.423287 0)
(0.135673 0.381359 0)
(0.134238 0.34017 0)
(0.132637 0.299619 0)
(0.130798 0.259683 0)
(0.128667 0.220349 0)
(0.126195 0.181582 0)
(0.123335 0.143326 0)
(0.120037 0.105505 0)
(0.116253 0.0680297 0)
(0.111977 0.0308054 0)
(0.107292 -0.00633553 0)
(0.102052 -0.043494 0)
(0.096072 -0.0808199 0)
(0.0894222 -0.118446 0)
(0.0821159 -0.156479 0)
(0.0741292 -0.195027 0)
(0.0654591 -0.234218 0)
(0.0561204 -0.2742 0)
(0.0461382 -0.315153 0)
(0.0355488 -0.357291 0)
(0.0244021 -0.400839 0)
(0.0127661 -0.445958 0)
(0.000729831 -0.492638 0)
(-0.0115859 -0.540528 0)
(-0.0240063 -0.588763 0)
(-0.036285 -0.636023 0)
(-0.0482175 -0.6813 0)
(-0.0599755 -0.727097 0)
(-0.0740784 -0.788222 0)
(-0.0965638 -0.898044 0)
(-0.125132 -1.05965 0)
(-0.128581 -1.14107 0)
(-0.0826638 -0.908437 0)
(-0.0109088 -0.297678 0)
(0.0042439 0.091812 0)
(0.0380269 0.311353 0)
(0.077813 0.496347 0)
(0.110639 0.623311 0)
(0.134693 0.704153 0)
(0.153156 0.752333 0)
(0.16732 0.773278 0)
(0.176964 0.769441 0)
(0.182104 0.744893 0)
(0.1835 0.705753 0)
(0.18241 0.658592 0)
(0.180154 0.608776 0)
(0.177749 0.559641 0)
(0.175749 0.512576 0)
(0.17428 0.467675 0)
(0.173211 0.424486 0)
(0.172321 0.382515 0)
(0.171403 0.34144 0)
(0.170312 0.301105 0)
(0.16895 0.261455 0)
(0.167249 0.222459 0)
(0.165153 0.184081 0)
(0.162611 0.146261 0)
(0.159573 0.108922 0)
(0.15599 0.0719653 0)
(0.151822 0.0352873 0)
(0.147137 -0.00125612 0)
(0.141832 -0.0377885 0)
(0.135725 -0.0744397 0)
(0.128854 -0.111353 0)
(0.121228 -0.148655 0)
(0.112822 -0.186469 0)
(0.103625 -0.224931 0)
(0.0936468 -0.264202 0)
(0.0829116 -0.304474 0)
(0.0714533 -0.34597 0)
(0.0593169 -0.388922 0)
(0.046557 -0.433513 0)
(0.0332399 -0.479758 0)
(0.0194561 -0.527344 0)
(0.00533059 -0.575464 0)
(-0.00895988 -0.622834 0)
(-0.0232678 -0.668321 0)
(-0.0375484 -0.713459 0)
(-0.0533306 -0.770094 0)
(-0.0756846 -0.871692 0)
(-0.106694 -1.03885 0)
(-0.118851 -1.1577 0)
(-0.0827344 -0.968045 0)
(-0.0121112 -0.34259 0)
(0.00330346 0.0731696 0)
(0.0364068 0.271535 0)
(0.08066 0.456295 0)
(0.120366 0.591776 0)
(0.150636 0.680341 0)
(0.17384 0.733946 0)
(0.191846 0.759655 0)
(0.204797 0.760666 0)
(0.212664 0.740611 0)
(0.216099 0.704937 0)
(0.216372 0.659871 0)
(0.214936 0.610876 0)
(0.213011 0.561679 0)
(0.211349 0.514141 0)
(0.210224 0.468737 0)
(0.209577 0.425219 0)
(0.209193 0.383148 0)
(0.208837 0.342165 0)
(0.208323 0.302062 0)
(0.207517 0.262735 0)
(0.206329 0.224132 0)
(0.204688 0.186202 0)
(0.202536 0.148883 0)
(0.199819 0.112093 0)
(0.196484 0.0757308 0)
(0.192476 0.0396857 0)
(0.187835 0.00382926 0)
(0.182485 -0.0319879 0)
(0.176267 -0.0678761 0)
(0.16918 -0.103984 0)
(0.16123 -0.140455 0)
(0.152392 -0.177425 0)
(0.14265 -0.215045 0)
(0.132008 -0.253487 0)
(0.120486 -0.292957 0)
(0.108114 -0.333688 0)
(0.0949309 -0.375921 0)
(0.0809768 -0.419842 0)
(0.0662946 -0.465477 0)
(0.0509349 -0.512533 0)
(0.0349671 -0.560245 0)
(0.0185118 -0.60737 0)
(0.0016701 -0.652743 0)
(-0.0154289 -0.697373 0)
(-0.0336765 -0.75078 0)
(-0.0566382 -0.844469 0)
(-0.0894908 -1.01299 0)
(-0.109337 -1.16524 0)
(-0.0830307 -1.02163 0)
(-0.013381 -0.388624 0)
(0.00245383 0.056159 0)
(0.0336091 0.230608 0)
(0.0806846 0.410943 0)
(0.126675 0.553582 0)
(0.163517 0.650834 0)
(0.191971 0.711107 0)
(0.214159 0.742313 0)
(0.23074 0.748678 0)
(0.241767 0.733705 0)
(0.247753 0.702183 0)
(0.249876 0.659872 0)
(0.249642 0.612207 0)
(0.248441 0.563251 0)
(0.247235 0.515351 0)
(0.24649 0.469419 0)
(0.246263 0.425489 0)
(0.246389 0.383233 0)
(0.246621 0.342294 0)
(0.246736 0.302414 0)
(0.24656 0.26344 0)
(0.245966 0.225279 0)
(0.244864 0.187862 0)
(0.243181 0.151115 0)
(0.240853 0.114952 0)
(0.237824 0.0792693 0)
(0.234033 0.043951 0)
(0.229483 0.00887263 0)
(0.224121 -0.0261234 0)
(0.217815 -0.0611447 0)
(0.210527 -0.0963428 0)
(0.202259 -0.131873 0)
(0.192988 -0.167886 0)
(0.182694 -0.204544 0)
(0.171374 -0.242034 0)
(0.159045 -0.280573 0)
(0.145727 -0.320403 0)
(0.13145 -0.361766 0)
(0.116233 -0.404847 0)
(0.100092 -0.44967 0)
(0.083036 -0.495953 0)
(0.0650812 -0.542962 0)
(0.046291 -0.589488 0)
(0.0267297 -0.634363 0)
(0.0065683 -0.678385 0)
(-0.0147387 -0.729496 0)
(-0.039135 -0.816154 0)
(-0.0735499 -0.982779 0)
(-0.100215 -1.16423 0)
(-0.0838346 -1.06926 0)
(-0.0149639 -0.435985 0)
(0.00173669 0.0411231 0)
(0.0299357 0.190174 0)
(0.0779206 0.361656 0)
(0.129087 0.508999 0)
(0.172568 0.6152 0)
(0.20682 0.683335 0)
(0.233649 0.720893 0)
(0.254221 0.733096 0)
(0.268845 0.723686 0)
(0.277936 0.696946 0)
(0.282504 0.658094 0)
(0.284004 0.612388 0)
(0.283922 0.56412 0)
(0.283419 0.516091 0)
(0.283171 0.469688 0)
(0.283405 0.425292 0)
(0.284048 0.382764 0)
(0.28488 0.341797 0)
(0.285657 0.302109 0)
(0.286165 0.263495 0)
(0.286238 0.225818 0)
(0.285755 0.188977 0)
(0.284621 0.152881 0)
(0.282758 0.117432 0)
(0.2801 0.0825232 0)
(0.276582 0.048033 0)
(0.272181 0.0138348 0)
(0.266855 -0.0202283 0)
(0.260492 -0.0542704 0)
(0.253029 -0.0884466 0)
(0.244462 -0.122921 0)
(0.234771 -0.157855 0)
(0.223931 -0.193425 0)
(0.211936 -0.229831 0)
(0.198791 -0.2673 0)
(0.184508 -0.306078 0)
(0.169097 -0.346402 0)
(0.152554 -0.388448 0)
(0.134857 -0.432227 0)
(0.115972 -0.477457 0)
(0.0958614 -0.523427 0)
(0.0745357 -0.568985 0)
(0.0520348 -0.612998 0)
(0.0285872 -0.656117 0)
(0.00380823 -0.705553 0)
(-0.022844 -0.786379 0)
(-0.0587954 -0.948686 0)
(-0.0915091 -1.15505 0)
(-0.0853109 -1.11099 0)
(-0.0171441 -0.48512 0)
(0.00116027 0.028232 0)
(0.0257405 0.151764 0)
(0.072618 0.310182 0)
(0.127311 0.458779 0)
(0.177019 0.573205 0)
(0.217499 0.65009 0)
(0.249521 0.694941 0)
(0.274519 0.713512 0)
(0.293182 0.710052 0)
(0.305947 0.688619 0)
(0.313636 0.653907 0)
(0.317549 0.610871 0)
(0.31917 0.563882 0)
(0.319794 0.516115 0)
(0.320306 0.469422 0)
(0.321135 0.424589 0)
(0.322347 0.381732 0)
(0.323798 0.340663 0)
(0.325254 0.301113 0)
(0.326478 0.262846 0)
(0.32727 0.225678 0)
(0.327471 0.18947 0)
(0.326958 0.154102 0)
(0.325633 0.11946 0)
(0.323416 0.0854255 0)
(0.320235 0.0518716 0)
(0.316045 0.0186669 0)
(0.31081 -0.014347 0)
(0.304434 -0.0472913 0)
(0.296836 -0.0803258 0)
(0.288005 -0.113621 0)
(0.277924 -0.14735 0)
(0.266564 -0.181701 0)
(0.25391 -0.216884 0)
(0.239956 -0.253132 0)
(0.224697 -0.290688 0)
(0.208117 -0.32978 0)
(0.190179 -0.370562 0)
(0.17082 -0.413027 0)
(0.149957 -0.456883 0)
(0.127499 -0.501443 0)
(0.10341 -0.545625 0)
(0.0777174 -0.588396 0)
(0.0507233 -0.630383 0)
(0.0222167 -0.67828 0)
(-0.00740308 -0.754703 0)
(-0.0450676 -0.911068 0)
(-0.083087 -1.1379 0)
(-0.0874791 -1.14673 0)
(-0.0202051 -0.536683 0)
(0.000711168 0.0175061 0)
(0.0213859 0.116672 0)
(0.0652549 0.258545 0)
(0.121354 0.40425 0)
(0.176233 0.525024 0)
(0.223022 0.6109 0)
(0.260782 0.663921 0)
(0.290727 0.689464 0)
(0.313901 0.692299 0)
(0.330906 0.676562 0)
(0.342432 0.646579 0)
(0.34956 0.606936 0)
(0.353656 0.561933 0)
(0.356055 0.514984 0)
(0.357799 0.468352 0)
(0.359518 0.42324 0)
(0.361461 0.380082 0)
(0.363603 0.338871 0)
(0.365769 0.299411 0)
(0.367733 0.261464 0)
(0.369273 0.224814 0)
(0.3702 0.189281 0)
(0.370362 0.15471 0)
(0.369636 0.120964 0)
(0.367924 0.0879068 0)
(0.365144 0.0554009 0)
(0.361231 0.0233074 0)
(0.35615 -0.00853609 0)
(0.349816 -0.0402594 0)
(0.342137 -0.0720271 0)
(0.333094 -0.104016 0)
(0.322669 -0.136408 0)
(0.310829 -0.169402 0)
(0.297547 -0.203212 0)
(0.282799 -0.23807 0)
(0.266554 -0.274212 0)
(0.248764 -0.311845 0)
(0.229352 -0.351097 0)
(0.208205 -0.391932 0)
(0.18519 -0.434048 0)
(0.160166 -0.476786 0)
(0.133061 -0.519155 0)
(0.103905 -0.560283 0)
(0.0730901 -0.600903 0)
(0.0406399 -0.647345 0)
(0.00755419 -0.720575 0)
(-0.032131 -0.870232 0)
(-0.0746555 -1.11287 0)
(-0.0901874 -1.17619 0)
(-0.0243714 -0.591469 0)
(0.000371528 0.00884433 0)
(0.0171977 0.0858182 0)
(0.0565056 0.208855 0)
(0.111593 0.347321 0)
(0.169867 0.471441 0)
(0.222444 0.565577 0)
(0.266269 0.627289 0)
(0.301718 0.66042 0)
(0.329936 0.669896 0)
(0.351753 0.660132 0)
(0.367835 0.635319 0)
(0.379051 0.599722 0)
(0.386554 0.557455 0)
(0.391602 0.51202 0)
(0.395301 0.465985 0)
(0.398444 0.420933 0)
(0.401466 0.377641 0)
(0.404503 0.336343 0)
(0.407486 0.29697 0)
(0.41024 0.25933 0)
(0.412558 0.223201 0)
(0.41424 0.188372 0)
(0.415111 0.154658 0)
(0.415027 0.121888 0)
(0.413872 0.0899054 0)
(0.411548 0.058557 0)
(0.407974 0.0276913 0)
(0.403112 -0.00285769 0)
(0.396882 -0.0332365 0)
(0.389184 -0.0636108 0)
(0.379992 -0.0941617 0)
(0.369279 -0.12508 0)
(0.357005 -0.156568 0)
(0.343125 -0.188839 0)
(0.327592 -0.222117 0)
(0.310341 -0.25662 0)
(0.291282 -0.292529 0)
(0.270289 -0.329936 0)
(0.2472 -0.368777 0)
(0.221827 -0.40874 0)
(0.193988 -0.449204 0)
(0.163591 -0.489304 0)
(0.130696 -0.528389 0)
(0.0958102 -0.567418 0)
(0.0592042 -0.612566 0)
(0.0223825 -0.683444 0)
(-0.0196808 -0.826505 0)
(-0.0657632 -1.07999 0)
(-0.0930884 -1.19876 0)
(-0.0297283 -0.650262 0)
(0.000134115 0.00204507 0)
(0.013439 0.059671 0)
(0.047157 0.16307 0)
(0.0987765 0.290368 0)
(0.158012 0.413985 0)
(0.215051 0.514475 0)
(0.264769 0.584675 0)
(0.306156 0.625813 0)
(0.339992 0.642269 0)
(0.367228 0.63868 0)
(0.388583 0.619323 0)
(0.404774 0.588281 0)
(0.416711 0.549455 0)
(0.425466 0.506304 0)
(0.432097 0.461561 0)
(0.437476 0.417106 0)
(0.442191 0.374039 0)
(0.446543 0.332858 0)
(0.450608 0.293674 0)
(0.454308 0.256388 0)
(0.45749 0.22081 0)
(0.459975 0.186722 0)
(0.461591 0.153916 0)
(0.462184 0.122195 0)
(0.461622 0.0913764 0)
(0.459798 0.0612874 0)
(0.456617 0.0317603 0)
(0.452028 0.00262564 0)
(0.445956 -0.0262869 0)
(0.438301 -0.0551401 0)
(0.429015 -0.0841182 0)
(0.418062 -0.113416 0)
(0.405387 -0.143235 0)
(0.390923 -0.173779 0)
(0.374587 -0.205256 0)
(0.356277 -0.237859 0)
(0.335853 -0.271732 0)
(0.313137 -0.306931 0)
(0.287912 -0.343363 0)
(0.259942 -0.380713 0)
(0.229017 -0.418423 0)
(0.195047 -0.455791 0)
(0.158157 -0.492458 0)
(0.119 -0.529716 0)
(0.078086 -0.573754 0)
(0.0374566 -0.64299 0)
(-0.00734503 -0.780265 0)
(-0.0558049 -1.03937 0)
(-0.0956062 -1.21346 0)
(-0.0361127 -0.713616 0)
(9.97613e-06 -0.00318536 0)
(0.0103067 0.0382612 0)
(0.0379767 0.122771 0)
(0.0839253 0.236012 0)
(0.141233 0.354942 0)
(0.200539 0.458727 0)
(0.255217 0.536151 0)
(0.302592 0.585176 0)
(0.342556 0.608802 0)
(0.375853 0.611532 0)
(0.40321 0.597791 0)
(0.425252 0.571643 0)
(0.442666 0.536837 0)
(0.456287 0.496717 0)
(0.467019 0.454053 0)
(0.475708 0.410904 0)
(0.483019 0.368623 0)
(0.489393 0.327961 0)
(0.49505 0.28923 0)
(0.500044 0.252464 0)
(0.504315 0.217543 0)
(0.507745 0.184276 0)
(0.510193 0.152451 0)
(0.51152 0.121856 0)
(0.511597 0.0922879 0)
(0.510311 0.0635549 0)
(0.507564 0.0354726 0)
(0.503287 0.00786302 0)
(0.497409 -0.0194608 0)
(0.48983 -0.0466619 0)
(0.480479 -0.0739251 0)
(0.469299 -0.101443 0)
(0.456218 -0.129408 0)
(0.441136 -0.15801 0)
(0.423933 -0.187431 0)
(0.404459 -0.217829 0)
(0.382523 -0.24931 0)
(0.357893 -0.281892 0)
(0.330301 -0.315454 0)
(0.299474 -0.3497 0)
(0.265191 -0.384163 0)
(0.2274 -0.41836 0)
(0.186325 -0.452294 0)
(0.142797 -0.487682 0)
(0.09756 -0.53086 0)
(0.0532185 -0.599212 0)
(0.00536274 -0.731862 0)
(-0.0440179 -0.991376 0)
(-0.0968894 -1.21895 0)
(-0.0429849 -0.781732 0)
(2.11149e-05 -0.00723006 0)
(0.00789456 0.0212788 0)
(0.0295113 0.0890157 0)
(0.0680697 0.186825 0)
(0.120446 0.297189 0)
(0.179105 0.400345 0)
(0.236907 0.4825 0)
(0.289668 0.538378 0)
(0.335986 0.568939 0)
(0.375946 0.577987 0)
(0.41005 0.569921 0)
(0.438802 0.548861 0)
(0.462705 0.518492 0)
(0.48235 0.482047 0)
(0.498432 0.442244 0)
(0.511675 0.401206 0)
(0.522732 0.360442 0)
(0.532114 0.3209 0)
(0.540162 0.283082 0)
(0.547059 0.24717 0)
(0.552864 0.213145 0)
(0.55755 0.180872 0)
(0.561042 0.150162 0)
(0.563244 0.120807 0)
(0.564051 0.092597 0)
(0.563365 0.0653272 0)
(0.561092 0.0388013 0)
(0.557155 0.0128319 0)
(0.551481 -0.0127748 0)
(0.543974 -0.0381844 0)
(0.534535 -0.0635773 0)
(0.523087 -0.089137 0)
(0.509529 -0.11504 0)
(0.493731 -0.141453 0)
(0.475529 -0.168525 0)
(0.454725 -0.196376 0)
(0.431077 -0.225069 0)
(0.404305 -0.254587 0)
(0.3741 -0.284796 0)
(0.340172 -0.315439 0)
(0.302319 -0.346186 0)
(0.260561 -0.376831 0)
(0.215261 -0.407809 0)
(0.167437 -0.441337 0)
(0.118067 -0.48398 0)
(0.0702427 -0.552228 0)
(0.0191519 -0.681801 0)
(-0.0295653 -0.936908 0)
(-0.0958175 -1.21369 0)
(-0.0493329 -0.854516 0)
(0.000153952 -0.010499 0)
(0.00599354 0.00825739 0)
(0.0217126 0.0623609 0)
(0.051751 0.145029 0)
(0.0965123 0.243856 0)
(0.151294 0.342106 0)
(0.209619 0.425363 0)
(0.266363 0.48589 0)
(0.318731 0.522379 0)
(0.365732 0.537387 0)
(0.407277 0.53491 0)
(0.443576 0.519018 0)
(0.474918 0.493364 0)
(0.50167 0.461099 0)
(0.524305 0.424857 0)
(0.543372 0.386739 0)
(0.559436 0.348312 0)
(0.573003 0.310646 0)
(0.584479 0.274385 0)
(0.594148 0.239848 0)
(0.602181 0.207125 0)
(0.608657 0.176158 0)
(0.61359 0.146807 0)
(0.61695 0.118888 0)
(0.618684 0.0922008 0)
(0.618724 0.0665427 0)
(0.616998 0.0417152 0)
(0.613433 0.0175284 0)
(0.607957 -0.00621023 0)
(0.600479 -0.0296677 0)
(0.590881 -0.0530112 0)
(0.579062 -0.0764065 0)
(0.564896 -0.100009 0)
(0.548217 -0.123954 0)
(0.528826 -0.148356 0)
(0.506479 -0.173291 0)
(0.480895 -0.19878 0)
(0.451758 -0.224779 0)
(0.418744 -0.251161 0)
(0.381575 -0.277745 0)
(0.340109 -0.304385 0)
(0.294474 -0.331209 0)
(0.245185 -0.359132 0)
(0.19343 -0.39091 0)
(0.140362 -0.433378 0)
(0.0893987 -0.50227 0)
(0.0351114 -0.630369 0)
(-0.0117367 -0.877524 0)
(-0.0911233 -1.19593 0)
(-0.0536631 -0.931165 0)
(0.000267294 -0.0131866 0)
(0.00364054 -0.00102375 0)
(0.0132733 0.0431074 0)
(0.0341957 0.112252 0)
(0.0694714 0.197799 0)
(0.117524 0.287117 0)
(0.173509 0.367115 0)
(0.232183 0.428929 0)
(0.289633 0.46932 0)
(0.343604 0.489301 0)
(0.39306 0.492031 0)
(0.437633 0.481249 0)
(0.477268 0.460483 0)
(0.512083 0.432786 0)
(0.542329 0.400694 0)
(0.568372 0.366238 0)
(0.590645 0.330973 0)
(0.609596 0.296009 0)
(0.625633 0.262076 0)
(0.639095 0.229592 0)
(0.650238 0.198745 0)
(0.659235 0.169558 0)
(0.666191 0.141951 0)
(0.671159 0.115784 0)
(0.674151 0.0908837 0)
(0.675148 0.0670658 0)
(0.674113 0.0441437 0)
(0.670994 0.0219361 0)
(0.665728 0.000263811 0)
(0.658232 -0.0210386 0)
(0.648385 -0.0421156 0)
(0.636064 -0.0631075 0)
(0.621124 -0.0841408 0)
(0.603377 -0.105318 0)
(0.582595 -0.126711 0)
(0.55851 -0.148354 0)
(0.530821 -0.170238 0)
(0.499209 -0.192304 0)
(0.463375 -0.214464 0)
(0.423101 -0.23665 0)
(0.378344 -0.258947 0)
(0.32936 -0.28185 0)
(0.276792 -0.306767 0)
(0.221917 -0.336969 0)
(0.165918 -0.379544 0)
(0.112288 -0.449569 0)
(0.0549857 -0.577116 0)
(0.0101014 -0.815192 0)
(-0.0813818 -1.16313 0)
(-0.0539776 -1.00845 0)
(-6.56746e-05 -0.0145982 0)
(-0.00149228 -0.00566786 0)
(0.000900358 0.0318878 0)
(0.0124133 0.0894844 0)
(0.0375837 0.16099 0)
(0.0772959 0.238057 0)
(0.128677 0.310341 0)
(0.187131 0.369312 0)
(0.248192 0.410598 0)
(0.308489 0.433754 0)
(0.365876 0.440813 0)
(0.419152 0.434844 0)
(0.467721 0.41902 0)
(0.511348 0.39619 0)
(0.550042 0.368746 0)
(0.583979 0.338611 0)
(0.613454 0.307276 0)
(0.638822 0.275837 0)
(0.660457 0.24505 0)
(0.678709 0.215392 0)
(0.693878 0.187117 0)
(0.706207 0.16032 0)
(0.715879 0.134984 0)
(0.723023 0.111017 0)
(0.727718 0.0882891 0)
(0.730007 0.0666463 0)
(0.729899 0.0459282 0)
(0.727374 0.0259752 0)
(0.722393 0.00663348 0)
(0.714881 -0.0122483 0)
(0.704735 -0.0307903 0)
(0.691826 -0.0491016 0)
(0.676001 -0.0672733 0)
(0.657072 -0.0853699 0)
(0.634808 -0.103426 0)
(0.608949 -0.121444 0)
(0.579221 -0.139398 0)
(0.545356 -0.157245 0)
(0.507133 -0.174963 0)
(0.464446 -0.192636 0)
(0.417373 -0.210598 0)
(0.36628 -0.229705 0)
(0.311857 -0.25181 0)
(0.255322 -0.280619 0)
(0.197657 -0.323394 0)
(0.142166 -0.394554 0)
(0.0820335 -0.521638 0)
(0.0375567 -0.751406 0)
(-0.0641556 -1.11175 0)
(-0.0475515 -1.07941 0)
(-0.00181106 -0.0118981 0)
(-0.0132369 -0.00250575 0)
(-0.0206101 0.0301593 0)
(-0.0188519 0.0770994 0)
(-0.00312827 0.134066 0)
(0.028541 0.196374 0)
(0.0746183 0.256989 0)
(0.131446 0.308906 0)
(0.194643 0.347524 0)
(0.260175 0.371354 0)
(0.324935 0.381278 0)
(0.386815 0.379446 0)
(0.444522 0.368415 0)
(0.497347 0.350642 0)
(0.544984 0.328262 0)
(0.587398 0.303032 0)
(0.624732 0.27633 0)
(0.657241 0.249193 0)
(0.685241 0.222361 0)
(0.709065 0.196327 0)
(0.729027 0.171385 0)
(0.745411 0.14768 0)
(0.758455 0.125245 0)
(0.768347 0.104042 0)
(0.775233 0.0839844 0)
(0.779211 0.0649593 0)
(0.780343 0.0468418 0)
(0.778653 0.0295049 0)
(0.774135 0.0128282 0)
(0.766745 -0.00330783 0)
(0.756401 -0.0190003 0)
(0.742995 -0.0343292 0)
(0.7264 -0.0493517 0)
(0.706457 -0.0640973 0)
(0.682984 -0.0785711 0)
(0.655787 -0.0927613 0)
(0.624678 -0.10665 0)
(0.589504 -0.120239 0)
(0.550179 -0.133601 0)
(0.506724 -0.146972 0)
(0.459316 -0.160912 0)
(0.408342 -0.176568 0)
(0.354387 -0.196127 0)
(0.298407 -0.22361 0)
(0.240944 -0.266367 0)
(0.184888 -0.338163 0)
(0.122188 -0.464154 0)
(0.0757354 -0.687226 0)
(-0.0347102 -1.04035 0)
(-0.0310099 -1.137 0)
(-0.00670043 0.000864998 0)
(-0.0363303 0.013872 0)
(-0.0570405 0.0401314 0)
(-0.0653846 0.0747758 0)
(-0.0575478 0.11599 0)
(-0.0320599 0.161562 0)
(0.00998847 0.207565 0)
(0.0653013 0.248917 0)
(0.12982 0.281484 0)
(0.199449 0.303219 0)
(0.270544 0.314104 0)
(0.34027 0.315337 0)
(0.406654 0.308665 0)
(0.468456 0.295952 0)
(0.524994 0.278932 0)
(0.575972 0.259094 0)
(0.621361 0.237644 0)
(0.6613 0.215511 0)
(0.696032 0.193383 0)
(0.725854 0.171735 0)
(0.751078 0.150874 0)
(0.772006 0.130973 0)
(0.788911 0.112108 0)
(0.80203 0.0942827 0)
(0.811562 0.0774539 0)
(0.817663 0.0615507 0)
(0.82045 0.0464877 0)
(0.820004 0.032175 0)
(0.816368 0.0185271 0)
(0.809558 0.00546602 0)
(0.799553 -0.00707329 0)
(0.786264 -0.0191389 0)
(0.769642 -0.0307791 0)
(0.749622 -0.0420169 0)
(0.726128 -0.0528514 0)
(0.69909 -0.0632744 0)
(0.668459 -0.0732941 0)
(0.634228 -0.0829671 0)
(0.596444 -0.0924503 0)
(0.555218 -0.102092 0)
(0.510728 -0.112586 0)
(0.463225 -0.125231 0)
(0.412968 -0.142365 0)
(0.360381 -0.168148 0)
(0.305267 -0.20995 0)
(0.249829 -0.281044 0)
(0.184414 -0.404597 0)
(0.135397 -0.61942 0)
(0.0114939 -0.957344 0)
(-0.00188276 -1.17965 0)
(-0.0171024 0.0332607 0)
(-0.0746284 0.0495607 0)
(-0.111344 0.0631615 0)
(-0.12926 0.0809525 0)
(-0.12716 0.103896 0)
(-0.105335 0.131188 0)
(-0.0653499 0.16064 0)
(-0.010446 0.189073 0)
(0.0553766 0.213196 0)
(0.128157 0.230543 0)
(0.204286 0.240448 0)
(0.280509 0.243412 0)
(0.354345 0.24037 0)
(0.424104 0.232478 0)
(0.488747 0.220936 0)
(0.547708 0.206858 0)
(0.600759 0.19119 0)
(0.647905 0.174698 0)
(0.689307 0.157968 0)
(0.725215 0.141425 0)
(0.755925 0.125361 0)
(0.781747 0.109957 0)
(0.802984 0.095312 0)
(0.819916 0.0814628 0)
(0.832794 0.0684037 0)
(0.841834 0.0561018 0)
(0.847221 0.0445082 0)
(0.849104 0.0335681 0)
(0.847605 0.0232268 0)
(0.84282 0.0134367 0)
(0.834812 0.00415967 0)
(0.823697 -0.00462922 0)
(0.809391 -0.0129433 0)
(0.791937 -0.0208213 0)
(0.771407 -0.0282974 0)
(0.747871 -0.0353912 0)
(0.721405 -0.0421368 0)
(0.692102 -0.0486208 0)
(0.660066 -0.0550321 0)
(0.625394 -0.0617419 0)
(0.588137 -0.0694412 0)
(0.548253 -0.0793787 0)
(0.505471 -0.0937756 0)
(0.459372 -0.116593 0)
(0.408505 -0.154892 0)
(0.353547 -0.221381 0)
(0.28314 -0.337868 0)
(0.228297 -0.539566 0)
(0.0732078 -0.871108 0)
(0.0414321 -1.19814 0)
(-0.0352678 0.0985713 0)
(-0.12487 0.110141 0)
(-0.170552 0.0982478 0)
(-0.191579 0.0926825 0)
(-0.191319 0.094694 0)
(-0.171125 0.102581 0)
(-0.132671 0.114896 0)
(-0.0788755 0.129381 0)
(-0.0134462 0.143386 0)
(0.0600764 0.154741 0)
(0.138511 0.16231 0)
(0.218634 0.165834 0)
(0.297563 0.16551 0)
(0.373273 0.161836 0)
(0.444438 0.155467 0)
(0.510245 0.147088 0)
(0.570263 0.137336 0)
(0.624348 0.126758 0)
(0.672553 0.115796 0)
(0.715064 0.104787 0)
(0.752146 0.0939757 0)
(0.784101 0.0835258 0)
(0.811245 0.0735387 0)
(0.833888 0.0640673 0)
(0.852322 0.0551296 0)
(0.866815 0.04672 0)
(0.877607 0.038818 0)
(0.884913 0.0313956 0)
(0.88892 0.0244221 0)
(0.889793 0.0178686 0)
(0.887687 0.0117066 0)
(0.882713 0.00592458 0)
(0.875107 0.000514819 0)
(0.864962 -0.00453751 0)
(0.852289 -0.00926096 0)
(0.837203 -0.0136985 0)
(0.819823 -0.0179059 0)
(0.800248 -0.0219723 0)
(0.778547 -0.0260614 0)
(0.754725 -0.0304774 0)
(0.728651 -0.0357734 0)
(0.699965 -0.0429424 0)
(0.667839 -0.0537581 0)
(0.630885 -0.0714197 0)
(0.585896 -0.101728 0)
(0.530491 -0.155394 0)
(0.449975 -0.251769 0)
(0.373331 -0.42414 0)
(0.152916 -0.741363 0)
(0.118154 -1.14024 0)
(-0.0728171 0.213894 0)
(-0.144447 0.159926 0)
(-0.141429 0.10345 0)
(-0.130086 0.0844043 0)
(-0.111805 0.072492 0)
(-0.0842986 0.0639793 0)
(-0.0463137 0.0607973 0)
(0.00208828 0.0622429 0)
(0.0600458 0.0663793 0)
(0.126222 0.0717483 0)
(0.198476 0.0770414 0)
(0.274148 0.0811441 0)
(0.350715 0.0835374 0)
(0.426134 0.0841073 0)
(0.498876 0.0829763 0)
(0.567851 0.0803985 0)
(0.632347 0.0766844 0)
(0.691951 0.072147 0)
(0.746486 0.0670693 0)
(0.795945 0.0616885 0)
(0.840436 0.0561921 0)
(0.880144 0.0507206 0)
(0.915296 0.0453734 0)
(0.946142 0.0402163 0)
(0.972932 0.0352894 0)
(0.995913 0.0306137 0)
(1.01532 0.0261966 0)
(1.03136 0.0220373 0)
(1.04423 0.0181294 0)
(1.05412 0.0144643 0)
(1.0612 0.0110326 0)
(1.06562 0.00782097 0)
(1.06752 0.0048207 0)
(1.06704 0.002038 0)
(1.0644 -0.000530954 0)
(1.05968 -0.00291063 0)
(1.05298 -0.0051389 0)
(1.04437 -0.00727425 0)
(1.03386 -0.0094204 0)
(1.0214 -0.0117663 0)
(1.00673 -0.0146508 0)
(0.989325 -0.0186755 0)
(0.968019 -0.0249034 0)
(0.940759 -0.0352234 0)
(0.902986 -0.053024 0)
(0.848959 -0.0845006 0)
(0.758623 -0.142161 0)
(0.642105 -0.252352 0)
(0.336413 -0.495857 0)
(0.328032 -0.862451 0)
(0.238781 0.159728 0)
(0.357155 0.172555 0)
(0.470683 0.127575 0)
(0.571665 0.0909691 0)
(0.648087 0.0667467 0)
(0.707126 0.049851 0)
(0.756657 0.0374493 0)
(0.80148 0.0282843 0)
(0.844683 0.021695 0)
(0.888365 0.0172558 0)
(0.933647 0.0145315 0)
(0.98076 0.0130465 0)
(1.02932 0.0123576 0)
(1.07857 0.0120977 0)
(1.12764 0.0119929 0)
(1.17568 0.0118636 0)
(1.22192 0.0116115 0)
(1.26578 0.0111987 0)
(1.30682 0.0106269 0)
(1.34476 0.00991938 0)
(1.37946 0.00910915 0)
(1.41086 0.00823063 0)
(1.439 0.00731529 0)
(1.46396 0.00638954 0)
(1.48587 0.00547424 0)
(1.50487 0.00458504 0)
(1.52112 0.00373314 0)
(1.53478 0.00292617 0)
(1.54601 0.00216909 0)
(1.55497 0.00146484 0)
(1.56181 0.000814942 0)
(1.56667 0.000219489 0)
(1.5697 -0.000321535 0)
(1.57103 -0.000808818 0)
(1.5708 -0.00124304 0)
(1.56913 -0.0016272 0)
(1.56613 -0.00196926 0)
(1.5619 -0.00228405 0)
(1.55646 -0.00259919 0)
(1.54975 -0.00296484 0)
(1.54153 -0.00346976 0)
(1.53128 -0.0042674 0)
(1.51791 -0.00562657 0)
(1.49953 -0.00799544 0)
(1.47221 -0.0122038 0)
(1.43051 -0.0194685 0)
(1.35741 -0.0332292 0)
(1.24408 -0.0574707 0)
(0.972699 -0.130332 0)
(0.997292 -0.299724 0)
)
;

boundaryField
{
    movingWall
    {
        type            fixedValue;
        value           uniform (2 0 0);
    }
    fixedWalls
    {
        type            fixedValue;
        value           uniform (0 0 0);
    }
    frontAndBack
    {
        type            empty;
    }
}


// ************************************************************************* //
