/*--------------------------------*- C++ -*----------------------------------*\
  =========                 |
  \\      /  F ield         | OpenFOAM: The Open Source CFD Toolbox
   \\    /   O peration     | Website:  https://openfoam.org
    \\  /    A nd           | Version:  7
     \\/     M anipulation  |
\*---------------------------------------------------------------------------*/
FoamFile
{
    version     2.0;
    format      ascii;
    class       surfaceScalarField;
    location    "100";
    object      phi;
}
// * * * * * * * * * * * * * * * * * * * * * * * * * * * * * * * * * * * * * //

dimensions      [0 3 -1 0 0 0 0];

internalField   nonuniform List<scalar> 
4900
(
1.92946e-07
-8.15892e-07
1.0794e-06
-8.90825e-07
1.57301e-06
-4.97066e-07
1.58453e-06
-1.48157e-08
1.09627e-06
4.84804e-07
1.36022e-07
9.56609e-07
-1.25449e-06
1.38675e-06
-3.03823e-06
1.77993e-06
-5.18969e-06
2.14766e-06
-7.69396e-06
2.50054e-06
-1.0542e-05
2.84443e-06
-1.37246e-05
3.17907e-06
-1.72261e-05
3.49819e-06
-2.10196e-05
3.79033e-06
-2.50624e-05
4.03982e-06
-2.92933e-05
4.22807e-06
-3.36306e-05
4.33468e-06
-3.79719e-05
4.33883e-06
-4.21949e-05
4.2207e-06
-4.61603e-05
3.96314e-06
-4.97157e-05
3.55334e-06
-5.27024e-05
2.98472e-06
-5.49628e-05
2.25855e-06
-5.635e-05
1.38546e-06
-5.6738e-05
3.86297e-07
-5.60321e-05
-7.07565e-07
-5.41787e-05
-1.85498e-06
-5.11742e-05
-3.00595e-06
-4.70708e-05
-4.10476e-06
-4.19787e-05
-5.09347e-06
-3.60639e-05
-5.91606e-06
-2.9542e-05
-6.52303e-06
-2.26673e-05
-6.87584e-06
-1.57176e-05
-6.95084e-06
-8.97662e-06
-6.74195e-06
-2.71582e-06
-6.26175e-06
2.8242e-06
-5.54092e-06
7.44907e-06
-4.62572e-06
1.10213e-05
-3.57305e-06
1.34659e-05
-2.44533e-06
1.47709e-05
-1.3057e-06
1.49835e-05
-2.13242e-07
1.4203e-05
7.79881e-07
1.25741e-05
1.62829e-06
1.02855e-05
2.28803e-06
7.57621e-06
2.70875e-06
4.7531e-06
2.82262e-06
2.21851e-06
2.53402e-06
4.88365e-07
1.72971e-06
4.88256e-07
5.08141e-07
-1.32883e-06
1.23313e-06
-1.62612e-06
1.24522e-06
-5.18458e-07
1.4527e-07
1.07594e-06
-2.1718e-06
2.7924e-06
-5.68358e-06
4.45861e-06
-1.03237e-05
6.01688e-06
-1.60229e-05
7.46917e-06
-2.27243e-05
8.83921e-06
-3.03826e-05
1.01491e-05
-3.89547e-05
1.14072e-05
-4.83878e-05
1.26031e-05
-5.8606e-05
1.37079e-05
-6.95002e-05
1.46764e-05
-8.09194e-05
1.54513e-05
-9.26657e-05
1.59672e-05
-0.000104493
1.61553e-05
-0.000116109
1.59488e-05
-0.000127182
1.52877e-05
-0.000137349
1.41245e-05
-0.000146231
1.24299e-05
-0.000153449
1.01977e-05
-0.000158644
7.44878e-06
-0.000161498
4.23475e-06
-0.000161755
6.38741e-07
-0.000159242
-3.22491e-06
-0.000153887
-7.2144e-06
-0.000145731
-1.11655e-05
-0.000134938
-1.49009e-05
-0.000121795
-1.82404e-05
-0.000106701
-2.10127e-05
-9.01598e-05
-2.30677e-05
-7.27496e-05
-2.42889e-05
-5.50996e-05
-2.46036e-05
-3.78534e-05
-2.39907e-05
-2.16334e-05
-2.24842e-05
-7.00429e-06
-2.01724e-05
5.55882e-06
-1.7191e-05
1.5698e-05
-1.37143e-05
2.319e-05
-9.93935e-06
2.79532e-05
-6.07063e-06
3.00457e-05
-2.30749e-06
2.96594e-05
1.16453e-06
2.71097e-05
4.17646e-06
2.28308e-05
6.56541e-06
1.73804e-05
8.15775e-06
1.14549e-05
8.74677e-06
5.9091e-06
8.07867e-06
1.742e-06
5.89539e-06
2.23013e-06
3.31258e-07
-1.66453e-06
9.86835e-08
-1.40445e-06
-1.4348e-06
1.00498e-06
-4.63605e-06
4.26752e-06
-9.61259e-06
7.75929e-06
-1.63433e-05
1.11796e-05
-2.47566e-05
1.44205e-05
-3.47721e-05
1.74749e-05
-4.63138e-05
2.03714e-05
-5.93078e-05
2.31338e-05
-7.36692e-05
2.57595e-05
-8.92857e-05
2.8211e-05
-0.000106003
3.04168e-05
-0.000123611
3.22766e-05
-0.000141836
3.36693e-05
-0.000160339
3.44629e-05
-0.000178714
3.45241e-05
-0.0001965
3.37288e-05
-0.000213191
3.19732e-05
-0.000228256
2.91835e-05
-0.000241157
2.53257e-05
-0.000251377
2.04135e-05
-0.000258448
1.45143e-05
-0.000261969
7.75167e-06
-0.00026164
3.05896e-07
-0.00025728
-7.58934e-06
-0.000248843
-1.56551e-05
-0.000236434
-2.35785e-05
-0.000220309
-3.10287e-05
-0.000200879
-3.7674e-05
-0.000178693
-4.32014e-05
-0.000154427
-4.73372e-05
-0.000128852
-4.98667e-05
-0.000102805
-5.06524e-05
-7.71515e-05
-4.96471e-05
-5.27362e-05
-4.69017e-05
-3.03454e-05
-4.25654e-05
-1.06613e-05
-3.68771e-05
5.77277e-06
-3.01503e-05
1.85828e-05
-2.27512e-05
2.75828e-05
-1.50724e-05
3.27813e-05
-7.50754e-06
3.43793e-05
-4.35024e-07
3.2765e-05
5.78927e-06
2.85044e-05
1.08245e-05
2.23399e-05
1.4321e-05
1.51928e-05
1.58927e-05
8.16999e-06
1.50998e-05
2.57199e-06
1.14926e-05
4.80197e-06
-2.60566e-07
-1.40839e-06
-2.02606e-06
3.49911e-07
-5.81878e-06
4.78736e-06
-1.18545e-05
1.02934e-05
-2.01633e-05
1.60584e-05
-3.06884e-05
2.1695e-05
-4.33429e-05
2.70655e-05
-5.80362e-05
3.21588e-05
-7.46769e-05
3.7003e-05
-9.31621e-05
4.16102e-05
-0.00011336
4.59488e-05
-0.000135091
4.99338e-05
-0.000158112
5.34299e-05
-0.000182104
5.62618e-05
-0.000206671
5.82287e-05
-0.000231334
5.91197e-05
-0.000255548
5.87316e-05
-0.000278709
5.68845e-05
-0.00030018
5.34388e-05
-0.000319311
4.83092e-05
-0.000335467
4.1477e-05
-0.000348058
3.29992e-05
-0.000356561
2.30135e-05
-0.000360554
1.17401e-05
-0.00035973
-5.22281e-07
-0.000353921
-1.34018e-05
-0.000343113
-2.64667e-05
-0.000327452
-3.9243e-05
-0.000307249
-5.12351e-05
-0.000282977
-6.19485e-05
-0.000255265
-7.09163e-05
-0.000224878
-7.77267e-05
-0.000192697
-8.20507e-05
-0.000159684
-8.36679e-05
-0.000126846
-8.24871e-05
-9.51897e-05
-7.85603e-05
-6.56714e-05
-7.20857e-05
-3.91494e-05
-6.34009e-05
-1.63379e-05
-5.29635e-05
2.23207e-06
-4.13228e-05
1.6243e-05
-2.90849e-05
2.56103e-05
-1.68763e-05
3.04872e-05
-5.3133e-06
3.12633e-05
5.01179e-06
2.85551e-05
1.35314e-05
2.31985e-05
1.96763e-05
1.62446e-05
2.28452e-05
8.96583e-06
2.23777e-05
2.89344e-06
1.75634e-05
7.6953e-06
-1.07285e-06
-3.40006e-07
-4.81678e-06
4.08316e-06
-1.14166e-05
1.13769e-05
-2.08573e-05
1.97242e-05
-3.3034e-05
2.82256e-05
-4.78207e-05
3.64724e-05
-6.50998e-05
4.43355e-05
-8.47649e-05
5.1815e-05
-0.000106707
5.89361e-05
-0.000130791
6.56862e-05
-0.000156836
7.19853e-05
-0.000184589
7.76798e-05
-0.000213718
8.25511e-05
-0.000243797
8.63336e-05
-0.000274311
8.87366e-05
-0.000304665
8.94679e-05
-0.000334197
8.8258e-05
-0.0003622
8.48819e-05
-0.000387947
7.91801e-05
-0.000410717
7.10748e-05
-0.000429827
6.05826e-05
-0.000444655
4.78224e-05
-0.000454664
3.30183e-05
-0.000459425
1.64973e-05
-0.000458634
-1.31695e-06
-0.000452126
-1.99134e-05
-0.000439888
-3.87078e-05
-0.000422068
-5.70668e-05
-0.000398977
-7.43292e-05
-0.000371095
-8.98333e-05
-0.000339066
-0.000102948
-0.000303687
-0.000113108
-0.000265893
-0.000119847
-0.000226726
-0.000122837
-0.000187301
-0.000121914
-0.000148758
-0.000117105
-0.000112213
-0.000108632
-7.86973e-05
-9.69183e-05
-4.91043e-05
-8.25581e-05
-2.41381e-05
-6.62904e-05
-4.27298e-06
-4.89514e-05
1.02772e-05
-3.14279e-05
1.95764e-05
-1.46138e-05
2.39661e-05
6.20788e-07
2.40613e-05
1.3435e-05
2.07355e-05
2.3001e-05
1.51152e-05
2.84646e-05
8.58381e-06
2.89073e-05
2.82917e-06
2.33175e-05
1.05243e-05
-2.03163e-06
1.68789e-06
-8.07715e-06
1.01181e-05
-1.7888e-05
2.11777e-05
-3.11548e-05
3.29813e-05
-4.75938e-05
4.46553e-05
-6.69835e-05
5.58532e-05
-8.91611e-05
6.65045e-05
-0.000113997
7.66424e-05
-0.000141359
8.62904e-05
-0.00017108
9.53991e-05
-0.000202924
0.000103822
-0.000236569
0.000111317
-0.000271593
0.000117569
-0.000307476
0.000122211
-0.000343606
0.000124861
-0.000379294
0.00012515
-0.000413795
0.000122754
-0.000446338
0.00011742
-0.000476147
0.000108984
-0.000502472
9.73957e-05
-0.000524613
8.27194e-05
-0.00054194
6.51456e-05
-0.000553913
4.49871e-05
-0.000560094
2.26752e-05
-0.000560164
-1.25079e-06
-0.000553929
-2.61521e-05
-0.000541336
-5.13037e-05
-0.000522484
-7.59213e-05
-0.000497634
-9.91818e-05
-0.000467218
-0.000120252
-0.000431843
-0.000138325
-0.000392294
-0.000152659
-0.000349521
-0.000162622
-0.00030462
-0.000167741
-0.000258796
-0.00016774
-0.000213323
-0.000162579
-0.000169481
-0.000152476
-0.000128492
-0.000137908
-9.14555e-05
-0.000119596
-5.92787e-05
-9.84684e-05
-3.26246e-05
-7.56067e-05
-1.18689e-05
-5.21847e-05
2.92469e-06
-2.94085e-05
1.20154e-05
-8.47103e-06
1.59807e-05
9.46871e-06
1.56977e-05
2.32829e-05
1.23334e-05
3.18277e-05
7.34356e-06
3.38967e-05
2.50063e-06
2.8159e-05
1.30249e-05
-3.09321e-06
4.77689e-06
-1.16677e-05
1.8683e-05
-2.49681e-05
3.44686e-05
-4.23425e-05
5.03466e-05
-6.32981e-05
6.56022e-05
-8.74994e-05
8.0046e-05
-0.000114727
9.37243e-05
-0.000144823
0.00010673
-0.000177627
0.000119087
-0.000212936
0.0001307
-0.000250461
0.00014134
-0.000289813
0.000150663
-0.000330496
0.000158245
-0.00037191
0.000163619
-0.00041337
0.000166315
-0.000454125
0.0001659
-0.000493384
0.000162009
-0.000530347
0.000154378
-0.000564223
0.000142856
-0.000594259
0.000127428
-0.000619756
0.000108213
-0.000640084
8.54698e-05
-0.000654692
5.95917e-05
-0.000663119
3.10991e-05
-0.000665002
6.30019e-07
-0.000660086
-3.10711e-05
-0.000648239
-6.31535e-05
-0.000629468
-9.46954e-05
-0.000603934
-0.000124717
-0.000571977
-0.000152212
-0.000534123
-0.000176181
-0.000491101
-0.000195683
-0.000443842
-0.000209882
-0.000393469
-0.000218115
-0.000341267
-0.000219944
-0.000288639
-0.000215209
-0.000237045
-0.000204071
-0.000187927
-0.000187028
-0.000142624
-0.0001649
-0.000102291
-0.000138802
-6.78271e-05
-0.000110072
-3.98115e-05
-8.02012e-05
-1.84717e-05
-5.07492e-05
-3.66522e-06
-2.32784e-05
5.11616e-06
6.86396e-07
8.73307e-06
1.96651e-05
8.36964e-06
3.21906e-05
5.52303e-06
3.67416e-05
2.00915e-06
3.16727e-05
1.50339e-05
-4.22527e-06
8.99916e-06
-1.5472e-05
2.99204e-05
-3.24246e-05
5.14122e-05
-5.40562e-05
7.19698e-05
-7.96458e-05
9.11836e-05
-0.000108733
0.000109126
-0.000141037
0.000126021
-0.000176363
0.000142049
-0.000214524
0.000157242
-0.000255277
0.000171447
-0.000298286
0.000184342
-0.000343102
0.000195474
-0.000389169
0.000204307
-0.000435832
0.000210277
-0.000482358
0.000212837
-0.000527966
0.000211504
-0.000571851
0.00020589
-0.000613209
0.000195732
-0.000651259
0.000180903
-0.000685259
0.000161424
-0.000714515
0.000137466
-0.000738393
0.000109345
-0.000756323
7.75189e-05
-0.000767803
4.25767e-05
-0.000772409
5.23342e-06
-0.000769798
-3.36844e-05
-0.000759735
-7.32193e-05
-0.000742103
-0.000112329
-0.000716935
-0.000149887
-0.000684435
-0.000184714
-0.000645006
-0.000215612
-0.000599276
-0.000241415
-0.000548111
-0.000261049
-0.00049262
-0.000273607
-0.000434138
-0.000278427
-0.000374187
-0.000275161
-0.000314411
-0.000263848
-0.000256496
-0.000244943
-0.000202066
-0.000219331
-0.000152579
-0.000188289
-0.000109228
-0.000153424
-7.28574e-05
-0.000116572
-4.39108e-05
-7.96965e-05
-2.24029e-05
-4.4787e-05
-7.92269e-06
-1.37945e-05
3.47156e-07
1.13945e-05
3.59365e-06
2.89431e-05
3.3425e-06
3.69929e-05
1.43084e-06
3.35831e-05
1.64647e-05
-5.39588e-06
1.43912e-05
-1.93772e-05
4.38936e-05
-4.00335e-05
7.20605e-05
-6.59449e-05
9.78735e-05
-9.61534e-05
0.000121385
-0.00013007
0.000143035
-0.000167349
0.000163293
-0.000207758
0.000182452
-0.00025108
0.000200557
-0.000297034
0.000217395
-0.00034524
0.000232543
-0.000395206
0.000245435
-0.000446329
0.000255426
-0.000497922
0.000261865
-0.000549232
0.000264142
-0.000599471
0.000261739
-0.000647841
0.000254257
-0.000693553
0.000241442
-0.000735846
0.000223193
-0.000773992
0.000199568
-0.000807304
0.000170777
-0.000835141
0.00013718
-0.000856907
9.92829e-05
-0.000872056
5.77245e-05
-0.0008801
1.32757e-05
-0.00088061
-3.31766e-05
-0.000873238
-8.05924e-05
-0.000857738
-0.00012783
-0.000833989
-0.000173637
-0.000802031
-0.000216674
-0.000762098
-0.000255546
-0.000714662
-0.000288852
-0.000660461
-0.00031525
-0.000600528
-0.000333541
-0.00053619
-0.000342766
-0.000469043
-0.000342309
-0.000400901
-0.00033199
-0.000333704
-0.000312141
-0.000269397
-0.000283638
-0.000209804
-0.000247883
-0.00015649
-0.00020674
-0.000110644
-0.000162419
-7.30013e-05
-0.00011734
-4.37946e-05
-7.39942e-05
-2.27523e-05
-3.48373e-05
-9.12739e-06
-2.23084e-06
-1.74206e-06
2.15576e-05
9.49696e-07
3.42996e-05
8.17947e-07
3.3715e-05
1.72826e-05
-6.56964e-06
2.09586e-05
-2.32663e-05
6.05826e-05
-4.75682e-05
9.63552e-05
-7.76588e-05
0.000127957
-0.000112344
0.000156064
-0.000150907
0.000181593
-0.000192937
0.000205317
-0.000238164
0.000227674
-0.000286338
0.000248726
-0.000337144
0.000268197
-0.000390169
0.000285563
-0.000444883
0.000300145
-0.000500659
0.000311199
-0.000556792
0.000317995
-0.000612529
0.000319876
-0.00066709
0.000316298
-0.000719697
0.000306862
-0.000769584
0.000291327
-0.000816008
0.000269616
-0.000858259
0.000241817
-0.000895657
0.000208173
-0.000927557
0.00016908
-0.000953351
0.000125076
-0.000972464
7.68372e-05
-0.000984364
2.51742e-05
-0.000988555
-2.89854e-05
-0.0009846
-8.45485e-05
-0.000972127
-0.000140303
-0.000950861
-0.000194903
-0.000920654
-0.000246882
-0.00088153
-0.00029467
-0.000833741
-0.000336641
-0.000777818
-0.000371173
-0.000714625
-0.000396735
-0.000645387
-0.000412004
-0.000571698
-0.000415998
-0.000495482
-0.000408207
-0.000418909
-0.000388715
-0.000344267
-0.00035828
-0.000273802
-0.000318348
-0.000209537
-0.000271004
-0.000153115
-0.000218841
-0.000105663
-0.000164792
-6.77228e-05
-0.000111935
-3.92286e-05
-6.33319e-05
-1.95429e-05
-2.19169e-05
-7.51755e-06
9.5316e-06
-1.57764e-06
2.83603e-05
1.96626e-07
3.19396e-05
1.74792e-05
-7.70907e-06
2.86643e-05
-2.70157e-05
7.98833e-05
-5.47963e-05
0.00012413
-8.88472e-05
0.000162003
-0.000127746
0.000194957
-0.000170653
0.000224495
-0.000217093
0.000251751
-0.000266756
0.000277333
-0.000319363
0.000301328
-0.000374568
0.000323399
-0.000431926
0.000342918
-0.000490886
0.000359102
-0.000550806
0.000371116
-0.000610978
0.000378164
-0.000670654
0.00037955
-0.000729071
0.000374714
-0.000785471
0.00036326
-0.000839107
0.000344962
-0.000889258
0.000319767
-0.000935232
0.00028779
-0.000976367
0.000249308
-0.00101203
0.000204747
-0.00104164
0.000154679
-0.00106461
9.98097e-05
-0.00108041
4.09784e-05
-0.00108853
-2.08636e-05
-0.00108848
-8.46047e-05
-0.00107978
-0.000148999
-0.00106202
-0.000212659
-0.00103487
-0.000274037
-0.000998093
-0.000331444
-0.000951671
-0.000383063
-0.000895838
-0.000427006
-0.000831174
-0.000461399
-0.000758678
-0.0004845
-0.000679813
-0.000494863
-0.000596503
-0.000491516
-0.000511079
-0.000474139
-0.000426147
-0.000443211
-0.00034441
-0.000400086
-0.000268438
-0.000346976
-0.000200442
-0.000286837
-0.000142082
-0.000223152
-9.43326e-05
-0.000159684
-5.74381e-05
-0.000100227
-3.09345e-05
-4.84205e-05
-1.3735e-05
-7.66771e-06
-4.23532e-06
1.88593e-05
-4.28833e-07
2.81337e-05
1.70503e-05
-8.77175e-06
3.7435e-05
-3.04976e-05
0.000101604
-6.14835e-05
0.000155111
-9.91633e-05
0.000199678
-0.0001419
0.00023769
-0.000188737
0.000271328
-0.000239134
0.000302145
-0.000292744
0.000330941
-0.000349255
0.000357836
-0.000408295
0.000382436
-0.000469393
0.000404015
-0.000531982
0.000421689
-0.00059541
0.000434542
-0.000658969
0.000441723
-0.00072192
0.000442501
-0.000783513
0.000436306
-0.000843001
0.000422748
-0.000899658
0.000401619
-0.000952783
0.000372892
-0.00100171
0.00033672
-0.00104582
0.000293416
-0.00108452
0.000243452
-0.00111728
0.000187439
-0.00114358
0.000126115
-0.00116295
6.03413e-05
-0.00117489
-8.92071e-06
-0.00117891
-8.05816e-05
-0.0011745
-0.000153402
-0.00116115
-0.000226013
-0.00113832
-0.000296864
-0.00110555
-0.000364213
-0.00106248
-0.000426128
-0.00100898
-0.000480508
-0.000945222
-0.000525155
-0.000871832
-0.000557889
-0.000789973
-0.000576721
-0.000701406
-0.000580083
-0.000608481
-0.000567064
-0.000514037
-0.000537654
-0.000421216
-0.000492906
-0.000333191
-0.000435001
-0.000252869
-0.000367159
-0.0001826
-0.000293421
-0.000123963
-0.000218321
-7.76558e-05
-0.000146533
-4.34951e-05
-8.25811e-05
-2.05092e-05
-3.06538e-05
-7.07608e-06
5.42717e-06
-1.07514e-06
2.21319e-05
1.59752e-05
-9.71681e-06
4.71492e-05
-3.35841e-05
0.000125468
-6.74006e-05
0.000188924
-0.000108273
0.000240547
-0.000154368
0.000283782
-0.000204617
0.000321575
-0.000258419
0.000355944
-0.000315385
0.000387904
-0.000375169
0.000417619
-0.000437373
0.000444638
-0.000501505
0.000468146
-0.000566981
0.000487163
-0.000633139
0.000500701
-0.000699271
0.000507854
-0.000764636
0.000507866
-0.000828488
0.000500159
-0.000890091
0.000484352
-0.000948732
0.000460261
-0.00100374
0.000427901
-0.00105449
0.000387474
-0.00110043
0.000339357
-0.00114106
0.000284082
-0.00117593
0.000222317
-0.00120466
0.000154843
-0.00122685
8.2538e-05
-0.00124213
6.36233e-06
-0.00125006
-7.2651e-05
-0.00125014
-0.000153315
-0.00124181
-0.000234348
-0.00122439
-0.000314277
-0.00119719
-0.000391409
-0.00115953
-0.000463791
-0.00111083
-0.000529207
-0.00105077
-0.000585204
-0.000979472
-0.00062919
-0.00089759
-0.000658602
-0.000806511
-0.00067116
-0.000708396
-0.000665179
-0.000606145
-0.000639904
-0.000503243
-0.000595809
-0.000403462
-0.000534781
-0.000310497
-0.000460124
-0.000227557
-0.00037636
-0.000157032
-0.000288846
-0.00010027
-0.000203295
-5.75244e-05
-0.000125326
-2.80348e-05
-6.01429e-05
-1.02017e-05
-1.24067e-05
-1.77214e-06
1.37033e-05
1.42031e-05
-1.05012e-05
5.76506e-05
-3.61531e-05
0.000151117
-7.23316e-05
0.000225101
-0.000115865
0.000284079
-0.000164747
0.000332662
-0.000217803
0.00037463
-0.000274366
0.000412506
-0.000334004
0.000447542
-0.000396337
0.000479952
-0.000460937
0.000509238
-0.000527289
0.000534497
-0.000594789
0.000554664
-0.000662764
0.000568676
-0.000730492
0.000575583
-0.000797226
0.000574601
-0.000862215
0.00056515
-0.000924727
0.000546866
-0.000984069
0.000519605
-0.00103961
0.000483444
-0.00109079
0.000438661
-0.00113716
0.000385724
-0.00117833
0.000325255
-0.00121401
0.000258
-0.00124395
0.000184794
-0.00126795
0.000106537
-0.00128575
2.41704e-05
-0.00129706
-6.13426e-05
-0.00130144
-0.000148923
-0.00129835
-0.000237437
-0.00128705
-0.000325572
-0.00126667
-0.000411786
-0.00123623
-0.000494234
-0.00119472
-0.000570709
-0.00114129
-0.000638628
-0.00107541
-0.000695075
-0.00099706
-0.000736947
-0.00090702
-0.000761199
-0.000806988
-0.00076521
-0.000699667
-0.000747223
-0.000588681
-0.000706794
-0.000478303
-0.000645157
-0.000373037
-0.00056539
-0.000277093
-0.000472304
-0.00019389
-0.000372048
-0.000125677
-0.000271507
-7.33626e-05
-0.00017764
-3.65501e-05
-9.69552e-05
-1.37361e-05
-3.52193e-05
-2.56026e-06
2.52709e-06
1.16429e-05
-1.1089e-05
6.87381e-05
-3.80938e-05
0.000178122
-7.60832e-05
0.00026309
-0.000121666
0.000329662
-0.000172683
0.000383679
-0.000227863
0.00042981
-0.000286469
0.000471112
-0.00034802
0.000509093
-0.000412098
0.00054403
-0.000478241
0.000575382
-0.000545907
0.000602165
-0.00061447
0.000623228
-0.000683234
0.000637442
-0.000751459
0.000643809
-0.00081838
0.000641525
-0.000883241
0.000630013
-0.000945314
0.000608942
-0.00100394
0.000578231
-0.00105853
0.000538044
-0.00110864
0.000488774
-0.00115392
0.000431008
-0.00119415
0.000365488
-0.00122921
0.000293062
-0.00125904
0.000214634
-0.00128363
0.000131128
-0.00130291
4.3456e-05
-0.00131675
-4.74946e-05
-0.00132487
-0.000140799
-0.00132679
-0.000235511
-0.0013218
-0.000330557
-0.00130894
-0.000424644
-0.00128701
-0.000516158
-0.00125466
-0.000603055
-0.0012105
-0.000682787
-0.0011533
-0.000752272
-0.00108227
-0.000807979
-0.000997328
-0.000846137
-0.000899431
-0.000863104
-0.000790754
-0.000855898
-0.000674746
-0.000822801
-0.000555952
-0.00076395
-0.000439592
-0.000681748
-0.000330947
-0.000580949
-0.000234665
-0.000468329
-0.000154174
-0.000351996
-9.13178e-05
-0.000240496
-4.62869e-05
-0.000141985
-1.7813e-05
-6.36935e-05
-3.48005e-06
-1.18046e-05
8.16289e-06
-1.1446e-05
8.01856e-05
-3.93134e-05
0.00020599
-7.84938e-05
0.000302271
-0.000125445
0.000376614
-0.000177885
0.000436121
-0.000234446
0.000486372
-0.000294318
0.000530986
-0.000356964
0.000571742
-0.000421923
0.00060899
-0.000488695
0.000642157
-0.000556707
0.000670179
-0.000625303
0.000691826
-0.00069376
0.000705902
-0.000761313
0.000711365
-0.000827181
0.000707396
-0.000890601
0.000693437
-0.000950864
0.000669209
-0.00100735
0.000634721
-0.00105956
0.000590261
-0.00110715
0.000536366
-0.00114992
0.000473778
-0.00118781
0.000403384
-0.00122089
0.000326154
-0.00124933
0.000243072
-0.00127328
0.000155088
-0.0012929
6.30846e-05
-0.00130826
-3.2137e-05
-0.00131923
-0.00012982
-0.00132549
-0.00022924
-0.00132644
-0.000329607
-0.00132112
-0.000429954
-0.00130827
-0.000529008
-0.00128628
-0.000625042
-0.00125334
-0.000715727
-0.00120758
-0.000798029
-0.00114736
-0.000868192
-0.00107164
-0.000921858
-0.000980334
-0.000954404
-0.000874741
-0.00096149
-0.000757733
-0.000939807
-0.000633764
-0.000887917
-0.000508529
-0.000806981
-0.000388313
-0.000701164
-0.000279127
-0.000577513
-0.000185852
-0.00044527
-0.000111596
-0.000314751
-5.74361e-05
-0.000196144
-2.25469e-05
-9.85809e-05
-4.57011e-06
-2.97811e-05
3.5929e-06
-1.15502e-05
9.17356e-05
-3.97413e-05
0.000234184
-7.94408e-05
0.000341974
-0.000127031
0.000424207
-0.000180134
0.000489227
-0.00023729
0.00054353
-0.000297612
0.000591311
-0.0003605
0.000634633
-0.000425441
0.000673934
-0.000491897
0.000708615
-0.000559257
0.000737543
-0.000626835
0.000759407
-0.000693877
0.000772949
-0.000759597
0.000777089
-0.000823201
0.000771004
-0.000883933
0.000754173
-0.000941116
0.000726396
-0.000994193
0.000687804
-0.00104277
0.000638839
-0.00108661
0.000580215
-0.00112568
0.000512854
-0.0011601
0.000437808
-0.00119012
0.000356178
-0.00121607
0.000269035
-0.00123834
0.000177359
-0.00125725
8.20004e-05
-0.00127305
-1.63278e-05
-0.00128583
-0.000117032
-0.00129545
-0.000219619
-0.00130145
-0.000323597
-0.00130304
-0.000428365
-0.00129897
-0.000533068
-0.00128759
-0.000636419
-0.00126682
-0.000736494
-0.0012343
-0.000830543
-0.00118764
-0.000914851
-0.00112476
-0.000984736
-0.0010444
-0.00103476
-0.000946625
-0.00105926
-0.000833309
-0.00105312
-0.000708335
-0.00101289
-0.000577469
-0.000937846
-0.000447766
-0.000830866
-0.000326599
-0.000698678
-0.000220518
-0.00055135
-0.000134245
-0.000401023
-7.01106e-05
-0.000260277
-2.80238e-05
-0.000140667
-5.86149e-06
-5.1942e-05
-2.26848e-06
-1.1385e-05
0.000103123
-3.93338e-05
0.000262137
-7.8847e-05
0.000381491
-0.000126313
0.000471678
-0.000179292
0.00054221
-0.000236237
0.000600479
-0.000296176
0.000651254
-0.00035844
0.000696901
-0.00042246
0.000737959
-0.000487655
0.000773815
-0.00055338
0.000803271
-0.000618915
0.000824947
-0.000683487
0.000837524
-0.000746291
0.000839897
-0.000806538
0.000831256
-0.000863495
0.000811135
-0.000916539
0.000779445
-0.000965197
0.000736467
-0.00100918
0.000682827
-0.0010484
0.000619441
-0.00108297
0.000547425
-0.00111316
0.000468004
-0.00113939
0.000382412
-0.00116215
0.000291803
-0.00118197
0.000197185
-0.00119934
9.93793e-05
-0.00121468
-9.89298e-07
-0.00122823
-0.000103472
-0.00124005
-0.000207789
-0.00124991
-0.000313735
-0.0012572
-0.000421071
-0.00126088
-0.000529388
-0.00125938
-0.000637912
-0.0012506
-0.000745273
-0.00123191
-0.000849228
-0.00120035
-0.000946406
-0.00115294
-0.00103214
-0.00108718
-0.00110052
-0.00100171
-0.00114472
-0.000896985
-0.00115784
-0.000775795
-0.00113408
-0.000643429
-0.00107021
-0.000507291
-0.000967001
-0.00037593
-0.000830039
-0.000257654
-0.000669625
-0.000159122
-0.000499554
-8.43285e-05
-0.000335069
-3.42888e-05
-0.000190705
-7.37734e-06
-7.88525e-05
-9.64565e-06
-1.09486e-05
0.000114073
-3.80769e-05
0.000289272
-7.66842e-05
0.000420105
-0.000123252
0.000518251
-0.000175311
0.000594275
-0.000231234
0.000656407
-0.000289962
0.000709987
-0.000350749
0.000757693
-0.000412969
0.000800183
-0.000475997
0.000836847
-0.000539155
0.000866434
-0.000601703
0.0008875
-0.000662853
0.00089868
-0.000721805
0.000898854
-0.00077779
0.000887246
-0.000830124
0.000863474
-0.000878256
0.000827583
-0.000921815
0.000780031
-0.000960635
0.000721652
-0.000994761
0.000653572
-0.00102444
0.000577109
-0.00105008
0.000493654
-0.00107223
0.000404564
-0.00109149
0.000311067
-0.00110849
0.00021419
-0.00112383
0.000114725
-0.00113803
1.32174e-05
-0.00115149
-9.00055e-05
-0.00116442
-0.000194849
-0.00117681
-0.000301346
-0.0011883
-0.000409579
-0.00119812
-0.000519559
-0.00120498
-0.000631047
-0.00120695
-0.0007433
-0.00120141
-0.000854761
-0.00118513
-0.000962689
-0.00115445
-0.00106282
-0.00110578
-0.00114919
-0.00103628
-0.00121422
-0.000944701
-0.00124942
-0.000832243
-0.00124653
-0.000703098
-0.00119935
-0.000564421
-0.00110568
-0.000425532
-0.000968927
-0.000296411
-0.000798744
-0.000185874
-0.00061009
-9.99974e-05
-0.000420944
-4.13452e-05
-0.000249356
-9.12848e-06
-0.000111068
-1.87739e-05
-1.02466e-05
0.000124324
-3.59871e-05
0.00031502
-7.29757e-05
0.0004571
-0.000117876
0.000563158
-0.00016823
0.000644636
-0.000222339
0.000710522
-0.000279054
0.000766709
-0.00033755
0.000816195
-0.000397141
0.00085978
-0.000457162
0.000896874
-0.000516913
0.000926191
-0.000575645
0.000946237
-0.000632575
0.000955615
-0.000686926
0.000953211
-0.000737976
0.000938302
-0.000785112
0.000910615
-0.000827876
0.000870352
-0.00086601
0.000818171
-0.00089947
0.000755118
-0.000928427
0.000682535
-0.000953243
0.00060193
-0.000974431
0.000514848
-0.000992609
0.000422748
-0.00100845
0.000326912
-0.00102263
0.000228375
-0.0010358
0.000127896
-0.00104852
2.59504e-05
-0.00106129
-7.72308e-05
-0.00107445
-0.000181691
-0.00108814
-0.000287647
-0.00110228
-0.000395434
-0.00111642
-0.000505415
-0.00112963
-0.000617835
-0.00114034
-0.000732589
-0.0011462
-0.000848896
-0.00114402
-0.000964863
-0.00112985
-0.00107699
-0.00109928
-0.00117975
-0.00104814
-0.00126537
-0.000973379
-0.00132418
-0.000874236
-0.00134567
-0.000753196
-0.00132039
-0.000616454
-0.00124242
-0.000473493
-0.00111189
-0.000335648
-0.000936588
-0.000213947
-0.000731789
-0.000116916
-0.000517974
-4.91484e-05
-0.000317121
-1.11153e-05
-0.000149099
-2.9889e-05
-9.29932e-06
0.000133626
-3.31114e-05
0.000338842
-6.77951e-05
0.000491793
-0.000110285
0.000605655
-0.000158176
0.000692535
-0.000209714
0.000762068
-0.000263661
0.000820662
-0.000319109
0.000871649
-0.000375316
0.000915993
-0.000431586
0.00095315
-0.000487206
0.000981818
-0.000541437
0.00100047
-0.000593522
0.00100771
-0.000642734
0.00100243
-0.000688421
0.000983994
-0.000730058
0.000952258
-0.0007673
0.0009076
-0.000800004
0.000850879
-0.000828243
0.000783362
-0.000852294
0.000706592
-0.000872606
0.000622248
-0.000889756
0.000532002
-0.000904398
0.000437394
-0.000917215
0.000339734
-0.000928884
0.000240048
-0.000940041
0.000139058
-0.000951263
3.71779e-05
-0.000963056
-6.54337e-05
-0.000975832
-0.00016891
-0.000989881
-0.000273594
-0.00100532
-0.000379987
-0.00102202
-0.000488712
-0.00103945
-0.000600405
-0.00105651
-0.00071553
-0.00107132
-0.000834082
-0.00108105
-0.000955128
-0.00108182
-0.00107622
-0.00106884
-0.00119272
-0.00103691
-0.00129729
-0.000981344
-0.00137975
-0.000899233
-0.00142778
-0.000790862
-0.00142876
-0.000660738
-0.00137254
-0.000517739
-0.00125488
-0.000374001
-0.00108032
-0.000242607
-0.000863181
-0.000134774
-0.000625805
-5.761e-05
-0.000394284
-1.33279e-05
-0.00019338
-4.32167e-05
-8.13377e-06
0.000141764
-2.95253e-05
0.000360243
-6.12641e-05
0.000523541
-0.000100642
0.000645042
-0.000145358
0.000737259
-0.000193619
0.000810337
-0.000244104
0.000871154
-0.000295824
0.000923377
-0.000347985
0.000968161
-0.000399868
0.00100504
-0.000450765
0.00103272
-0.000499964
0.00104968
-0.000546761
0.00105451
-0.0005905
0.00104617
-0.00063062
0.00102412
-0.000666705
0.000988349
-0.000698523
0.000939423
-0.000726047
0.000878408
-0.000749451
0.000806772
-0.000769097
0.000726242
-0.000785487
0.000638643
-0.000799223
0.000545743
-0.000810955
0.00044913
-0.000821336
0.00035012
-0.000830998
0.000249715
-0.000840527
0.00014859
-0.000850455
4.711e-05
-0.000861263
-5.46219e-05
-0.000873382
-0.000156788
-0.000887176
-0.000259797
-0.000902919
-0.000364241
-0.000920731
-0.000470898
-0.00094046
-0.000580673
-0.000961505
-0.000694482
-0.000982578
-0.000813006
-0.00100143
-0.000936277
-0.0010146
-0.00106304
-0.00101738
-0.00118995
-0.00100401
-0.00131065
-0.000968506
-0.00141525
-0.000905902
-0.00149039
-0.000813996
-0.00152067
-0.000694961
-0.00149157
-0.000556238
-0.0013936
-0.000410004
-0.00122656
-0.000270991
-0.00100219
-0.000153174
-0.000743621
-6.65986e-05
-0.000480858
-1.57463e-05
-0.00024423
-5.89627e-05
-6.78891e-06
0.000148557
-2.53297e-05
0.000378795
-5.35474e-05
0.000551769
-8.91728e-05
0.000680677
-0.000130058
0.000778153
-0.000174401
0.000854689
-0.000220803
0.000917565
-0.000268203
0.000970785
-0.000315757
0.00101572
-0.000362735
0.00105202
-0.00040845
0.00107844
-0.00045224
0.00109347
-0.000493472
0.00109575
-0.000531583
0.00108429
-0.000566121
0.00105866
-0.000596787
0.00101902
-0.000623463
0.000966104
-0.000646224
0.000901175
-0.000665332
0.000825884
-0.000681198
0.000742113
-0.00069435
0.000651799
-0.00070538
0.000556777
-0.000714898
0.000458652
-0.0007235
0.000358726
-0.000731741
0.000257959
-0.000740127
0.00015698
-0.000749118
5.61045e-05
-0.000759136
-4.46005e-05
-0.000770587
-0.000145334
-0.000783853
-0.000246528
-0.000799297
-0.000348795
-0.000817219
-0.000452973
-0.000837772
-0.000560117
-0.000860807
-0.000671445
-0.000885634
-0.000788177
-0.000910705
-0.000911204
-0.000933263
-0.00104048
-0.000949059
-0.00117415
-0.000952332
-0.00130738
-0.000936284
-0.0014313
-0.000894239
-0.00153243
-0.000821481
-0.00159342
-0.000717401
-0.00159565
-0.0005872
-0.0015238
-0.000442209
-0.00137155
-0.000298168
-0.00114623
-0.000171649
-0.000870138
-7.59466e-05
-0.000576558
-1.83404e-05
-0.000301835
-7.73029e-05
-5.30757e-06
0.00015387
-2.06465e-05
0.000394146
-4.48473e-05
0.000575981
-7.61528e-05
0.000711993
-0.000112624
0.000814633
-0.000152479
0.000894553
-0.000194261
0.000959355
-0.000236839
0.00101337
-0.00027933
0.00105822
-0.000321001
0.0010937
-0.000361204
0.00111865
-0.00039934
0.00113162
-0.000434871
0.00113129
-0.000467342
0.00111677
-0.00049642
0.00108775
-0.000521922
0.00104453
-0.00054384
0.000988027
-0.000562338
0.000919677
-0.000577734
0.000841285
-0.000590469
0.000754853
-0.000601064
0.000662398
-0.000610071
0.000565788
-0.00061804
0.000466625
-0.000625485
0.000366174
-0.000632869
0.000265348
-0.000640608
0.000164721
-0.000649072
6.45717e-05
-0.000658608
-3.50624e-05
-0.000669565
-0.000134374
-0.000682305
-0.000233785
-0.000697219
-0.000333879
-0.000714708
-0.000435482
-0.000735137
-0.000539687
-0.000758711
-0.000647869
-0.000785272
-0.000761615
-0.000813981
-0.000882493
-0.000842906
-0.00101156
-0.000868583
-0.00114847
-0.000885716
-0.00129024
-0.000887302
-0.00142971
-0.000865474
-0.00155426
-0.000813264
-0.00164563
-0.000727089
-0.00168182
-0.000609258
-0.00164163
-0.000469332
-0.00151147
-0.000323222
-0.00129234
-0.000189701
-0.00100366
-8.54618e-05
-0.000680797
-2.10717e-05
-0.000366223
-9.83743e-05
-3.73966e-06
0.000157614
-1.56135e-05
0.000406032
-3.53959e-05
0.000595775
-6.19011e-05
0.000738509
-9.34541e-05
0.000846196
-0.000128333
0.000929442
-0.000165042
0.000996072
-0.00020239
0.00105073
-0.000239462
0.0010953
-0.000275534
0.00112978
-0.000310003
0.00115313
-0.000342355
0.00116398
-0.000372156
0.00116109
-0.00039907
0.00114369
-0.000422887
0.00111157
-0.000443539
0.00106519
-0.000461114
0.00100561
-0.000475844
0.000934412
-0.000488085
0.000853529
-0.000498277
0.00076505
-0.00050691
0.000671035
-0.000514479
0.00057336
-0.000521453
0.000473602
-0.000528258
0.000372981
-0.000535262
0.000272355
-0.000542785
0.000172247
-0.00055111
7.28987e-05
-0.0005605
-2.56695e-05
-0.000571239
-0.000123633
-0.000583641
-0.000221381
-0.000598078
-0.000319441
-0.000614986
-0.000418572
-0.000634847
-0.000519825
-0.000658105
-0.00062461
-0.000685015
-0.000734704
-0.000715359
-0.000852147
-0.000748037
-0.000978878
-0.000780527
-0.00111598
-0.000808376
-0.00126239
-0.000824942
-0.00141314
-0.000821813
-0.00155738
-0.00079027
-0.00167717
-0.000723863
-0.00174823
-0.000621583
-0.00174391
-0.000490361
-0.00164269
-0.000345329
-0.00143737
-0.000206842
-0.00114214
-9.49397e-05
-0.000792696
-2.38963e-05
-0.000437265
-0.00012227
-2.13539e-06
0.000159755
-1.03794e-05
0.000414289
-2.54477e-05
0.000610855
-4.67704e-05
0.000759843
-7.29907e-05
0.000872426
-0.000102489
0.00095895
-0.000133756
0.00102735
-0.000165556
0.00108254
-0.000196946
0.0011267
-0.000227217
0.00116006
-0.000255825
0.00118174
-0.000282345
0.0011905
-0.000306457
0.00118521
-0.000327951
0.00116519
-0.000346735
0.00113036
-0.00036285
0.00108131
-0.000376464
0.00101923
-0.000387861
0.000945813
-0.000397409
0.000863081
-0.00040553
0.000773174
-0.000412663
0.000678171
-0.000419231
0.000579931
-0.000425619
0.000479993
-0.00043216
0.000379525
-0.000439132
0.00027933
-0.000446768
0.000179885
-0.000455269
8.14011e-05
-0.000464823
-1.61131e-05
-0.000475646
-0.000112809
-0.000487992
-0.000209033
-0.000502188
-0.000305243
-0.000518656
-0.000402103
-0.000537912
-0.000500568
-0.000560532
-0.000601989
-0.000587043
-0.000708191
-0.000617711
-0.000821478
-0.000652162
-0.000944426
-0.00068884
-0.0010793
-0.000724342
-0.00122689
-0.000752854
-0.00138463
-0.000766078
-0.00154416
-0.000754206
-0.00168904
-0.000708309
-0.00179413
-0.000623917
-0.0018283
-0.000504636
-0.00176197
-0.000363831
-0.00157818
-0.000222632
-0.00128334
-0.000104185
-0.000911143
-2.67678e-05
-0.000514681
-0.000149038
-5.46595e-07
0.000160307
-5.09775e-06
0.000418853
-1.52716e-05
0.000621041
-3.11371e-05
0.000775719
-5.17051e-05
0.000893005
-7.55054e-05
0.00098276
-0.000101045
0.0010529
-0.000127058
0.00110856
-0.000152585
0.00115223
-0.000176934
0.00118442
-0.000199621
0.00120444
-0.000220317
0.00121121
-0.00023882
0.00120372
-0.00025504
0.00118141
-0.000269005
0.00114433
-0.00028085
0.00109315
-0.000290811
0.00102919
-0.000299204
0.000954209
-0.000306395
0.000870275
-0.00031277
0.000779552
-0.000318706
0.00068411
-0.000324551
0.000585778
-0.000330601
0.000486046
-0.000337105
0.000386031
-0.000344258
0.000286484
-0.000352217
0.000187846
-0.000361115
9.03011e-05
-0.000371079
-6.14781e-06
-0.000382261
-0.000101626
-0.000394858
-0.000196435
-0.00040914
-0.00029096
-0.000425482
-0.00038576
-0.00044438
-0.00048167
-0.000466447
-0.000579922
-0.000492357
-0.000682281
-0.000522695
-0.00079114
-0.000557656
-0.000909465
-0.000596543
-0.00104041
-0.000637063
-0.00118637
-0.000674524
-0.00134717
-0.000701318
-0.00151736
-0.000707282
-0.00168308
-0.000681613
-0.0018198
-0.000616542
-0.00189337
-0.000511876
-0.00186664
-0.000378279
-0.00171177
-0.000236727
-0.00142489
-0.000113028
-0.00103484
-2.96438e-05
-0.000598065
-0.000178682
9.77403e-07
0.000159334
7.75056e-08
0.000419766
-5.14263e-06
0.000626273
-1.53926e-05
0.00078598
-3.00903e-05
0.000907712
-4.7962e-05
0.00100064
-6.75673e-05
0.00107251
-8.76317e-05
0.00112863
-0.000107182
0.00117179
-0.000125546
0.00120279
-0.000142301
0.0012212
-0.000157213
0.00122612
-0.000170193
0.0012167
-0.000181272
0.0011925
-0.000190583
0.00115364
-0.00019835
0.00110093
-0.000204862
0.00103571
-0.000210455
0.000959806
-0.00021548
0.000875303
-0.000220279
0.000784354
-0.000225164
0.000688998
-0.000230404
0.00059102
-0.000236215
0.00049186
-0.000242767
0.000392584
-0.000250185
0.000293904
-0.000258565
0.000196227
-0.000267987
9.97239e-05
-0.000278528
4.39441e-06
-0.00029029
-8.9863e-05
-0.000303421
-0.000183303
-0.000318135
-0.000276246
-0.000334743
-0.000369151
-0.000353687
-0.000462725
-0.000375554
-0.000558054
-0.000401058
-0.000656776
-0.000430955
-0.000761243
-0.000465825
-0.000874595
-0.000505659
-0.00100058
-0.000549183
-0.00114285
-0.000592953
-0.0013034
-0.000630471
-0.00147985
-0.000651917
-0.00166163
-0.000645366
-0.00182635
-0.000600177
-0.00193856
-0.000512157
-0.00195466
-0.000388457
-0.00183547
-0.000248897
-0.00156445
-0.000121343
-0.00116239
-3.24891e-05
-0.000686917
-0.000211171
2.3922e-06
0.000156947
4.9975e-06
0.000417173
4.66139e-06
0.00062662
6.43353e-08
0.000790587
-8.65106e-06
0.000916438
-2.04537e-05
0.00101245
-3.39942e-05
0.00108606
-4.80101e-05
0.00114265
-6.15247e-05
0.00118531
-7.38868e-05
0.00121516
-8.47294e-05
0.00123205
-9.39068e-05
0.00123531
-0.000101438
0.00122424
-0.000107466
0.00119853
-0.000112225
0.00115841
-0.000116013
0.00110472
-0.000119167
0.00103887
-0.000122032
0.000962674
-0.00012494
0.000878213
-0.000128185
0.000787602
-0.000132016
0.000692831
-0.000136628
0.000595634
-0.000142166
0.000497399
-0.00014873
0.00039915
-0.000156389
0.000301564
-0.00016519
0.000205029
-0.000175173
0.000109708
-0.000186382
1.56042e-05
-0.000198881
-7.73639e-05
-0.000212779
-0.000169405
-0.000228239
-0.000260785
-0.000245513
-0.000351878
-0.00026497
-0.000443269
-0.000287129
-0.000535895
-0.000312671
-0.000631234
-0.000342402
-0.000731513
-0.000377117
-0.000839881
-0.000417288
-0.000960407
-0.000462485
-0.00109765
-0.000510474
-0.00125541
-0.000556105
-0.00143421
-0.000590481
-0.00162726
-0.000601351
-0.00181548
-0.000575843
-0.00196407
-0.000505847
-0.00202465
-0.000394363
-0.00194696
-0.000259043
-0.00169977
-0.000129062
-0.00129237
-3.52832e-05
-0.000780697
-0.000246454
3.65765e-06
0.000153294
9.52449e-06
0.000411318
1.3875e-05
0.000622281
1.48341e-05
0.000789638
1.20967e-05
0.000919184
6.41317e-06
0.00101814
-1.00065e-06
0.00109348
-8.92391e-06
0.00115059
-1.63883e-05
0.00119278
-2.27606e-05
0.00122153
-2.77235e-05
0.00123702
-3.1211e-05
0.0012388
-3.33415e-05
0.00122638
-3.43601e-05
0.00119955
-3.45928e-05
0.00115864
-3.44074e-05
0.00110454
-3.41796e-05
0.00103864
-3.42634e-05
0.000962761
-3.49694e-05
0.000878922
-3.655e-05
0.000789184
-3.91955e-05
0.000695479
-4.3037e-05
0.000599477
-4.81561e-05
0.000502519
-5.45979e-05
0.000405592
-6.23842e-05
0.000309351
-7.15262e-05
0.000214172
-8.20354e-05
0.000120217
-9.39336e-05
2.75025e-05
-0.00010726
-6.40374e-05
-0.000122096
-0.000154569
-0.000138567
-0.000244315
-0.000156867
-0.000333578
-0.000177292
-0.000422843
-0.000200278
-0.000512909
-0.000226424
-0.000605089
-0.000256496
-0.000701441
-0.000291364
-0.000805013
-0.000331787
-0.000919984
-0.000377961
-0.00105148
-0.000428702
-0.00120467
-0.000480266
-0.00138265
-0.00052509
-0.00158243
-0.000551343
-0.00178922
-0.000544715
-0.0019707
-0.000493517
-0.00207585
-0.000396176
-0.0020443
-0.000267189
-0.00182876
-0.000136186
-0.00142338
-3.80224e-05
-0.000878859
-0.000284476
4.74043e-06
0.000148559
1.35329e-05
0.000402537
2.22433e-05
0.000613581
2.85261e-05
0.000783365
3.16444e-05
0.000916075
3.20336e-05
0.00101776
3.07331e-05
0.00109479
2.8893e-05
0.00115243
2.74608e-05
0.00119422
2.70485e-05
0.00122195
2.79308e-05
0.00123614
3.01042e-05
0.00123663
3.33623e-05
0.00122312
3.7367e-05
0.00119555
4.17088e-05
0.00115431
4.59555e-05
0.00110029
4.96939e-05
0.00103491
5.25594e-05
0.000959898
5.42564e-05
0.000877227
5.4567e-05
0.000788875
5.33479e-05
0.000696699
5.05203e-05
0.000602305
4.60534e-05
0.000506987
3.99469e-05
0.000411699
3.22151e-05
0.000317083
2.28732e-05
0.000223514
1.19287e-05
0.000131162
-6.25847e-07
4.00567e-05
-1.4814e-05
-4.98497e-05
-3.0699e-05
-0.000138684
-4.83786e-05
-0.000226636
-6.80025e-05
-0.000313955
-8.98012e-05
-0.000401045
-0.00011412
-0.000488591
-0.000141454
-0.000577755
-0.000172479
-0.000670417
-0.000208032
-0.00076946
-0.000248991
-0.000879025
-0.000295956
-0.00100451
-0.000348576
-0.00115205
-0.000404419
-0.00132681
-0.000457473
-0.00152938
-0.000496957
-0.00174974
-0.000507975
-0.00195968
-0.000475833
-0.00210799
-0.000394189
-0.00212594
-0.000273465
-0.00194948
-0.000142778
-0.00155406
-4.07267e-05
-0.000980911
-0.000325203
5.61184e-06
0.000142951
1.69111e-05
0.000391248
2.95302e-05
0.000600971
4.07636e-05
0.00077214
4.94828e-05
0.000907364
5.57959e-05
0.00101146
6.05283e-05
0.00109006
6.47217e-05
0.00114825
6.92788e-05
0.00118967
7.47865e-05
0.00121645
8.14834e-05
0.00122945
8.93076e-05
0.00122881
9.79768e-05
0.00121446
0.00010707
0.00118646
0.000116101
0.00114528
0.000124576
0.00109182
0.000132042
0.00102744
0.000138119
0.000953823
0.000142517
0.000872831
0.000145039
0.000786354
0.000145577
0.000696162
0.000144089
0.000603794
0.000140582
0.000510494
0.000135091
0.000417191
0.000127655
0.000324519
0.000118309
0.000232859
0.000107072
0.000142398
9.39447e-05
5.31832e-05
7.89098e-05
-3.48156e-05
6.19166e-05
-0.000121692
4.28868e-05
-0.000207607
2.17049e-05
-0.000292774
-1.8012e-06
-0.00037754
-2.78925e-05
-0.000462501
-5.69572e-05
-0.000548692
-8.95482e-05
-0.000637827
-0.000126405
-0.000732604
-0.000168399
-0.000837032
-0.00021634
-0.00095657
-0.000270465
-0.00109792
-0.00032946
-0.00126781
-0.000388904
-0.00146994
-0.00043953
-0.00169912
-0.000466694
-0.00193252
-0.000453453
-0.00212123
-0.00038874
-0.00219066
-0.000278066
-0.00206016
-0.000148968
-0.00168316
-4.34394e-05
-0.00108644
-0.000368642
6.24976e-06
0.000136706
1.95594e-05
0.000377948
3.55156e-05
0.000585024
5.11853e-05
0.000756479
6.51149e-05
0.000893441
7.7092e-05
0.000999488
8.76996e-05
0.00107946
9.78325e-05
0.00113812
0.00010832
0.00117919
0.00011971
0.00120507
0.000132207
0.00121696
0.000145697
0.00121533
0.000159836
0.00120032
0.000174128
0.00117217
0.000188016
0.00113139
0.000200947
0.00107889
0.000212426
0.00101596
0.000222048
0.000944203
0.000229514
0.000865365
0.000234639
0.000781231
0.000237329
0.000693473
0.000237566
0.000603557
0.000235384
0.000512676
0.000230837
0.000421738
0.000223983
0.000331373
0.00021487
0.000241972
0.000203526
0.000153741
0.000189953
6.67545e-05
0.000174139
-1.90021e-05
0.000156038
-0.000103593
0.000135586
-0.000187155
0.000112691
-0.000269881
8.72277e-05
-0.000352077
5.90089e-05
-0.000434283
2.7753e-05
-0.000517437
-6.95951e-06
-0.000603115
-4.57289e-05
-0.000693836
-8.93402e-05
-0.000793422
-0.000138657
-0.000907254
-0.000194281
-0.0010423
-0.000255769
-0.00120633
-0.000320186
-0.00140552
-0.000380052
-0.00163925
-0.000421733
-0.00189084
-0.000426926
-0.00211604
-0.000380131
-0.00223745
-0.00028121
-0.00215908
-0.000154935
-0.00180944
-4.6233e-05
-0.00119514
-0.000414876
6.63362e-06
0.000130075
2.13876e-05
0.000363203
3.9992e-05
0.000566428
5.94417e-05
0.000737037
7.80504e-05
0.00087484
9.53149e-05
0.00098223
0.000111559
0.00106322
0.000127493
0.00112219
0.000143837
0.00116285
0.00016108
0.00118783
0.000179381
0.00119866
0.000198582
0.00119613
0.000218281
0.00118063
0.00023792
0.00115254
0.000256876
0.00111244
0.000274538
0.00106123
0.000290362
0.00100014
0.00030391
0.000930658
0.000314864
0.000854413
0.000323028
0.000773067
0.000328313
0.000688189
0.000330707
0.000601162
0.000330253
0.00051313
0.000327018
0.000424973
0.000321071
0.000337319
0.000312466
0.000250576
0.000301236
0.000164971
0.000287385
8.0604e-05
0.000270899
-2.51742e-06
0.000251742
-8.4437e-05
0.000229856
-0.000165271
0.000205169
-0.000245196
0.000177595
-0.000324505
0.00014701
-0.000403699
0.000113225
-0.000483653
7.59448e-05
-0.000565837
3.47261e-05
-0.000652619
-1.10695e-05
-0.000747627
-6.22473e-05
-0.000856077
-0.000119593
-0.000984958
-0.000183282
-0.00114264
-0.000251662
-0.00133714
-0.000319127
-0.00157179
-0.000373677
-0.00183629
-0.000396616
-0.0020931
-0.000368544
-0.00226552
-0.000283076
-0.00224455
-0.000160889
-0.00193163
-4.92089e-05
-0.00130682
-0.000464085
6.74548e-06
0.000123334
2.2307e-05
0.00034765
4.27551e-05
0.000545987
6.51858e-05
0.000714612
8.77992e-05
0.000852232
0.000109853
0.000960181
0.00013141
0.00104167
0.000152962
0.00110064
0.000175079
0.00114074
0.000198156
0.00116475
0.000222292
0.00117453
0.00024728
0.00117114
0.000272664
0.00115525
0.000297829
0.00112738
0.000322093
0.00108818
0.000344786
0.00103854
0.000365314
0.000979616
0.000383194
0.000912778
0.000398078
0.000839529
0.000409747
0.0007614
0.000418094
0.000679843
0.000423102
0.000596155
0.00042481
0.000511422
0.000423286
0.000426497
0.0004186
0.000342004
0.000410811
0.000258364
0.000399951
0.00017583
0.000386029
9.4525e-05
0.000369028
1.44822e-05
0.000348919
-6.43299e-05
0.000325652
-0.000142005
0.000299174
-0.00021872
0.000269429
-0.000294761
0.000236348
-0.00037062
0.00019983
-0.000447136
0.000159697
-0.000525706
0.00011565
-0.000608573
6.72053e-05
-0.000699184
1.36894e-05
-0.000802563
-4.57042e-05
-0.000925565
-0.000111555
-0.00107679
-0.000183237
-0.00126546
-0.000256954
-0.00149807
-0.000322783
-0.00177046
-0.000362622
-0.00205326
-0.00035396
-0.00227419
-0.000283743
-0.00231477
-0.000167048
-0.00204832
-5.25038e-05
-0.00142137
-0.000516589
6.55996e-06
0.000116776
2.22174e-05
0.000331999
4.35857e-05
0.000524625
6.80565e-05
0.000690148
9.3858e-05
0.000826436
0.000120084
0.000933959
0.000146546
0.00101522
0.000173489
0.0010737
0.000201286
0.00111294
0.000230197
0.00113585
0.000260229
0.0011445
0.000291113
0.00114026
0.000322337
0.00112403
0.000353232
0.00109648
0.000383061
0.00105835
0.000411098
0.00101051
0.000436693
0.000954022
0.000459317
0.000890155
0.000478576
0.000820271
0.000494215
0.000745761
0.000506098
0.000667959
0.000514187
0.000588066
0.000518503
0.000507104
0.000519107
0.000425893
0.000516063
0.000345048
0.000509426
0.000265
0.000499231
0.000186023
0.000485487
0.000108268
0.00046818
3.17877e-05
0.000447286
-4.34377e-05
0.000422767
-0.000117488
0.000394586
-0.00019054
0.000362717
-0.000262894
0.000327143
-0.000335047
0.000287835
-0.00040783
0.000244726
-0.000482598
0.000197653
-0.000561502
0.00014629
-0.000647823
9.00943e-05
-0.000746369
2.8323e-05
-0.000863796
-3.9792e-05
-0.00100867
-0.000114391
-0.00119086
-0.000193305
-0.00141916
-0.000268936
-0.00169483
-0.00032472
-0.00199748
-0.000336076
-0.00226283
-0.00028311
-0.00236774
-0.000173608
-0.00215783
-5.62937e-05
-0.00153869
-0.000572883
6.04052e-06
0.000110739
2.0985e-05
0.000317061
4.22195e-05
0.000503396
6.76472e-05
0.000664725
9.56865e-05
0.000798401
0.000125356
0.000904294
0.00015624
0.000984336
0.00018831
0.00104164
0.000221692
0.00107956
0.000256458
0.00110108
0.000292484
0.00110848
0.000329411
0.00110334
0.000366662
0.00108678
0.000403513
0.00105963
0.000439172
0.00102269
0.000472861
0.000976818
0.000503876
0.000923008
0.000531635
0.000862397
0.000555693
0.000796213
0.000575749
0.000725706
0.000591627
0.000652081
0.000603253
0.00057644
0.000610624
0.000499733
0.00061378
0.000422737
0.000612773
0.000346053
0.000607654
0.000270118
0.000598454
0.000195221
0.000585186
0.000121534
0.000567841
4.91313e-05
0.000546403
-2.20009e-05
0.000520848
-9.19348e-05
0.000491163
-0.000160857
0.00045735
-0.000229084
0.000419437
-0.000297136
0.000377463
-0.000365858
0.000331454
-0.000436591
0.000281369
-0.000511419
0.000227028
-0.000593484
0.000168026
-0.000687368
0.000103689
-0.00079946
3.31691e-05
-0.000938157
-4.41615e-05
-0.00111353
-0.000127492
-0.00133583
-0.00021161
-0.00161071
-0.000282307
-0.00192679
-0.000314221
-0.00223092
-0.000280802
-0.00240116
-0.000180692
-0.00225793
-6.08054e-05
-0.00165857
-0.000633689
5.11873e-06
0.000105622
1.84059e-05
0.000303779
3.82977e-05
0.000483509
6.3458e-05
0.000639569
9.26686e-05
0.000769194
0.000124968
0.000871997
0.000159738
0.00094957
0.00019665
0.00100473
0.000235532
0.00104069
0.000276205
0.00106041
0.000318364
0.00106632
0.000361523
0.00106018
0.000405021
0.00104328
0.00044807
0.00101659
0.000489827
0.000980937
0.000529461
0.000937184
0.000566221
0.000886248
0.00059947
0.000829149
0.000628712
0.000766972
0.000653592
0.000700826
0.000673886
0.000631787
0.000689479
0.000560847
0.000700332
0.000488879
0.000706458
0.00041661
0.000707894
0.000344617
0.000704679
0.000273332
0.000696844
0.000203055
0.000684405
0.000133972
0.000667363
6.61718e-05
0.000645711
-3.50578e-07
0.000619453
-6.56793e-05
0.000588599
-0.000130004
0.000553184
-0.00019367
0.000513279
-0.000257233
0.000468982
-0.000321563
0.000420393
-0.000388005
0.000367571
-0.000458599
0.000310452
-0.000536366
0.000248751
-0.000625668
0.000181873
-0.000732585
0.000108916
-0.000865201
2.89198e-05
-0.00103354
-5.8304e-05
-0.00124861
-0.000149796
-0.00151922
-0.000234336
-0.00184225
-0.000287262
-0.00217799
-0.000276053
-0.00241237
-0.000188288
-0.0023457
-6.63235e-05
-0.00178054
-0.000700012
3.67416e-06
0.00010195
1.41476e-05
0.000293309
3.12928e-05
0.000466367
5.48235e-05
0.000616041
8.40577e-05
0.000739963
0.000118134
0.000837924
0.000156244
0.000911463
0.000197728
0.000963246
0.000242055
0.000996361
0.000288731
0.00101374
0.000337209
0.00101784
0.000386833
0.00101056
0.000436829
0.000993285
0.000486334
0.000967081
0.000534451
0.000932821
0.000580305
0.000891331
0.000623095
0.000843458
0.00066214
0.000790104
0.000696892
0.00073222
0.000726945
0.000670773
0.000752024
0.000606707
0.000771968
0.000540903
0.000786699
0.000474147
0.000796199
0.000407109
0.000800484
0.000340331
0.000799583
0.000274231
0.000793527
0.00020911
0.000782338
0.000145159
0.000766033
8.2475e-05
0.000744623
2.10571e-05
0.000718143
-3.92013e-05
0.000686634
-9.84965e-05
0.000650169
-0.000157207
0.000608859
-0.000215926
0.00056285
-0.000275556
0.000512298
-0.000337454
0.000457324
-0.000403627
0.00039794
-0.000476985
0.000333941
-0.000561671
0.000264787
-0.000663433
0.000189533
-0.000789949
0.000106949
-0.000950956
1.61066e-05
-0.00115776
-8.19062e-05
-0.00142121
-0.000179236
-0.00174492
-0.000253505
-0.00210373
-0.000267564
-0.00239831
-0.000196136
-0.00241713
-7.31915e-05
-0.00190349
-0.000773204
1.48455e-06
0.000100466
7.65826e-06
0.000287138
2.03991e-05
0.000453629
4.08145e-05
0.000595628
6.89048e-05
0.000711875
0.000103944
0.000802886
0.000144911
0.000870497
0.000190765
0.000917394
0.00024055
0.000946578
0.000293386
0.000960905
0.000348423
0.000962806
0.000404788
0.000954194
0.000461563
0.000936511
0.000517795
0.00091085
0.000572527
0.00087809
0.000624842
0.000839016
0.000673905
0.000794395
0.000718992
0.000745016
0.000759515
0.000691697
0.000795022
0.000635266
0.000825192
0.000576536
0.000849818
0.000516276
0.000868785
0.000455179
0.000882044
0.000393848
0.000889591
0.000332782
0.000891449
0.000272373
0.000887648
0.000212909
0.000878227
0.000154579
0.000863225
9.74758e-05
0.000842685
4.15953e-05
0.000816666
-1.31845e-05
0.000785256
-6.70889e-05
0.000748566
-0.00012052
0.000706744
-0.000174105
0.000659965
-0.000228779
0.000608412
-0.000285904
0.00055223
-0.000347448
0.000491454
-0.00041621
0.000425894
-0.000496114
0.000355012
-0.000592553
0.0002778
-0.000712739
0.00019279
-0.000865949
9.84333e-05
-0.00106341
-5.61619e-06
-0.00131717
-0.000114789
-0.00163575
-0.000210565
-0.00200795
-0.000253298
-0.00235558
-0.000203568
-0.00246686
-8.17917e-05
-0.00202526
-0.000854996
-1.84228e-06
0.00010231
-1.96944e-06
0.000287268
4.38753e-06
0.000447274
2.01202e-05
0.000579897
4.5984e-05
0.000686013
8.13316e-05
0.00076754
0.000124846
0.000826985
0.000175017
0.000867224
0.000230387
0.000891208
0.000289629
0.000901664
0.000351529
0.000900906
0.000414954
0.00089077
0.000478812
0.000872653
0.000542044
0.000847618
0.000603632
0.000816502
0.000662622
0.000780025
0.000718152
0.000738865
0.000769473
0.000693695
0.000815966
0.000645203
0.000857146
0.000594085
0.000892656
0.000541025
0.000922253
0.000486677
0.000945792
0.000431639
0.000963201
0.000376439
0.000974461
0.00032152
0.000979593
0.000267239
0.00097864
0.00021386
0.00097166
0.000161557
0.000958724
0.00011041
0.000939915
6.0402e-05
0.000915326
1.14024e-05
0.00088509
-3.68545e-05
0.00084935
-8.47818e-05
0.000808277
-0.000133035
0.000762056
-0.000182561
0.000710862
-0.000234712
0.000654812
-0.0002914
0.000593896
-0.000355296
0.000527867
-0.000430088
0.000456109
-0.000520797
0.000377493
-0.000634126
0.000290307
-0.000778765
0.000192456
-0.000965561
8.24138e-05
-0.00120712
-3.79714e-05
-0.00151536
-0.000155195
-0.00189073
-0.00023021
-0.00228057
-0.000209213
-0.00248786
-9.24958e-05
-0.00214198
-0.000947492
-7.00091e-06
0.000109311
-1.6194e-05
0.000296462
-1.85565e-05
0.000449637
-9.04508e-06
0.000570387
1.37622e-05
0.000663207
4.90996e-05
0.000732204
9.51675e-05
0.000780917
0.00014986
0.000812532
0.000211132
0.000829936
0.000277147
0.000835649
0.00034629
0.000831764
0.000417134
0.000819925
0.000488397
0.00080139
0.000558905
0.000777109
0.000627579
0.000747827
0.000693436
0.000714168
0.000755599
0.000676701
0.000813311
0.000635982
0.000865942
0.000592571
0.000912991
0.000547035
0.000954083
0.000499933
0.000988955
0.000451804
0.00101744
0.000403148
0.00103947
0.000354413
0.00105501
0.000305978
0.0010641
0.000258152
0.00106679
0.000211166
0.00106318
0.000165167
0.00105337
0.000120215
0.00103749
7.62779e-05
0.00101568
3.32126e-05
0.000988086
-9.26401e-06
0.000954885
-5.15828e-05
0.000916245
-9.4398e-05
0.000872329
-0.000138647
0.000823257
-0.000185642
0.000769062
-0.000237207
0.000709618
-0.000295854
0.000644535
-0.000365007
0.000573027
-0.000449293
0.00049376
-0.00055486
0.000404728
-0.000689737
0.000303323
-0.000864157
0.000186954
-0.00109076
5.5308e-05
-0.00138372
-8.31521e-05
-0.00175227
-0.00019391
-0.00216981
-0.000210541
-0.00247123
-0.000105522
-0.002247
-0.00105301
-1.51634e-05
0.000124475
-3.72496e-05
0.000318548
-5.09616e-05
0.00046335
-4.8915e-05
0.00056834
-2.94439e-05
0.000643736
6.14859e-06
0.000696611
5.52948e-05
0.000731771
0.000115108
0.000752719
0.000182873
0.00076217
0.000256206
0.000762316
0.000333074
0.000754895
0.000411757
0.000741242
0.000490782
0.000722365
0.000568864
0.000699026
0.000644874
0.000671816
0.000717814
0.000641227
0.000786811
0.000607703
0.000851119
0.000571673
0.000910119
0.00053357
0.000963318
0.000493835
0.00101034
0.000452905
0.00105094
0.000411208
0.00108494
0.000369145
0.00111227
0.000327079
0.00113293
0.00028532
0.00114696
0.000244123
0.00115445
0.000203675
0.00115552
0.000164093
0.00115032
0.000125414
0.001139
8.75899e-05
0.00112175
5.04682e-05
0.00109871
1.37733e-05
0.00107006
-2.29337e-05
0.00103593
-6.02729e-05
0.000996422
-9.9143e-05
0.000951557
-0.00014078
0.000901224
-0.000186878
0.000845113
-0.000239745
0.000782607
-0.000302504
0.000712653
-0.000379342
0.00063361
-0.00047582
0.000543099
-0.000599229
0.000437972
-0.000759033
0.000314666
-0.000967455
0.000170876
-0.00123993
1.09471e-05
-0.00159234
-0.00013836
-0.0020205
-0.000203319
-0.00240627
-0.000120597
-0.00232973
-0.00117361
-2.82547e-05
0.000152729
-6.83026e-05
0.000358596
-9.58709e-05
0.000490917
-0.000101661
0.000574129
-8.47243e-05
0.000626798
-4.76196e-05
0.000659505
5.92613e-06
0.000678224
7.20717e-05
0.000686573
0.000147346
0.000686894
0.000228831
0.00068083
0.000314106
0.000669618
0.000401192
0.000654155
0.000488456
0.000635099
0.000574534
0.000612946
0.000658268
0.000588081
0.000738667
0.000560826
0.000814886
0.000531482
0.000886216
0.000500342
0.000952071
0.000467713
0.00101199
0.000433912
0.00106563
0.000399261
0.00111276
0.00036408
0.00115323
0.000328673
0.00118699
0.000293319
0.00121405
0.000258259
0.00123448
0.000223691
0.00124839
0.000189758
0.00125594
0.000156547
0.00125728
0.000124074
0.00125258
9.22807e-05
0.00124203
6.10172e-05
0.00122578
3.00225e-05
0.00120394
-1.10137e-06
0.0011766
-3.29306e-05
0.00114374
-6.62848e-05
0.00110524
-0.000102283
0.0010608
-0.000142444
0.00100988
-0.000188823
0.000951557
-0.000244185
0.000884438
-0.000312225
0.000806472
-0.000397857
0.000714806
-0.000507566
0.000605685
-0.000649915
0.000474598
-0.000836371
0.000317348
-0.00108268
0.000134478
-0.00140948
-5.53883e-05
-0.00183064
-0.000180664
-0.002281
-0.000136358
-0.00237404
-0.00130997
-4.92187e-05
0.000201948
-0.000113153
0.000422528
-0.00015563
0.000533392
-0.000167386
0.000585884
-0.000150034
0.000609444
-0.000108367
0.000617837
-4.772e-05
0.000617576
2.69852e-05
0.000611866
0.000111565
0.000602312
0.000202616
0.000589777
0.000297432
0.0005748
0.000393868
0.000557717
0.000490205
0.00053876
0.000585054
0.000518095
0.000677271
0.000495862
0.000765906
0.000472189
0.00085017
0.000447216
0.00092941
0.0004211
0.0010031
0.000394022
0.00107083
0.000366181
0.00113229
0.000337794
0.00118729
0.000309078
0.00123572
0.000280251
0.00127752
0.000251512
0.00131274
0.000223038
0.00134146
0.000194975
0.00136379
0.000167427
0.00137987
0.000140455
0.00138988
0.000114064
0.00139397
8.81932e-05
0.00139227
6.27087e-05
0.00138491
3.73809e-05
0.00137195
1.18644e-05
0.00135335
-1.43423e-05
0.001329
-4.19349e-05
0.0012986
-7.18821e-05
0.00126164
-0.000105485
0.0012173
-0.00014449
0.00116435
-0.000191242
0.001101
-0.000248876
0.00102472
-0.000321575
0.000932072
-0.000414926
0.00081861
-0.000536457
0.000678844
-0.000696607
0.000506805
-0.000910649
0.000299068
-0.00120174
6.66586e-05
-0.00159823
-0.000130245
-0.0020841
-0.000148881
-0.0023554
-0.00145885
-8.17296e-05
0.000283676
-0.000174181
0.000514978
-0.000227501
0.00058671
-0.000237851
0.000596232
-0.000212552
0.000584144
-0.000159739
0.000565021
-8.65996e-05
0.000544434
9.21903e-07
0.000524342
9.81046e-05
0.000505127
0.000201285
0.000486594
0.000307684
0.000468398
0.000415157
0.000450242
0.000522031
0.000431884
0.000626983
0.000413141
0.000728952
0.00039389
0.000827076
0.000374062
0.000920652
0.000353638
0.00100911
0.000332644
0.00109198
0.000311144
0.00116892
0.000289235
0.00123968
0.000267037
0.00130407
0.000244683
0.00136201
0.000222313
0.00141346
0.000200059
0.00145845
0.000178044
0.00149706
0.000156368
0.00152938
0.000135106
0.00155553
0.000114299
0.00157565
9.39439e-05
0.00158985
7.39915e-05
0.00159822
5.43299e-05
0.00160083
3.47724e-05
0.00159766
1.50378e-05
0.00158859
-5.27567e-06
0.00157338
-2.67282e-05
0.00155159
-5.0094e-05
0.00152251
-7.64124e-05
0.00148509
-0.000107074
0.00143779
-0.000143939
0.00137841
-0.000189502
0.00130395
-0.000247111
0.00121033
-0.000321315
0.00109229
-0.000418419
0.000943228
-0.000547548
0.000755434
-0.000722858
0.000521801
-0.000968112
0.000244998
-0.00132143
-3.06009e-05
-0.0018085
-0.000147175
-0.00223883
-0.00160603
-0.00012771
0.000411386
-0.000244515
0.00063178
-0.000289819
0.000632012
-0.00027832
0.000584731
-0.000227883
0.000533704
-0.000150425
0.00048756
-5.44541e-05
0.00044846
5.35711e-05
0.000416313
0.00016891
0.000389785
0.000288226
0.000367275
0.000409088
0.000347533
0.000529671
0.000329657
0.000648578
0.000312974
0.000764724
0.000296991
0.000877251
0.000281361
0.000985462
0.000265848
0.00108879
0.000250305
0.00118678
0.000234652
0.00127906
0.000218862
0.00136534
0.000202952
0.00144541
0.000186966
0.00151912
0.00017097
0.00158639
0.000155042
0.00164719
0.000139261
0.00170153
0.000123704
0.00174946
0.000108436
0.00179106
9.35041e-05
0.00182642
7.89335e-05
0.00185564
6.47203e-05
0.00187881
5.08248e-05
0.00189597
3.71632e-05
0.00190715
2.35963e-05
0.00191227
9.91555e-06
0.00191116
-4.17707e-06
0.00190352
-1.90906e-05
0.00188881
-3.53768e-05
0.00186617
-5.37817e-05
0.0018344
-7.53013e-05
0.00179172
-0.000101263
0.00173566
-0.000133443
0.00166279
-0.000174249
0.00156848
-0.00022701
0.00144658
-0.000296516
0.00128912
-0.00039009
0.00108619
-0.000519939
0.000826604
-0.000708524
0.000503707
-0.000998539
0.00014425
-0.00144905
-0.000107264
-0.00198732
-0.00171329
-0.000180802
0.000592187
-0.00027935
0.000730325
-0.000258566
0.000611224
-0.000178282
0.000504444
-6.96508e-05
0.000425069
5.53455e-05
0.000362561
0.000189356
0.000314446
0.00032724
0.000278425
0.000465974
0.000251048
0.000603705
0.000229541
0.000739168
0.000212067
0.00087145
0.000197372
0.000999865
0.000184556
0.00112388
0.000172977
0.00124304
0.000162193
0.00135699
0.000151899
0.00146539
0.000141896
0.00156799
0.000132057
0.00166454
0.000122312
0.00175485
0.00011263
0.0018388
0.000103014
0.00191629
9.34832e-05
0.00198726
8.40718e-05
0.0020517
7.48187e-05
0.00210964
6.57629e-05
0.00216113
5.69384e-05
0.00220627
4.83695e-05
0.00224513
4.00669e-05
0.00227783
3.20237e-05
0.00230444
2.42108e-05
0.00232503
1.65718e-05
0.00233961
9.0163e-06
0.00234811
1.40969e-06
0.00235036
-6.43382e-06
0.00234603
-1.47605e-05
0.00233455
-2.39004e-05
0.00231507
-3.42988e-05
0.00228631
-4.65446e-05
0.00224646
-6.1415e-05
0.00219296
-7.99447e-05
0.00212225
-0.000103538
0.00202941
-0.000134173
0.00190769
-0.000174801
0.00174782
-0.000230222
0.001537
-0.000309118
0.00125758
-0.00042911
0.000888213
-0.000629175
0.000427823
-0.000988662
3.14949e-06
-0.00156265
-0.00171014
-0.000179939
0.000772125
-6.4539e-05
0.000614923
0.000155256
0.000391427
0.000370125
0.000289573
0.000570691
0.000224501
0.000758348
0.000174901
0.00093282
0.000139972
0.00109506
0.000116184
0.0012467
9.94052e-05
0.00138919
8.70481e-05
0.00152361
7.76447e-05
0.00165074
7.02391e-05
0.00177113
6.41654e-05
0.00188513
5.89709e-05
0.00199297
5.43547e-05
0.00209475
5.01169e-05
0.00219052
4.61258e-05
0.00228028
4.22977e-05
0.002364
3.85831e-05
0.00244168
3.49564e-05
0.00251328
3.14088e-05
0.00257882
2.79425e-05
0.00263832
2.45664e-05
0.00269185
2.12924e-05
0.00273948
1.81324e-05
0.00278132
1.50964e-05
0.00281749
1.21903e-05
0.00284815
9.4141e-06
0.00287341
6.76037e-06
0.0028934
4.21257e-06
0.00290823
1.7428e-06
0.00291794
-6.8987e-07
0.00292249
-3.14013e-06
0.00292173
-5.68263e-06
0.00291539
-8.41756e-06
0.00290296
-1.14753e-05
0.00288369
-1.50255e-05
0.00285643
-1.92884e-05
0.00281956
-2.45488e-05
0.00277079
-3.11806e-05
0.00270694
-3.96875e-05
0.00262355
-5.07847e-05
0.00251432
-6.55728e-05
0.00237004
-8.59399e-05
0.00217648
-0.000115564
0.00190997
-0.0001626
0.00152874
-0.000247943
0.000970892
-0.00043082
0.000281431
-0.000873188
-0.00142871
0.000772125
0.00138705
0.00177848
0.00206805
0.00229255
0.00246745
0.00260742
0.0027236
0.00282301
0.00291006
0.0029877
0.00305794
0.00312211
0.00318108
0.00323543
0.00328555
0.00333167
0.00337397
0.00341255
0.00344751
0.00347892
0.00350686
0.00353143
0.00355272
0.00357085
0.00358595
0.00359814
0.00360755
0.00361431
0.00361852
0.00362026
0.00361957
0.00361643
0.00361075
0.00360233
0.00359086
0.00357583
0.00355654
0.00353199
0.00350081
0.00346113
0.00341034
0.00334477
0.00325883
0.00314326
0.00298066
0.00273272
0.0023019
0.00142871
)
;

boundaryField
{
    movingWall
    {
        type            calculated;
        value           uniform 0;
    }
    fixedWalls
    {
        type            calculated;
        value           uniform 0;
    }
    frontAndBack
    {
        type            empty;
        value           nonuniform 0();
    }
}


// ************************************************************************* //
