/*--------------------------------*- C++ -*----------------------------------*\
  =========                 |
  \\      /  F ield         | OpenFOAM: The Open Source CFD Toolbox
   \\    /   O peration     | Website:  https://openfoam.org
    \\  /    A nd           | Version:  7
     \\/     M anipulation  |
\*---------------------------------------------------------------------------*/
FoamFile
{
    version     2.0;
    format      ascii;
    class       volVectorField;
    location    "100";
    object      U;
}
// * * * * * * * * * * * * * * * * * * * * * * * * * * * * * * * * * * * * * //

dimensions      [0 1 -1 0 0 0 0];

internalField   nonuniform List<vector> 
2500
(
(3.9503e-05 -0.000170608 0)
(0.000324257 -0.000165465 0)
(0.000699016 -0.000121693 0)
(0.000842318 -7.0095e-05 0)
(0.000725106 -2.29252e-05 0)
(0.000360116 1.81973e-05 0)
(-0.000231293 5.30113e-05 0)
(-0.00102805 8.30837e-05 0)
(-0.00201417 0.000110623 0)
(-0.0031798 0.000137545 0)
(-0.00451951 0.000165098 0)
(-0.00602934 0.000193802 0)
(-0.00770367 0.000223489 0)
(-0.00953236 0.000253408 0)
(-0.0114984 0.000282319 0)
(-0.0135759 0.000308587 0)
(-0.0157293 0.000330253 0)
(-0.0179125 0.000345136 0)
(-0.020069 0.000350933 0)
(-0.0221328 0.000345378 0)
(-0.0240305 0.000326416 0)
(-0.0256835 0.000292435 0)
(-0.0270116 0.000242496 0)
(-0.0279378 0.000176587 0)
(-0.0283928 9.58262e-05 0)
(-0.0283202 2.56877e-06 0)
(-0.0276822 -9.95372e-05 0)
(-0.0264639 -0.000205556 0)
(-0.024677 -0.000309616 0)
(-0.0223624 -0.000405283 0)
(-0.0195894 -0.000486089 0)
(-0.0164546 -0.000546132 0)
(-0.0130767 -0.000580712 0)
(-0.00959037 -0.000586882 0)
(-0.00613773 -0.000563847 0)
(-0.00285951 -0.000513095 0)
(0.000114668 -0.000438234 0)
(0.00267476 -0.000344811 0)
(0.00473683 -0.000239687 0)
(0.00624719 -0.000129962 0)
(0.00718407 -2.22326e-05 0)
(0.00755664 7.78698e-05 0)
(0.00740202 0.000165976 0)
(0.0067816 0.000238794 0)
(0.00577859 0.000293251 0)
(0.00449868 0.000325094 0)
(0.00307584 0.000327195 0)
(0.00168954 0.000287224 0)
(0.000593932 0.000183353 0)
(2.80304e-05 2.79414e-05 0)
(0.000119092 -0.000580636 0)
(0.000481404 -0.000738972 0)
(0.000733163 -0.000405034 0)
(0.000488525 5.35955e-05 0)
(-0.000361066 0.000541133 0)
(-0.00182327 0.00100721 0)
(-0.00386888 0.00143621 0)
(-0.00646093 0.00183101 0)
(-0.00956716 0.00220138 0)
(-0.0131626 0.00255651 0)
(-0.0172265 0.00290127 0)
(-0.0217363 0.00323482 0)
(-0.0266612 0.00355056 0)
(-0.0319562 0.00383689 0)
(-0.0375568 0.00407826 0)
(-0.0433762 0.00425626 0)
(-0.0493033 0.00435094 0)
(-0.055203 0.0043421 0)
(-0.0609179 0.0042108 0)
(-0.066273 0.00394097 0)
(-0.0710809 0.00352106 0)
(-0.0751497 0.00294581 0)
(-0.0782927 0.00221777 0)
(-0.0803379 0.00134853 0)
(-0.0811395 0.00035949 0)
(-0.080588 -0.000718133 0)
(-0.0786207 -0.00184373 0)
(-0.0752288 -0.00296888 0)
(-0.0704636 -0.00404021 0)
(-0.0644379 -0.00500263 0)
(-0.0573249 -0.00580315 0)
(-0.0493525 -0.0063951 0)
(-0.0407938 -0.00674214 0)
(-0.0319546 -0.00682178 0)
(-0.0231567 -0.00662791 0)
(-0.0147206 -0.00617183 0)
(-0.006947 -0.0054817 0)
(-9.88845e-05 -0.00460044 0)
(0.00561282 -0.00358221 0)
(0.0100411 -0.00248703 0)
(0.0131088 -0.00137568 0)
(0.0148102 -0.000305766 0)
(0.0152085 0.000670781 0)
(0.014431 0.00150794 0)
(0.0126654 0.00216139 0)
(0.0101582 0.00258161 0)
(0.00721904 0.00270489 0)
(0.00423897 0.00244744 0)
(0.00173374 0.00172568 0)
(0.000184794 0.00059541 0)
(0.000109493 -0.000803512 0)
(0.000240579 -0.00090784 0)
(-0.00014354 -0.0001105 0)
(-0.00130295 0.00103003 0)
(-0.00334368 0.00226389 0)
(-0.0062767 0.00347048 0)
(-0.0100721 0.00460727 0)
(-0.0146887 0.00567278 0)
(-0.0200871 0.00668079 0)
(-0.026231 0.00764414 0)
(-0.0330822 0.00856615 0)
(-0.0405937 0.00943726 0)
(-0.0487003 0.0102349 0)
(-0.0573124 0.0109255 0)
(-0.0663097 0.0114667 0)
(-0.0755388 0.0118114 0)
(-0.0848128 0.0119103 0)
(-0.0939138 0.0117163 0)
(-0.102598 0.0111883 0)
(-0.110603 0.0102946 0)
(-0.117659 0.00901741 0)
(-0.123499 0.00735568 0)
(-0.127874 0.00532812 0)
(-0.130563 0.00297489 0)
(-0.131388 0.000358018 0)
(-0.130228 -0.00243964 0)
(-0.127022 -0.00531594 0)
(-0.121787 -0.00815473 0)
(-0.114611 -0.0108318 0)
(-0.105664 -0.0132218 0)
(-0.0951851 -0.015206 0)
(-0.083485 -0.0166808 0)
(-0.0709283 -0.0175657 0)
(-0.0579216 -0.0178098 0)
(-0.0448945 -0.0173976 0)
(-0.0322794 -0.0163514 0)
(-0.0204892 -0.0147306 0)
(-0.00989559 -0.0126279 0)
(-0.000808505 -0.0101631 0)
(0.00653945 -0.00747386 0)
(0.0120061 -0.00470498 0)
(0.0155461 -0.00199891 0)
(0.0172122 0.000509913 0)
(0.0171518 0.00269706 0)
(0.0156043 0.00444314 0)
(0.012896 0.00562333 0)
(0.00943898 0.00609439 0)
(0.00574362 0.00568803 0)
(0.00247838 0.00423735 0)
(0.000290501 0.0017016 0)
(5.45416e-05 -0.000846866 0)
(-0.000346794 -0.000473867 0)
(-0.00168852 0.0011386 0)
(-0.00413464 0.00325522 0)
(-0.0077243 0.00550789 0)
(-0.0124422 0.00771797 0)
(-0.0182481 0.00982035 0)
(-0.0250962 0.011809 0)
(-0.0329417 0.0136984 0)
(-0.0417378 0.0154992 0)
(-0.0514282 0.0172051 0)
(-0.0619372 0.0187879 0)
(-0.0731608 0.0201987 0)
(-0.0849598 0.0213707 0)
(-0.0971551 0.0222252 0)
(-0.109527 0.0226773 0)
(-0.121819 0.0226429 0)
(-0.133741 0.0220454 0)
(-0.14498 0.0208222 0)
(-0.155211 0.0189313 0)
(-0.164108 0.0163571 0)
(-0.171363 0.0131142 0)
(-0.176693 0.00925139 0)
(-0.17986 0.00485222 0)
(-0.180679 3.45138e-05 0)
(-0.179029 -0.00505259 0)
(-0.174864 -0.0102315 0)
(-0.168216 -0.0153064 0)
(-0.159201 -0.0200713 0)
(-0.148014 -0.0243207 0)
(-0.134933 -0.0278611 0)
(-0.120309 -0.0305229 0)
(-0.104556 -0.0321725 0)
(-0.0881385 -0.0327231 0)
(-0.0715548 -0.0321427 0)
(-0.0553127 -0.0304594 0)
(-0.0399086 -0.027762 0)
(-0.0258016 -0.0241954 0)
(-0.0133901 -0.0199522 0)
(-0.00298943 -0.0152594 0)
(0.00518476 -0.0103638 0)
(0.0110292 -0.00551694 0)
(0.0145605 -0.000961925 0)
(0.0159146 0.00306965 0)
(0.0153433 0.00635609 0)
(0.01321 0.0086729 0)
(0.0099827 0.00977788 0)
(0.00624475 0.00940081 0)
(0.00276886 0.00725804 0)
(0.000330998 0.00311234 0)
(-2.278e-05 -0.000536124 0)
(-0.00114103 0.000851979 0)
(-0.00369533 0.00367388 0)
(-0.00771709 0.00705988 0)
(-0.0131381 0.0105695 0)
(-0.0198943 0.0139945 0)
(-0.0279245 0.0172625 0)
(-0.0371737 0.0203683 0)
(-0.0475905 0.0233251 0)
(-0.0591168 0.0261345 0)
(-0.0716765 0.0287707 0)
(-0.0851633 0.0311765 0)
(-0.0994322 0.0332658 0)
(-0.114294 0.0349298 0)
(-0.129513 0.0360464 0)
(-0.14481 0.0364896 0)
(-0.159869 0.0361402 0)
(-0.174343 0.0348953 0)
(-0.187872 0.0326779 0)
(-0.200088 0.0294447 0)
(-0.210639 0.0251931 0)
(-0.219194 0.0199651 0)
(-0.225461 0.0138501 0)
(-0.229197 0.00698422 0)
(-0.230215 -0.000451879 0)
(-0.228398 -0.00823816 0)
(-0.223701 -0.0161186 0)
(-0.216156 -0.0238158 0)
(-0.205877 -0.0310404 0)
(-0.193065 -0.037504 0)
(-0.177999 -0.0429336 0)
(-0.161042 -0.0470871 0)
(-0.142629 -0.0497693 0)
(-0.123259 -0.0508466 0)
(-0.103474 -0.0502593 0)
(-0.0838459 -0.0480307 0)
(-0.0649429 -0.0442698 0)
(-0.0473087 -0.0391681 0)
(-0.0314312 -0.0329898 0)
(-0.0177154 -0.0260561 0)
(-0.00646053 -0.0187253 0)
(0.00215776 -0.0113718 0)
(0.00809953 -0.00436951 0)
(0.0114664 0.00192134 0)
(0.0124971 0.00715396 0)
(0.0115647 0.0109837 0)
(0.00916598 0.0130513 0)
(0.00593054 0.0129655 0)
(0.00269813 0.0102984 0)
(0.000329253 0.00457874 0)
(-0.000113659 0.000224434 0)
(-0.00207672 0.00326262 0)
(-0.00603097 0.00773166 0)
(-0.0118421 0.0126909 0)
(-0.0193031 0.0176812 0)
(-0.028284 0.0225028 0)
(-0.0386935 0.0270987 0)
(-0.0504628 0.0314742 0)
(-0.0635309 0.0356411 0)
(-0.0778271 0.0395852 0)
(-0.0932537 0.0432519 0)
(-0.109673 0.0465446 0)
(-0.126901 0.049331 0)
(-0.1447 0.051454 0)
(-0.162787 0.052745 0)
(-0.180833 0.0530379 0)
(-0.198477 0.0521823 0)
(-0.215336 0.0500564 0)
(-0.23102 0.0465778 0)
(-0.245144 0.0417119 0)
(-0.257342 0.0354783 0)
(-0.267281 0.0279538 0)
(-0.274664 0.0192729 0)
(-0.279246 0.00962646 0)
(-0.280837 -0.000743262 0)
(-0.279307 -0.0115489 0)
(-0.274595 -0.0224595 0)
(-0.266709 -0.0331195 0)
(-0.25574 -0.0431573 0)
(-0.241858 -0.0522 0)
(-0.225325 -0.0598898 0)
(-0.206489 -0.065903 0)
(-0.185785 -0.0699697 0)
(-0.163727 -0.0718942 0)
(-0.140896 -0.0715726 0)
(-0.117917 -0.0690066 0)
(-0.0954346 -0.0643115 0)
(-0.0740834 -0.0577149 0)
(-0.0544513 -0.0495482 0)
(-0.0370474 -0.0402275 0)
(-0.0222706 -0.0302305 0)
(-0.0103856 -0.0200683 0)
(-0.00150507 -0.0102608 0)
(0.00441871 -0.0013187 0)
(0.00759517 0.00626309 0)
(0.0083881 0.0120009 0)
(0.00730687 0.0153996 0)
(0.00501024 0.0159306 0)
(0.00237365 0.0130078 0)
(0.000301914 0.00593527 0)
(-0.000214698 0.00149467 0)
(-0.00311124 0.00689214 0)
(-0.00859701 0.0134798 0)
(-0.0163432 0.0203223 0)
(-0.0259815 0.0270051 0)
(-0.0373047 0.0333814 0)
(-0.0501847 0.0394376 0)
(-0.0645348 0.0452017 0)
(-0.0802823 0.0506852 0)
(-0.0973418 0.0558527 0)
(-0.115593 0.060612 0)
(-0.13487 0.0648185 0)
(-0.154949 0.0682874 0)
(-0.175556 0.0708105 0)
(-0.196367 0.0721738 0)
(-0.217019 0.072175 0)
(-0.237124 0.0706401 0)
(-0.25628 0.0674371 0)
(-0.274087 0.062487 0)
(-0.290156 0.0557713 0)
(-0.304121 0.0473367 0)
(-0.315649 0.0372962 0)
(-0.324443 0.0258281 0)
(-0.330249 0.0131725 0)
(-0.332861 -0.000373533 0)
(-0.332123 -0.0144645 0)
(-0.327937 -0.0287021 0)
(-0.32027 -0.0426579 0)
(-0.309161 -0.0558804 0)
(-0.294735 -0.0679102 0)
(-0.277205 -0.0782976 0)
(-0.256885 -0.0866248 0)
(-0.234191 -0.0925305 0)
(-0.209637 -0.0957362 0)
(-0.18383 -0.0960706 0)
(-0.157448 -0.0934916 0)
(-0.131215 -0.0881003 0)
(-0.105865 -0.0801456 0)
(-0.0821035 -0.0700167 0)
(-0.0605642 -0.0582244 0)
(-0.0417686 -0.0453723 0)
(-0.0260928 -0.0321223 0)
(-0.0137432 -0.0191601 0)
(-0.00474228 -0.00716782 0)
(0.00107334 0.0031904 0)
(0.00404599 0.0112675 0)
(0.0046864 0.0164151 0)
(0.00367031 0.0179541 0)
(0.00188763 0.0151388 0)
(0.000261971 0.00707784 0)
(-0.00032306 0.00331715 0)
(-0.00421202 0.0118318 0)
(-0.0113093 0.0210271 0)
(-0.0210723 0.030061 0)
(-0.0329568 0.0386332 0)
(-0.0466715 0.0467008 0)
(-0.0620476 0.0543237 0)
(-0.0789783 0.0615665 0)
(-0.0973771 0.0684424 0)
(-0.117143 0.0748901 0)
(-0.138133 0.0807731 0)
(-0.160154 0.0858928 0)
(-0.182954 0.0900093 0)
(-0.206226 0.0928634 0)
(-0.22962 0.0942 0)
(-0.252756 0.0937878 0)
(-0.275232 0.0914374 0)
(-0.296643 0.0870145 0)
(-0.316591 0.0804499 0)
(-0.334693 0.0717447 0)
(-0.350588 0.0609727 0)
(-0.363945 0.0482791 0)
(-0.374461 0.0338789 0)
(-0.381868 0.0180523 0)
(-0.385932 0.00114032 0)
(-0.386462 -0.0164639 0)
(-0.383312 -0.0343051 0)
(-0.376391 -0.0518886 0)
(-0.365675 -0.0686868 0)
(-0.35122 -0.084152 0)
(-0.333174 -0.0977362 0)
(-0.311794 -0.108915 0)
(-0.28745 -0.117216 0)
(-0.260638 -0.122252 0)
(-0.231971 -0.123758 0)
(-0.20217 -0.121617 0)
(-0.172034 -0.115887 0)
(-0.142407 -0.106815 0)
(-0.114128 -0.0948345 0)
(-0.0879818 -0.0805447 0)
(-0.0646411 -0.0646817 0)
(-0.044625 -0.0480728 0)
(-0.0282615 -0.031592 0)
(-0.0156676 -0.0161191 0)
(-0.00674322 -0.00251455 0)
(-0.00117927 0.00838743 0)
(0.00152587 0.0157659 0)
(0.00205832 0.0187786 0)
(0.00131151 0.0165237 0)
(0.000218933 0.00794658 0)
(-0.000436124 0.00571908 0)
(-0.00534669 0.018133 0)
(-0.0140866 0.0304268 0)
(-0.0258871 0.041949 0)
(-0.0400207 0.0525902 0)
(-0.0561095 0.0624646 0)
(-0.0739429 0.0717374 0)
(-0.0933923 0.080524 0)
(-0.114356 0.088842 0)
(-0.136717 0.0966008 0)
(-0.160314 0.103615 0)
(-0.184928 0.109629 0)
(-0.210284 0.114348 0)
(-0.236057 0.117466 0)
(-0.261882 0.118693 0)
(-0.287371 0.117776 0)
(-0.312125 0.114517 0)
(-0.335744 0.108787 0)
(-0.357839 0.100528 0)
(-0.378036 0.0897609 0)
(-0.395982 0.0765822 0)
(-0.411345 0.061163 0)
(-0.423814 0.0437453 0)
(-0.433104 0.024639 0)
(-0.438954 0.00421801 0)
(-0.441135 -0.0170877 0)
(-0.439453 -0.0387777 0)
(-0.433755 -0.0602999 0)
(-0.423946 -0.0810571 0)
(-0.410001 -0.100417 0)
(-0.391985 -0.117729 0)
(-0.370069 -0.132353 0)
(-0.344553 -0.143689 0)
(-0.315876 -0.151216 0)
(-0.284631 -0.154538 0)
(-0.251551 -0.153425 0)
(-0.217499 -0.147856 0)
(-0.183424 -0.13804 0)
(-0.150313 -0.124426 0)
(-0.119126 -0.107692 0)
(-0.0907236 -0.0887065 0)
(-0.0658085 -0.0684779 0)
(-0.0448707 -0.0480941 0)
(-0.0281558 -0.0286655 0)
(-0.0156534 -0.0112824 0)
(-0.0071049 0.00300346 0)
(-0.00202554 0.0131733 0)
(0.000274937 0.0182101 0)
(0.000693434 0.017055 0)
(0.00017913 0.00851359 0)
(-0.000550242 0.00871123 0)
(-0.00648109 0.0258066 0)
(-0.0168456 0.0416769 0)
(-0.0306448 0.0559663 0)
(-0.0469669 0.0688359 0)
(-0.0653484 0.0806121 0)
(-0.0855375 0.0915968 0)
(-0.107383 0.10197 0)
(-0.130769 0.111758 0)
(-0.155561 0.120837 0)
(-0.181581 0.128972 0)
(-0.208591 0.13585 0)
(-0.2363 0.141124 0)
(-0.264372 0.144447 0)
(-0.292439 0.145499 0)
(-0.320114 0.144015 0)
(-0.347005 0.139794 0)
(-0.372724 0.132713 0)
(-0.396894 0.122726 0)
(-0.419149 0.109872 0)
(-0.439142 0.0942639 0)
(-0.456543 0.076092 0)
(-0.471038 0.0556179 0)
(-0.48233 0.0331723 0)
(-0.490142 0.00915243 0)
(-0.494216 -0.0159847 0)
(-0.494321 -0.0417072 0)
(-0.490251 -0.067418 0)
(-0.48184 -0.0924628 0)
(-0.468977 -0.116134 0)
(-0.451627 -0.137688 0)
(-0.429852 -0.156364 0)
(-0.40384 -0.171423 0)
(-0.373934 -0.182186 0)
(-0.340655 -0.188091 0)
(-0.304709 -0.188752 0)
(-0.266982 -0.184012 0)
(-0.228509 -0.173993 0)
(-0.190424 -0.15912 0)
(-0.15388 -0.140117 0)
(-0.119966 -0.117977 0)
(-0.0896179 -0.0939013 0)
(-0.0635404 -0.0692201 0)
(-0.042158 -0.0453138 0)
(-0.0255897 -0.0235472 0)
(-0.0136545 -0.00523012 0)
(-0.00589829 0.00838724 0)
(-0.00162896 0.0160921 0)
(5.8697e-05 0.016662 0)
(0.000145654 0.00877054 0)
(-0.000661616 0.012286 0)
(-0.0075782 0.0348216 0)
(-0.0194996 0.0547209 0)
(-0.0352004 0.0720322 0)
(-0.0535897 0.0872681 0)
(-0.0741224 0.101021 0)
(-0.0965062 0.11376 0)
(-0.120568 0.125743 0)
(-0.146175 0.137007 0)
(-0.173179 0.147399 0)
(-0.201386 0.15663 0)
(-0.230544 0.164333 0)
(-0.260352 0.170113 0)
(-0.29047 0.173587 0)
(-0.32053 0.174415 0)
(-0.350152 0.172321 0)
(-0.378953 0.167106 0)
(-0.406555 0.158652 0)
(-0.432591 0.146928 0)
(-0.456707 0.131983 0)
(-0.478564 0.113948 0)
(-0.497839 0.0930268 0)
(-0.514226 0.0694975 0)
(-0.527435 0.0437063 0)
(-0.53719 0.0160668 0)
(-0.543225 -0.0129461 0)
(-0.545295 -0.0427846 0)
(-0.543157 -0.0728235 0)
(-0.536587 -0.102372 0)
(-0.525392 -0.13067 0)
(-0.509424 -0.156894 0)
(-0.488612 -0.180177 0)
(-0.463 -0.199638 0)
(-0.432781 -0.214428 0)
(-0.398342 -0.223785 0)
(-0.360296 -0.227115 0)
(-0.319491 -0.224065 0)
(-0.277003 -0.2146 0)
(-0.234085 -0.19905 0)
(-0.19209 -0.178138 0)
(-0.152362 -0.152952 0)
(-0.116126 -0.124883 0)
(-0.0843681 -0.0955309 0)
(-0.0577608 -0.0665937 0)
(-0.0366107 -0.0397667 0)
(-0.0208566 -0.0166747 0)
(-0.0100993 0.00115465 0)
(-0.00365108 0.0122769 0)
(-0.000589657 0.0152869 0)
(0.000119122 0.0087165 0)
(-0.000765273 0.0164158 0)
(-0.00859864 0.0451041 0)
(-0.0219599 0.0694483 0)
(-0.0394091 0.0900083 0)
(-0.0596876 0.107726 0)
(-0.0821734 0.123511 0)
(-0.106535 0.138027 0)
(-0.132578 0.151625 0)
(-0.160152 0.164354 0)
(-0.189095 0.176031 0)
(-0.219198 0.186319 0)
(-0.2502 0.194798 0)
(-0.281794 0.20103 0)
(-0.313635 0.204602 0)
(-0.34536 0.205157 0)
(-0.376593 0.202412 0)
(-0.406958 0.19617 0)
(-0.436086 0.186322 0)
(-0.463618 0.172846 0)
(-0.489212 0.15581 0)
(-0.512546 0.135357 0)
(-0.533317 0.111711 0)
(-0.551245 0.0851667 0)
(-0.566069 0.0560846 0)
(-0.57754 0.0248903 0)
(-0.585417 -0.00793163 0)
(-0.589461 -0.0418342 0)
(-0.589425 -0.0761861 0)
(-0.585045 -0.110289 0)
(-0.576058 -0.143358 0)
(-0.562208 -0.174526 0)
(-0.543279 -0.202844 0)
(-0.519136 -0.227306 0)
(-0.489774 -0.24689 0)
(-0.45538 -0.260617 0)
(-0.416391 -0.267636 0)
(-0.373534 -0.26733 0)
(-0.327841 -0.259417 0)
(-0.280629 -0.244043 0)
(-0.23342 -0.22184 0)
(-0.187829 -0.193934 0)
(-0.145412 -0.161881 0)
(-0.107516 -0.127566 0)
(-0.0751448 -0.0930511 0)
(-0.0488747 -0.0604327 0)
(-0.0288291 -0.0317266 0)
(-0.0147037 -0.00880664 0)
(-0.00583115 0.00659807 0)
(-0.00126698 0.0128619 0)
(9.77564e-05 0.00834706 0)
(-0.000856642 0.0210519 0)
(-0.00950282 0.0565366 0)
(-0.0241386 0.0856964 0)
(-0.0431304 0.109702 0)
(-0.0650674 0.129995 0)
(-0.089257 0.147847 0)
(-0.11533 0.164146 0)
(-0.143067 0.179343 0)
(-0.172302 0.193507 0)
(-0.202858 0.206426 0)
(-0.234514 0.217715 0)
(-0.266998 0.226906 0)
(-0.299997 0.233524 0)
(-0.333165 0.237128 0)
(-0.366137 0.237345 0)
(-0.398538 0.23389 0)
(-0.429995 0.226567 0)
(-0.460145 0.215277 0)
(-0.48864 0.200017 0)
(-0.515154 0.18087 0)
(-0.539392 0.158008 0)
(-0.56109 0.131677 0)
(-0.580015 0.102196 0)
(-0.59596 0.0699439 0)
(-0.608732 0.0353546 0)
(-0.618142 -0.00108557 0)
(-0.623989 -0.0388446 0)
(-0.626053 -0.0773111 0)
(-0.624061 -0.115812 0)
(-0.617703 -0.153581 0)
(-0.606634 -0.189745 0)
(-0.590495 -0.22332 0)
(-0.568959 -0.253212 0)
(-0.541787 -0.278248 0)
(-0.508904 -0.297227 0)
(-0.470486 -0.309014 0)
(-0.427031 -0.31266 0)
(-0.379422 -0.307541 0)
(-0.328937 -0.293499 0)
(-0.277198 -0.270955 0)
(-0.226062 -0.240966 0)
(-0.177444 -0.205193 0)
(-0.133117 -0.165788 0)
(-0.0945162 -0.12522 0)
(-0.0625934 -0.0860657 0)
(-0.0377481 -0.0508293 0)
(-0.0198354 -0.0218273 0)
(-0.00824098 -0.00115175 0)
(-0.00200326 0.00929055 0)
(7.82849e-05 0.00764556 0)
(-0.000930419 0.0261247 0)
(-0.0102519 0.0689599 0)
(-0.0259521 0.103253 0)
(-0.0462325 0.130869 0)
(-0.0695506 0.15381 0)
(-0.095149 0.173749 0)
(-0.122621 0.191817 0)
(-0.151722 0.208578 0)
(-0.182267 0.224126 0)
(-0.214062 0.238222 0)
(-0.246874 0.250436 0)
(-0.280422 0.260257 0)
(-0.314384 0.267171 0)
(-0.348407 0.270714 0)
(-0.382121 0.2705 0)
(-0.415149 0.266239 0)
(-0.447117 0.257744 0)
(-0.477667 0.24493 0)
(-0.506463 0.227817 0)
(-0.533208 0.206521 0)
(-0.557646 0.181249 0)
(-0.579569 0.152287 0)
(-0.598811 0.119985 0)
(-0.615243 0.0847465 0)
(-0.628751 0.0470146 0)
(-0.639225 0.00726826 0)
(-0.646533 -0.0339861 0)
(-0.65051 -0.0761838 0)
(-0.650908 -0.118711 0)
(-0.647405 -0.16086 0)
(-0.639597 -0.201811 0)
(-0.627011 -0.240595 0)
(-0.609139 -0.276091 0)
(-0.585495 -0.30702 0)
(-0.555704 -0.331991 0)
(-0.519603 -0.349579 0)
(-0.477359 -0.358457 0)
(-0.429573 -0.357567 0)
(-0.377346 -0.346314 0)
(-0.32228 -0.324753 0)
(-0.266394 -0.293714 0)
(-0.21194 -0.254841 0)
(-0.161161 -0.210497 0)
(-0.11602 -0.163568 0)
(-0.0779703 -0.117188 0)
(-0.0478075 -0.0744673 0)
(-0.025642 -0.0382931 0)
(-0.0109702 -0.0112339 0)
(-0.00283656 0.00443578 0)
(5.61809e-05 0.00657708 0)
(-0.000982535 0.0315444 0)
(-0.0108113 0.0821758 0)
(-0.0273253 0.121863 0)
(-0.0485982 0.153224 0)
(-0.0729795 0.178864 0)
(-0.0996535 0.200891 0)
(-0.128174 0.220697 0)
(-0.15827 0.238968 0)
(-0.189734 0.255827 0)
(-0.222356 0.271012 0)
(-0.255886 0.284051 0)
(-0.290032 0.29439 0)
(-0.324459 0.301481 0)
(-0.358807 0.304836 0)
(-0.392694 0.304057 0)
(-0.425737 0.298855 0)
(-0.457562 0.289052 0)
(-0.487816 0.274589 0)
(-0.516188 0.255524 0)
(-0.542415 0.232018 0)
(-0.566296 0.204333 0)
(-0.587691 0.172805 0)
(-0.606519 0.13783 0)
(-0.622743 0.0998424 0)
(-0.636347 0.0592963 0)
(-0.647315 0.0166569 0)
(-0.655608 -0.0276045 0)
(-0.661136 -0.0729903 0)
(-0.663714 -0.118974 0)
(-0.663046 -0.164952 0)
(-0.658713 -0.210203 0)
(-0.65017 -0.253847 0)
(-0.63677 -0.2948 0)
(-0.617806 -0.331757 0)
(-0.592594 -0.363195 0)
(-0.560594 -0.387436 0)
(-0.521552 -0.402766 0)
(-0.475656 -0.407627 0)
(-0.423669 -0.400858 0)
(-0.367005 -0.381967 0)
(-0.307699 -0.351357 0)
(-0.248258 -0.310462 0)
(-0.191388 -0.261729 0)
(-0.139654 -0.208418 0)
(-0.0951344 -0.154273 0)
(-0.059173 -0.103141 0)
(-0.0322655 -0.0586384 0)
(-0.0141106 -0.0239652 0)
(-0.0038079 -0.00188547 0)
(2.66286e-05 0.00508582 0)
(-0.00100879 0.0372034 0)
(-0.011151 0.0959526 0)
(-0.0281949 0.141231 0)
(-0.0501294 0.17644 0)
(-0.0752235 0.204816 0)
(-0.102609 0.228917 0)
(-0.131799 0.250411 0)
(-0.162492 0.270117 0)
(-0.194455 0.28819 0)
(-0.227459 0.304352 0)
(-0.261238 0.318088 0)
(-0.295482 0.328804 0)
(-0.329846 0.335918 0)
(-0.363952 0.33892 0)
(-0.39741 0.337402 0)
(-0.42983 0.331079 0)
(-0.460838 0.319795 0)
(-0.490099 0.303529 0)
(-0.517328 0.282389 0)
(-0.542312 0.256604 0)
(-0.564913 0.226503 0)
(-0.585073 0.19249 0)
(-0.602799 0.155016 0)
(-0.618154 0.114555 0)
(-0.631224 0.0715723 0)
(-0.642095 0.0265181 0)
(-0.650828 -0.0201803 0)
(-0.657424 -0.0681023 0)
(-0.661787 -0.116831 0)
(-0.66368 -0.165896 0)
(-0.662721 -0.214725 0)
(-0.658353 -0.262582 0)
(-0.649851 -0.308506 0)
(-0.636345 -0.351253 0)
(-0.616888 -0.389266 0)
(-0.590565 -0.420691 0)
(-0.556656 -0.443471 0)
(-0.514832 -0.45553 0)
(-0.465357 -0.455046 0)
(-0.409258 -0.440802 0)
(-0.348387 -0.412534 0)
(-0.285343 -0.371214 0)
(-0.223215 -0.319147 0)
(-0.165188 -0.259849 0)
(-0.114079 -0.197675 0)
(-0.0719395 -0.137322 0)
(-0.0398166 -0.0833235 0)
(-0.0177422 -0.0397091 0)
(-0.00495464 -0.00989957 0)
(-1.51591e-05 0.00309558 0)
(-0.00100697 0.0429801 0)
(-0.0112493 0.110031 0)
(-0.0285132 0.161032 0)
(-0.0507519 0.200164 0)
(-0.0761842 0.231294 0)
(-0.103895 0.257441 0)
(-0.133356 0.280558 0)
(-0.164229 0.301604 0)
(-0.196255 0.320773 0)
(-0.22918 0.337772 0)
(-0.262722 0.352051 0)
(-0.296553 0.362973 0)
(-0.330312 0.369925 0)
(-0.363609 0.372374 0)
(-0.396044 0.36991 0)
(-0.427224 0.36226 0)
(-0.456785 0.3493 0)
(-0.484412 0.331061 0)
(-0.509865 0.307723 0)
(-0.532984 0.279594 0)
(-0.553705 0.247089 0)
(-0.572049 0.21069 0)
(-0.588115 0.170913 0)
(-0.60206 0.128273 0)
(-0.614066 0.0832518 0)
(-0.624314 0.0362821 0)
(-0.632957 -0.0122557 0)
(-0.640093 -0.0620204 0)
(-0.645725 -0.112715 0)
(-0.649703 -0.164017 0)
(-0.651722 -0.215535 0)
(-0.651276 -0.266727 0)
(-0.647643 -0.316826 0)
(-0.639876 -0.364747 0)
(-0.626849 -0.409012 0)
(-0.607333 -0.447715 0)
(-0.58016 -0.478559 0)
(-0.544431 -0.498998 0)
(-0.499787 -0.506515 0)
(-0.446666 -0.499028 0)
(-0.386501 -0.475365 0)
(-0.321747 -0.435723 0)
(-0.255709 -0.381959 0)
(-0.192128 -0.317608 0)
(-0.134619 -0.247549 0)
(-0.0860969 -0.177397 0)
(-0.0483524 -0.112799 0)
(-0.021922 -0.0588566 0)
(-0.00630707 -0.0198666 0)
(-7.31755e-05 0.000512277 0)
(-0.000975254 0.048743 0)
(-0.0110925 0.124134 0)
(-0.02825 0.180921 0)
(-0.0504186 0.224021 0)
(-0.0757993 0.25791 0)
(-0.103438 0.286064 0)
(-0.13276 0.310724 0)
(-0.163389 0.332996 0)
(-0.195035 0.353122 0)
(-0.227421 0.370797 0)
(-0.260243 0.385439 0)
(-0.293159 0.396371 0)
(-0.325793 0.402951 0)
(-0.357745 0.40463 0)
(-0.388611 0.400997 0)
(-0.418003 0.391803 0)
(-0.445577 0.376971 0)
(-0.471052 0.356603 0)
(-0.494236 0.330961 0)
(-0.515033 0.300451 0)
(-0.533452 0.265581 0)
(-0.549592 0.22692 0)
(-0.563633 0.185052 0)
(-0.575812 0.140535 0)
(-0.586389 0.0938647 0)
(-0.595624 0.0454596 0)
(-0.603743 -0.00434738 0)
(-0.610931 -0.0552899 0)
(-0.617284 -0.107186 0)
(-0.622752 -0.159865 0)
(-0.627136 -0.21312 0)
(-0.630034 -0.266635 0)
(-0.630801 -0.319887 0)
(-0.62852 -0.372038 0)
(-0.621995 -0.42181 0)
(-0.609803 -0.467393 0)
(-0.590404 -0.506403 0)
(-0.562357 -0.535952 0)
(-0.524617 -0.55288 0)
(-0.476879 -0.554176 0)
(-0.419908 -0.537557 0)
(-0.355736 -0.502116 0)
(-0.287622 -0.448873 0)
(-0.219701 -0.381027 0)
(-0.156366 -0.303762 0)
(-0.101509 -0.223597 0)
(-0.0578622 -0.14746 0)
(-0.0266773 -0.0818 0)
(-0.00788573 -0.032067 0)
(-0.000150866 -0.00277176 0)
(-0.000914205 0.0543559 0)
(-0.0106774 0.137972 0)
(-0.0273951 0.200538 0)
(-0.0491118 0.247624 0)
(-0.0740457 0.284266 0)
(-0.10121 0.314378 0)
(-0.129985 0.34049 0)
(-0.15995 0.363861 0)
(-0.190784 0.384787 0)
(-0.222183 0.402961 0)
(-0.253826 0.417768 0)
(-0.285357 0.428502 0)
(-0.31639 0.43449 0)
(-0.346523 0.435174 0)
(-0.375357 0.430154 0)
(-0.40252 0.419217 0)
(-0.427698 0.402346 0)
(-0.450656 0.379725 0)
(-0.471257 0.351717 0)
(-0.489471 0.318831 0)
(-0.505375 0.281676 0)
(-0.519139 0.240908 0)
(-0.531008 0.197175 0)
(-0.541276 0.151075 0)
(-0.55026 0.103119 0)
(-0.558268 0.0537076 0)
(-0.56558 0.00313262 0)
(-0.572445 -0.0484097 0)
(-0.579028 -0.100834 0)
(-0.585379 -0.154107 0)
(-0.591412 -0.208196 0)
(-0.596864 -0.263007 0)
(-0.60123 -0.318289 0)
(-0.603713 -0.373507 0)
(-0.603178 -0.427693 0)
(-0.598146 -0.479283 0)
(-0.586854 -0.525996 0)
(-0.567422 -0.564797 0)
(-0.538144 -0.592033 0)
(-0.49789 -0.603807 0)
(-0.446559 -0.596608 0)
(-0.385463 -0.568132 0)
(-0.31749 -0.518128 0)
(-0.246902 -0.448989 0)
(-0.178736 -0.365835 0)
(-0.117904 -0.275934 0)
(-0.0682597 -0.187596 0)
(-0.032001 -0.108901 0)
(-0.00970096 -0.0467853 0)
(-0.000251167 -0.00687266 0)
(-0.000824982 0.0596833 0)
(-0.0100103 0.151257 0)
(-0.0259587 0.219524 0)
(-0.0468444 0.270585 0)
(-0.0709398 0.309965 0)
(-0.0972355 0.341982 0)
(-0.125065 0.369448 0)
(-0.153963 0.393779 0)
(-0.183573 0.415338 0)
(-0.213568 0.433822 0)
(-0.24361 0.448594 0)
(-0.273337 0.458918 0)
(-0.30236 0.464101 0)
(-0.330284 0.463583 0)
(-0.356727 0.456985 0)
(-0.381346 0.444142 0)
(-0.403869 0.425114 0)
(-0.424113 0.400176 0)
(-0.442 0.369799 0)
(-0.457566 0.334601 0)
(-0.470947 0.295289 0)
(-0.48237 0.2526 0)
(-0.492123 0.207241 0)
(-0.500537 0.159842 0)
(-0.507956 0.110919 0)
(-0.514711 0.0608617 0)
(-0.521103 0.00992217 0)
(-0.527414 -0.0417621 0)
(-0.533861 -0.0941816 0)
(-0.540568 -0.147411 0)
(-0.547558 -0.201565 0)
(-0.55471 -0.256747 0)
(-0.561696 -0.312968 0)
(-0.567911 -0.37002 0)
(-0.572389 -0.42731 0)
(-0.573747 -0.483658 0)
(-0.570174 -0.53708 0)
(-0.559524 -0.584633 0)
(-0.539552 -0.622411 0)
(-0.508325 -0.645797 0)
(-0.464759 -0.650063 0)
(-0.409189 -0.631307 0)
(-0.343779 -0.587588 0)
(-0.272565 -0.519943 0)
(-0.200979 -0.432899 0)
(-0.134886 -0.334144 0)
(-0.0793818 -0.233343 0)
(-0.03785 -0.14046 0)
(-0.0117519 -0.0642927 0)
(-0.000376792 -0.0119095 0)
(-0.000711055 0.0645967 0)
(-0.00910838 0.163711 0)
(-0.023971 0.237526 0)
(-0.0436593 0.292523 0)
(-0.0665375 0.334619 0)
(-0.0915853 0.368487 0)
(-0.118091 0.397205 0)
(-0.145545 0.422356 0)
(-0.173553 0.444377 0)
(-0.201767 0.462982 0)
(-0.22984 0.477521 0)
(-0.257407 0.487236 0)
(-0.28409 0.491424 0)
(-0.309511 0.489532 0)
(-0.333318 0.481213 0)
(-0.355209 0.466364 0)
(-0.374962 0.445125 0)
(-0.392451 0.417878 0)
(-0.40766 0.385201 0)
(-0.420681 0.347817 0)
(-0.431699 0.306525 0)
(-0.440979 0.262135 0)
(-0.448835 0.215397 0)
(-0.455608 0.166964 0)
(-0.461644 0.117353 0)
(-0.467271 0.0669332 0)
(-0.472785 0.0159268 0)
(-0.478469 -0.0355737 0)
(-0.484565 -0.087613 0)
(-0.491247 -0.140343 0)
(-0.49862 -0.193984 0)
(-0.506694 -0.248796 0)
(-0.515322 -0.305012 0)
(-0.524119 -0.362736 0)
(-0.532369 -0.421775 0)
(-0.538912 -0.481415 0)
(-0.542067 -0.540139 0)
(-0.539631 -0.595349 0)
(-0.529022 -0.643185 0)
(-0.507632 -0.678591 0)
(-0.473393 -0.695786 0)
(-0.425494 -0.689213 0)
(-0.365054 -0.654908 0)
(-0.295476 -0.591981 0)
(-0.222231 -0.503702 0)
(-0.151947 -0.397648 0)
(-0.0909936 -0.284637 0)
(-0.044146 -0.176678 0)
(-0.0140265 -0.0848294 0)
(-0.000529869 -0.0179991 0)
(-0.000576314 0.068979 0)
(-0.00799731 0.175072 0)
(-0.0214818 0.254211 0)
(-0.0396281 0.313077 0)
(-0.0609315 0.357859 0)
(-0.0843754 0.393523 0)
(-0.109208 0.423397 0)
(-0.134873 0.44923 0)
(-0.160942 0.471548 0)
(-0.18705 0.490095 0)
(-0.212844 0.504219 0)
(-0.237968 0.513154 0)
(-0.262064 0.516194 0)
(-0.284785 0.512805 0)
(-0.305819 0.502684 0)
(-0.324916 0.485796 0)
(-0.341909 0.462374 0)
(-0.356732 0.432902 0)
(-0.369425 0.398064 0)
(-0.380126 0.358682 0)
(-0.389056 0.315634 0)
(-0.396501 0.269786 0)
(-0.402777 0.221922 0)
(-0.408218 0.172702 0)
(-0.41315 0.122635 0)
(-0.417875 0.0720689 0)
(-0.422664 0.0211994 0)
(-0.427778 -0.0299138 0)
(-0.433458 -0.0813483 0)
(-0.439899 -0.133303 0)
(-0.447259 -0.18606 0)
(-0.455649 -0.239984 0)
(-0.465078 -0.295476 0)
(-0.475382 -0.352898 0)
(-0.486122 -0.412435 0)
(-0.496444 -0.473869 0)
(-0.504945 -0.536263 0)
(-0.509573 -0.597579 0)
(-0.507653 -0.654322 0)
(-0.496124 -0.701368 0)
(-0.47206 -0.732192 0)
(-0.433458 -0.739707 0)
(-0.380147 -0.717746 0)
(-0.314502 -0.662973 0)
(-0.241599 -0.576661 0)
(-0.168512 -0.465555 0)
(-0.1028 -0.341188 0)
(-0.0507776 -0.217634 0)
(-0.0165014 -0.108587 0)
(-0.000711785 -0.0252505 0)
(-0.000426382 0.0727301 0)
(-0.00671152 0.185108 0)
(-0.0185576 0.269271 0)
(-0.0348483 0.331908 0)
(-0.0542482 0.379341 0)
(-0.0757622 0.416754 0)
(-0.0986048 0.447695 0)
(-0.122177 0.474082 0)
(-0.146019 0.496544 0)
(-0.169749 0.514872 0)
(-0.193018 0.528426 0)
(-0.215487 0.536445 0)
(-0.236829 0.538232 0)
(-0.256739 0.533283 0)
(-0.274956 0.521348 0)
(-0.291287 0.502466 0)
(-0.305625 0.476964 0)
(-0.31796 0.445424 0)
(-0.328378 0.408631 0)
(-0.337053 0.36749 0)
(-0.344228 0.322945 0)
(-0.350189 0.275901 0)
(-0.355242 0.227161 0)
(-0.359693 0.17738 0)
(-0.363834 0.12705 0)
(-0.367928 0.0764983 0)
(-0.372208 0.0258939 0)
(-0.376895 -0.0247256 0)
(-0.38221 -0.0754527 0)
(-0.388346 -0.126506 0)
(-0.395484 -0.178196 0)
(-0.403798 -0.230935 0)
(-0.413416 -0.285231 0)
(-0.42436 -0.341635 0)
(-0.436456 -0.400644 0)
(-0.449185 -0.462508 0)
(-0.461511 -0.52691 0)
(-0.471706 -0.592527 0)
(-0.477245 -0.656516 0)
(-0.474891 -0.714081 0)
(-0.461092 -0.75839 0)
(-0.432749 -0.781136 0)
(-0.388282 -0.773969 0)
(-0.328706 -0.730733 0)
(-0.258238 -0.649961 0)
(-0.18398 -0.53668 0)
(-0.114466 -0.402468 0)
(-0.0576064 -0.263265 0)
(-0.0191423 -0.135695 0)
(-0.000923023 -0.0337601 0)
(-0.000266868 0.0757702 0)
(-0.00529132 0.193623 0)
(-0.0152799 0.282438 0)
(-0.0294401 0.348712 0)
(-0.0466433 0.398754 0)
(-0.0659365 0.437875 0)
(-0.0865116 0.469808 0)
(-0.107731 0.496639 0)
(-0.129105 0.519111 0)
(-0.15024 0.537082 0)
(-0.170798 0.549946 0)
(-0.190466 0.556955 0)
(-0.208957 0.557439 0)
(-0.226018 0.550931 0)
(-0.241444 0.537239 0)
(-0.255104 0.51648 0)
(-0.266949 0.489069 0)
(-0.277017 0.455684 0)
(-0.285435 0.417193 0)
(-0.292398 0.374571 0)
(-0.298153 0.32881 0)
(-0.302975 0.280839 0)
(-0.307144 0.231464 0)
(-0.310929 0.181328 0)
(-0.314578 0.130899 0)
(-0.318308 0.0804782 0)
(-0.322306 0.0302142 0)
(-0.326748 -0.0198715 0)
(-0.331822 -0.0698732 0)
(-0.337705 -0.120011 0)
(-0.344572 -0.170589 0)
(-0.352627 -0.222031 0)
(-0.362072 -0.274887 0)
(-0.373067 -0.329822 0)
(-0.385656 -0.387563 0)
(-0.399634 -0.448748 0)
(-0.414361 -0.513653 0)
(-0.428536 -0.581733 0)
(-0.439987 -0.651006 0)
(-0.445585 -0.717385 0)
(-0.441457 -0.774222 0)
(-0.42363 -0.812467 0)
(-0.389149 -0.821841 0)
(-0.33744 -0.793197 0)
(-0.271437 -0.721675 0)
(-0.197781 -0.609615 0)
(-0.125644 -0.467722 0)
(-0.0644758 -0.31335 0)
(-0.0219063 -0.166208 0)
(-0.00116289 -0.0436066 0)
(-0.000104234 0.0780431 0)
(-0.00378213 0.200461 0)
(-0.0117415 0.293485 0)
(-0.0235423 0.363226 0)
(-0.0382967 0.415824 0)
(-0.0551178 0.456621 0)
(-0.0731882 0.489489 0)
(-0.0918381 0.516672 0)
(-0.110552 0.539047 0)
(-0.128929 0.556555 0)
(-0.146645 0.568641 0)
(-0.163423 0.574595 0)
(-0.179021 0.573778 0)
(-0.193244 0.56577 0)
(-0.205951 0.550442 0)
(-0.21707 0.527986 0)
(-0.226605 0.4989 0)
(-0.234638 0.46394 0)
(-0.241322 0.424045 0)
(-0.246862 0.380243 0)
(-0.251496 0.333557 0)
(-0.255476 0.284925 0)
(-0.259047 0.235145 0)
(-0.262436 0.184838 0)
(-0.265842 0.134448 0)
(-0.269435 0.0842488 0)
(-0.273356 0.0343693 0)
(-0.277735 -0.0151796 0)
(-0.282723 -0.0644849 0)
(-0.288471 -0.113754 0)
(-0.295134 -0.163269 0)
(-0.302917 -0.21343 0)
(-0.312054 -0.264782 0)
(-0.32279 -0.318035 0)
(-0.335326 -0.374052 0)
(-0.349711 -0.433762 0)
(-0.365676 -0.497943 0)
(-0.382379 -0.566806 0)
(-0.398131 -0.639338 0)
(-0.410156 -0.712457 0)
(-0.414582 -0.780191 0)
(-0.406882 -0.833334 0)
(-0.382899 -0.860146 0)
(-0.3404 -0.848578 0)
(-0.280683 -0.789906 0)
(-0.209426 -0.682808 0)
(-0.136 -0.536003 0)
(-0.0712239 -0.367517 0)
(-0.0247443 -0.200099 0)
(-0.00142963 -0.0548478 0)
(5.5569e-05 0.0795177 0)
(-0.00223154 0.205514 0)
(-0.00804309 0.302237 0)
(-0.0173077 0.375232 0)
(-0.0294076 0.430321 0)
(-0.0435476 0.472769 0)
(-0.0589179 0.50653 0)
(-0.0748255 0.534001 0)
(-0.0907324 0.556197 0)
(-0.106235 0.573167 0)
(-0.121027 0.584429 0)
(-0.134868 0.589322 0)
(-0.147571 0.587255 0)
(-0.159001 0.57786 0)
(-0.16908 0.561071 0)
(-0.177793 0.537148 0)
(-0.185195 0.50666 0)
(-0.1914 0.47043 0)
(-0.196578 0.429448 0)
(-0.200931 0.384777 0)
(-0.204679 0.337455 0)
(-0.208044 0.288418 0)
(-0.21123 0.238447 0)
(-0.214418 0.188139 0)
(-0.21776 0.137908 0)
(-0.221384 0.0880048 0)
(-0.225389 0.0385409 0)
(-0.22986 -0.0104801 0)
(-0.234916 -0.0591334 0)
(-0.240677 -0.107608 0)
(-0.247271 -0.15615 0)
(-0.254883 -0.205118 0)
(-0.263749 -0.25502 0)
(-0.274152 -0.306553 0)
(-0.286384 -0.360636 0)
(-0.30068 -0.41838 0)
(-0.317065 -0.480946 0)
(-0.335133 -0.549207 0)
(-0.353724 -0.623118 0)
(-0.370581 -0.700781 0)
(-0.382132 -0.777317 0)
(-0.383654 -0.843988 0)
(-0.370088 -0.88824 0)
(-0.337623 -0.895481 0)
(-0.285693 -0.852909 0)
(-0.218546 -0.754662 0)
(-0.145248 -0.606223 0)
(-0.0776977 -0.425262 0)
(-0.0276058 -0.237264 0)
(-0.00172028 -0.0675183 0)
(0.000206622 0.0801889 0)
(-0.000688128 0.208724 0)
(-0.00429013 0.308572 0)
(-0.010899 0.384566 0)
(-0.0201896 0.442061 0)
(-0.0314841 0.486136 0)
(-0.0440007 0.520771 0)
(-0.0570341 0.548487 0)
(-0.0700289 0.570452 0)
(-0.0825799 0.586841 0)
(-0.0944008 0.597264 0)
(-0.105292 0.60113 0)
(-0.115122 0.597905 0)
(-0.123816 0.587278 0)
(-0.131358 0.569241 0)
(-0.137788 0.544115 0)
(-0.143203 0.512527 0)
(-0.147742 0.475349 0)
(-0.151581 0.433604 0)
(-0.154914 0.388374 0)
(-0.157936 0.340697 0)
(-0.160831 0.291499 0)
(-0.163763 0.241537 0)
(-0.166868 0.191381 0)
(-0.170256 0.14142 0)
(-0.174015 0.0918828 0)
(-0.178209 0.0428665 0)
(-0.182889 -0.00562946 0)
(-0.18814 -0.0536675 0)
(-0.194061 -0.101413 0)
(-0.200745 -0.149077 0)
(-0.208352 -0.196966 0)
(-0.217097 -0.245528 0)
(-0.227262 -0.295414 0)
(-0.23918 -0.347535 0)
(-0.253191 -0.403083 0)
(-0.269536 -0.463474 0)
(-0.288165 -0.530104 0)
(-0.308422 -0.603805 0)
(-0.32865 -0.683911 0)
(-0.345798 -0.766934 0)
(-0.355298 -0.845178 0)
(-0.35157 -0.906027 0)
(-0.329445 -0.932965 0)
(-0.286421 -0.909192 0)
(-0.22492 -0.823624 0)
(-0.15317 -0.677213 0)
(-0.0837677 -0.485973 0)
(-0.0304436 -0.277526 0)
(-0.00203126 -0.0816299 0)
(0.000343835 0.0800766 0)
(0.00080066 0.210086 0)
(-0.000589249 0.31243 0)
(-0.00448446 0.391116 0)
(-0.0108654 0.450907 0)
(-0.0191971 0.496586 0)
(-0.0287475 0.532086 0)
(-0.0388124 0.560031 0)
(-0.0488255 0.581739 0)
(-0.0583809 0.597531 0)
(-0.0672128 0.607131 0)
(-0.0751619 0.610033 0)
(-0.0821499 0.605772 0)
(-0.0881634 0.594095 0)
(-0.0932441 0.575049 0)
(-0.0974827 0.549005 0)
(-0.10101 0.516632 0)
(-0.103987 0.478832 0)
(-0.106589 0.436647 0)
(-0.108994 0.391158 0)
(-0.111368 0.343396 0)
(-0.113859 0.294265 0)
(-0.11659 0.244499 0)
(-0.119656 0.194641 0)
(-0.123131 0.145058 0)
(-0.127068 0.0959596 0)
(-0.131506 0.0474337 0)
(-0.136466 -0.00052172 0)
(-0.142009 -0.0479595 0)
(-0.148215 -0.0950183 0)
(-0.155147 -0.141875 0)
(-0.162935 -0.188783 0)
(-0.171764 -0.236128 0)
(-0.181891 -0.28449 0)
(-0.193646 -0.334727 0)
(-0.207414 -0.388039 0)
(-0.223565 -0.445978 0)
(-0.242306 -0.510304 0)
(-0.26341 -0.582577 0)
(-0.285814 -0.663292 0)
(-0.307118 -0.750493 0)
(-0.323204 -0.837996 0)
(-0.328368 -0.913887 0)
(-0.31643 -0.960541 0)
(-0.283028 -0.957574 0)
(-0.228473 -0.888264 0)
(-0.159633 -0.747783 0)
(-0.0893413 -0.548968 0)
(-0.0332202 -0.320656 0)
(-0.00235852 -0.0971746 0)
(0.000462871 0.0792248 0)
(0.00219056 0.209647 0)
(0.00295372 0.313814 0)
(0.00176585 0.394836 0)
(-0.00166279 0.456778 0)
(-0.00696311 0.504026 0)
(-0.0134756 0.540393 0)
(-0.0205128 0.568568 0)
(-0.0275042 0.590018 0)
(-0.0340454 0.60522 0)
(-0.039889 0.614034 0)
(-0.0449135 0.616056 0)
(-0.0490917 0.610898 0)
(-0.052467 0.598369 0)
(-0.0551359 0.578564 0)
(-0.0572344 0.551892 0)
(-0.0589245 0.519049 0)
(-0.0603806 0.48095 0)
(-0.0617757 0.438635 0)
(-0.0632697 0.393177 0)
(-0.065001 0.345585 0)
(-0.0670814 0.296739 0)
(-0.0695957 0.247347 0)
(-0.0726044 0.19793 0)
(-0.0761483 0.148835 0)
(-0.0802559 0.100258 0)
(-0.0849445 0.0522818 0)
(-0.0902169 0.00490674 0)
(-0.0961122 -0.0419144 0)
(-0.102697 -0.0882911 0)
(-0.110015 -0.134372 0)
(-0.118163 -0.180365 0)
(-0.127295 -0.22659 0)
(-0.13763 -0.273553 0)
(-0.149469 -0.322035 0)
(-0.163192 -0.373188 0)
(-0.179224 -0.428602 0)
(-0.197932 -0.490262 0)
(-0.219416 -0.560268 0)
(-0.243132 -0.640122 0)
(-0.267367 -0.729391 0)
(-0.288659 -0.823706 0)
(-0.301557 -0.912555 0)
(-0.299283 -0.978139 0)
(-0.275835 -0.997206 0)
(-0.229262 -0.947325 0)
(-0.16459 -0.816777 0)
(-0.0943709 -0.613532 0)
(-0.0359125 -0.366386 0)
(-0.00269852 -0.11413 0)
(0.000560552 0.0776986 0)
(0.00344214 0.207503 0)
(0.00623937 0.312788 0)
(0.00768262 0.395735 0)
(0.00718639 0.459644 0)
(0.00493575 0.508409 0)
(0.00149368 0.545645 0)
(-0.00248774 0.574064 0)
(-0.00644255 0.595271 0)
(-0.00996933 0.60991 0)
(-0.012837 0.61799 0)
(-0.0149575 0.619226 0)
(-0.0163501 0.613319 0)
(-0.0171107 0.600138 0)
(-0.0173859 0.579822 0)
(-0.0173531 0.552807 0)
(-0.0172019 0.519799 0)
(-0.0171187 0.481709 0)
(-0.0172728 0.439565 0)
(-0.0178072 0.394412 0)
(-0.018834 0.347235 0)
(-0.0204335 0.298884 0)
(-0.0226581 0.250041 0)
(-0.0255377 0.201209 0)
(-0.0290877 0.152719 0)
(-0.0333154 0.10476 0)
(-0.0382237 0.0574141 0)
(-0.0438036 0.0106842 0)
(-0.0500784 -0.0354688 0)
(-0.0571046 -0.0811282 0)
(-0.0649154 -0.126422 0)
(-0.0735806 -0.171517 0)
(-0.0832205 -0.216678 0)
(-0.094015 -0.262336 0)
(-0.10622 -0.30919 0)
(-0.120179 -0.358312 0)
(-0.136317 -0.411264 0)
(-0.155076 -0.470131 0)
(-0.176768 -0.537372 0)
(-0.201265 -0.61529 0)
(-0.227493 -0.704843 0)
(-0.252754 -0.803598 0)
(-0.272153 -0.902995 0)
(-0.278755 -0.986031 0)
(-0.26526 -1.02756 0)
(-0.227445 -0.999745 0)
(-0.168072 -0.883106 0)
(-0.0988579 -0.678951 0)
(-0.0385172 -0.41444 0)
(-0.00304864 -0.132467 0)
(0.000634731 0.0755814 0)
(0.00452134 0.203802 0)
(0.00917634 0.309484 0)
(0.0131048 0.393896 0)
(0.0154534 0.459535 0)
(0.0162149 0.50973 0)
(0.0158335 0.547828 0)
(0.0149065 0.576512 0)
(0.0139829 0.597502 0)
(0.0134581 0.611612 0)
(0.0135489 0.619016 0)
(0.0143153 0.619563 0)
(0.0156967 0.613049 0)
(0.0175504 0.599409 0)
(0.0196839 0.578819 0)
(0.0218819 0.551729 0)
(0.0239286 0.518845 0)
(0.0256258 0.481057 0)
(0.0268059 0.439365 0)
(0.0273388 0.394782 0)
(0.0271342 0.348255 0)
(0.0261374 0.300606 0)
(0.0243225 0.252491 0)
(0.0216838 0.204396 0)
(0.0182267 0.156645 0)
(0.0139595 0.109423 0)
(0.00888983 0.062813 0)
(0.0030344 0.016826 0)
(-0.0036169 -0.0285729 0)
(-0.0111168 -0.0734444 0)
(-0.0194962 -0.117896 0)
(-0.0288015 -0.162064 0)
(-0.0391249 -0.206166 0)
(-0.0506073 -0.250571 0)
(-0.0634553 -0.295893 0)
(-0.0779595 -0.343118 0)
(-0.0945043 -0.393735 0)
(-0.113542 -0.449838 0)
(-0.135496 -0.514091 0)
(-0.160533 -0.589373 0)
(-0.188119 -0.677813 0)
(-0.216327 -0.778865 0)
(-0.241038 -0.886283 0)
(-0.25557 -0.984749 0)
(-0.251758 -1.04839 0)
(-0.223235 -1.04466 0)
(-0.170168 -0.945764 0)
(-0.10285 -0.744538 0)
(-0.0410534 -0.464552 0)
(-0.00340831 -0.152161 0)
(0.000683854 0.0729722 0)
(0.00539871 0.198732 0)
(0.0116812 0.304097 0)
(0.0178797 0.389471 0)
(0.0229155 0.456543 0)
(0.0265923 0.508037 0)
(0.0292191 0.546963 0)
(0.031317 0.575922 0)
(0.0334027 0.596722 0)
(0.0358591 0.610341 0)
(0.0388902 0.617127 0)
(0.0425321 0.617073 0)
(0.0466896 0.610082 0)
(0.0511787 0.596155 0)
(0.0557654 0.575503 0)
(0.0601988 0.548584 0)
(0.0642375 0.516086 0)
(0.0676695 0.47887 0)
(0.0703248 0.437894 0)
(0.0720815 0.394129 0)
(0.0728637 0.348482 0)
(0.0726356 0.30174 0)
(0.071391 0.254539 0)
(0.0691425 0.207348 0)
(0.0659104 0.160486 0)
(0.0617148 0.11414 0)
(0.0565701 0.0684005 0)
(0.0504922 0.0232853 0)
(0.0434807 -0.0212356 0)
(0.0354942 -0.0652048 0)
(0.0264989 -0.108711 0)
(0.0164629 -0.151868 0)
(0.00531786 -0.19486 0)
(-0.00704295 -0.238005 0)
(-0.02078 -0.281848 0)
(-0.0361233 -0.327285 0)
(-0.0533949 -0.375711 0)
(-0.0730095 -0.42917 0)
(-0.0954241 -0.490404 0)
(-0.120983 -0.562665 0)
(-0.149565 -0.648992 0)
(-0.179952 -0.750531 0)
(-0.208906 -0.863496 0)
(-0.23036 -0.974997 0)
(-0.235759 -1.05969 0)
(-0.216858 -1.08138 0)
(-0.170996 -1.00383 0)
(-0.106433 -0.809641 0)
(-0.0435661 -0.516495 0)
(-0.00377969 -0.173203 0)
(0.000707365 0.0699827 0)
(0.00604965 0.192523 0)
(0.0136782 0.296883 0)
(0.021863 0.38268 0)
(0.0293561 0.450831 0)
(0.0357882 0.503431 0)
(0.0413236 0.543109 0)
(0.0463876 0.572332 0)
(0.0514466 0.592958 0)
(0.0568606 0.606117 0)
(0.0628177 0.612333 0)
(0.0693338 0.611753 0)
(0.0762844 0.604394 0)
(0.0834496 0.590329 0)
(0.0905584 0.569801 0)
(0.0973263 0.543268 0)
(0.103486 0.511391 0)
(0.108808 0.474993 0)
(0.113116 0.43498 0)
(0.116288 0.392271 0)
(0.118256 0.347729 0)
(0.118994 0.302105 0)
(0.118508 0.25601 0)
(0.116824 0.209902 0)
(0.113972 0.164096 0)
(0.10998 0.118787 0)
(0.104866 0.0740706 0)
(0.0986465 0.0299781 0)
(0.0913261 -0.0135094 0)
(0.0828712 -0.0564217 0)
(0.0732424 -0.0988349 0)
(0.0624186 -0.140849 0)
(0.0503482 -0.182625 0)
(0.0369541 -0.224447 0)
(0.0221239 -0.266802 0)
(0.0056877 -0.310509 0)
(-0.0126059 -0.356866 0)
(-0.0331087 -0.407837 0)
(-0.0562521 -0.466146 0)
(-0.0824612 -0.535244 0)
(-0.111901 -0.618813 0)
(-0.143943 -0.719411 0)
(-0.176245 -0.835646 0)
(-0.203623 -0.957573 0)
(-0.217619 -1.06162 0)
(-0.208505 -1.10937 0)
(-0.170672 -1.05644 0)
(-0.109717 -0.873639 0)
(-0.0461264 -0.570087 0)
(-0.004169 -0.195612 0)
(0.000704743 0.0667348 0)
(0.0064522 0.185441 0)
(0.0150973 0.288158 0)
(0.0249166 0.373816 0)
(0.0345636 0.442627 0)
(0.0435243 0.496072 0)
(0.0518185 0.536367 0)
(0.059759 0.565799 0)
(0.0677419 0.586244 0)
(0.0760889 0.59896 0)
(0.0849656 0.604639 0)
(0.0943669 0.60359 0)
(0.104143 0.595951 0)
(0.114043 0.58187 0)
(0.123763 0.561622 0)
(0.132987 0.535659 0)
(0.14142 0.504612 0)
(0.148812 0.469253 0)
(0.154974 0.430431 0)
(0.159778 0.389008 0)
(0.163153 0.345795 0)
(0.165077 0.301505 0)
(0.165562 0.256723 0)
(0.164637 0.211897 0)
(0.162339 0.167341 0)
(0.1587 0.123254 0)
(0.153742 0.0797454 0)
(0.147478 0.036858 0)
(0.139917 -0.00541433 0)
(0.131033 -0.0470952 0)
(0.120782 -0.0882451 0)
(0.109148 -0.128956 0)
(0.0960971 -0.169376 0)
(0.0815751 -0.209763 0)
(0.0655078 -0.250565 0)
(0.0477797 -0.292542 0)
(0.0282118 -0.336914 0)
(0.00653661 -0.385541 0)
(-0.0176146 -0.441075 0)
(-0.044678 -0.507035 0)
(-0.0749893 -0.587499 0)
(-0.108374 -0.686108 0)
(-0.143321 -0.803623 0)
(-0.175688 -0.933307 0)
(-0.197583 -1.05449 0)
(-0.198284 -1.12818 0)
(-0.169266 -1.10275 0)
(-0.112817 -0.935922 0)
(-0.0488331 -0.625207 0)
(-0.00458776 -0.219453 0)
(0.000675865 0.06336 0)
(0.00658524 0.177786 0)
(0.0158698 0.278294 0)
(0.0269048 0.363244 0)
(0.0383274 0.432234 0)
(0.0495219 0.486177 0)
(0.0603725 0.526874 0)
(0.0710677 0.556406 0)
(0.081912 0.576621 0)
(0.0931689 0.588882 0)
(0.104969 0.594039 0)
(0.117282 0.592558 0)
(0.129932 0.584702 0)
(0.142643 0.570698 0)
(0.155078 0.550852 0)
(0.166893 0.525613 0)
(0.177764 0.495575 0)
(0.18742 0.461453 0)
(0.195651 0.424033 0)
(0.202314 0.384114 0)
(0.207332 0.342452 0)
(0.210676 0.299718 0)
(0.212354 0.25647 0)
(0.212397 0.213143 0)
(0.210842 0.170049 0)
(0.207723 0.127397 0)
(0.203062 0.0853065 0)
(0.196871 0.0438334 0)
(0.189161 0.00298643 0)
(0.17991 -0.0372571 0)
(0.169077 -0.0769411 0)
(0.156648 -0.116155 0)
(0.142601 -0.155043 0)
(0.126905 -0.193851 0)
(0.109519 -0.233002 0)
(0.0903786 -0.27321 0)
(0.0693714 -0.315625 0)
(0.0463075 -0.362014 0)
(0.0208982 -0.414946 0)
(-0.00724274 -0.477884 0)
(-0.0385282 -0.555116 0)
(-0.0731072 -0.651028 0)
(-0.11018 -0.768177 0)
(-0.146705 -0.90302 0)
(-0.175748 -1.03868 0)
(-0.186188 -1.13744 0)
(-0.166764 -1.14191 0)
(-0.11583 -0.995838 0)
(-0.0518127 -0.681784 0)
(-0.00505526 -0.244847 0)
(0.000619257 0.0599995 0)
(0.0064225 0.169895 0)
(0.01592 0.267723 0)
(0.0276839 0.351397 0)
(0.0404303 0.420023 0)
(0.0534958 0.474025 0)
(0.0666483 0.514816 0)
(0.0799443 0.544253 0)
(0.0935752 0.564132 0)
(0.107723 0.575889 0)
(0.122464 0.58051 0)
(0.137731 0.57861 0)
(0.153322 0.570575 0)
(0.168931 0.556713 0)
(0.184197 0.537367 0)
(0.198745 0.512974 0)
(0.212225 0.484094 0)
(0.224339 0.451382 0)
(0.234853 0.415557 0)
(0.243607 0.37735 0)
(0.250504 0.337458 0)
(0.255504 0.296507 0)
(0.258606 0.255025 0)
(0.259835 0.213431 0)
(0.259222 0.172035 0)
(0.256802 0.131052 0)
(0.252596 0.0906133 0)
(0.246616 0.050788 0)
(0.23887 0.011598 0)
(0.229344 -0.0269762 0)
(0.218004 -0.0649682 0)
(0.204834 -0.102468 0)
(0.189826 -0.139621 0)
(0.172968 -0.176673 0)
(0.154251 -0.214037 0)
(0.133654 -0.252399 0)
(0.111128 -0.292853 0)
(0.08656 -0.337079 0)
(0.0597369 -0.387537 0)
(0.0303324 -0.44762 0)
(-0.00206561 -0.521636 0)
(-0.0378017 -0.614421 0)
(-0.0766456 -0.729908 0)
(-0.11662 -0.867482 0)
(-0.152049 -1.01465 0)
(-0.172052 -1.13685 0)
(-0.16302 -1.17298 0)
(-0.118799 -1.05263 0)
(-0.0552208 -0.739777 0)
(-0.00560224 -0.271996 0)
(0.00053186 0.0568093 0)
(0.00592555 0.162144 0)
(0.0151512 0.256938 0)
(0.0270868 0.338782 0)
(0.040634 0.406438 0)
(0.0551449 0.459954 0)
(0.0702971 0.500415 0)
(0.0860118 0.529465 0)
(0.102345 0.548827 0)
(0.11937 0.559976 0)
(0.137085 0.564012 0)
(0.15537 0.561681 0)
(0.173985 0.553485 0)
(0.192596 0.53981 0)
(0.210815 0.521033 0)
(0.22824 0.497586 0)
(0.244494 0.469989 0)
(0.259252 0.438839 0)
(0.272256 0.404784 0)
(0.283318 0.368486 0)
(0.292323 0.330579 0)
(0.29921 0.29164 0)
(0.303963 0.252163 0)
(0.306595 0.212549 0)
(0.307131 0.173103 0)
(0.3056 0.134042 0)
(0.302023 0.0955094 0)
(0.296411 0.0575848 0)
(0.28877 0.0203017 0)
(0.279094 -0.0163532 0)
(0.267361 -0.0524116 0)
(0.253554 -0.0879644 0)
(0.237679 -0.123165 0)
(0.219744 -0.158266 0)
(0.199767 -0.193684 0)
(0.177766 -0.230092 0)
(0.153746 -0.268543 0)
(0.127662 -0.310643 0)
(0.0993784 -0.358738 0)
(0.0686278 -0.416097 0)
(0.0350125 -0.486985 0)
(-0.00190782 -0.576422 0)
(-0.0423076 -0.689268 0)
(-0.0851586 -0.8274 0)
(-0.126225 -0.982911 0)
(-0.155521 -1.1261 0)
(-0.157708 -1.1949 0)
(-0.121669 -1.10537 0)
(-0.0592406 -0.799135 0)
(-0.00627759 -0.301199 0)
(0.00040561 0.0539693 0)
(0.00502889 0.154965 0)
(0.0134228 0.246501 0)
(0.0248972 0.325976 0)
(0.0386568 0.391987 0)
(0.0541364 0.444355 0)
(0.0709509 0.483932 0)
(0.0888839 0.512183 0)
(0.107834 0.530752 0)
(0.127735 0.541127 0)
(0.148476 0.544489 0)
(0.169864 0.54169 0)
(0.191607 0.533332 0)
(0.213335 0.519872 0)
(0.234633 0.501717 0)
(0.255075 0.479296 0)
(0.274258 0.453089 0)
(0.291831 0.423634 0)
(0.307509 0.39151 0)
(0.32108 0.357305 0)
(0.3324 0.321591 0)
(0.341387 0.284892 0)
(0.348007 0.247664 0)
(0.352255 0.210285 0)
(0.354146 0.173051 0)
(0.353703 0.136179 0)
(0.350943 0.0998198 0)
(0.345879 0.0640621 0)
(0.338516 0.0289481 0)
(0.328859 -0.0055288 0)
(0.316897 -0.039406 0)
(0.302619 -0.0727748 0)
(0.286046 -0.105801 0)
(0.267207 -0.138752 0)
(0.246142 -0.172056 0)
(0.222905 -0.206383 0)
(0.197544 -0.242762 0)
(0.170066 -0.282732 0)
(0.1404 -0.32853 0)
(0.108336 -0.383276 0)
(0.0734937 -0.451107 0)
(0.0353651 -0.537083 0)
(-0.00648562 -0.64658 0)
(-0.0517929 -0.783384 0)
(-0.0977977 -0.943984 0)
(-0.136019 -1.10496 0)
(-0.150259 -1.20644 0)
(-0.124232 -1.15279 0)
(-0.0640756 -0.859721 0)
(-0.00715906 -0.332889 0)
(0.000224481 0.0517038 0)
(0.00361868 0.148874 0)
(0.0105154 0.237059 0)
(0.0208106 0.313627 0)
(0.0341406 0.377228 0)
(0.0500835 0.427652 0)
(0.0682118 0.465643 0)
(0.088164 0.492551 0)
(0.109657 0.509945 0)
(0.132451 0.519307 0)
(0.156295 0.521859 0)
(0.180893 0.51853 0)
(0.205887 0.509997 0)
(0.230862 0.496772 0)
(0.25537 0.479287 0)
(0.278961 0.457962 0)
(0.301212 0.43324 0)
(0.321748 0.405601 0)
(0.340259 0.375554 0)
(0.356506 0.343617 0)
(0.370322 0.310295 0)
(0.381599 0.276057 0)
(0.39028 0.241319 0)
(0.396344 0.206431 0)
(0.399794 0.171675 0)
(0.400642 0.137264 0)
(0.398906 0.103349 0)
(0.394597 0.0700277 0)
(0.387727 0.037346 0)
(0.378309 0.00530327 0)
(0.366348 -0.0261498 0)
(0.351849 -0.0571064 0)
(0.334845 -0.087747 0)
(0.315386 -0.118359 0)
(0.293536 -0.149385 0)
(0.269373 -0.181502 0)
(0.242974 -0.21572 0)
(0.214383 -0.253522 0)
(0.183567 -0.297036 0)
(0.150357 -0.349221 0)
(0.114388 -0.414028 0)
(0.0750916 -0.496423 0)
(0.03183 -0.602045 0)
(-0.0156767 -0.735928 0)
(-0.0660242 -0.89841 0)
(-0.112714 -1.07322 0)
(-0.139803 -1.20616 0)
(-0.126036 -1.19319 0)
(-0.0699271 -0.921183 0)
(-0.00836936 -0.367656 0)
(-4.42338e-05 0.0503172 0)
(0.00149421 0.144516 0)
(0.00607684 0.229372 0)
(0.0143803 0.302451 0)
(0.0266074 0.362751 0)
(0.0425174 0.410274 0)
(0.0616389 0.445818 0)
(0.0834454 0.470697 0)
(0.107441 0.486425 0)
(0.133177 0.494455 0)
(0.16023 0.496018 0)
(0.188173 0.492075 0)
(0.21656 0.483347 0)
(0.244919 0.470378 0)
(0.272768 0.453613 0)
(0.299634 0.433455 0)
(0.325073 0.41031 0)
(0.348692 0.384601 0)
(0.370162 0.356769 0)
(0.389222 0.327262 0)
(0.40568 0.296521 0)
(0.419405 0.264956 0)
(0.43032 0.23294 0)
(0.438386 0.200791 0)
(0.443593 0.168771 0)
(0.445947 0.137084 0)
(0.445463 0.105878 0)
(0.442159 0.0752508 0)
(0.436053 0.0452504 0)
(0.427169 0.0158768 0)
(0.415535 -0.0129282 0)
(0.401174 -0.0412693 0)
(0.384134 -0.0693408 0)
(0.364486 -0.0974487 0)
(0.342311 -0.126054 0)
(0.317702 -0.155837 0)
(0.290748 -0.187795 0)
(0.261504 -0.223355 0)
(0.229949 -0.264538 0)
(0.19592 -0.314129 0)
(0.159046 -0.375861 0)
(0.118702 -0.454505 0)
(0.074066 -0.555741 0)
(0.0244483 -0.685379 0)
(-0.0298254 -0.846697 0)
(-0.0844698 -1.03075 0)
(-0.125084 -1.19244 0)
(-0.126273 -1.22428 0)
(-0.076942 -0.98276 0)
(-0.0101005 -0.406253 0)
(-0.000462457 0.0502599 0)
(-0.00168964 0.14274 0)
(-0.000452783 0.224342 0)
(0.00494876 0.29322 0)
(0.0154103 0.349136 0)
(0.030861 0.392607 0)
(0.0507431 0.424671 0)
(0.0743209 0.446696 0)
(0.100846 0.460165 0)
(0.129625 0.466478 0)
(0.16003 0.466832 0)
(0.191478 0.462178 0)
(0.223415 0.453237 0)
(0.255305 0.440555 0)
(0.286624 0.42457 0)
(0.316877 0.405661 0)
(0.345605 0.38419 0)
(0.372403 0.360525 0)
(0.396928 0.335041 0)
(0.418903 0.308119 0)
(0.438118 0.280132 0)
(0.454426 0.251437 0)
(0.467731 0.222357 0)
(0.47798 0.193175 0)
(0.485154 0.164128 0)
(0.489254 0.135405 0)
(0.490298 0.107146 0)
(0.488313 0.079442 0)
(0.483329 0.0523383 0)
(0.475387 0.0258304 0)
(0.464534 -0.000144894 0)
(0.450822 -0.0257112 0)
(0.434309 -0.0510736 0)
(0.415082 -0.0765538 0)
(0.393233 -0.102624 0)
(0.368855 -0.129968 0)
(0.342028 -0.159557 0)
(0.312788 -0.192763 0)
(0.281089 -0.231492 0)
(0.246735 -0.278352 0)
(0.209312 -0.336827 0)
(0.16812 -0.411424 0)
(0.122169 -0.507697 0)
(0.0703914 -0.631887 0)
(0.0123384 -0.789258 0)
(-0.0497841 -0.977533 0)
(-0.104376 -1.16351 0)
(-0.123594 -1.24299 0)
(-0.0850911 -1.04304 0)
(-0.0126512 -0.44961 0)
(-0.00114795 0.0522428 0)
(-0.00651596 0.144713 0)
(-0.0099375 0.223052 0)
(-0.00842002 0.286734 0)
(-0.000298896 0.336891 0)
(0.0144289 0.374925 0)
(0.0350104 0.402304 0)
(0.060423 0.420531 0)
(0.0896144 0.431064 0)
(0.121613 0.435228 0)
(0.15556 0.434134 0)
(0.190701 0.428669 0)
(0.226362 0.419508 0)
(0.261932 0.407164 0)
(0.296848 0.392041 0)
(0.330591 0.37448 0)
(0.362696 0.354793 0)
(0.392752 0.333291 0)
(0.420412 0.310284 0)
(0.445391 0.286089 0)
(0.467472 0.261015 0)
(0.486496 0.23536 0)
(0.502359 0.2094 0)
(0.515001 0.183379 0)
(0.524398 0.157504 0)
(0.530556 0.131943 0)
(0.533497 0.106819 0)
(0.53326 0.0822149 0)
(0.529895 0.0581665 0)
(0.523461 0.0346618 0)
(0.514026 0.0116322 0)
(0.501665 -0.0110607 0)
(0.486448 -0.0336307 0)
(0.468464 -0.0564075 0)
(0.447803 -0.0798657 0)
(0.424538 -0.104676 0)
(0.398716 -0.131776 0)
(0.370323 -0.162467 0)
(0.339247 -0.198533 0)
(0.305215 -0.242389 0)
(0.267723 -0.297256 0)
(0.225955 -0.367324 0)
(0.178749 -0.457891 0)
(0.124694 -0.575336 0)
(0.0626544 -0.72632 0)
(-0.00668616 -0.913594 0)
(-0.0754171 -1.11758 0)
(-0.115899 -1.24542 0)
(-0.0939276 -1.09964 0)
(-0.016495 -0.498983 0)
(-0.00231699 0.057431 0)
(-0.0139316 0.152063 0)
(-0.0236439 0.226771 0)
(-0.0269611 0.283739 0)
(-0.0215164 0.326347 0)
(-0.00747583 0.357285 0)
(0.0140319 0.378616 0)
(0.0415732 0.392022 0)
(0.0737341 0.398914 0)
(0.109238 0.400487 0)
(0.146986 0.397715 0)
(0.186046 0.391359 0)
(0.225625 0.381997 0)
(0.265039 0.370068 0)
(0.303687 0.355913 0)
(0.341036 0.339818 0)
(0.37662 0.322038 0)
(0.410033 0.30282 0)
(0.440933 0.282414 0)
(0.469042 0.26107 0)
(0.494144 0.239038 0)
(0.516083 0.216558 0)
(0.534754 0.193857 0)
(0.5501 0.171137 0)
(0.562101 0.14857 0)
(0.57077 0.1263 0)
(0.576142 0.104429 0)
(0.578271 0.0830255 0)
(0.577224 0.0621137 0)
(0.573078 0.0416725 0)
(0.565915 0.0216276 0)
(0.555826 0.00183843 0)
(0.54289 -0.017916 0)
(0.527177 -0.0379587 0)
(0.508753 -0.0587521 0)
(0.487656 -0.0809382 0)
(0.463869 -0.105402 0)
(0.437299 -0.133353 0)
(0.407728 -0.166436 0)
(0.374762 -0.20686 0)
(0.337756 -0.257561 0)
(0.295731 -0.322377 0)
(0.247317 -0.406257 0)
(0.190777 -0.515469 0)
(0.124326 -0.657551 0)
(0.0474666 -0.839006 0)
(-0.0353597 -1.05289 0)
(-0.100123 -1.22664 0)
(-0.102211 -1.14854 0)
(-0.0223827 -0.555911 0)
(-0.00436382 0.0677574 0)
(-0.0253956 0.167038 0)
(-0.043245 0.23688 0)
(-0.0520302 0.284751 0)
(-0.0490617 0.317466 0)
(-0.0351315 0.339377 0)
(-0.0120234 0.353202 0)
(0.0182984 0.360757 0)
(0.0539848 0.36334 0)
(0.0934546 0.361934 0)
(0.135379 0.357302 0)
(0.178665 0.350017 0)
(0.22242 0.34051 0)
(0.2659 0.329102 0)
(0.308479 0.316045 0)
(0.349624 0.301549 0)
(0.388876 0.285799 0)
(0.425846 0.268981 0)
(0.460212 0.251277 0)
(0.491712 0.232878 0)
(0.520146 0.213972 0)
(0.545369 0.194746 0)
(0.567288 0.175375 0)
(0.585855 0.156019 0)
(0.601061 0.136816 0)
(0.612928 0.11788 0)
(0.621503 0.0992914 0)
(0.626853 0.0811018 0)
(0.629056 0.0633242 0)
(0.628198 0.0459303 0)
(0.624367 0.0288433 0)
(0.617647 0.0119275 0)
(0.60812 -0.00502856 0)
(0.595817 -0.0223282 0)
(0.580763 -0.040405 0)
(0.562936 -0.059853 0)
(0.542238 -0.0814806 0)
(0.518468 -0.106384 0)
(0.491276 -0.136043 0)
(0.460108 -0.172434 0)
(0.42413 -0.218186 0)
(0.38215 -0.276755 0)
(0.332544 -0.352669 0)
(0.273227 -0.451895 0)
(0.201822 -0.582355 0)
(0.116601 -0.753457 0)
(0.0194642 -0.968023 0)
(-0.0718795 -1.1806 0)
(-0.107253 -1.1827 0)
(-0.0312656 -0.620602 0)
(-0.00796789 0.0863565 0)
(-0.0429429 0.192533 0)
(-0.0704498 0.254536 0)
(-0.0842744 0.289643 0)
(-0.0824198 0.3095 0)
(-0.0670247 0.320261 0)
(-0.0408456 0.325152 0)
(-0.00650717 0.325953 0)
(0.0337091 0.323701 0)
(0.0779308 0.319056 0)
(0.124658 0.312483 0)
(0.172684 0.304305 0)
(0.221052 0.294753 0)
(0.268995 0.284 0)
(0.315886 0.272181 0)
(0.361206 0.259411 0)
(0.404523 0.245803 0)
(0.445476 0.231469 0)
(0.483772 0.216531 0)
(0.519178 0.201116 0)
(0.551515 0.185359 0)
(0.580659 0.169391 0)
(0.606531 0.153343 0)
(0.629096 0.137333 0)
(0.648352 0.121464 0)
(0.664329 0.105821 0)
(0.677079 0.0904661 0)
(0.686669 0.0754336 0)
(0.693177 0.0607287 0)
(0.696683 0.0463206 0)
(0.697264 0.0321366 0)
(0.694987 0.0180524 0)
(0.689898 0.00388118 0)
(0.682018 -0.0106495 0)
(0.671296 -0.025922 0)
(0.657639 -0.0424622 0)
(0.640859 -0.0609799 0)
(0.620635 -0.0824309 0)
(0.596472 -0.108099 0)
(0.567637 -0.139699 0)
(0.533078 -0.179516 0)
(0.491346 -0.230583 0)
(0.440508 -0.296948 0)
(0.378094 -0.384135 0)
(0.301147 -0.500018 0)
(0.206753 -0.655839 0)
(0.0942905 -0.862647 0)
(-0.024536 -1.10094 0)
(-0.103398 -1.19159 0)
(-0.0434744 -0.690017 0)
(-0.0140939 0.11813 0)
(-0.0687407 0.231642 0)
(-0.105387 0.279608 0)
(-0.120898 0.296609 0)
(-0.116203 0.300177 0)
(-0.0957471 0.297767 0)
(-0.0634946 0.292607 0)
(-0.0227467 0.286098 0)
(0.0238626 0.278799 0)
(0.0742763 0.270911 0)
(0.126938 0.2625 0)
(0.180619 0.253582 0)
(0.234376 0.244159 0)
(0.287473 0.234228 0)
(0.33932 0.223794 0)
(0.389442 0.21287 0)
(0.437449 0.201487 0)
(0.483026 0.189687 0)
(0.525915 0.17753 0)
(0.565915 0.165089 0)
(0.602874 0.152446 0)
(0.636686 0.139686 0)
(0.667284 0.126895 0)
(0.694638 0.114157 0)
(0.71875 0.101544 0)
(0.739644 0.0891172 0)
(0.757366 0.0769195 0)
(0.771973 0.0649754 0)
(0.783528 0.0532852 0)
(0.792094 0.0418209 0)
(0.797728 0.0305198 0)
(0.800468 0.0192773 0)
(0.800325 0.00793561 0)
(0.797281 -0.00373143 0)
(0.791242 -0.0160406 0)
(0.782042 -0.0294296 0)
(0.769409 -0.0444868 0)
(0.752915 -0.0620006 0)
(0.731928 -0.0830268 0)
(0.70554 -0.108979 0)
(0.672486 -0.141749 0)
(0.631038 -0.183886 0)
(0.578912 -0.238881 0)
(0.513187 -0.311682 0)
(0.430281 -0.409782 0)
(0.326169 -0.545278 0)
(0.197544 -0.735617 0)
(0.0515587 -0.983675 0)
(-0.0799457 -1.16329 0)
(-0.0575502 -0.764056 0)
(-0.0237049 0.17132 0)
(-0.102742 0.285815 0)
(-0.14102 0.307464 0)
(-0.147431 0.299387 0)
(-0.130263 0.283631 0)
(-0.0970909 0.266953 0)
(-0.0528773 0.251615 0)
(-0.0012881 0.238138 0)
(0.0549541 0.226307 0)
(0.113911 0.215703 0)
(0.17419 0.205935 0)
(0.234733 0.196697 0)
(0.294749 0.187753 0)
(0.35363 0.178928 0)
(0.410895 0.170098 0)
(0.46616 0.16118 0)
(0.519115 0.152127 0)
(0.569503 0.142922 0)
(0.617118 0.13357 0)
(0.661797 0.124095 0)
(0.703415 0.114536 0)
(0.741883 0.104941 0)
(0.777143 0.0953596 0)
(0.809167 0.0858452 0)
(0.837953 0.0764454 0)
(0.863517 0.0672009 0)
(0.885894 0.0581416 0)
(0.905126 0.0492835 0)
(0.921263 0.0406254 0)
(0.934351 0.0321447 0)
(0.944427 0.0237927 0)
(0.95151 0.015488 0)
(0.95559 0.00710805 0)
(0.956613 -0.00152211 0)
(0.954468 -0.010645 0)
(0.948942 -0.0205926 0)
(0.939701 -0.0318118 0)
(0.926247 -0.0448999 0)
(0.90785 -0.0606543 0)
(0.883477 -0.0801432 0)
(0.85169 -0.104808 0)
(0.810523 -0.136626 0)
(0.757343 -0.178393 0)
(0.688707 -0.234276 0)
(0.600237 -0.311011 0)
(0.48662 -0.420574 0)
(0.34201 -0.584425 0)
(0.16867 -0.826365 0)
(-0.0220972 -1.08258 0)
(-0.0702317 -0.8525 0)
(-0.0379847 0.260595 0)
(-0.133219 0.347589 0)
(-0.144136 0.320068 0)
(-0.113857 0.281601 0)
(-0.0644444 0.247307 0)
(-0.00493732 0.218329 0)
(0.0604887 0.195154 0)
(0.128874 0.177023 0)
(0.198284 0.162644 0)
(0.267563 0.150923 0)
(0.335978 0.14107 0)
(0.403005 0.132512 0)
(0.468251 0.124829 0)
(0.531419 0.117711 0)
(0.592266 0.110944 0)
(0.650592 0.104377 0)
(0.706222 0.097913 0)
(0.75901 0.0914908 0)
(0.808828 0.0850795 0)
(0.855572 0.0786701 0)
(0.899162 0.0722698 0)
(0.939537 0.065897 0)
(0.976662 0.059577 0)
(1.01052 0.0533377 0)
(1.04112 0.0472068 0)
(1.06847 0.0412083 0)
(1.09262 0.0353598 0)
(1.11361 0.0296704 0)
(1.13149 0.0241374 0)
(1.14631 0.018744 0)
(1.1581 0.0134556 0)
(1.16689 0.00821548 0)
(1.17267 0.00293819 0)
(1.17538 -0.00249736 0)
(1.1749 -0.00825291 0)
(1.17101 -0.0145471 0)
(1.16337 -0.0216743 0)
(1.15146 -0.0300264 0)
(1.13452 -0.0401238 0)
(1.1115 -0.052661 0)
(1.08089 -0.0685799 0)
(1.04063 -0.0891957 0)
(0.987887 -0.116438 0)
(0.918776 -0.153353 0)
(0.827991 -0.205251 0)
(0.708351 -0.282494 0)
(0.550425 -0.406862 0)
(0.348122 -0.617718 0)
(0.0878225 -0.919518 0)
(-0.0646018 -0.923805 0)
(-0.0420914 0.376256 0)
(-0.0817226 0.380461 0)
(0.0150212 0.279593 0)
(0.130777 0.219586 0)
(0.236843 0.177478 0)
(0.333904 0.144156 0)
(0.424232 0.119235 0)
(0.508295 0.101361 0)
(0.586609 0.0883389 0)
(0.659973 0.0785081 0)
(0.729074 0.0708429 0)
(0.794379 0.0646712 0)
(0.856205 0.0595172 0)
(0.914769 0.0550463 0)
(0.970211 0.0510292 0)
(1.02261 0.0473099 0)
(1.072 0.0437843 0)
(1.11839 0.0403847 0)
(1.16177 0.0370704 0)
(1.20212 0.0338202 0)
(1.23945 0.0306265 0)
(1.27374 0.027491 0)
(1.305 0.0244215 0)
(1.33325 0.0214286 0)
(1.35854 0.0185234 0)
(1.38089 0.0157156 0)
(1.40038 0.0130118 0)
(1.41708 0.0104138 0)
(1.43104 0.00791734 0)
(1.44234 0.0055104 0)
(1.45103 0.00317144 0)
(1.45716 0.000867364 0)
(1.46073 -0.00144887 0)
(1.46169 -0.00384045 0)
(1.45995 -0.00639265 0)
(1.45531 -0.00921781 0)
(1.44747 -0.0124644 0)
(1.43597 -0.0163271 0)
(1.42013 -0.02106 0)
(1.39899 -0.0269986 0)
(1.37122 -0.0345965 0)
(1.33494 -0.0444952 0)
(1.28755 -0.0576673 0)
(1.2253 -0.0757397 0)
(1.14263 -0.101767 0)
(1.03079 -0.142248 0)
(0.875174 -0.21282 0)
(0.653411 -0.35228 0)
(0.31923 -0.620991 0)
(0.0717428 -0.799286 0)
(0.396955 0.211063 0)
(0.568621 0.208648 0)
(0.78049 0.13065 0)
(0.967053 0.0800191 0)
(1.09893 0.053009 0)
(1.19528 0.036663 0)
(1.27184 0.0259386 0)
(1.33507 0.0189531 0)
(1.38842 0.0144034 0)
(1.43457 0.0113578 0)
(1.47542 0.00924903 0)
(1.51219 0.00773971 0)
(1.54566 0.00661561 0)
(1.57636 0.00573746 0)
(1.60463 0.00501622 0)
(1.63071 0.00439568 0)
(1.65474 0.00384059 0)
(1.67683 0.00332932 0)
(1.69705 0.00284927 0)
(1.71542 0.0023938 0)
(1.73201 0.00196013 0)
(1.74684 0.00154782 0)
(1.75996 0.00115774 0)
(1.77141 0.000791193 0)
(1.78126 0.00044943 0)
(1.78955 0.000133141 0)
(1.79636 -0.00015784 0)
(1.80175 -0.000424798 0)
(1.80578 -0.000670349 0)
(1.80851 -0.000898676 0)
(1.80999 -0.00111584 0)
(1.81024 -0.00133004 0)
(1.80929 -0.00155145 0)
(1.80709 -0.00179299 0)
(1.80358 -0.00207128 0)
(1.79864 -0.0024074 0)
(1.79207 -0.00282827 0)
(1.78356 -0.00336793 0)
(1.77271 -0.00406935 0)
(1.75892 -0.00498775 0)
(1.7414 -0.00619702 0)
(1.71906 -0.00780281 0)
(1.69035 -0.00997177 0)
(1.65303 -0.0129996 0)
(1.60354 -0.01748 0)
(1.53557 -0.0247203 0)
(1.43586 -0.0380121 0)
(1.27364 -0.067231 0)
(0.981903 -0.163829 0)
(0.771521 -0.304412 0)
)
;

boundaryField
{
    movingWall
    {
        type            fixedValue;
        value           uniform (2 0 0);
    }
    fixedWalls
    {
        type            fixedValue;
        value           uniform (0 0 0);
    }
    frontAndBack
    {
        type            empty;
    }
}


// ************************************************************************* //
