/*--------------------------------*- C++ -*----------------------------------*\
  =========                 |
  \\      /  F ield         | OpenFOAM: The Open Source CFD Toolbox
   \\    /   O peration     | Website:  https://openfoam.org
    \\  /    A nd           | Version:  7
     \\/     M anipulation  |
\*---------------------------------------------------------------------------*/
FoamFile
{
    version     2.0;
    format      ascii;
    class       volVectorField;
    location    "450";
    object      U;
}
// * * * * * * * * * * * * * * * * * * * * * * * * * * * * * * * * * * * * * //

dimensions      [0 1 -1 0 0 0 0];

internalField   nonuniform List<vector> 
2500
(
(0.000110089 -0.000111363 0)
(0.00048849 -0.00015118 0)
(0.000833553 -0.000126365 0)
(0.000998908 -7.91592e-05 0)
(0.000908637 -3.1225e-05 0)
(0.000557935 1.15493e-05 0)
(-3.5678e-05 4.82546e-05 0)
(-0.000852419 8.02665e-05 0)
(-0.001877 0.000109748 0)
(-0.00309998 0.000138679 0)
(-0.00451618 0.000168403 0)
(-0.00612181 0.000199513 0)
(-0.00791114 0.000231887 0)
(-0.0098735 0.000264772 0)
(-0.0119907 0.000296878 0)
(-0.014235 0.000326465 0)
(-0.016568 0.000351423 0)
(-0.0189395 0.000369367 0)
(-0.0212882 0.000377759 0)
(-0.0235425 0.000374068 0)
(-0.025622 0.000355979 0)
(-0.0274409 0.000321636 0)
(-0.0289118 0.000269909 0)
(-0.0299503 0.000200675 0)
(-0.0304806 0.000115073 0)
(-0.0304413 1.56548e-05 0)
(-0.029791 -9.36752e-05 0)
(-0.0285133 -0.000207601 0)
(-0.0266208 -0.00031976 0)
(-0.024157 -0.000423158 0)
(-0.0211973 -0.000510736 0)
(-0.0178455 -0.000576044 0)
(-0.01423 -0.000613941 0)
(-0.0104961 -0.00062121 0)
(-0.00679725 -0.000596997 0)
(-0.00328495 -0.000542966 0)
(-9.84908e-05 -0.000463104 0)
(0.0026443 -0.000363482 0)
(0.0048541 -0.000251616 0)
(0.00647447 -0.000135245 0)
(0.00748348 -2.14611e-05 0)
(0.00789251 8.37503e-05 0)
(0.00774254 0.000175846 0)
(0.00710006 0.000251516 0)
(0.00605401 0.00030777 0)
(0.00471622 0.000340437 0)
(0.00322721 0.000342346 0)
(0.0017746 0.000300688 0)
(0.00062518 0.000191991 0)
(2.9782e-05 2.976e-05 0)
(0.000155401 -0.00049593 0)
(0.000689795 -0.000692118 0)
(0.000981997 -0.000439289 0)
(0.000781596 1.00196e-05 0)
(-4.71048e-05 0.000514858 0)
(-0.00152552 0.00100973 0)
(-0.00363083 0.00147261 0)
(-0.00632991 0.00190368 0)
(-0.00959269 0.00231151 0)
(-0.0133953 0.00270477 0)
(-0.0177169 0.00308795 0)
(-0.0225343 0.00345968 0)
(-0.0278142 0.00381261 0)
(-0.0335078 0.00413403 0)
(-0.0395449 0.00440691 0)
(-0.0458307 0.00461115 0)
(-0.052244 0.00472489 0)
(-0.0586372 0.00472599 0)
(-0.064839 0.00459368 0)
(-0.0706585 0.0043103 0)
(-0.0758919 0.00386321 0)
(-0.080331 0.00324665 0)
(-0.0837734 0.0024634 0)
(-0.0860332 0.00152618 0)
(-0.0869535 0.000458514 0)
(-0.0864172 -0.000705236 0)
(-0.0843583 -0.00192095 0)
(-0.0807688 -0.00313626 0)
(-0.0757048 -0.00429348 0)
(-0.0692887 -0.00533314 0)
(-0.0617069 -0.00619813 0)
(-0.0532044 -0.00683816 0)
(-0.0440741 -0.0072142 0)
(-0.0346432 -0.00730229 0)
(-0.0252558 -0.00709621 0)
(-0.016254 -0.00660862 0)
(-0.00795811 -0.00587043 0)
(-0.00064772 -0.00492837 0)
(0.0054539 -0.00384108 0)
(0.0101917 -0.00267357 0)
(0.0134856 -0.00149126 0)
(0.0153314 -0.000355656 0)
(0.0157984 0.000678415 0)
(0.015023 0.00156299 0)
(0.0132045 0.0022525 0)
(0.010603 0.00269634 0)
(0.00754332 0.002829 0)
(0.00443478 0.00256322 0)
(0.00181865 0.0018106 0)
(0.000193597 0.000627185 0)
(0.000130229 -0.000842965 0)
(0.00037936 -0.000975371 0)
(6.83576e-05 -0.000210316 0)
(-0.00105088 0.000958325 0)
(-0.00310506 0.00225473 0)
(-0.00611503 0.00354326 0)
(-0.0100572 0.00477259 0)
(-0.0148952 0.00593631 0)
(-0.0205922 0.00704542 0)
(-0.0271126 0.00811084 0)
(-0.0344174 0.00913411 0)
(-0.042456 0.0101035 0)
(-0.0511574 0.0109936 0)
(-0.0604228 0.0117673 0)
(-0.0701202 0.0123785 0)
(-0.0800809 0.0127752 0)
(-0.0901 0.012904 0)
(-0.0999389 0.0127136 0)
(-0.109332 0.0121591 0)
(-0.117993 0.0112068 0)
(-0.125631 0.00983751 0)
(-0.131957 0.00805091 0)
(-0.136703 0.00586804 0)
(-0.139633 0.00333325 0)
(-0.140561 0.000514745 0)
(-0.139356 -0.00249657 0)
(-0.135961 -0.00559034 0)
(-0.130395 -0.0086417 0)
(-0.122756 -0.0115174 0)
(-0.113228 -0.0140833 0)
(-0.102068 -0.0162126 0)
(-0.0896088 -0.0177948 0)
(-0.0762386 -0.0187442 0)
(-0.0623906 -0.0190075 0)
(-0.0485221 -0.0185688 0)
(-0.0350921 -0.0174531 0)
(-0.0225389 -0.0157252 0)
(-0.0112559 -0.0134857 0)
(-0.00157118 -0.0108633 0)
(0.00627058 -0.00800577 0)
(0.0121203 -0.00506799 0)
(0.0159317 -0.00220161 0)
(0.0177624 0.000451495 0)
(0.0177697 0.0027613 0)
(0.0162067 0.00460416 0)
(0.0134176 0.00585157 0)
(0.00983451 0.00635582 0)
(0.00599193 0.00594182 0)
(0.0025916 0.00443333 0)
(0.000303867 0.00178774 0)
(6.79182e-05 -0.000955463 0)
(-0.000257093 -0.000623433 0)
(-0.00156388 0.00100002 0)
(-0.00402753 0.00320148 0)
(-0.00770864 0.00558536 0)
(-0.0126024 0.00795525 0)
(-0.0186758 0.0102346 0)
(-0.0258883 0.0124099 0)
(-0.0341977 0.0144907 0)
(-0.0435573 0.0164831 0)
(-0.0539073 0.0183762 0)
(-0.0651647 0.0201368 0)
(-0.0772146 0.0217094 0)
(-0.0899023 0.0230203 0)
(-0.10303 0.0239831 0)
(-0.116355 0.0245051 0)
(-0.129594 0.0244952 0)
(-0.142432 0.0238706 0)
(-0.154527 0.0225646 0)
(-0.165528 0.0205335 0)
(-0.175085 0.017762 0)
(-0.182868 0.0142687 0)
(-0.188578 0.0101085 0)
(-0.191965 0.0053737 0)
(-0.192837 0.000193738 0)
(-0.191072 -0.00526837 0)
(-0.186627 -0.0108221 0)
(-0.179542 -0.016258 0)
(-0.169943 -0.0213567 0)
(-0.158043 -0.0258998 0)
(-0.144137 -0.0296817 0)
(-0.128598 -0.032523 0)
(-0.111866 -0.0342826 0)
(-0.0944327 -0.0348693 0)
(-0.0768248 -0.0342507 0)
(-0.0595795 -0.0324584 0)
(-0.0432212 -0.0295886 0)
(-0.0282351 -0.0257975 0)
(-0.0150414 -0.0212919 0)
(-0.00397265 -0.0163144 0)
(0.00474475 -0.0111278 0)
(0.011003 -0.00599899 0)
(0.0148205 -0.00118479 0)
(0.0163413 0.00307237 0)
(0.015831 0.00654202 0)
(0.0136716 0.00899189 0)
(0.0103537 0.0101715 0)
(0.00648766 0.00979976 0)
(0.00288357 0.00757799 0)
(0.000344905 0.00326277 0)
(-1.4155e-05 -0.000677947 0)
(-0.0011108 0.000676947 0)
(-0.003702 0.00356523 0)
(-0.00783586 0.00711111 0)
(-0.0134602 0.0108398 0)
(-0.020521 0.0145217 0)
(-0.0289646 0.0180705 0)
(-0.0387414 0.021471 0)
(-0.0498019 0.0247281 0)
(-0.0620861 0.027835 0)
(-0.0755107 0.0307574 0)
(-0.0899575 0.0334282 0)
(-0.105264 0.0357501 0)
(-0.121219 0.037603 0)
(-0.13756 0.0388531 0)
(-0.153979 0.0393638 0)
(-0.170128 0.0390071 0)
(-0.18563 0.0376737 0)
(-0.200095 0.0352837 0)
(-0.213131 0.0317948 0)
(-0.224361 0.0272087 0)
(-0.23344 0.0215758 0)
(-0.240063 0.0149966 0)
(-0.243979 0.00762128 0)
(-0.245 -0.000352931 0)
(-0.243012 -0.00868678 0)
(-0.237974 -0.0171081 0)
(-0.229928 -0.0253222 0)
(-0.218997 -0.0330231 0)
(-0.205396 -0.0399058 0)
(-0.189421 -0.0456824 0)
(-0.171454 -0.0500978 0)
(-0.151955 -0.0529464 0)
(-0.131447 -0.0540881 0)
(-0.110502 -0.0534615 0)
(-0.0897202 -0.051093 0)
(-0.069702 -0.0471004 0)
(-0.0510198 -0.041689 0)
(-0.0341876 -0.0351413 0)
(-0.0196325 -0.0277996 0)
(-0.00766956 -0.0200448 0)
(0.00151669 -0.0122733 0)
(0.00788465 -0.0048792 0)
(0.011541 0.00175968 0)
(0.0127369 0.00728213 0)
(0.011863 0.0113305 0)
(0.0094392 0.0135323 0)
(0.00612369 0.0134808 0)
(0.00279414 0.0107267 0)
(0.000341481 0.00478833 0)
(-0.000110658 8.31905e-05 0)
(-0.00211788 0.00313642 0)
(-0.00620402 0.00775146 0)
(-0.0122478 0.0129645 0)
(-0.0200481 0.0182778 0)
(-0.0294829 0.0234685 0)
(-0.0404676 0.0284638 0)
(-0.0529381 0.0332559 0)
(-0.0668338 0.037844 0)
(-0.0820788 0.0422006 0)
(-0.0985638 0.0462564 0)
(-0.116133 0.049899 0)
(-0.134578 0.0529798 0)
(-0.153634 0.0553255 0)
(-0.172982 0.0567529 0)
(-0.192261 0.0570834 0)
(-0.211077 0.0561581 0)
(-0.229015 0.053851 0)
(-0.245658 0.0500803 0)
(-0.2606 0.0448171 0)
(-0.27346 0.0380907 0)
(-0.283891 0.0299914 0)
(-0.291593 0.0206702 0)
(-0.29632 0.0103359 0)
(-0.297881 -0.000748642 0)
(-0.296152 -0.0122732 0)
(-0.291077 -0.0238896 0)
(-0.282671 -0.0352227 0)
(-0.271031 -0.045882 0)
(-0.256339 -0.0554756 0)
(-0.238866 -0.0636278 0)
(-0.218978 -0.0699984 0)
(-0.197127 -0.0743038 0)
(-0.173853 -0.0763385 0)
(-0.14976 -0.0759939 0)
(-0.125507 -0.0732734 0)
(-0.10177 -0.0683006 0)
(-0.0792162 -0.0613188 0)
(-0.0584641 -0.0526804 0)
(-0.0400504 -0.0428283 0)
(-0.0243956 -0.0322687 0)
(-0.0117787 -0.0215425 0)
(-0.00231887 -0.0111975 0)
(0.00403352 -0.00176872 0)
(0.00749789 0.00622715 0)
(0.00845412 0.0122875 0)
(0.00743413 0.0158986 0)
(0.00512491 0.0165108 0)
(0.00243845 0.0135112 0)
(0.000311436 0.00619016 0)
(-0.000218409 0.0013937 0)
(-0.00323491 0.00690373 0)
(-0.00896233 0.0137466 0)
(-0.0170781 0.0209558 0)
(-0.0272064 0.028079 0)
(-0.0391434 0.0349476 0)
(-0.0527664 0.0415314 0)
(-0.0679916 0.0478419 0)
(-0.0847441 0.0538728 0)
(-0.102929 0.0595682 0)
(-0.122409 0.0648142 0)
(-0.142993 0.0694439 0)
(-0.164427 0.0732507 0)
(-0.186403 0.0760063 0)
(-0.208559 0.0774802 0)
(-0.230498 0.0774586 0)
(-0.251798 0.0757616 0)
(-0.27203 0.0722574 0)
(-0.290771 0.0668734 0)
(-0.307618 0.059603 0)
(-0.322198 0.0505085 0)
(-0.334172 0.0397215 0)
(-0.343246 0.0274406 0)
(-0.349167 0.0139266 0)
(-0.351733 -0.000501496 0)
(-0.350795 -0.015473 0)
(-0.346258 -0.0305733 0)
(-0.338091 -0.045354 0)
(-0.326338 -0.0593434 0)
(-0.311127 -0.0720612 0)
(-0.292678 -0.083037 0)
(-0.271314 -0.0918331 0)
(-0.247463 -0.09807 0)
(-0.221659 -0.101455 0)
(-0.194531 -0.101806 0)
(-0.166787 -0.0990816 0)
(-0.139184 -0.0933873 0)
(-0.112494 -0.0849878 0)
(-0.0874573 -0.0742961 0)
(-0.0647413 -0.0618536 0)
(-0.044896 -0.0482994 0)
(-0.0283186 -0.0343327 0)
(-0.0152275 -0.0206757 0)
(-0.00564811 -0.00804395 0)
(0.000589547 0.00286894 0)
(0.00384246 0.0113907 0)
(0.00464238 0.0168478 0)
(0.00369242 0.0185346 0)
(0.00191583 0.0156739 0)
(0.000268552 0.00735978 0)
(-0.000334621 0.00330138 0)
(-0.00442549 0.0120801 0)
(-0.011883 0.0216717 0)
(-0.0221607 0.0312027 0)
(-0.0346908 0.0403429 0)
(-0.0491804 0.0490326 0)
(-0.0654635 0.0573155 0)
(-0.0834334 0.0652362 0)
(-0.102997 0.0727831 0)
(-0.12404 0.0798664 0)
(-0.146396 0.0863198 0)
(-0.16984 0.0919157 0)
(-0.194084 0.0963874 0)
(-0.218783 0.099454 0)
(-0.243549 0.100844 0)
(-0.267966 0.100318 0)
(-0.291604 0.0976867 0)
(-0.314037 0.0928217 0)
(-0.334851 0.085668 0)
(-0.353657 0.0762449 0)
(-0.370094 0.0646475 0)
(-0.383833 0.0510441 0)
(-0.394579 0.0356719 0)
(-0.40207 0.0188329 0)
(-0.406079 0.00088937 0)
(-0.40642 -0.0177401 0)
(-0.402951 -0.0365862 0)
(-0.395581 -0.0551356 0)
(-0.384285 -0.0728402 0)
(-0.369117 -0.0891313 0)
(-0.350226 -0.103438 0)
(-0.327866 -0.115211 0)
(-0.302415 -0.123957 0)
(-0.274378 -0.129269 0)
(-0.244385 -0.130862 0)
(-0.213183 -0.128615 0)
(-0.181604 -0.122585 0)
(-0.15053 -0.113034 0)
(-0.120842 -0.100418 0)
(-0.0933635 -0.0853703 0)
(-0.0688064 -0.0686694 0)
(-0.0477184 -0.0511881 0)
(-0.0304472 -0.0338464 0)
(-0.017119 -0.0175676 0)
(-0.00763179 -0.00325099 0)
(-0.00166453 0.00823552 0)
(0.00130387 0.01604 0)
(0.00198533 0.0192884 0)
(0.00130299 0.0170432 0)
(0.000223049 0.00823631 0)
(-0.000456177 0.0058367 0)
(-0.0056534 0.018722 0)
(-0.0148744 0.0315844 0)
(-0.0273345 0.0437493 0)
(-0.0422655 0.0550926 0)
(-0.0592822 0.0657209 0)
(-0.0781734 0.0757849 0)
(-0.0988069 0.0853757 0)
(-0.121071 0.0944784 0)
(-0.144827 0.102965 0)
(-0.169884 0.110611 0)
(-0.195988 0.117127 0)
(-0.222823 0.122187 0)
(-0.250024 0.125464 0)
(-0.277188 0.126655 0)
(-0.303896 0.125506 0)
(-0.329725 0.121824 0)
(-0.354262 0.115496 0)
(-0.37711 0.106486 0)
(-0.397899 0.0948396 0)
(-0.41628 0.0806789 0)
(-0.431931 0.064201 0)
(-0.444557 0.0456718 0)
(-0.453881 0.025422 0)
(-0.459653 0.00384482 0)
(-0.461652 -0.0186061 0)
(-0.459689 -0.041419 0)
(-0.453609 -0.0640268 0)
(-0.443315 -0.085814 0)
(-0.428773 -0.106128 0)
(-0.410039 -0.124295 0)
(-0.387275 -0.13965 0)
(-0.360775 -0.151563 0)
(-0.330977 -0.159487 0)
(-0.298479 -0.163001 0)
(-0.264032 -0.16186 0)
(-0.228528 -0.156034 0)
(-0.192952 -0.145739 0)
(-0.158337 -0.131446 0)
(-0.12569 -0.113868 0)
(-0.0959207 -0.0939206 0)
(-0.0697708 -0.0726662 0)
(-0.0477608 -0.0512498 0)
(-0.0301541 -0.030837 0)
(-0.0169451 -0.0125681 0)
(-0.00786786 0.00246146 0)
(-0.00242033 0.0131947 0)
(0.000111885 0.0185776 0)
(0.000651585 0.0175124 0)
(0.000181519 0.00879323 0)
(-0.000579189 0.00901128 0)
(-0.00687964 0.0268399 0)
(-0.017842 0.0434799 0)
(-0.0324376 0.0585693 0)
(-0.0496971 0.0722777 0)
(-0.0691435 0.0849367 0)
(-0.09052 0.0968369 0)
(-0.113668 0.10813 0)
(-0.138454 0.118798 0)
(-0.164718 0.128674 0)
(-0.192246 0.137474 0)
(-0.220761 0.144846 0)
(-0.249928 0.150412 0)
(-0.27937 0.153806 0)
(-0.308685 0.154703 0)
(-0.337459 0.152842 0)
(-0.365284 0.148038 0)
(-0.391765 0.140192 0)
(-0.416525 0.12929 0)
(-0.43921 0.115398 0)
(-0.459485 0.0986626 0)
(-0.477038 0.0793013 0)
(-0.491574 0.0575997 0)
(-0.502814 0.0339083 0)
(-0.510496 0.00864041 0)
(-0.514375 -0.0177274 0)
(-0.514228 -0.044654 0)
(-0.50985 -0.071535 0)
(-0.501068 -0.097702 0)
(-0.487761 -0.122432 0)
(-0.469876 -0.144958 0)
(-0.447454 -0.164496 0)
(-0.420665 -0.180273 0)
(-0.389836 -0.191579 0)
(-0.355477 -0.197816 0)
(-0.318297 -0.19857 0)
(-0.2792 -0.193665 0)
(-0.239253 -0.183218 0)
(-0.199634 -0.167667 0)
(-0.161552 -0.147769 0)
(-0.126153 -0.124566 0)
(-0.094426 -0.0993226 0)
(-0.0671208 -0.0734372 0)
(-0.0446921 -0.0483594 0)
(-0.0272736 -0.0255176 0)
(-0.0146839 -0.0062776 0)
(-0.00645552 0.00806287 0)
(-0.0018742 0.0162484 0)
(-1.20126e-05 0.0170142 0)
(0.000147182 0.00902477 0)
(-0.000698955 0.0128158 0)
(-0.00806201 0.0363971 0)
(-0.0206877 0.0572919 0)
(-0.037307 0.0755684 0)
(-0.056755 0.091778 0)
(-0.0784664 0.106535 0)
(-0.102139 0.120302 0)
(-0.127587 0.133302 0)
(-0.154656 0.14552 0)
(-0.183164 0.156748 0)
(-0.212877 0.166642 0)
(-0.243501 0.174795 0)
(-0.274688 0.180781 0)
(-0.306061 0.184204 0)
(-0.33722 0.184726 0)
(-0.367765 0.182086 0)
(-0.397303 0.17611 0)
(-0.425455 0.166715 0)
(-0.451864 0.153906 0)
(-0.476192 0.137772 0)
(-0.498123 0.118477 0)
(-0.517358 0.0962557 0)
(-0.53362 0.0714105 0)
(-0.546644 0.0443058 0)
(-0.556177 0.0153676 0)
(-0.561974 -0.0149157 0)
(-0.563801 -0.0459898 0)
(-0.56142 -0.0772332 0)
(-0.554602 -0.107948 0)
(-0.543139 -0.137365 0)
(-0.526862 -0.164645 0)
(-0.505669 -0.1889 0)
(-0.479568 -0.209216 0)
(-0.448721 -0.224706 0)
(-0.413485 -0.234565 0)
(-0.374456 -0.238155 0)
(-0.332482 -0.235089 0)
(-0.288656 -0.225309 0)
(-0.24427 -0.209144 0)
(-0.200733 -0.187339 0)
(-0.159457 -0.16103 0)
(-0.121734 -0.131677 0)
(-0.0886138 -0.10096 0)
(-0.0608155 -0.0706609 0)
(-0.0386752 -0.0425563 0)
(-0.0221419 -0.0183422 0)
(-0.0108096 0.000393401 0)
(-0.00397145 0.0121563 0)
(-0.000685255 0.0154946 0)
(0.000120403 0.0089326 0)
(-0.000810159 0.017218 0)
(-0.00915619 0.0473084 0)
(-0.0233122 0.072894 0)
(-0.0417811 0.094588 0)
(-0.0632148 0.113409 0)
(-0.0869647 0.130307 0)
(-0.112685 0.145946 0)
(-0.14016 0.160635 0)
(-0.169214 0.174363 0)
(-0.199646 0.186882 0)
(-0.231203 0.197794 0)
(-0.263577 0.206639 0)
(-0.296417 0.212953 0)
(-0.329343 0.216317 0)
(-0.361964 0.216384 0)
(-0.393889 0.212899 0)
(-0.424739 0.205701 0)
(-0.45415 0.194724 0)
(-0.481782 0.179994 0)
(-0.507316 0.16162 0)
(-0.53046 0.139788 0)
(-0.550948 0.114753 0)
(-0.568535 0.0868357 0)
(-0.582996 0.0564126 0)
(-0.594115 0.0239177 0)
(-0.601675 -0.0101597 0)
(-0.605459 -0.0452695 0)
(-0.605227 -0.0807971 0)
(-0.600713 -0.116047 0)
(-0.59164 -0.150236 0)
(-0.577726 -0.182491 0)
(-0.558719 -0.211848 0)
(-0.534436 -0.237276 0)
(-0.504824 -0.257712 0)
(-0.470021 -0.272125 0)
(-0.430419 -0.279611 0)
(-0.386721 -0.279495 0)
(-0.339956 -0.271451 0)
(-0.291464 -0.255602 0)
(-0.242815 -0.232584 0)
(-0.195695 -0.203559 0)
(-0.151744 -0.170152 0)
(-0.112388 -0.134337 0)
(-0.0787016 -0.0982777 0)
(-0.0513106 -0.0641722 0)
(-0.0303643 -0.0341275 0)
(-0.0155622 -0.0100943 0)
(-0.00622306 0.00613688 0)
(-0.00138556 0.0128883 0)
(9.91588e-05 0.0085141 0)
(-0.0009072 0.0221619 0)
(-0.0101176 0.0594405 0)
(-0.0256179 0.0901019 0)
(-0.0457049 0.11541 0)
(-0.0688649 0.136926 0)
(-0.0943719 0.155987 0)
(-0.121836 0.173481 0)
(-0.151013 0.189816 0)
(-0.181703 0.20499 0)
(-0.213686 0.218719 0)
(-0.246694 0.230554 0)
(-0.280407 0.239988 0)
(-0.31447 0.246524 0)
(-0.348503 0.249726 0)
(-0.382118 0.249244 0)
(-0.414932 0.24483 0)
(-0.446574 0.236338 0)
(-0.476695 0.223723 0)
(-0.50497 0.207034 0)
(-0.531109 0.186409 0)
(-0.554855 0.162063 0)
(-0.575989 0.13428 0)
(-0.594324 0.103403 0)
(-0.609698 0.0698265 0)
(-0.621958 0.033987 0)
(-0.630945 -0.0036342 0)
(-0.636489 -0.0425078 0)
(-0.638377 -0.0820526 0)
(-0.63634 -0.12161 0)
(-0.630058 -0.160427 0)
(-0.619158 -0.197641 0)
(-0.603246 -0.232263 0)
(-0.58194 -0.263182 0)
(-0.554941 -0.289189 0)
(-0.522106 -0.309033 0)
(-0.483541 -0.321512 0)
(-0.439694 -0.325601 0)
(-0.391413 -0.320606 0)
(-0.339971 -0.306316 0)
(-0.287023 -0.283127 0)
(-0.23449 -0.252111 0)
(-0.184375 -0.214984 0)
(-0.13855 -0.173993 0)
(-0.0985467 -0.131724 0)
(-0.0653913 -0.090877 0)
(-0.0395317 -0.0540741 0)
(-0.0208425 -0.0237302 0)
(-0.00870478 -0.00201615 0)
(-0.00214495 0.00909979 0)
(7.97328e-05 0.00775314 0)
(-0.000984606 0.027568 0)
(-0.0109039 0.072614 0)
(-0.0275137 0.108678 0)
(-0.0489356 0.137762 0)
(-0.0735128 0.162033 0)
(-0.100448 0.183256 0)
(-0.129307 0.202568 0)
(-0.159815 0.220484 0)
(-0.191748 0.237018 0)
(-0.224865 0.251852 0)
(-0.258884 0.264493 0)
(-0.293474 0.274391 0)
(-0.328275 0.281022 0)
(-0.362902 0.283936 0)
(-0.396969 0.282783 0)
(-0.430095 0.277323 0)
(-0.461915 0.267429 0)
(-0.492092 0.253083 0)
(-0.520326 0.234368 0)
(-0.546361 0.211463 0)
(-0.569992 0.184624 0)
(-0.591062 0.154175 0)
(-0.609461 0.120492 0)
(-0.625109 0.0839902 0)
(-0.637939 0.0451094 0)
(-0.647875 0.00431425 0)
(-0.654814 -0.037903 0)
(-0.658608 -0.0810158 0)
(-0.659014 -0.124439 0)
(-0.655705 -0.167493 0)
(-0.648257 -0.209379 0)
(-0.636161 -0.249143 0)
(-0.618859 -0.285659 0)
(-0.5958 -0.317624 0)
(-0.566529 -0.3436 0)
(-0.530797 -0.362094 0)
(-0.48869 -0.37169 0)
(-0.44074 -0.371234 0)
(-0.388011 -0.360042 0)
(-0.332104 -0.338107 0)
(-0.275081 -0.306237 0)
(-0.219277 -0.266109 0)
(-0.167048 -0.22017 0)
(-0.120474 -0.171432 0)
(-0.0811126 -0.123175 0)
(-0.0498375 -0.0786594 0)
(-0.0268008 -0.040899 0)
(-0.0115093 -0.012565 0)
(-0.00300357 0.00399073 0)
(5.73311e-05 0.00661405 0)
(-0.00103745 0.0333347 0)
(-0.0114772 0.0866078 0)
(-0.0289191 0.128337 0)
(-0.0513487 0.161325 0)
(-0.0769927 0.188391 0)
(-0.104989 0.211755 0)
(-0.134858 0.232826 0)
(-0.16629 0.252236 0)
(-0.199037 0.270019 0)
(-0.232837 0.285832 0)
(-0.267391 0.299138 0)
(-0.302358 0.309351 0)
(-0.337368 0.315922 0)
(-0.372031 0.31839 0)
(-0.405958 0.316406 0)
(-0.438765 0.309743 0)
(-0.470098 0.298302 0)
(-0.499634 0.282099 0)
(-0.527105 0.261268 0)
(-0.552302 0.236039 0)
(-0.57508 0.206728 0)
(-0.595362 0.173712 0)
(-0.613122 0.13741 0)
(-0.628376 0.0982622 0)
(-0.641156 0.0567129 0)
(-0.651479 0.0132045 0)
(-0.659336 -0.0318198 0)
(-0.664655 -0.0779058 0)
(-0.667257 -0.124569 0)
(-0.666846 -0.171244 0)
(-0.662992 -0.217248 0)
(-0.655126 -0.261727 0)
(-0.642556 -0.303614 0)
(-0.624517 -0.341594 0)
(-0.600246 -0.374112 0)
(-0.56911 -0.399428 0)
(-0.530751 -0.415735 0)
(-0.485259 -0.42136 0)
(-0.433318 -0.415023 0)
(-0.376301 -0.396121 0)
(-0.316249 -0.364991 0)
(-0.255733 -0.323056 0)
(-0.197565 -0.272821 0)
(-0.144444 -0.217669 0)
(-0.0985842 -0.16151 0)
(-0.0614397 -0.10837 0)
(-0.0335779 -0.0620308 0)
(-0.0147291 -0.0258272 0)
(-0.00400303 -0.00262358 0)
(2.67917e-05 0.00503951 0)
(-0.00106178 0.0393415 0)
(-0.0118066 0.101165 0)
(-0.0297684 0.148756 0)
(-0.0528432 0.185743 0)
(-0.0791713 0.215622 0)
(-0.107832 0.241093 0)
(-0.138297 0.263845 0)
(-0.170223 0.28464 0)
(-0.203332 0.303541 0)
(-0.23734 0.320181 0)
(-0.271932 0.333988 0)
(-0.306755 0.34434 0)
(-0.341426 0.350666 0)
(-0.375549 0.352496 0)
(-0.408728 0.349487 0)
(-0.440585 0.341433 0)
(-0.470772 0.328268 0)
(-0.498994 0.310062 0)
(-0.525023 0.28701 0)
(-0.548703 0.259414 0)
(-0.569964 0.227661 0)
(-0.588807 0.192195 0)
(-0.605301 0.153486 0)
(-0.619557 0.112004 0)
(-0.631704 0.0681989 0)
(-0.641859 0.0224876 0)
(-0.650104 -0.0247423 0)
(-0.656459 -0.0731193 0)
(-0.660832 -0.122276 0)
(-0.662993 -0.171789 0)
(-0.662554 -0.221135 0)
(-0.658948 -0.269621 0)
(-0.651421 -0.316316 0)
(-0.639061 -0.359989 0)
(-0.620852 -0.399069 0)
(-0.595793 -0.431658 0)
(-0.563055 -0.455616 0)
(-0.522186 -0.468747 0)
(-0.47334 -0.469084 0)
(-0.417452 -0.455258 0)
(-0.356336 -0.426883 0)
(-0.292611 -0.38486 0)
(-0.229453 -0.331509 0)
(-0.170181 -0.270443 0)
(-0.11777 -0.20619 0)
(-0.0744176 -0.143653 0)
(-0.0412776 -0.0875761 0)
(-0.0184424 -0.0421643 0)
(-0.0051806 -0.0109712 0)
(-1.66753e-05 0.00295151 0)
(-0.00105491 0.0454533 0)
(-0.0118699 0.116001 0)
(-0.0300139 0.169578 0)
(-0.0533458 0.210629 0)
(-0.079953 0.243326 0)
(-0.108862 0.270853 0)
(-0.139496 0.295193 0)
(-0.171472 0.317247 0)
(-0.20448 0.337112 0)
(-0.238215 0.354407 0)
(-0.272344 0.368526 0)
(-0.3065 0.378817 0)
(-0.340291 0.384688 0)
(-0.373313 0.385665 0)
(-0.405169 0.381415 0)
(-0.435487 0.371762 0)
(-0.463939 0.356689 0)
(-0.490264 0.336331 0)
(-0.514281 0.310962 0)
(-0.5359 0.28097 0)
(-0.555123 0.246826 0)
(-0.572035 0.209048 0)
(-0.586788 0.168162 0)
(-0.599581 0.12467 0)
(-0.61063 0.079028 0)
(-0.620139 0.031628 0)
(-0.628277 -0.0171991 0)
(-0.635151 -0.0671674 0)
(-0.640765 -0.11803 0)
(-0.64498 -0.169519 0)
(-0.647492 -0.221294 0)
(-0.647796 -0.272868 0)
(-0.645158 -0.323516 0)
(-0.638612 -0.372187 0)
(-0.626985 -0.417414 0)
(-0.608983 -0.457271 0)
(-0.583335 -0.4894 0)
(-0.54902 -0.511146 0)
(-0.505541 -0.51984 0)
(-0.453208 -0.513218 0)
(-0.393357 -0.489928 0)
(-0.328413 -0.450031 0)
(-0.261722 -0.39533 0)
(-0.197141 -0.32941 0)
(-0.13845 -0.257305 0)
(-0.0887396 -0.184858 0)
(-0.0499459 -0.117968 0)
(-0.0227016 -0.0619618 0)
(-0.00656516 -0.0213121 0)
(-7.70836e-05 0.00025461 0)
(-0.00101574 0.0515255 0)
(-0.0116552 0.130814 0)
(-0.0296285 0.190429 0)
(-0.0528144 0.23558 0)
(-0.0792836 0.271084 0)
(-0.108017 0.300607 0)
(-0.138387 0.326431 0)
(-0.169968 0.3496 0)
(-0.202417 0.37026 0)
(-0.235406 0.388021 0)
(-0.268587 0.402247 0)
(-0.301579 0.41226 0)
(-0.333983 0.417453 0)
(-0.365394 0.41735 0)
(-0.395419 0.411639 0)
(-0.423701 0.400185 0)
(-0.449943 0.383032 0)
(-0.473927 0.360397 0)
(-0.495527 0.332645 0)
(-0.514721 0.300261 0)
(-0.531581 0.263807 0)
(-0.546266 0.223878 0)
(-0.559003 0.181055 0)
(-0.570059 0.135874 0)
(-0.579718 0.0887944 0)
(-0.588249 0.0401841 0)
(-0.595886 -0.0096786 0)
(-0.602814 -0.0605885 0)
(-0.609127 -0.112411 0)
(-0.614781 -0.165028 0)
(-0.619584 -0.218288 0)
(-0.623142 -0.271929 0)
(-0.624819 -0.32548 0)
(-0.623695 -0.378149 0)
(-0.618561 -0.428696 0)
(-0.607951 -0.47532 0)
(-0.590255 -0.515606 0)
(-0.563922 -0.546587 0)
(-0.527765 -0.564963 0)
(-0.481324 -0.56753 0)
(-0.425222 -0.551783 0)
(-0.361397 -0.516609 0)
(-0.29309 -0.462892 0)
(-0.224511 -0.393808 0)
(-0.160201 -0.314651 0)
(-0.104245 -0.232169 0)
(-0.0595585 -0.153575 0)
(-0.0275276 -0.0856005 0)
(-0.00817536 -0.0339238 0)
(-0.000157731 -0.0031595 0)
(-0.000944803 0.05741 0)
(-0.0111616 0.145293 0)
(-0.0286071 0.210924 0)
(-0.0512398 0.260182 0)
(-0.077152 0.298476 0)
(-0.105288 0.329928 0)
(-0.134968 0.35712 0)
(-0.16572 0.381253 0)
(-0.19717 0.402528 0)
(-0.228967 0.420553 0)
(-0.260747 0.434674 0)
(-0.292123 0.444189 0)
(-0.322695 0.44848 0)
(-0.352061 0.44708 0)
(-0.379846 0.439706 0)
(-0.405718 0.426276 0)
(-0.429421 0.406911 0)
(-0.450785 0.381918 0)
(-0.469748 0.351767 0)
(-0.48635 0.317042 0)
(-0.500729 0.278398 0)
(-0.513107 0.236504 0)
(-0.523762 0.191993 0)
(-0.53301 0.145428 0)
(-0.541176 0.0972695 0)
(-0.548568 0.0478635 0)
(-0.55546 -0.00255839 0)
(-0.562093 -0.0538624 0)
(-0.56863 -0.106007 0)
(-0.575117 -0.159006 0)
(-0.581478 -0.212878 0)
(-0.58746 -0.267579 0)
(-0.59258 -0.322913 0)
(-0.596055 -0.3784 0)
(-0.596763 -0.43312 0)
(-0.593217 -0.485551 0)
(-0.583616 -0.533418 0)
(-0.566004 -0.573646 0)
(-0.538553 -0.602475 0)
(-0.499972 -0.615829 0)
(-0.449988 -0.609955 0)
(-0.389762 -0.582288 0)
(-0.322095 -0.532355 0)
(-0.251261 -0.46243 0)
(-0.18241 -0.377669 0)
(-0.120641 -0.285539 0)
(-0.0700148 -0.194652 0)
(-0.0329062 -0.113425 0)
(-0.010019 -0.0490844 0)
(-0.00026152 -0.00740638 0)
(-0.000844314 0.0629615 0)
(-0.0103996 0.159129 0)
(-0.0269671 0.230678 0)
(-0.0486459 0.284024 0)
(-0.0735902 0.325083 0)
(-0.100718 0.358397 0)
(-0.129298 0.386841 0)
(-0.158813 0.41178 0)
(-0.188854 0.433485 0)
(-0.21905 0.451574 0)
(-0.249027 0.46538 0)
(-0.278399 0.474185 0)
(-0.306769 0.477371 0)
(-0.333755 0.474484 0)
(-0.359005 0.465285 0)
(-0.382228 0.449755 0)
(-0.403213 0.428103 0)
(-0.421849 0.400737 0)
(-0.438132 0.36823 0)
(-0.452163 0.331271 0)
(-0.464134 0.290601 0)
(-0.474308 0.246953 0)
(-0.483 0.201005 0)
(-0.490547 0.153338 0)
(-0.497291 0.10441 0)
(-0.503552 0.0545442 0)
(-0.509615 0.00393457 0)
(-0.515752 -0.0473455 0)
(-0.522166 -0.0993241 0)
(-0.528975 -0.152116 0)
(-0.536208 -0.205879 0)
(-0.543756 -0.26076 0)
(-0.551315 -0.316817 0)
(-0.558305 -0.373898 0)
(-0.563792 -0.43147 0)
(-0.566413 -0.488407 0)
(-0.56436 -0.542769 0)
(-0.55545 -0.591619 0)
(-0.537354 -0.630991 0)
(-0.507998 -0.656127 0)
(-0.466119 -0.66207 0)
(-0.411863 -0.644623 0)
(-0.347244 -0.601547 0)
(-0.276232 -0.533659 0)
(-0.204314 -0.445417 0)
(-0.137512 -0.34464 0)
(-0.0811386 -0.241291 0)
(-0.0387874 -0.14571 0)
(-0.0120926 -0.0670552 0)
(-0.000390998 -0.0126033 0)
(-0.000718011 0.0680435 0)
(-0.00939044 0.172027 0)
(-0.0247475 0.249322 0)
(-0.0450885 0.30671 0)
(-0.0686715 0.350502 0)
(-0.0944008 0.385613 0)
(-0.121499 0.415196 0)
(-0.1494 0.440789 0)
(-0.177663 0.462744 0)
(-0.205899 0.480705 0)
(-0.233732 0.494 0)
(-0.260781 0.50191 0)
(-0.28667 0.503819 0)
(-0.31104 0.499303 0)
(-0.333579 0.488173 0)
(-0.354042 0.470486 0)
(-0.372274 0.446543 0)
(-0.38822 0.416857 0)
(-0.401932 0.382109 0)
(-0.413561 0.343078 0)
(-0.423339 0.300585 0)
(-0.431556 0.255417 0)
(-0.438538 0.208282 0)
(-0.444624 0.159769 0)
(-0.450147 0.110328 0)
(-0.455417 0.0602609 0)
(-0.460708 0.00972742 0)
(-0.466289 -0.0412423 0)
(-0.472383 -0.0927255 0)
(-0.479153 -0.144904 0)
(-0.486708 -0.198033 0)
(-0.495065 -0.252406 0)
(-0.504097 -0.308294 0)
(-0.51345 -0.365848 0)
(-0.522446 -0.424933 0)
(-0.529967 -0.484902 0)
(-0.534364 -0.544302 0)
(-0.533441 -0.600581 0)
(-0.524579 -0.649877 0)
(-0.50507 -0.68705 0)
(-0.472687 -0.706128 0)
(-0.426418 -0.701263 0)
(-0.367182 -0.668142 0)
(-0.298245 -0.605554 0)
(-0.225055 -0.516583 0)
(-0.154344 -0.408837 0)
(-0.0926856 -0.293383 0)
(-0.0450868 -0.182632 0)
(-0.0143819 -0.088063 0)
(-0.000548118 -0.018864 0)
(-0.000570906 0.0725342 0)
(-0.00816488 0.183715 0)
(-0.0220071 0.266507 0)
(-0.0406529 0.327861 0)
(-0.0625069 0.374355 0)
(-0.0864767 0.411204 0)
(-0.111743 0.441822 0)
(-0.137693 0.467926 0)
(-0.163856 0.489965 0)
(-0.189831 0.507624 0)
(-0.215244 0.520242 0)
(-0.239731 0.527104 0)
(-0.262942 0.527614 0)
(-0.28456 0.521385 0)
(-0.304317 0.508285 0)
(-0.322022 0.488457 0)
(-0.337577 0.462295 0)
(-0.350983 0.430419 0)
(-0.36234 0.393603 0)
(-0.371836 0.352715 0)
(-0.379727 0.308637 0)
(-0.386312 0.262196 0)
(-0.391912 0.214119 0)
(-0.396847 0.164992 0)
(-0.401425 0.115248 0)
(-0.405926 0.065166 0)
(-0.410596 0.0148795 0)
(-0.415681 -0.0356111 0)
(-0.421399 -0.0864131 0)
(-0.427933 -0.137745 0)
(-0.43544 -0.189917 0)
(-0.444033 -0.243316 0)
(-0.453736 -0.298371 0)
(-0.464411 -0.35548 0)
(-0.475656 -0.414875 0)
(-0.486667 -0.476402 0)
(-0.496092 -0.539199 0)
(-0.501921 -0.601306 0)
(-0.501487 -0.659273 0)
(-0.491685 -0.707958 0)
(-0.469469 -0.74071 0)
(-0.432654 -0.750187 0)
(-0.380846 -0.729859 0)
(-0.316225 -0.675994 0)
(-0.243761 -0.589555 0)
(-0.170564 -0.477188 0)
(-0.104357 -0.350595 0)
(-0.0516888 -0.224238 0)
(-0.0168612 -0.112284 0)
(-0.000734046 -0.0262934 0)
(-0.00040896 0.0763312 0)
(-0.00676199 0.193953 0)
(-0.0188222 0.281916 0)
(-0.0354509 0.347131 0)
(-0.0552411 0.396291 0)
(-0.0771241 0.434831 0)
(-0.100246 0.466397 0)
(-0.123954 0.492887 0)
(-0.147748 0.514865 0)
(-0.171218 0.532073 0)
(-0.194 0.543881 0)
(-0.215757 0.549591 0)
(-0.236175 0.548635 0)
(-0.254985 0.540671 0)
(-0.271974 0.525636 0)
(-0.287007 0.503756 0)
(-0.300041 0.475521 0)
(-0.311126 0.441646 0)
(-0.320401 0.402994 0)
(-0.328079 0.360502 0)
(-0.334423 0.3151 0)
(-0.339726 0.267641 0)
(-0.344288 0.218856 0)
(-0.348399 0.169319 0)
(-0.352327 0.119441 0)
(-0.356312 0.069478 0)
(-0.360561 0.0195387 0)
(-0.365282 -0.0303942 0)
(-0.370677 -0.0804419 0)
(-0.376922 -0.130835 0)
(-0.384194 -0.181901 0)
(-0.392666 -0.234073 0)
(-0.402472 -0.287873 0)
(-0.413655 -0.343876 0)
(-0.426069 -0.402613 0)
(-0.439239 -0.464386 0)
(-0.452189 -0.528952 0)
(-0.463251 -0.595075 0)
(-0.469947 -0.659996 0)
(-0.469048 -0.718963 0)
(-0.456939 -0.765093 0)
(-0.43038 -0.789892 0)
(-0.387578 -0.784672 0)
(-0.329314 -0.742842 0)
(-0.259632 -0.662515 0)
(-0.185588 -0.54848 0)
(-0.115819 -0.412359 0)
(-0.0584532 -0.270433 0)
(-0.019495 -0.13983 0)
(-0.00094897 -0.0349825 0)
(-0.00023869 0.0793551 0)
(-0.00522699 0.202542 0)
(-0.0152835 0.295274 0)
(-0.0296163 0.364211 0)
(-0.0470472 0.415999 0)
(-0.0665546 0.456195 0)
(-0.0872631 0.488639 0)
(-0.108483 0.515414 0)
(-0.129689 0.537213 0)
(-0.150467 0.553858 0)
(-0.170469 0.564762 0)
(-0.189391 0.569264 0)
(-0.206967 0.566832 0)
(-0.222978 0.557178 0)
(-0.237271 0.54031 0)
(-0.249769 0.516534 0)
(-0.260478 0.486434 0)
(-0.26949 0.450806 0)
(-0.276972 0.410588 0)
(-0.283145 0.366771 0)
(-0.288269 0.320318 0)
(-0.292617 0.272095 0)
(-0.296456 0.222822 0)
(-0.300037 0.173056 0)
(-0.303585 0.123183 0)
(-0.307294 0.073432 0)
(-0.311329 0.0238931 0)
(-0.315855 -0.0254626 0)
(-0.321042 -0.0747576 0)
(-0.327051 -0.124216 0)
(-0.334054 -0.174159 0)
(-0.342249 -0.22502 0)
(-0.351839 -0.277359 0)
(-0.362993 -0.331853 0)
(-0.375775 -0.389248 0)
(-0.390013 -0.450221 0)
(-0.405118 -0.515105 0)
(-0.419858 -0.583441 0)
(-0.432129 -0.653348 0)
(-0.438852 -0.720829 0)
(-0.436152 -0.779262 0)
(-0.419969 -0.819495 0)
(-0.387172 -0.830973 0)
(-0.33695 -0.804115 0)
(-0.272011 -0.73357 0)
(-0.198872 -0.621294 0)
(-0.126734 -0.477894 0)
(-0.0652246 -0.320971 0)
(-0.0222395 -0.170738 0)
(-0.00119195 -0.0450046 0)
(-6.6778e-05 0.0815528 0)
(-0.0036092 0.209327 0)
(-0.0114922 0.306354 0)
(-0.0233001 0.378838 0)
(-0.0381208 0.433206 0)
(-0.0550059 0.475036 0)
(-0.073074 0.508315 0)
(-0.0916061 0.5353 0)
(-0.110055 0.556833 0)
(-0.128005 0.572837 0)
(-0.145131 0.582788 0)
(-0.161166 0.586074 0)
(-0.175896 0.582212 0)
(-0.18916 0.570972 0)
(-0.200863 0.55243 0)
(-0.210983 0.526974 0)
(-0.219571 0.495262 0)
(-0.22675 0.458165 0)
(-0.232703 0.416678 0)
(-0.237649 0.37183 0)
(-0.241831 0.324601 0)
(-0.245494 0.275855 0)
(-0.248866 0.2263 0)
(-0.252156 0.176466 0)
(-0.255542 0.126712 0)
(-0.259176 0.0772422 0)
(-0.263178 0.0281307 0)
(-0.267672 -0.0206581 0)
(-0.272796 -0.0692408 0)
(-0.278685 -0.117825 0)
(-0.28549 -0.166704 0)
(-0.293411 -0.216287 0)
(-0.302677 -0.267124 0)
(-0.313536 -0.319929 0)
(-0.326196 -0.375573 0)
(-0.340729 -0.435005 0)
(-0.3569 -0.499045 0)
(-0.37393 -0.567973 0)
(-0.390203 -0.640877 0)
(-0.403021 -0.714788 0)
(-0.408559 -0.783823 0)
(-0.402266 -0.838759 0)
(-0.379863 -0.867675 0)
(-0.338906 -0.85813 0)
(-0.280442 -0.800878 0)
(-0.20996 -0.694095 0)
(-0.136781 -0.546239 0)
(-0.0718448 -0.375459 0)
(-0.025046 -0.204966 0)
(-0.0014609 -0.0564111 0)
(0.000100309 0.0828981 0)
(-0.00195984 0.214207 0)
(-0.00755648 0.314983 0)
(-0.0166663 0.390794 0)
(-0.0286747 0.447687 0)
(-0.042735 0.49114 0)
(-0.0579783 0.525232 0)
(-0.0736659 0.552384 0)
(-0.0892327 0.573598 0)
(-0.104265 0.588918 0)
(-0.11846 0.597906 0)
(-0.131594 0.600014 0)
(-0.143505 0.594816 0)
(-0.154094 0.582142 0)
(-0.163322 0.562136 0)
(-0.171217 0.535254 0)
(-0.177867 0.50222 0)
(-0.183419 0.463961 0)
(-0.188058 0.421513 0)
(-0.191994 0.375927 0)
(-0.195446 0.328189 0)
(-0.198621 0.279152 0)
(-0.20171 0.229503 0)
(-0.204875 0.179744 0)
(-0.208253 0.130209 0)
(-0.211954 0.0810787 0)
(-0.216063 0.0324131 0)
(-0.220664 -0.0158265 0)
(-0.225865 -0.0637468 0)
(-0.231774 -0.111533 0)
(-0.238516 -0.159443 0)
(-0.246269 -0.207842 0)
(-0.255266 -0.257241 0)
(-0.265782 -0.308339 0)
(-0.278113 -0.362054 0)
(-0.292497 -0.419503 0)
(-0.308987 -0.481868 0)
(-0.327218 -0.55007 0)
(-0.346098 -0.624148 0)
(-0.363456 -0.702323 0)
(-0.375799 -0.779842 0)
(-0.378437 -0.848028 0)
(-0.366257 -0.894246 0)
(-0.335279 -0.9036 0)
(-0.284697 -0.862772 0)
(-0.218521 -0.765319 0)
(-0.145694 -0.61631 0)
(-0.0781676 -0.433379 0)
(-0.0278651 -0.242396 0)
(-0.00175271 -0.069231 0)
(0.000256603 0.0833924 0)
(-0.000330007 0.217131 0)
(-0.00358777 0.321048 0)
(-0.00988677 0.399921 0)
(-0.0189336 0.459262 0)
(-0.0300122 0.504334 0)
(-0.0422881 0.53924 0)
(-0.0550145 0.566546 0)
(-0.0676129 0.58742 0)
(-0.0796722 0.602048 0)
(-0.0909138 0.6101 0)
(-0.101157 0.611105 0)
(-0.110294 0.604702 0)
(-0.118283 0.590785 0)
(-0.12514 0.569556 0)
(-0.130936 0.541529 0)
(-0.135793 0.507482 0)
(-0.139869 0.468378 0)
(-0.143347 0.425278 0)
(-0.14642 0.379242 0)
(-0.149275 0.33125 0)
(-0.152084 0.282138 0)
(-0.154994 0.232568 0)
(-0.158129 0.183017 0)
(-0.161585 0.133792 0)
(-0.165439 0.0850576 0)
(-0.169746 0.0368604 0)
(-0.174556 -0.0108387 0)
(-0.179952 -0.0581347 0)
(-0.186019 -0.105189 0)
(-0.192851 -0.152224 0)
(-0.200602 -0.199552 0)
(-0.209482 -0.247626 0)
(-0.219765 -0.297097 0)
(-0.231779 -0.34887 0)
(-0.245861 -0.404135 0)
(-0.262262 -0.464313 0)
(-0.280956 -0.530823 0)
(-0.301343 -0.604557 0)
(-0.321842 -0.684952 0)
(-0.339497 -0.768658 0)
(-0.349816 -0.848102 0)
(-0.347222 -0.91068 0)
(-0.326446 -0.939678 0)
(-0.284772 -0.917842 0)
(-0.224367 -0.833466 0)
(-0.153275 -0.686954 0)
(-0.0840723 -0.494116 0)
(-0.0306519 -0.282843 0)
(-0.00206357 -0.0834711 0)
(0.000396933 0.0830634 0)
(0.00123084 0.218106 0)
(0.000302414 0.324499 0)
(-0.00313701 0.406115 0)
(-0.00912927 0.467802 0)
(-0.0171164 0.51449 0)
(-0.0263223 0.55023 0)
(-0.0360065 0.577702 0)
(-0.0455825 0.598244 0)
(-0.0546421 0.612203 0)
(-0.0629295 0.619374 0)
(-0.0703047 0.619379 0)
(-0.0767132 0.611931 0)
(-0.0821667 0.596983 0)
(-0.0867319 0.574792 0)
(-0.0905198 0.545916 0)
(-0.0936757 0.511169 0)
(-0.0963664 0.471536 0)
(-0.098767 0.428086 0)
(-0.101048 0.381877 0)
(-0.103365 0.333872 0)
(-0.105853 0.284887 0)
(-0.10862 0.235559 0)
(-0.111752 0.186341 0)
(-0.115312 0.137519 0)
(-0.11935 0.0892409 0)
(-0.123899 0.0415475 0)
(-0.12898 -0.00559994 0)
(-0.134658 -0.0522859 0)
(-0.141002 -0.098649 0)
(-0.148076 -0.144875 0)
(-0.156006 -0.191228 0)
(-0.164972 -0.238097 0)
(-0.175223 -0.286063 0)
(-0.187081 -0.335979 0)
(-0.200922 -0.389036 0)
(-0.217115 -0.446779 0)
(-0.235876 -0.510974 0)
(-0.257015 -0.583209 0)
(-0.279529 -0.664059 0)
(-0.30111 -0.751695 0)
(-0.317739 -0.840085 0)
(-0.32377 -0.917409 0)
(-0.312984 -0.965957 0)
(-0.280857 -0.964985 0)
(-0.227453 -0.897163 0)
(-0.159411 -0.757011 0)
(-0.0894756 -0.556993 0)
(-0.0333715 -0.326071 0)
(-0.00238948 -0.0991192 0)
(0.00051711 0.0819633 0)
(0.0026777 0.217191 0)
(0.00400529 0.325347 0)
(0.00340688 0.409338 0)
(0.000503675 0.473235 0)
(-0.00433091 0.521524 0)
(-0.0104036 0.558128 0)
(-0.0169964 0.5858 0)
(-0.0235218 0.606044 0)
(-0.029575 0.61938 0)
(-0.0349202 0.625746 0)
(-0.0394545 0.624873 0)
(-0.0431714 0.616552 0)
(-0.0461336 0.600797 0)
(-0.0484534 0.57791 0)
(-0.0502769 0.548481 0)
(-0.0517697 0.513342 0)
(-0.0531028 0.473488 0)
(-0.0544406 0.42998 0)
(-0.0559312 0.38386 0)
(-0.0576993 0.336072 0)
(-0.0598442 0.287406 0)
(-0.0624404 0.238476 0)
(-0.0655407 0.189714 0)
(-0.0691818 0.141391 0)
(-0.07339 0.0936428 0)
(-0.0781822 0.0465067 0)
(-0.0835607 -5.24681e-05 0)
(-0.0895752 -0.0461124 0)
(-0.096285 -0.0917875 0)
(-0.103733 -0.137235 0)
(-0.112014 -0.182672 0)
(-0.121279 -0.228428 0)
(-0.131739 -0.275009 0)
(-0.143686 -0.323194 0)
(-0.157491 -0.374125 0)
(-0.173567 -0.429378 0)
(-0.192284 -0.490927 0)
(-0.213754 -0.560878 0)
(-0.23748 -0.640778 0)
(-0.261824 -0.730298 0)
(-0.283431 -0.825223 0)
(-0.296937 -0.91519 0)
(-0.295589 -0.982422 0)
(-0.273285 -1.00342 0)
(-0.227854 -0.955212 0)
(-0.164071 -0.82536 0)
(-0.0943391 -0.621308 0)
(-0.0360042 -0.371814 0)
(-0.00272692 -0.11615 0)
(0.000614215 0.0801655 0)
(0.00397107 0.2145 0)
(0.00741972 0.323674 0)
(0.00957246 0.409612 0)
(0.00972905 0.475538 0)
(0.00805861 0.525398 0)
(0.00514444 0.562897 0)
(0.00166376 0.590817 0)
(-0.00180395 0.610814 0)
(-0.00485735 0.623589 0)
(-0.00727767 0.629239 0)
(-0.0089939 0.627617 0)
(-0.0100423 0.618601 0)
(-0.0105317 0.602262 0)
(-0.010616 0.57894 0)
(-0.0104727 0.549246 0)
(-0.0102852 0.514014 0)
(-0.0102278 0.474232 0)
(-0.0104548 0.430943 0)
(-0.0110933 0.385164 0)
(-0.0122404 0.337812 0)
(-0.0139649 0.289652 0)
(-0.0163112 0.241275 0)
(-0.0193052 0.193098 0)
(-0.0229611 0.145378 0)
(-0.0272883 0.0982476 0)
(-0.0322924 0.0517422 0)
(-0.0379643 0.00583253 0)
(-0.0443409 -0.0395532 0)
(-0.0514757 -0.0845056 0)
(-0.0593988 -0.12916 0)
(-0.068182 -0.173696 0)
(-0.0779429 -0.218389 0)
(-0.0888554 -0.263675 0)
(-0.101167 -0.310251 0)
(-0.115212 -0.359182 0)
(-0.131402 -0.412012 0)
(-0.150171 -0.470805 0)
(-0.171833 -0.538009 0)
(-0.196286 -0.61594 0)
(-0.222514 -0.705625 0)
(-0.247911 -0.804767 0)
(-0.267693 -0.904983 0)
(-0.274993 -0.989376 0)
(-0.262473 -1.03268 0)
(-0.225738 -1.00661 0)
(-0.167297 -0.890952 0)
(-0.0986719 -0.686368 0)
(-0.0385495 -0.4198 0)
(-0.00307353 -0.134534 0)
(0.000686249 0.0777617 0)
(0.00507712 0.210193 0)
(0.0104536 0.319628 0)
(0.0151961 0.407029 0)
(0.0183146 0.474748 0)
(0.0197652 0.52611 0)
(0.0199971 0.564526 0)
(0.0196243 0.592748 0)
(0.0192065 0.61256 0)
(0.0191383 0.624845 0)
(0.0196257 0.629873 0)
(0.0207134 0.627629 0)
(0.0223283 0.618086 0)
(0.0243205 0.601375 0)
(0.0264983 0.577864 0)
(0.0286548 0.548173 0)
(0.0305895 0.513128 0)
(0.0321235 0.473695 0)
(0.0331102 0.430887 0)
(0.0334389 0.38569 0)
(0.0330352 0.338988 0)
(0.0318555 0.29152 0)
(0.0298797 0.243856 0)
(0.0271034 0.196402 0)
(0.02353 0.149408 0)
(0.019163 0.103005 0)
(0.0140046 0.0572315 0)
(0.00806861 0.0120658 0)
(0.00133134 -0.0325597 0)
(-0.00625841 -0.076718 0)
(-0.0147295 -0.120524 0)
(-0.0241331 -0.164129 0)
(-0.034559 -0.207763 0)
(-0.0461438 -0.2518 0)
(-0.0590879 -0.296859 0)
(-0.0736728 -0.343918 0)
(-0.0902712 -0.394449 0)
(-0.109323 -0.450523 0)
(-0.131247 -0.514774 0)
(-0.156217 -0.590075 0)
(-0.183737 -0.678587 0)
(-0.211957 -0.779865 0)
(-0.236866 -0.88784 0)
(-0.251884 -0.98736 0)
(-0.248863 -1.05255 0)
(-0.221319 -1.05053 0)
(-0.169186 -0.952819 0)
(-0.102527 -0.751505 0)
(-0.0410296 -0.469772 0)
(-0.00342894 -0.154247 0)
(0.000732094 0.0748584 0)
(0.00596748 0.204474 0)
(0.0130239 0.313419 0)
(0.0201241 0.401757 0)
(0.026035 0.470968 0)
(0.0305035 0.523714 0)
(0.0338268 0.563039 0)
(0.0365328 0.591606 0)
(0.0391453 0.611294 0)
(0.0420459 0.62316 0)
(0.045429 0.627653 0)
(0.0493185 0.624905 0)
(0.0536103 0.614988 0)
(0.0581188 0.598094 0)
(0.0626178 0.574616 0)
(0.0668725 0.545173 0)
(0.070664 0.510572 0)
(0.0738064 0.471744 0)
(0.0761556 0.429664 0)
(0.077612 0.385278 0)
(0.0781171 0.339435 0)
(0.0776457 0.292846 0)
(0.0761962 0.246065 0)
(0.0737806 0.199485 0)
(0.0704151 0.153355 0)
(0.0661129 0.10781 0)
(0.0608813 0.0628943 0)
(0.0547322 0.0185942 0)
(0.0476512 -0.0251501 0)
(0.0395929 -0.0684003 0)
(0.0305268 -0.111256 0)
(0.0204162 -0.153844 0)
(0.00919265 -0.196364 0)
(-0.00324749 -0.239142 0)
(-0.0170601 -0.28273 0)
(-0.0324692 -0.328019 0)
(-0.0497864 -0.37639 0)
(-0.0694146 -0.429861 0)
(-0.0918003 -0.491138 0)
(-0.117286 -0.563448 0)
(-0.14577 -0.649828 0)
(-0.17609 -0.751493 0)
(-0.205103 -0.864804 0)
(-0.226858 -0.977068 0)
(-0.232863 -1.06304 0)
(-0.214816 -1.08633 0)
(-0.169856 -1.01007 0)
(-0.105994 -0.816091 0)
(-0.0434912 -0.521511 0)
(-0.00379568 -0.17528 0)
(0.000751372 0.0715742 0)
(0.00661879 0.19759 0)
(0.0150565 0.305323 0)
(0.0242125 0.394031 0)
(0.0326725 0.464368 0)
(0.0399917 0.518315 0)
(0.0463053 0.558495 0)
(0.0520341 0.587425 0)
(0.0576466 0.607038 0)
(0.0635006 0.618547 0)
(0.0697762 0.622583 0)
(0.0764797 0.619431 0)
(0.0834816 0.609273 0)
(0.0905653 0.592359 0)
(0.0974729 0.569109 0)
(0.103942 0.540132 0)
(0.109735 0.506207 0)
(0.114653 0.468221 0)
(0.118549 0.427103 0)
(0.121328 0.383751 0)
(0.122939 0.338977 0)
(0.123369 0.293462 0)
(0.122628 0.247742 0)
(0.12074 0.202202 0)
(0.117728 0.157094 0)
(0.113614 0.112556 0)
(0.108408 0.0686443 0)
(0.102118 0.0253537 0)
(0.0947384 -0.0173635 0)
(0.086227 -0.059559 0)
(0.0765483 -0.101321 0)
(0.0656753 -0.142765 0)
(0.053555 -0.184066 0)
(0.0401112 -0.225521 0)
(0.0252325 -0.267624 0)
(0.00875396 -0.311194 0)
(-0.00956761 -0.357518 0)
(-0.0300745 -0.408535 0)
(-0.0531871 -0.46693 0)
(-0.0793227 -0.536117 0)
(-0.108652 -0.619752 0)
(-0.140582 -0.720422 0)
(-0.172847 -0.836847 0)
(-0.200374 -0.959279 0)
(-0.214806 -1.06432 0)
(-0.206408 -1.11348 0)
(-0.169418 -1.06188 0)
(-0.109183 -0.879528 0)
(-0.0460067 -0.574849 0)
(-0.0041802 -0.197657 0)
(0.000744135 0.0680368 0)
(0.00701122 0.189821 0)
(0.016484 0.295672 0)
(0.0273254 0.38416 0)
(0.0380161 0.455189 0)
(0.047951 0.510075 0)
(0.0571036 0.550992 0)
(0.0657698 0.580259 0)
(0.0743414 0.599817 0)
(0.0831359 0.611015 0)
(0.0923123 0.614655 0)
(0.101859 0.61118 0)
(0.111623 0.600886 0)
(0.121362 0.58409 0)
(0.130789 0.561233 0)
(0.139614 0.532912 0)
(0.147576 0.499869 0)
(0.154461 0.462943 0)
(0.160114 0.423006 0)
(0.164434 0.380906 0)
(0.167372 0.337412 0)
(0.168919 0.293174 0)
(0.169089 0.24871 0)
(0.167912 0.204398 0)
(0.165419 0.160492 0)
(0.161633 0.117139 0)
(0.156567 0.0744051 0)
(0.150227 0.0322982 0)
(0.142611 -0.00921759 0)
(0.133681 -0.0501883 0)
(0.123398 -0.0906914 0)
(0.111739 -0.130835 0)
(0.0986668 -0.170782 0)
(0.0841269 -0.210804 0)
(0.0680446 -0.251358 0)
(0.0503059 -0.293205 0)
(0.0307357 -0.337559 0)
(0.00907367 -0.386256 0)
(-0.0150385 -0.44191 0)
(-0.0420276 -0.507999 0)
(-0.0722267 -0.588558 0)
(-0.105479 -0.687221 0)
(-0.140328 -0.804821 0)
(-0.172731 -0.934797 0)
(-0.19491 -1.05669 0)
(-0.196189 -1.13156 0)
(-0.167937 -1.10743 0)
(-0.112208 -0.941222 0)
(-0.048675 -0.629671 0)
(-0.00459438 -0.221444 0)
(0.000710369 0.0643824 0)
(0.00712554 0.181479 0)
(0.0172411 0.284857 0)
(0.0293301 0.372525 0)
(0.0418568 0.443745 0)
(0.0541024 0.499219 0)
(0.0658893 0.540669 0)
(0.0773757 0.570179 0)
(0.0888538 0.589659 0)
(0.10058 0.60056 0)
(0.112679 0.603841 0)
(0.125116 0.600101 0)
(0.137714 0.589752 0)
(0.150208 0.573181 0)
(0.162281 0.550852 0)
(0.173618 0.523347 0)
(0.183934 0.491368 0)
(0.192995 0.455697 0)
(0.200627 0.417149 0)
(0.206721 0.376514 0)
(0.211221 0.334514 0)
(0.214112 0.291766 0)
(0.215411 0.248767 0)
(0.215145 0.20589 0)
(0.213349 0.163389 0)
(0.210047 0.121422 0)
(0.205253 0.0800665 0)
(0.19897 0.0393432 0)
(0.191201 -0.000770307 0)
(0.181911 -0.0403186 0)
(0.171058 -0.0793676 0)
(0.158625 -0.118023 0)
(0.144584 -0.156444 0)
(0.128901 -0.194891 0)
(0.111535 -0.233798 0)
(0.092418 -0.273883 0)
(0.07144 -0.316288 0)
(0.0484141 -0.362763 0)
(0.0230582 -0.415841 0)
(-0.00500509 -0.478941 0)
(-0.0361809 -0.556299 0)
(-0.070623 -0.65227 0)
(-0.107566 -0.769442 0)
(-0.144049 -0.904409 0)
(-0.173253 -1.04052 0)
(-0.184138 -1.14021 0)
(-0.165392 -1.14587 0)
(-0.115161 -1.00054 0)
(-0.0516219 -0.685918 0)
(-0.00505763 -0.246765 0)
(0.000649205 0.0607556 0)
(0.00693809 0.172911 0)
(0.0172561 0.273327 0)
(0.0300873 0.35958 0)
(0.0439802 0.430422 0)
(0.0581611 0.486033 0)
(0.0723232 0.527708 0)
(0.0864796 0.557282 0)
(0.1008 0.576597 0)
(0.115455 0.587171 0)
(0.130514 0.5901 0)
(0.145907 0.586125 0)
(0.161431 0.575777 0)
(0.176794 0.559511 0)
(0.191655 0.537816 0)
(0.205672 0.51126 0)
(0.218532 0.480502 0)
(0.229979 0.446265 0)
(0.239818 0.409299 0)
(0.247923 0.370335 0)
(0.254223 0.330044 0)
(0.258694 0.289007 0)
(0.261345 0.247698 0)
(0.262201 0.20648 0)
(0.261292 0.16561 0)
(0.258643 0.125253 0)
(0.25427 0.0854986 0)
(0.248173 0.0463817 0)
(0.240354 0.00789269 0)
(0.230787 -0.0300121 0)
(0.219434 -0.0673896 0)
(0.206275 -0.104347 0)
(0.191296 -0.141045 0)
(0.17448 -0.177745 0)
(0.155815 -0.214871 0)
(0.135276 -0.253114 0)
(0.112811 -0.293564 0)
(0.0883073 -0.337884 0)
(0.061556 -0.388504 0)
(0.0322365 -0.44877 0)
(-5.59459e-05 -0.522939 0)
(-0.0356617 -0.615799 0)
(-0.0743672 -0.731279 0)
(-0.114252 -0.868857 0)
(-0.149747 -1.01625 0)
(-0.170074 -1.1391 0)
(-0.161629 -1.17627 0)
(-0.118082 -1.05673 0)
(-0.0550015 -0.743555 0)
(-0.00560079 -0.273825 0)
(0.000557621 0.0573144 0)
(0.00641246 0.164505 0)
(0.0164364 0.26159 0)
(0.0294349 0.345848 0)
(0.0441516 0.415681 0)
(0.059827 0.470865 0)
(0.0760546 0.512334 0)
(0.0927003 0.541684 0)
(0.109789 0.560664 0)
(0.127376 0.570824 0)
(0.14545 0.573368 0)
(0.163885 0.569164 0)
(0.182446 0.558847 0)
(0.20081 0.542945 0)
(0.218609 0.521968 0)
(0.235475 0.496471 0)
(0.25107 0.467069 0)
(0.26511 0.434426 0)
(0.277378 0.399224 0)
(0.287723 0.362132 0)
(0.296057 0.323766 0)
(0.30234 0.284667 0)
(0.306568 0.245283 0)
(0.308759 0.205965 0)
(0.308936 0.166968 0)
(0.307123 0.128464 0)
(0.303334 0.0905546 0)
(0.297571 0.053286 0)
(0.289835 0.0166604 0)
(0.280108 -0.019362 0)
(0.26836 -0.0548356 0)
(0.254571 -0.0898699 0)
(0.238741 -0.124635 0)
(0.220871 -0.159398 0)
(0.200971 -0.194588 0)
(0.179057 -0.230881 0)
(0.155127 -0.26933 0)
(0.129133 -0.311526 0)
(0.100937 -0.359788 0)
(0.0702788 -0.417343 0)
(0.0367652 -0.488402 0)
(-3.77402e-05 -0.57793 0)
(-0.0403074 -0.690759 0)
(-0.0830502 -0.828815 0)
(-0.124116 -0.984365 0)
(-0.153634 -1.12796 0)
(-0.156314 -1.19759 0)
(-0.120912 -1.10888 0)
(-0.0589949 -0.802535 0)
(-0.00627262 -0.302924 0)
(0.000428145 0.0542394 0)
(0.00548566 0.156699 0)
(0.0146458 0.250222 0)
(0.0271612 0.331926 0)
(0.0420934 0.400046 0)
(0.0587689 0.454118 0)
(0.0767137 0.494812 0)
(0.0956464 0.523521 0)
(0.115425 0.541895 0)
(0.135957 0.551485 0)
(0.157118 0.553566 0)
(0.178708 0.549107 0)
(0.200436 0.538835 0)
(0.221945 0.523336 0)
(0.242839 0.503145 0)
(0.262724 0.478801 0)
(0.281235 0.450875 0)
(0.298063 0.419971 0)
(0.312964 0.386705 0)
(0.325764 0.351678 0)
(0.336352 0.315451 0)
(0.344667 0.27852 0)
(0.350691 0.241303 0)
(0.354427 0.204135 0)
(0.355893 0.167267 0)
(0.355107 0.130875 0)
(0.352084 0.0950683 0)
(0.346827 0.0599036 0)
(0.339336 0.0253922 0)
(0.329606 -0.00849959 0)
(0.317618 -0.0418311 0)
(0.303357 -0.0747145 0)
(0.286835 -0.107332 0)
(0.268073 -0.139965 0)
(0.247105 -0.173053 0)
(0.223975 -0.207272 0)
(0.198724 -0.243649 0)
(0.171354 -0.283712 0)
(0.141788 -0.329674 0)
(0.109819 -0.384618 0)
(0.0750707 -0.452627 0)
(0.0370419 -0.538706 0)
(-0.00469962 -0.648188 0)
(-0.0499033 -0.784868 0)
(-0.0958713 -0.945364 0)
(-0.134233 -1.10651 0)
(-0.148876 -1.2086 0)
(-0.123439 -1.15572 0)
(-0.0638035 -0.862723 0)
(-0.00715052 -0.334496 0)
(0.000244673 0.0517546 0)
(0.00404508 0.150013 0)
(0.0116676 0.239885 0)
(0.0229659 0.318481 0)
(0.0374508 0.384097 0)
(0.0546011 0.436231 0)
(0.0739001 0.475427 0)
(0.0949151 0.502937 0)
(0.117313 0.520319 0)
(0.140819 0.5291 0)
(0.165164 0.53059 0)
(0.19004 0.525823 0)
(0.215087 0.515592 0)
(0.2399 0.50053 0)
(0.26405 0.481184 0)
(0.287116 0.458078 0)
(0.308712 0.431739 0)
(0.328502 0.402711 0)
(0.34622 0.371542 0)
(0.361665 0.338767 0)
(0.374702 0.304887 0)
(0.38525 0.270353 0)
(0.393272 0.235547 0)
(0.398758 0.200785 0)
(0.401716 0.166308 0)
(0.402158 0.132292 0)
(0.4001 0.0988523 0)
(0.395549 0.0660514 0)
(0.38851 0.0339074 0)
(0.378988 0.00239214 0)
(0.36698 -0.0285642 0)
(0.352484 -0.0590771 0)
(0.335525 -0.0893433 0)
(0.316144 -0.119663 0)
(0.294396 -0.15049 0)
(0.270349 -0.182506 0)
(0.244069 -0.216721 0)
(0.215593 -0.25461 0)
(0.184881 -0.298279 0)
(0.151761 -0.350653 0)
(0.115871 -0.415636 0)
(0.0766505 -0.498139 0)
(0.0334672 -0.603748 0)
(-0.0139595 -0.737483 0)
(-0.0642618 -0.899763 0)
(-0.111033 -1.07454 0)
(-0.138441 -1.20786 0)
(-0.125213 -1.19557 0)
(-0.0696271 -0.923772 0)
(-0.00835675 -0.36913 0)
(-2.51682e-05 0.0501634 0)
(0.00189062 0.145098 0)
(0.0071508 0.231348 0)
(0.0164038 0.306245 0)
(0.0297473 0.368445 0)
(0.0468546 0.417654 0)
(0.0671702 0.45446 0)
(0.0900932 0.480062 0)
(0.11507 0.495947 0)
(0.141609 0.503597 0)
(0.16926 0.504315 0)
(0.197578 0.499161 0)
(0.226111 0.488959 0)
(0.254395 0.474364 0)
(0.281962 0.455925 0)
(0.308365 0.434142 0)
(0.333196 0.409499 0)
(0.3561 0.382478 0)
(0.376787 0.353562 0)
(0.395036 0.323218 0)
(0.41069 0.291889 0)
(0.423648 0.259973 0)
(0.433853 0.227818 0)
(0.441283 0.195713 0)
(0.445936 0.163886 0)
(0.447822 0.132507 0)
(0.446957 0.101692 0)
(0.443355 0.071506 0)
(0.437031 0.0419701 0)
(0.428003 0.0130585 0)
(0.416289 -0.0153084 0)
(0.401905 -0.0432553 0)
(0.384891 -0.0709929 0)
(0.365307 -0.0988399 0)
(0.343225 -0.127266 0)
(0.318725 -0.156959 0)
(0.291885 -0.188913 0)
(0.26275 -0.224551 0)
(0.231289 -0.265872 0)
(0.197335 -0.315637 0)
(0.160516 -0.377533 0)
(0.120215 -0.45628 0)
(0.0756174 -0.557506 0)
(0.0260398 -0.686988 0)
(-0.0282052 -0.848041 0)
(-0.082898 -1.03191 0)
(-0.123758 -1.19375 0)
(-0.125425 -1.22613 0)
(-0.0766125 -0.984921 0)
(-0.0100827 -0.407577 0)
(-0.000443873 0.0499153 0)
(-0.00132556 0.142806 0)
(0.000531536 0.225527 0)
(0.00681357 0.296011 0)
(0.0183326 0.35369 0)
(0.0349492 0.398792 0)
(0.05603 0.432141 0)
(0.0807656 0.454981 0)
(0.108344 0.46875 0)
(0.138021 0.474868 0)
(0.169132 0.47459 0)
(0.20107 0.468949 0)
(0.233271 0.458761 0)
(0.265197 0.444672 0)
(0.296338 0.427213 0)
(0.326221 0.406849 0)
(0.354417 0.384015 0)
(0.380559 0.359135 0)
(0.404341 0.332624 0)
(0.425524 0.304885 0)
(0.443936 0.276298 0)
(0.459458 0.247211 0)
(0.47202 0.217932 0)
(0.481588 0.188721 0)
(0.488156 0.159785 0)
(0.491732 0.131284 0)
(0.492337 0.103329 0)
(0.489998 0.0759827 0)
(0.484743 0.0492647 0)
(0.476608 0.0231468 0)
(0.465634 -0.00245575 0)
(0.451859 -0.0276834 0)
(0.43534 -0.052758 0)
(0.416148 -0.0780127 0)
(0.394366 -0.103928 0)
(0.370074 -0.131192 0)
(0.343338 -0.160778 0)
(0.314183 -0.19405 0)
(0.282553 -0.232899 0)
(0.248245 -0.27991 0)
(0.210844 -0.33853 0)
(0.169652 -0.413218 0)
(0.123691 -0.509477 0)
(0.0719011 -0.633511 0)
(0.0138374 -0.79059 0)
(-0.0483282 -0.978559 0)
(-0.103106 -1.1645 0)
(-0.122734 -1.24436 0)
(-0.0847321 -1.04476 0)
(-0.0126262 -0.450765 0)
(-0.0011299 0.0517227 0)
(-0.00619286 0.144312 0)
(-0.00906454 0.223518 0)
(-0.00675308 0.288596 0)
(0.00234817 0.340361 0)
(0.0181904 0.379937 0)
(0.0399569 0.408586 0)
(0.066555 0.427681 0)
(0.0968645 0.438631 0)
(0.129855 0.442762 0)
(0.164623 0.441234 0)
(0.200382 0.435001 0)
(0.236439 0.424821 0)
(0.272179 0.411293 0)
(0.307044 0.394904 0)
(0.340536 0.37607 0)
(0.372214 0.355172 0)
(0.4017 0.33257 0)
(0.428684 0.308614 0)
(0.452919 0.283642 0)
(0.474222 0.257974 0)
(0.492467 0.231907 0)
(0.507576 0.205704 0)
(0.519511 0.17959 0)
(0.528265 0.153752 0)
(0.533852 0.128331 0)
(0.536303 0.103427 0)
(0.535659 0.0790967 0)
(0.53197 0.0553529 0)
(0.525289 0.0321623 0)
(0.51568 0.00943735 0)
(0.503211 -0.0129769 0)
(0.48794 -0.0353086 0)
(0.469948 -0.0578982 0)
(0.449311 -0.0812274 0)
(0.42609 -0.105971 0)
(0.400319 -0.133068 0)
(0.371971 -0.163813 0)
(0.340922 -0.199978 0)
(0.306893 -0.243959 0)
(0.269375 -0.298945 0)
(0.227556 -0.369085 0)
(0.180283 -0.459631 0)
(0.126157 -0.57692 0)
(0.0640504 -0.72761 0)
(-0.00535686 -0.914519 0)
(-0.0742302 -1.1183 0)
(-0.115048 -1.24635 0)
(-0.0935439 -1.10093 0)
(-0.0164601 -0.499949 0)
(-0.00230199 0.0567579 0)
(-0.0136704 0.15126 0)
(-0.0229237 0.226607 0)
(-0.0255546 0.284765 0)
(-0.0192263 0.328808 0)
(-0.00413788 0.361168 0)
(0.0185249 0.383712 0)
(0.0472649 0.397999 0)
(0.0805983 0.405386 0)
(0.117183 0.407062 0)
(0.155867 0.404033 0)
(0.195676 0.397116 0)
(0.235793 0.386957 0)
(0.275522 0.374068 0)
(0.314264 0.358861 0)
(0.351498 0.341688 0)
(0.386781 0.322862 0)
(0.419736 0.302678 0)
(0.450054 0.281419 0)
(0.477492 0.259361 0)
(0.501869 0.236762 0)
(0.523061 0.213868 0)
(0.540991 0.190896 0)
(0.555627 0.168035 0)
(0.566966 0.145443 0)
(0.575035 0.12324 0)
(0.579879 0.101511 0)
(0.581555 0.0803004 0)
(0.580134 0.0596138 0)
(0.575688 0.0394114 0)
(0.568297 0.0196022 0)
(0.558044 3.06569e-05 0)
(0.544997 -0.0195354 0)
(0.529217 -0.0394298 0)
(0.51076 -0.0601209 0)
(0.48965 -0.0822541 0)
(0.465856 -0.106714 0)
(0.439274 -0.134708 0)
(0.409674 -0.16787 0)
(0.376655 -0.208391 0)
(0.339565 -0.259182 0)
(0.297428 -0.324047 0)
(0.248884 -0.407894 0)
(0.192207 -0.516953 0)
(0.125628 -0.658748 0)
(0.0486542 -0.839832 0)
(-0.0342932 -1.0534 0)
(-0.0993165 -1.2272 0)
(-0.101815 -1.14942 0)
(-0.0223362 -0.55667 0)
(-0.00435783 0.06697 0)
(-0.025235 0.165923 0)
(-0.0427475 0.236202 0)
(-0.0509808 0.285054 0)
(-0.0472463 0.31901 0)
(-0.0323536 0.342187 0)
(-0.00813282 0.357127 0)
(0.0233841 0.365534 0)
(0.0602813 0.368651 0)
(0.100907 0.367451 0)
(0.143869 0.362717 0)
(0.188029 0.355063 0)
(0.232461 0.344971 0)
(0.276403 0.332824 0)
(0.319227 0.318932 0)
(0.360404 0.303558 0)
(0.399495 0.286941 0)
(0.436137 0.269304 0)
(0.470036 0.250863 0)
(0.500964 0.23183 0)
(0.528753 0.212406 0)
(0.553289 0.192782 0)
(0.574509 0.173131 0)
(0.592389 0.153604 0)
(0.606939 0.134328 0)
(0.618199 0.115398 0)
(0.626226 0.0968823 0)
(0.631093 0.0788129 0)
(0.632882 0.061187 0)
(0.631677 0.043961 0)
(0.627564 0.0270442 0)
(0.620621 0.0102888 0)
(0.610922 -0.00652724 0)
(0.598487 -0.0237161 0)
(0.583332 -0.0417163 0)
(0.565422 -0.0611247 0)
(0.544648 -0.0827499 0)
(0.520796 -0.107685 0)
(0.493508 -0.137401 0)
(0.462219 -0.173862 0)
(0.426092 -0.219676 0)
(0.383936 -0.278269 0)
(0.334133 -0.354136 0)
(0.274614 -0.453212 0)
(0.203019 -0.583403 0)
(0.117635 -0.754146 0)
(0.0203649 -0.968366 0)
(-0.0711645 -1.18086 0)
(-0.106869 -1.1832 0)
(-0.0312071 -0.621143 0)
(-0.00798178 0.085523 0)
(-0.0429406 0.191236 0)
(-0.0702743 0.253494 0)
(-0.0837169 0.289366 0)
(-0.0812427 0.310241 0)
(-0.0649961 0.322073 0)
(-0.0377756 0.327939 0)
(-0.00227024 0.329522 0)
(0.0391633 0.327806 0)
(0.0845836 0.323437 0)
(0.132423 0.31689 0)
(0.181421 0.308513 0)
(0.230586 0.298576 0)
(0.279127 0.287296 0)
(0.326406 0.274855 0)
(0.371908 0.261413 0)
(0.415214 0.24712 0)
(0.455983 0.232126 0)
(0.493948 0.216579 0)
(0.528906 0.200627 0)
(0.560707 0.184418 0)
(0.589257 0.168089 0)
(0.614506 0.15177 0)
(0.63644 0.135576 0)
(0.65508 0.119601 0)
(0.670473 0.10392 0)
(0.68268 0.0885814 0)
(0.691779 0.0736081 0)
(0.69785 0.0589918 0)
(0.700977 0.0446897 0)
(0.701233 0.0306179 0)
(0.69868 0.0166426 0)
(0.693361 0.00256802 0)
(0.685282 -0.0118847 0)
(0.674388 -0.0271032 0)
(0.660575 -0.0436158 0)
(0.643644 -0.0621318 0)
(0.623265 -0.0836044 0)
(0.598934 -0.109311 0)
(0.569908 -0.140956 0)
(0.535134 -0.180807 0)
(0.493162 -0.231875 0)
(0.442065 -0.298182 0)
(0.379391 -0.385224 0)
(0.302201 -0.500862 0)
(0.207604 -0.656361 0)
(0.0949865 -0.862853 0)
(-0.0239674 -1.10098 0)
(-0.10306 -1.19179 0)
(-0.0434062 -0.690344 0)
(-0.0141412 0.117359 0)
(-0.0689566 0.230341 0)
(-0.105637 0.278396 0)
(-0.120979 0.29593 0)
(-0.115855 0.300264 0)
(-0.094709 0.298692 0)
(-0.0615426 0.294327 0)
(-0.0197189 0.288492 0)
(0.0280515 0.281697 0)
(0.0796433 0.274121 0)
(0.133432 0.265832 0)
(0.188135 0.256861 0)
(0.242769 0.24723 0)
(0.29657 0.236969 0)
(0.348934 0.226114 0)
(0.399384 0.214713 0)
(0.447538 0.202827 0)
(0.493092 0.190528 0)
(0.535813 0.177898 0)
(0.575521 0.165028 0)
(0.612091 0.152011 0)
(0.645442 0.138942 0)
(0.675533 0.125908 0)
(0.702356 0.112991 0)
(0.725931 0.100259 0)
(0.7463 0.087765 0)
(0.76352 0.0755458 0)
(0.777657 0.0636158 0)
(0.78878 0.0519659 0)
(0.796956 0.0405589 0)
(0.802238 0.0293239 0)
(0.804664 0.0181483 0)
(0.804241 0.00686827 0)
(0.800944 -0.00474781 0)
(0.794672 -0.0170215 0)
(0.785251 -0.030392 0)
(0.7724 -0.0454477 0)
(0.755684 -0.0629744 0)
(0.734463 -0.0840228 0)
(0.707825 -0.109997 0)
(0.674499 -0.142779 0)
(0.63276 -0.184899 0)
(0.580332 -0.239827 0)
(0.514308 -0.312494 0)
(0.431129 -0.410384 0)
(0.326793 -0.545609 0)
(0.198009 -0.735683 0)
(0.0519321 -0.983576 0)
(-0.0796945 -1.16326 0)
(-0.0574809 -0.764194 0)
(-0.0237914 0.170751 0)
(-0.103188 0.284724 0)
(-0.14172 0.306319 0)
(-0.14821 0.298535 0)
(-0.130863 0.28327 0)
(-0.097241 0.267171 0)
(-0.0523378 0.252419 0)
(0.000124839 0.239474 0)
(0.0573597 0.228078 0)
(0.117368 0.217785 0)
(0.178694 0.208198 0)
(0.24023 0.199011 0)
(0.301143 0.19 0)
(0.360793 0.181008 0)
(0.418682 0.171931 0)
(0.474414 0.162711 0)
(0.527678 0.153324 0)
(0.578225 0.143773 0)
(0.625861 0.134082 0)
(0.670439 0.12429 0)
(0.711853 0.114448 0)
(0.750035 0.104608 0)
(0.784946 0.0948272 0)
(0.816579 0.0851577 0)
(0.844948 0.0756457 0)
(0.870085 0.0663281 0)
(0.892035 0.0572296 0)
(0.910852 0.0483604 0)
(0.926591 0.0397127 0)
(0.939304 0.0312576 0)
(0.949028 0.0229401 0)
(0.955784 0.0146732 0)
(0.959558 0.00632957 0)
(0.960296 -0.00226972 0)
(0.957878 -0.0113703 0)
(0.952087 -0.0213055 0)
(0.942584 -0.0325222 0)
(0.928863 -0.0456156 0)
(0.910191 -0.0613791 0)
(0.88553 -0.0808745 0)
(0.853442 -0.105534 0)
(0.811963 -0.137323 0)
(0.758469 -0.179025 0)
(0.689531 -0.234794 0)
(0.600794 -0.311362 0)
(0.486968 -0.42072 0)
(0.342225 -0.584377 0)
(0.168831 -0.82621 0)
(-0.0219636 -1.08245 0)
(-0.0701771 -0.8525 0)
(-0.0380828 0.260323 0)
(-0.133765 0.34688 0)
(-0.145084 0.319205 0)
(-0.115103 0.280818 0)
(-0.0657861 0.246759 0)
(-0.00614483 0.218111 0)
(0.0596287 0.195306 0)
(0.12855 0.177539 0)
(0.198651 0.163487 0)
(0.268728 0.152028 0)
(0.337998 0.142356 0)
(0.40589 0.133897 0)
(0.471974 0.12623 0)
(0.535914 0.119056 0)
(0.597444 0.112172 0)
(0.656341 0.105443 0)
(0.712423 0.0987855 0)
(0.765537 0.0921539 0)
(0.81556 0.0855302 0)
(0.862394 0.0789163 0)
(0.90597 0.0723283 0)
(0.946242 0.0657906 0)
(0.983188 0.0593322 0)
(1.01681 0.0529826 0)
(1.04712 0.0467689 0)
(1.07416 0.0407134 0)
(1.09798 0.0348308 0)
(1.11864 0.0291264 0)
(1.13618 0.0235935 0)
(1.15066 0.0182111 0)
(1.16213 0.0129406 0)
(1.17061 0.00772134 0)
(1.17609 0.0024647 0)
(1.17852 -0.00295294 0)
(1.17776 -0.00869481 0)
(1.17361 -0.0149805 0)
(1.1657 -0.0221042 0)
(1.15352 -0.0304565 0)
(1.13631 -0.0405546 0)
(1.11301 -0.0530887 0)
(1.08211 -0.0689947 0)
(1.04157 -0.0895807 0)
(0.988544 -0.116768 0)
(0.919178 -0.153599 0)
(0.82818 -0.205384 0)
(0.708391 -0.282497 0)
(0.550395 -0.406752 0)
(0.348096 -0.617561 0)
(0.087836 -0.919399 0)
(-0.0645774 -0.923746 0)
(-0.0421285 0.376231 0)
(-0.082072 0.38015 0)
(0.0143205 0.279125 0)
(0.129701 0.219091 0)
(0.235453 0.177044 0)
(0.332341 0.143852 0)
(0.422664 0.11911 0)
(0.506893 0.10143 0)
(0.585537 0.0885921 0)
(0.659372 0.0789182 0)
(0.729047 0.0713715 0)
(0.794994 0.0652748 0)
(0.85749 0.060152 0)
(0.916718 0.0556719 0)
(0.972785 0.0516112 0)
(1.02574 0.0478216 0)
(1.07561 0.044207 0)
(1.12238 0.040708 0)
(1.16605 0.0372912 0)
(1.20659 0.0339415 0)
(1.24401 0.0306562 0)
(1.27831 0.0274408 0)
(1.3095 0.0243049 0)
(1.33762 0.0212601 0)
(1.36272 0.0183172 0)
(1.38487 0.015485 0)
(1.40412 0.0127684 0)
(1.42055 0.010167 0)
(1.43426 0.00767443 0)
(1.4453 0.0052763 0)
(1.45373 0.00294892 0)
(1.45961 0.000657282 0)
(1.46294 -0.00164722 0)
(1.46368 -0.00402881 0)
(1.46172 -0.00657345 0)
(1.45686 -0.00939367 0)
(1.44881 -0.0126377 0)
(1.4371 -0.016499 0)
(1.42104 -0.0212299 0)
(1.39969 -0.0271634 0)
(1.37171 -0.0347501 0)
(1.33523 -0.0446279 0)
(1.28765 -0.0577669 0)
(1.22525 -0.0757926 0)
(1.14246 -0.101763 0)
(1.03057 -0.142183 0)
(0.874965 -0.212713 0)
(0.653269 -0.352173 0)
(0.319172 -0.620923 0)
(0.0717389 -0.799247 0)
(0.396976 0.21112 0)
(0.568608 0.208677 0)
(0.780306 0.130628 0)
(0.966605 0.0799659 0)
(1.09821 0.0529471 0)
(1.19436 0.0366121 0)
(1.2708 0.0259115 0)
(1.33402 0.0189548 0)
(1.38747 0.0144326 0)
(1.43383 0.0114091 0)
(1.47496 0.0093155 0)
(1.51206 0.00781349 0)
(1.54588 0.00668916 0)
(1.57693 0.00580433 0)
(1.60554 0.00507148 0)
(1.63192 0.00443608 0)
(1.6562 0.00386458 0)
(1.67848 0.00333684 0)
(1.69882 0.0028415 0)
(1.71727 0.00237288 0)
(1.73388 0.00192878 0)
(1.74868 0.00150906 0)
(1.76174 0.00111455 0)
(1.7731 0.000746372 0)
(1.78282 0.00040535 0)
(1.79099 9.16811e-05 0)
(1.79766 -0.000195353 0)
(1.80291 -0.000457585 0)
(1.8068 -0.000698144 0)
(1.8094 -0.000921655 0)
(1.81076 -0.00113456 0)
(1.8109 -0.00134525 0)
(1.80984 -0.00156396 0)
(1.80755 -0.00180367 0)
(1.80395 -0.00208094 0)
(1.79892 -0.00241672 0)
(1.79225 -0.00283765 0)
(1.78366 -0.0033773 0)
(1.77272 -0.00407808 0)
(1.75885 -0.00499466 0)
(1.74125 -0.00620034 0)
(1.71884 -0.0078003 0)
(1.69008 -0.00996105 0)
(1.65274 -0.0129787 0)
(1.60325 -0.0174485 0)
(1.53533 -0.0246804 0)
(1.43568 -0.0379697 0)
(1.27353 -0.0671952 0)
(0.981866 -0.163807 0)
(0.771516 -0.304401 0)
)
;

boundaryField
{
    movingWall
    {
        type            fixedValue;
        value           uniform (2 0 0);
    }
    fixedWalls
    {
        type            fixedValue;
        value           uniform (0 0 0);
    }
    frontAndBack
    {
        type            empty;
    }
}


// ************************************************************************* //
