/*--------------------------------*- C++ -*----------------------------------*\
  =========                 |
  \\      /  F ield         | OpenFOAM: The Open Source CFD Toolbox
   \\    /   O peration     | Website:  https://openfoam.org
    \\  /    A nd           | Version:  7
     \\/     M anipulation  |
\*---------------------------------------------------------------------------*/
FoamFile
{
    version     2.0;
    format      ascii;
    class       volVectorField;
    location    "1450";
    object      U;
}
// * * * * * * * * * * * * * * * * * * * * * * * * * * * * * * * * * * * * * //

dimensions      [0 1 -1 0 0 0 0];

internalField   nonuniform List<vector> 
2500
(
(0.000206993 -0.0002017 0)
(0.0018654 -0.000571418 0)
(0.00447387 -0.000697917 0)
(0.00716302 -0.00060015 0)
(0.00922918 -0.000419021 0)
(0.0104505 -0.000264346 0)
(0.0109304 -0.000188007 0)
(0.0108813 -0.000185876 0)
(0.0104508 -0.000219861 0)
(0.00963442 -0.000245426 0)
(0.00828289 -0.000228682 0)
(0.00616391 -0.000150775 0)
(0.00302021 -2.66075e-06 0)
(-0.00139193 0.000221041 0)
(-0.00727713 0.00052347 0)
(-0.0147679 0.000908162 0)
(-0.0238867 0.00137512 0)
(-0.0345035 0.00191272 0)
(-0.0463004 0.00248775 0)
(-0.0587514 0.00303791 0)
(-0.0711281 0.00347342 0)
(-0.0825369 0.00368971 0)
(-0.0919888 0.00358836 0)
(-0.0985012 0.00310419 0)
(-0.101209 0.00223146 0)
(-0.0994377 0.00102822 0)
(-0.09292 -0.000374684 0)
(-0.081729 -0.00181165 0)
(-0.0663323 -0.00310913 0)
(-0.0475869 -0.00410028 0)
(-0.0267119 -0.00464011 0)
(-0.00518924 -0.0046059 0)
(0.0154552 -0.00393562 0)
(0.0337515 -0.00278431 0)
(0.0483927 -0.00137132 0)
(0.0584231 0.000125671 0)
(0.0634629 0.00149687 0)
(0.0637246 0.0025342 0)
(0.0600147 0.00311183 0)
(0.0534987 0.0032248 0)
(0.0454084 0.00298642 0)
(0.0368471 0.00254958 0)
(0.0286517 0.0020487 0)
(0.0213421 0.00157435 0)
(0.0151479 0.00117424 0)
(0.0100801 0.000863428 0)
(0.00602915 0.000631249 0)
(0.00290121 0.000436031 0)
(0.000795365 0.000192797 0)
(-8.20198e-05 -8.74202e-05 0)
(0.000565981 -0.00181922 0)
(0.00437423 -0.00431709 0)
(0.00958163 -0.00511721 0)
(0.0146036 -0.00444086 0)
(0.0181613 -0.00299838 0)
(0.0197682 -0.00145779 0)
(0.0194627 -0.000192413 0)
(0.0174562 0.000765694 0)
(0.0138338 0.00162535 0)
(0.00840663 0.00266527 0)
(0.000737885 0.00410275 0)
(-0.00972862 0.00604372 0)
(-0.023522 0.00849236 0)
(-0.0410046 0.0113816 0)
(-0.0622566 0.0145731 0)
(-0.0869709 0.0178411 0)
(-0.114389 0.0208652 0)
(-0.143318 0.0232532 0)
(-0.172235 0.0245964 0)
(-0.199458 0.0245374 0)
(-0.223333 0.0228295 0)
(-0.242379 0.0193729 0)
(-0.255397 0.0142317 0)
(-0.261529 0.00763864 0)
(-0.260303 -1.63973e-05 0)
(-0.25165 -0.00821732 0)
(-0.235764 -0.0163938 0)
(-0.213093 -0.0239918 0)
(-0.184405 -0.0304484 0)
(-0.150788 -0.0352297 0)
(-0.113652 -0.0378734 0)
(-0.074694 -0.0380361 0)
(-0.0358248 -0.0355732 0)
(0.00102157 -0.0306676 0)
(0.0340001 -0.023818 0)
(0.0614339 -0.0157505 0)
(0.0820059 -0.00728611 0)
(0.094995 0.000692624 0)
(0.100266 0.00734235 0)
(0.0984338 0.0120809 0)
(0.0909532 0.0147109 0)
(0.0796104 0.0154341 0)
(0.0662314 0.0147151 0)
(0.0524143 0.0131076 0)
(0.039337 0.0111172 0)
(0.027694 0.0091104 0)
(0.0177735 0.00724887 0)
(0.00968233 0.0054347 0)
(0.00372627 0.00334325 0)
(0.000329299 0.000918486 0)
(0.000785706 -0.00449582 0)
(0.00568834 -0.00969549 0)
(0.0117177 -0.0109175 0)
(0.0169065 -0.00900595 0)
(0.0197639 -0.00542404 0)
(0.0197129 -0.00146968 0)
(0.0166712 0.00215277 0)
(0.0106365 0.00542334 0)
(0.00138374 0.00878113 0)
(-0.0116189 0.0127925 0)
(-0.0290844 0.0178435 0)
(-0.0516403 0.0240114 0)
(-0.0795921 0.0310846 0)
(-0.11271 0.0385994 0)
(-0.150121 0.0458757 0)
(-0.190349 0.0520948 0)
(-0.231506 0.0564331 0)
(-0.271556 0.0582043 0)
(-0.308575 0.0569622 0)
(-0.340938 0.052541 0)
(-0.367407 0.0450396 0)
(-0.387137 0.0347732 0)
(-0.399614 0.0222149 0)
(-0.404581 0.00794557 0)
(-0.401961 -0.00738514 0)
(-0.391728 -0.0230955 0)
(-0.37392 -0.0384739 0)
(-0.348809 -0.0527313 0)
(-0.31688 -0.0650323 0)
(-0.278899 -0.0745389 0)
(-0.235955 -0.0804776 0)
(-0.189488 -0.0822383 0)
(-0.141256 -0.0794902 0)
(-0.0932649 -0.0722892 0)
(-0.0476248 -0.0611838 0)
(-0.00633047 -0.0471792 0)
(0.0288943 -0.0315666 0)
(0.0566919 -0.0157934 0)
(0.0763708 -0.00114983 0)
(0.0876576 0.0111677 0)
(0.0908151 0.0202516 0)
(0.0870969 0.0257383 0)
(0.0782083 0.02786 0)
(0.0660393 0.0273064 0)
(0.05239 0.0249762 0)
(0.0387215 0.0217247 0)
(0.0260341 0.0181223 0)
(0.014968 0.0142393 0)
(0.00625652 0.00958315 0)
(0.000705218 0.00358675 0)
(0.000917681 -0.00772727 0)
(0.00606835 -0.0155929 0)
(0.0115463 -0.0165383 0)
(0.0151639 -0.012452 0)
(0.0154181 -0.0057337 0)
(0.01175 0.00169968 0)
(0.00393516 0.00894269 0)
(-0.00837524 0.0161038 0)
(-0.0258464 0.0239458 0)
(-0.0492936 0.0332198 0)
(-0.0793544 0.0442056 0)
(-0.116126 0.0565625 0)
(-0.158942 0.0694146 0)
(-0.206348 0.0815393 0)
(-0.256305 0.0916077 0)
(-0.30653 0.0984342 0)
(-0.35485 0.101171 0)
(-0.399455 0.0993953 0)
(-0.439013 0.0930951 0)
(-0.472648 0.0825709 0)
(-0.499833 0.0683224 0)
(-0.520268 0.0509481 0)
(-0.533764 0.0310787 0)
(-0.540156 0.00934977 0)
(-0.539281 -0.0135795 0)
(-0.530954 -0.0369777 0)
(-0.515051 -0.0599952 0)
(-0.491546 -0.0816671 0)
(-0.460541 -0.10093 0)
(-0.422355 -0.116643 0)
(-0.377612 -0.127667 0)
(-0.327328 -0.133001 0)
(-0.272972 -0.131953 0)
(-0.216478 -0.12432 0)
(-0.160164 -0.110532 0)
(-0.106512 -0.0917009 0)
(-0.0578692 -0.0695274 0)
(-0.0161054 -0.0460145 0)
(0.0175848 -0.0230764 0)
(0.0426116 -0.00245555 0)
(0.0589127 0.0146113 0)
(0.0667482 0.0272006 0)
(0.0672296 0.0349375 0)
(0.0619122 0.0381638 0)
(0.0525859 0.0377837 0)
(0.0410421 0.0349326 0)
(0.0288317 0.030568 0)
(0.0171898 0.0250318 0)
(0.00742137 0.0177401 0)
(0.000862114 0.00736596 0)
(0.000999761 -0.0110184 0)
(0.00561093 -0.0208282 0)
(0.00922907 -0.0203489 0)
(0.00967815 -0.0129023 0)
(0.00561995 -0.00193604 0)
(-0.00346428 0.0101268 0)
(-0.0180392 0.0223857 0)
(-0.0388602 0.0352841 0)
(-0.0668612 0.0497619 0)
(-0.102694 0.0663449 0)
(-0.146258 0.0846605 0)
(-0.196476 0.103478 0)
(-0.251412 0.121067 0)
(-0.308616 0.135634 0)
(-0.365584 0.145692 0)
(-0.420136 0.150291 0)
(-0.470627 0.149062 0)
(-0.515974 0.142133 0)
(-0.555547 0.129957 0)
(-0.589018 0.113152 0)
(-0.616227 0.0923894 0)
(-0.637097 0.0683343 0)
(-0.651562 0.0416221 0)
(-0.659535 0.0128742 0)
(-0.660914 -0.0172552 0)
(-0.655572 -0.0480312 0)
(-0.643298 -0.078596 0)
(-0.623807 -0.107945 0)
(-0.596804 -0.134899 0)
(-0.562066 -0.158096 0)
(-0.519548 -0.17606 0)
(-0.469537 -0.187327 0)
(-0.412839 -0.190649 0)
(-0.350938 -0.185247 0)
(-0.286042 -0.171101 0)
(-0.220984 -0.149145 0)
(-0.158929 -0.121273 0)
(-0.102879 -0.0900855 0)
(-0.0551253 -0.0584356 0)
(-0.016854 -0.0288416 0)
(0.0118094 -0.00307896 0)
(0.0312447 0.0176506 0)
(0.0420053 0.0326773 0)
(0.0452954 0.041847 0)
(0.0426346 0.0456983 0)
(0.0357492 0.0452995 0)
(0.0264022 0.0417601 0)
(0.016252 0.0356004 0)
(0.00711033 0.0261578 0)
(0.000796543 0.0113832 0)
(0.000995757 -0.0139234 0)
(0.00416199 -0.0242952 0)
(0.00458135 -0.0208791 0)
(0.000396311 -0.00872693 0)
(-0.00946617 0.00765948 0)
(-0.0255685 0.0255982 0)
(-0.0486538 0.0444877 0)
(-0.0797023 0.065001 0)
(-0.119428 0.0877948 0)
(-0.167649 0.112556 0)
(-0.22302 0.13783 0)
(-0.283237 0.161462 0)
(-0.345535 0.181234 0)
(-0.407221 0.195367 0)
(-0.466073 0.20279 0)
(-0.520506 0.203158 0)
(-0.569546 0.196694 0)
(-0.612688 0.183979 0)
(-0.649733 0.165754 0)
(-0.680682 0.142799 0)
(-0.705662 0.115873 0)
(-0.724878 0.0856806 0)
(-0.738542 0.0528625 0)
(-0.746843 0.0180245 0)
(-0.7499 -0.0182316 0)
(-0.74772 -0.0552886 0)
(-0.740093 -0.0924482 0)
(-0.726576 -0.128833 0)
(-0.706564 -0.163328 0)
(-0.679299 -0.194539 0)
(-0.643975 -0.220808 0)
(-0.599938 -0.24027 0)
(-0.546953 -0.251032 0)
(-0.485477 -0.251487 0)
(-0.416917 -0.240717 0)
(-0.343804 -0.218885 0)
(-0.269715 -0.187498 0)
(-0.198843 -0.149411 0)
(-0.135239 -0.108394 0)
(-0.0819025 -0.0683261 0)
(-0.0401242 -0.0323274 0)
(-0.00952925 -0.00226059 0)
(0.0110498 0.0211424 0)
(0.0228037 0.0376004 0)
(0.027161 0.0473294 0)
(0.0257851 0.0511112 0)
(0.0204667 0.04994 0)
(0.013079 0.0443207 0)
(0.0057497 0.0334782 0)
(0.000591068 0.0148945 0)
(0.000839929 -0.0158649 0)
(0.00148434 -0.024771 0)
(-0.00259488 -0.0166955 0)
(-0.0126851 0.00144915 0)
(-0.0295708 0.0244039 0)
(-0.0539264 0.0495716 0)
(-0.0866517 0.0766436 0)
(-0.128506 0.106084 0)
(-0.179364 0.137644 0)
(-0.237797 0.169779 0)
(-0.30128 0.200008 0)
(-0.366779 0.225698 0)
(-0.431381 0.244733 0)
(-0.492722 0.255852 0)
(-0.549144 0.258661 0)
(-0.59965 0.253441 0)
(-0.643765 0.240899 0)
(-0.68139 0.221944 0)
(-0.712701 0.197546 0)
(-0.738087 0.168655 0)
(-0.758083 0.136144 0)
(-0.773272 0.100763 0)
(-0.784222 0.0631345 0)
(-0.791422 0.0237914 0)
(-0.79521 -0.016817 0)
(-0.79572 -0.0582957 0)
(-0.79285 -0.100213 0)
(-0.786167 -0.141964 0)
(-0.774934 -0.182702 0)
(-0.758059 -0.221252 0)
(-0.734172 -0.256021 0)
(-0.701777 -0.284967 0)
(-0.659476 -0.305723 0)
(-0.606292 -0.315852 0)
(-0.54214 -0.313254 0)
(-0.468294 -0.296703 0)
(-0.387665 -0.266447 0)
(-0.304742 -0.224632 0)
(-0.225053 -0.175283 0)
(-0.154071 -0.123631 0)
(-0.0957985 -0.0748649 0)
(-0.0516951 -0.0327798 0)
(-0.0207457 0.000870449 0)
(-0.00074212 0.0259498 0)
(0.010311 0.0427903 0)
(0.0143162 0.0520141 0)
(0.0132094 0.0544181 0)
(0.00901423 0.0503553 0)
(0.00400125 0.0389282 0)
(0.000362289 0.0174929 0)
(0.00046517 -0.0160981 0)
(-0.00257261 -0.0209752 0)
(-0.0122834 -0.00661991 0)
(-0.0292314 0.0186563 0)
(-0.0539472 0.0492693 0)
(-0.0871824 0.0828747 0)
(-0.129661 0.11912 0)
(-0.181392 0.157659 0)
(-0.241051 0.19694 0)
(-0.306052 0.234252 0)
(-0.373158 0.266547 0)
(-0.439201 0.291287 0)
(-0.501576 0.306907 0)
(-0.558441 0.312872 0)
(-0.608679 0.309471 0)
(-0.651783 0.297537 0)
(-0.687731 0.278198 0)
(-0.716878 0.252696 0)
(-0.739873 0.222262 0)
(-0.757567 0.188028 0)
(-0.770885 0.150946 0)
(-0.780719 0.111752 0)
(-0.787873 0.0709873 0)
(-0.792996 0.0290278 0)
(-0.79654 -0.0138943 0)
(-0.798754 -0.0576233 0)
(-0.799688 -0.102011 0)
(-0.799053 -0.146806 0)
(-0.796211 -0.191568 0)
(-0.790102 -0.23552 0)
(-0.779235 -0.277405 0)
(-0.76168 -0.315385 0)
(-0.73516 -0.347028 0)
(-0.69736 -0.369388 0)
(-0.64645 -0.379285 0)
(-0.581697 -0.37388 0)
(-0.504109 -0.351466 0)
(-0.416957 -0.312301 0)
(-0.325819 -0.25921 0)
(-0.237859 -0.197616 0)
(-0.160272 -0.134599 0)
(-0.0982342 -0.0770028 0)
(-0.0533103 -0.029374 0)
(-0.0235756 0.00687061 0)
(-0.00555763 0.0324497 0)
(0.00361685 0.0482942 0)
(0.00646005 0.0552487 0)
(0.00529045 0.0535884 0)
(0.00248803 0.0423772 0)
(0.000209286 0.0191574 0)
(-0.000171715 -0.0137886 0)
(-0.00796432 -0.0118341 0)
(-0.0241191 0.0101976 0)
(-0.0484343 0.0435003 0)
(-0.0812279 0.0826349 0)
(-0.123136 0.125384 0)
(-0.174297 0.170817 0)
(-0.233639 0.217339 0)
(-0.298698 0.262098 0)
(-0.366137 0.301643 0)
(-0.432537 0.332911 0)
(-0.494991 0.35389 0)
(-0.551384 0.363774 0)
(-0.600413 0.362786 0)
(-0.641498 0.351869 0)
(-0.674671 0.332398 0)
(-0.70046 0.305949 0)
(-0.719769 0.274107 0)
(-0.733729 0.238328 0)
(-0.743539 0.199832 0)
(-0.750329 0.159535 0)
(-0.755086 0.118063 0)
(-0.758619 0.0757966 0)
(-0.761528 0.0329083 0)
(-0.764247 -0.0105711 0)
(-0.767088 -0.0546744 0)
(-0.77019 -0.0994826 0)
(-0.773463 -0.145058 0)
(-0.776574 -0.191337 0)
(-0.778848 -0.238 0)
(-0.77913 -0.284337 0)
(-0.775625 -0.329083 0)
(-0.765856 -0.370231 0)
(-0.746812 -0.404888 0)
(-0.715266 -0.429363 0)
(-0.668357 -0.439565 0)
(-0.604489 -0.431711 0)
(-0.524346 -0.403379 0)
(-0.43163 -0.354714 0)
(-0.333159 -0.289372 0)
(-0.237974 -0.214568 0)
(-0.155217 -0.139712 0)
(-0.0912447 -0.0736219 0)
(-0.0473994 -0.0215326 0)
(-0.020427 0.0158059 0)
(-0.00547048 0.0401154 0)
(0.00120609 0.0527799 0)
(0.00267474 0.0543881 0)
(0.0016063 0.0442026 0)
(0.000183957 0.0201686 0)
(-0.00107238 -0.00816844 0)
(-0.0144148 0.00340158 0)
(-0.0373652 0.0341367 0)
(-0.0690397 0.0760386 0)
(-0.109494 0.124125 0)
(-0.158983 0.175938 0)
(-0.216764 0.229503 0)
(-0.280678 0.281864 0)
(-0.347453 0.329206 0)
(-0.413476 0.367863 0)
(-0.475518 0.395203 0)
(-0.531136 0.409978 0)
(-0.57878 0.412221 0)
(-0.617753 0.402933 0)
(-0.648109 0.383735 0)
(-0.670536 0.356574 0)
(-0.68618 0.323448 0)
(-0.696434 0.286195 0)
(-0.702736 0.246338 0)
(-0.706386 0.205005 0)
(-0.708458 0.162933 0)
(-0.70978 0.120542 0)
(-0.710943 0.0780009 0)
(-0.71234 0.0352986 0)
(-0.714276 -0.00766671 0)
(-0.717017 -0.0510412 0)
(-0.720696 -0.0950223 0)
(-0.725411 -0.139823 0)
(-0.731181 -0.185609 0)
(-0.737838 -0.232443 0)
(-0.74483 -0.280191 0)
(-0.751024 -0.328329 0)
(-0.754527 -0.375641 0)
(-0.752522 -0.419941 0)
(-0.741271 -0.457883 0)
(-0.716488 -0.484961 0)
(-0.674182 -0.495905 0)
(-0.611839 -0.48566 0)
(-0.529742 -0.45089 0)
(-0.432073 -0.391671 0)
(-0.32716 -0.312797 0)
(-0.226232 -0.223846 0)
(-0.140478 -0.137179 0)
(-0.0771156 -0.0638185 0)
(-0.0365902 -0.00930808 0)
(-0.0137803 0.026806 0)
(-0.00262576 0.04715 0)
(0.00130395 0.0532518 0)
(0.00144715 0.0450203 0)
(0.000288225 0.0209464 0)
(-0.00217953 0.00130967 0)
(-0.0214257 0.02502 0)
(-0.0510199 0.0650592 0)
(-0.0894982 0.11574 0)
(-0.136547 0.172607 0)
(-0.19181 0.232554 0)
(-0.253589 0.292326 0)
(-0.318879 0.347801 0)
(-0.384011 0.394672 0)
(-0.445466 0.429521 0)
(-0.500439 0.450439 0)
(-0.547071 0.457082 0)
(-0.584481 0.450387 0)
(-0.612696 0.432181 0)
(-0.632514 0.404791 0)
(-0.645297 0.370677 0)
(-0.652695 0.33212 0)
(-0.656369 0.29099 0)
(-0.657769 0.248651 0)
(-0.658022 0.205955 0)
(-0.657913 0.163348 0)
(-0.65794 0.120985 0)
(-0.658376 0.0788354 0)
(-0.659356 0.0367703 0)
(-0.660999 -0.00537214 0)
(-0.663449 -0.0477666 0)
(-0.666797 -0.0905991 0)
(-0.67123 -0.134066 0)
(-0.67698 -0.178388 0)
(-0.684247 -0.223824 0)
(-0.693081 -0.270625 0)
(-0.703216 -0.31888 0)
(-0.71379 -0.368287 0)
(-0.722959 -0.417805 0)
(-0.727607 -0.465201 0)
(-0.723325 -0.506624 0)
(-0.7048 -0.536518 0)
(-0.666772 -0.548159 0)
(-0.605636 -0.534952 0)
(-0.521342 -0.492476 0)
(-0.41886 -0.42088 0)
(-0.308419 -0.326722 0)
(-0.20374 -0.222888 0)
(-0.117977 -0.1254 0)
(-0.0584554 -0.0473755 0)
(-0.0236437 0.00624362 0)
(-0.00618884 0.0377617 0)
(0.000679811 0.0503915 0)
(0.00181015 0.0453563 0)
(0.000485826 0.0218741 0)
(-0.00335789 0.0148793 0)
(-0.0283503 0.0528198 0)
(-0.0639637 0.10234 0)
(-0.108201 0.161519 0)
(-0.160269 0.22636 0)
(-0.219096 0.292806 0)
(-0.282159 0.356346 0)
(-0.345943 0.412056 0)
(-0.406745 0.455602 0)
(-0.461398 0.484162 0)
(-0.507675 0.49675 0)
(-0.54442 0.494038 0)
(-0.571535 0.477937 0)
(-0.589851 0.451125 0)
(-0.600889 0.416556 0)
(-0.606525 0.377018 0)
(-0.608641 0.334809 0)
(-0.608841 0.291567 0)
(-0.608311 0.248284 0)
(-0.607796 0.205425 0)
(-0.607686 0.163102 0)
(-0.608123 0.121231 0)
(-0.609101 0.0796479 0)
(-0.610556 0.0381754 0)
(-0.612448 -0.00334617 0)
(-0.614817 -0.0450484 0)
(-0.617715 -0.0870356 0)
(-0.621295 -0.129409 0)
(-0.625806 -0.172325 0)
(-0.631575 -0.216026 0)
(-0.638998 -0.260845 0)
(-0.648443 -0.307191 0)
(-0.660002 -0.355443 0)
(-0.673126 -0.405668 0)
(-0.686176 -0.457098 0)
(-0.695925 -0.507449 0)
(-0.697308 -0.552302 0)
(-0.683818 -0.584866 0)
(-0.648821 -0.596574 0)
(-0.587689 -0.578897 0)
(-0.500251 -0.526287 0)
(-0.39271 -0.439519 0)
(-0.277807 -0.328019 0)
(-0.172116 -0.209264 0)
(-0.0902939 -0.103563 0)
(-0.0383209 -0.0252698 0)
(-0.0113366 0.0229101 0)
(-0.000154217 0.045368 0)
(0.00229729 0.0453549 0)
(0.000720656 0.0231566 0)
(-0.00444349 0.0323883 0)
(-0.0345359 0.0861365 0)
(-0.0751396 0.144923 0)
(-0.123721 0.211871 0)
(-0.178945 0.283347 0)
(-0.239058 0.35422 0)
(-0.300956 0.418932 0)
(-0.360945 0.472178 0)
(-0.415562 0.509984 0)
(-0.462169 0.530386 0)
(-0.499236 0.533477 0)
(-0.526411 0.521036 0)
(-0.544429 0.495978 0)
(-0.554871 0.461744 0)
(-0.559788 0.421702 0)
(-0.561265 0.378669 0)
(-0.561077 0.334659 0)
(-0.560489 0.290852 0)
(-0.56024 0.247758 0)
(-0.560638 0.205441 0)
(-0.561711 0.163739 0)
(-0.563349 0.122422 0)
(-0.565392 0.0812758 0)
(-0.567687 0.0401355 0)
(-0.570128 -0.00111449 0)
(-0.572713 -0.0425377 0)
(-0.575469 -0.0841607 0)
(-0.578455 -0.125999 0)
(-0.581827 -0.1681 0)
(-0.585849 -0.210572 0)
(-0.59093 -0.253631 0)
(-0.597613 -0.297677 0)
(-0.606504 -0.343318 0)
(-0.618076 -0.391259 0)
(-0.632245 -0.441972 0)
(-0.647668 -0.495053 0)
(-0.660997 -0.548238 0)
(-0.666474 -0.596381 0)
(-0.656359 -0.631019 0)
(-0.622555 -0.641247 0)
(-0.559464 -0.616321 0)
(-0.467288 -0.549803 0)
(-0.354336 -0.444129 0)
(-0.236686 -0.313372 0)
(-0.133897 -0.181257 0)
(-0.0609071 -0.0724204 0)
(-0.0200561 -0.00019859 0)
(-0.00226815 0.0369445 0)
(0.00247008 0.0446308 0)
(0.000940067 0.0247547 0)
(-0.00528803 0.053275 0)
(-0.0394217 0.123912 0)
(-0.0836896 0.191434 0)
(-0.134991 0.265061 0)
(-0.191453 0.341491 0)
(-0.250774 0.414568 0)
(-0.309539 0.478 0)
(-0.364151 0.52649 0)
(-0.411581 0.556737 0)
(-0.449838 0.567836 0)
(-0.478172 0.561075 0)
(-0.497059 0.539382 0)
(-0.507996 0.506594 0)
(-0.513108 0.466698 0)
(-0.514659 0.423152 0)
(-0.514604 0.378477 0)
(-0.514332 0.334157 0)
(-0.514613 0.290805 0)
(-0.515717 0.248461 0)
(-0.517594 0.206883 0)
(-0.52005 0.165761 0)
(-0.522871 0.124825 0)
(-0.525872 0.0838859 0)
(-0.528915 0.0428279 0)
(-0.53191 0.00159188 0)
(-0.534862 -0.0398351 0)
(-0.537791 -0.081438 0)
(-0.540686 -0.12319 0)
(-0.543603 -0.165059 0)
(-0.546659 -0.207029 0)
(-0.550079 -0.249153 0)
(-0.554251 -0.291632 0)
(-0.559794 -0.334911 0)
(-0.567554 -0.379757 0)
(-0.578386 -0.42723 0)
(-0.592645 -0.47832 0)
(-0.609329 -0.533045 0)
(-0.625015 -0.589052 0)
(-0.633132 -0.640149 0)
(-0.624442 -0.675665 0)
(-0.589332 -0.681735 0)
(-0.521659 -0.645162 0)
(-0.422909 -0.559378 0)
(-0.30469 -0.430478 0)
(-0.187305 -0.279818 0)
(-0.0928429 -0.138947 0)
(-0.033962 -0.0351827 0)
(-0.00650261 0.0231752 0)
(0.00201282 0.0423141 0)
(0.00111656 0.0264181 0)
(-0.00577017 0.0766339 0)
(-0.0425953 0.164813 0)
(-0.08904 0.240329 0)
(-0.141396 0.319318 0)
(-0.197312 0.398892 0)
(-0.254126 0.472051 0)
(-0.30836 0.532101 0)
(-0.356718 0.574093 0)
(-0.396727 0.595639 0)
(-0.427112 0.597038 0)
(-0.447912 0.580834 0)
(-0.460352 0.551044 0)
(-0.466492 0.512228 0)
(-0.468699 0.46859 0)
(-0.469118 0.423339 0)
(-0.469309 0.378431 0)
(-0.470136 0.334703 0)
(-0.47188 0.292227 0)
(-0.474452 0.250695 0)
(-0.477602 0.209707 0)
(-0.481068 0.16893 0)
(-0.484653 0.128141 0)
(-0.488234 0.087216 0)
(-0.491733 0.0460979 0)
(-0.495115 0.00477006 0)
(-0.498413 -0.0367585 0)
(-0.501652 -0.0784639 0)
(-0.5048 -0.120317 0)
(-0.507852 -0.162264 0)
(-0.510805 -0.204237 0)
(-0.513693 -0.246179 0)
(-0.516654 -0.288084 0)
(-0.520032 -0.3301 0)
(-0.524477 -0.37269 0)
(-0.530993 -0.416807 0)
(-0.540797 -0.463905 0)
(-0.554743 -0.515523 0)
(-0.572157 -0.572121 0)
(-0.589341 -0.631093 0)
(-0.598612 -0.684628 0)
(-0.589029 -0.718931 0)
(-0.549568 -0.716446 0)
(-0.474266 -0.661749 0)
(-0.367342 -0.549924 0)
(-0.245335 -0.394022 0)
(-0.133347 -0.226071 0)
(-0.0540409 -0.0858278 0)
(-0.0133494 0.00164224 0)
(0.000773699 0.0372242 0)
(0.001254 0.027788 0)
(-0.00581434 0.101331 0)
(-0.0438243 0.207359 0)
(-0.090927 0.29003 0)
(-0.142767 0.372992 0)
(-0.196617 0.45397 0)
(-0.249642 0.52537 0)
(-0.298507 0.580418 0)
(-0.340348 0.614779 0)
(-0.373312 0.627156 0)
(-0.396844 0.619134 0)
(-0.411692 0.594489 0)
(-0.419655 0.558158 0)
(-0.423077 0.515121 0)
(-0.424261 0.469458 0)
(-0.424981 0.423838 0)
(-0.426274 0.379516 0)
(-0.428503 0.336707 0)
(-0.431582 0.295072 0)
(-0.435229 0.254119 0)
(-0.439147 0.213432 0)
(-0.443121 0.172745 0)
(-0.447033 0.13192 0)
(-0.450842 0.0909052 0)
(-0.454537 0.049688 0)
(-0.458124 0.0082714 0)
(-0.461662 -0.0333344 0)
(-0.465192 -0.0751146 0)
(-0.468686 -0.11706 0)
(-0.472118 -0.159136 0)
(-0.475438 -0.201283 0)
(-0.478582 -0.243413 0)
(-0.481504 -0.285416 0)
(-0.484247 -0.327219 0)
(-0.487063 -0.368915 0)
(-0.490594 -0.410981 0)
(-0.496019 -0.454551 0)
(-0.504922 -0.501536 0)
(-0.518601 -0.554138 0)
(-0.536582 -0.613208 0)
(-0.554624 -0.675405 0)
(-0.563479 -0.730298 0)
(-0.55016 -0.759763 0)
(-0.502622 -0.74195 0)
(-0.416555 -0.660303 0)
(-0.301076 -0.515043 0)
(-0.179328 -0.33122 0)
(-0.080519 -0.154852 0)
(-0.0231572 -0.0304547 0)
(-0.00128089 0.028029 0)
(0.00137179 0.0284872 0)
(-0.00539729 0.126125 0)
(-0.0430524 0.250043 0)
(-0.0893696 0.339047 0)
(-0.139312 0.424658 0)
(-0.189897 0.505516 0)
(-0.238285 0.573715 0)
(-0.281428 0.622672 0)
(-0.316967 0.648872 0)
(-0.343673 0.652212 0)
(-0.361641 0.635573 0)
(-0.372179 0.603839 0)
(-0.377419 0.562617 0)
(-0.379715 0.516978 0)
(-0.381065 0.470577 0)
(-0.382752 0.425376 0)
(-0.385308 0.381932 0)
(-0.388716 0.339964 0)
(-0.392691 0.298897 0)
(-0.396912 0.258207 0)
(-0.40114 0.217556 0)
(-0.405251 0.176781 0)
(-0.409215 0.135829 0)
(-0.413057 0.0946995 0)
(-0.416806 0.0534039 0)
(-0.420488 0.0119462 0)
(-0.424174 -0.0296734 0)
(-0.427915 -0.0714539 0)
(-0.431695 -0.11341 0)
(-0.435492 -0.155537 0)
(-0.439261 -0.197809 0)
(-0.442924 -0.240163 0)
(-0.446365 -0.282491 0)
(-0.449458 -0.324637 0)
(-0.452144 -0.366459 0)
(-0.454597 -0.407974 0)
(-0.457458 -0.44968 0)
(-0.462066 -0.492968 0)
(-0.470385 -0.540341 0)
(-0.484155 -0.59474 0)
(-0.502866 -0.657188 0)
(-0.521137 -0.722745 0)
(-0.527453 -0.77678 0)
(-0.50668 -0.795271 0)
(-0.446861 -0.752076 0)
(-0.347715 -0.632543 0)
(-0.225982 -0.448179 0)
(-0.112343 -0.242562 0)
(-0.036403 -0.076114 0)
(-0.00422473 0.0132271 0)
(0.00146136 0.0281061 0)
(-0.00454368 0.149774 0)
(-0.0403722 0.291427 0)
(-0.08461 0.386059 0)
(-0.131516 0.473172 0)
(-0.177963 0.552697 0)
(-0.221244 0.616698 0)
(-0.258688 0.659004 0)
(-0.288458 0.677046 0)
(-0.309899 0.671953 0)
(-0.323628 0.647827 0)
(-0.331316 0.610468 0)
(-0.335184 0.565861 0)
(-0.337377 0.518873 0)
(-0.339461 0.472535 0)
(-0.342228 0.428069 0)
(-0.345817 0.385438 0)
(-0.349992 0.34404 0)
(-0.354417 0.303223 0)
(-0.358826 0.262534 0)
(-0.36308 0.221751 0)
(-0.367145 0.180808 0)
(-0.371056 0.139714 0)
(-0.374874 0.098494 0)
(-0.378642 0.0571621 0)
(-0.382384 0.0157129 0)
(-0.38617 -0.0258664 0)
(-0.390057 -0.067587 0)
(-0.394037 -0.109482 0)
(-0.398095 -0.151568 0)
(-0.402208 -0.193853 0)
(-0.406322 -0.236318 0)
(-0.410334 -0.278903 0)
(-0.414087 -0.32148 0)
(-0.417393 -0.363844 0)
(-0.420106 -0.405769 0)
(-0.422317 -0.44721 0)
(-0.424691 -0.48873 0)
(-0.428802 -0.532099 0)
(-0.437059 -0.580615 0)
(-0.451522 -0.638053 0)
(-0.471158 -0.705067 0)
(-0.488576 -0.773463 0)
(-0.489258 -0.822025 0)
(-0.45631 -0.819411 0)
(-0.380112 -0.737 0)
(-0.267983 -0.568456 0)
(-0.146944 -0.346008 0)
(-0.0534025 -0.137551 0)
(-0.00822329 -0.00881513 0)
(0.00147475 0.0261884 0)
(-0.0033161 0.171137 0)
(-0.0359857 0.330215 0)
(-0.0770409 0.429955 0)
(-0.120023 0.517674 0)
(-0.161758 0.595007 0)
(-0.199763 0.654262 0)
(-0.231787 0.689829 0)
(-0.256488 0.700147 0)
(-0.273687 0.687541 0)
(-0.284365 0.657197 0)
(-0.29035 0.615593 0)
(-0.29375 0.568821 0)
(-0.296364 0.521326 0)
(-0.299306 0.475436 0)
(-0.302964 0.4317 0)
(-0.307227 0.389649 0)
(-0.31178 0.34852 0)
(-0.31633 0.3077 0)
(-0.320709 0.266853 0)
(-0.324869 0.22587 0)
(-0.328841 0.184755 0)
(-0.332694 0.14355 0)
(-0.3365 0.102282 0)
(-0.3403 0.0609553 0)
(-0.344108 0.0195517 0)
(-0.347981 -0.0219542 0)
(-0.351983 -0.0635813 0)
(-0.356109 -0.105375 0)
(-0.360345 -0.147364 0)
(-0.364685 -0.189577 0)
(-0.3691 -0.232033 0)
(-0.373528 -0.274721 0)
(-0.377855 -0.317581 0)
(-0.381893 -0.360461 0)
(-0.38539 -0.403101 0)
(-0.388121 -0.445186 0)
(-0.390137 -0.486615 0)
(-0.392193 -0.528114 0)
(-0.396196 -0.572089 0)
(-0.40506 -0.62295 0)
(-0.420944 -0.685212 0)
(-0.441461 -0.757876 0)
(-0.455933 -0.826687 0)
(-0.446331 -0.860836 0)
(-0.395701 -0.821492 0)
(-0.300776 -0.683199 0)
(-0.180775 -0.459514 0)
(-0.0736082 -0.215119 0)
(-0.0135235 -0.0398833 0)
(0.00139038 0.0222534 0)
(-0.00180348 0.189233 0)
(-0.0301642 0.365291 0)
(-0.0671355 0.469852 0)
(-0.105542 0.557567 0)
(-0.142237 0.632208 0)
(-0.175011 0.686573 0)
(-0.202038 0.715707 0)
(-0.222411 0.719046 0)
(-0.236301 0.700018 0)
(-0.244889 0.664708 0)
(-0.249974 0.620039 0)
(-0.253414 0.571992 0)
(-0.256614 0.52447 0)
(-0.260287 0.479119 0)
(-0.264539 0.435947 0)
(-0.269139 0.394209 0)
(-0.273789 0.35311 0)
(-0.27828 0.312133 0)
(-0.282537 0.271065 0)
(-0.286579 0.229882 0)
(-0.290472 0.188633 0)
(-0.294294 0.147362 0)
(-0.298112 0.106088 0)
(-0.301962 0.0648004 0)
(-0.305846 0.0234682 0)
(-0.309805 -0.0179443 0)
(-0.313913 -0.0594601 0)
(-0.318168 -0.101134 0)
(-0.322546 -0.143001 0)
(-0.32705 -0.185102 0)
(-0.331667 -0.227473 0)
(-0.336368 -0.270142 0)
(-0.341085 -0.313107 0)
(-0.345689 -0.356304 0)
(-0.34996 -0.39955 0)
(-0.353591 -0.442503 0)
(-0.356295 -0.484749 0)
(-0.358122 -0.526185 0)
(-0.360031 -0.567909 0)
(-0.364444 -0.61337 0)
(-0.374815 -0.668444 0)
(-0.392827 -0.737809 0)
(-0.413289 -0.816146 0)
(-0.420838 -0.878774 0)
(-0.394601 -0.882567 0)
(-0.321475 -0.784898 0)
(-0.210272 -0.576016 0)
(-0.0954223 -0.306778 0)
(-0.0203503 -0.0816544 0)
(0.00125045 0.0158173 0)
(-0.000109989 0.203284 0)
(-0.0232142 0.395729 0)
(-0.0553919 0.505076 0)
(-0.0887758 0.592473 0)
(-0.120286 0.664252 0)
(-0.148007 0.713929 0)
(-0.170512 0.737236 0)
(-0.187245 0.73454 0)
(-0.198602 0.710228 0)
(-0.205804 0.671091 0)
(-0.210487 0.62429 0)
(-0.214183 0.575554 0)
(-0.217917 0.528215 0)
(-0.222093 0.483331 0)
(-0.226651 0.440508 0)
(-0.231336 0.39886 0)
(-0.235911 0.357637 0)
(-0.240258 0.316436 0)
(-0.24437 0.275147 0)
(-0.248306 0.233804 0)
(-0.252142 0.192468 0)
(-0.255951 0.151175 0)
(-0.259793 0.109929 0)
(-0.263698 0.0687074 0)
(-0.267657 0.0274678 0)
(-0.271699 -0.0138348 0)
(-0.27591 -0.0552244 0)
(-0.280295 -0.0967658 0)
(-0.284813 -0.138499 0)
(-0.289471 -0.180469 0)
(-0.29426 -0.222723 0)
(-0.299165 -0.265306 0)
(-0.304153 -0.308256 0)
(-0.309147 -0.351577 0)
(-0.314002 -0.395189 0)
(-0.318461 -0.438853 0)
(-0.322156 -0.482123 0)
(-0.324758 -0.524479 0)
(-0.326406 -0.565937 0)
(-0.328461 -0.608351 0)
(-0.334063 -0.65686 0)
(-0.347026 -0.719003 0)
(-0.367348 -0.79771 0)
(-0.384965 -0.878316 0)
(-0.379083 -0.920218 0)
(-0.329145 -0.868444 0)
(-0.232678 -0.688501 0)
(-0.116686 -0.408536 0)
(-0.0287032 -0.135278 0)
(0.00111744 0.00636819 0)
(0.00165468 0.212733 0)
(-0.0154521 0.420799 0)
(-0.0422921 0.535134 0)
(-0.0703668 0.622184 0)
(-0.0966782 0.691219 0)
(-0.119586 0.73668 0)
(-0.138027 0.754975 0)
(-0.151705 0.74729 0)
(-0.161121 0.7188 0)
(-0.167409 0.676813 0)
(-0.171951 0.628575 0)
(-0.175931 0.579493 0)
(-0.180047 0.532379 0)
(-0.184488 0.487815 0)
(-0.189121 0.445146 0)
(-0.193721 0.403437 0)
(-0.198129 0.362014 0)
(-0.202298 0.320584 0)
(-0.206267 0.279109 0)
(-0.210109 0.237652 0)
(-0.213897 0.196273 0)
(-0.217694 0.154993 0)
(-0.221551 0.113804 0)
(-0.225501 0.0726719 0)
(-0.229528 0.0315459 0)
(-0.233643 -0.00962692 0)
(-0.237952 -0.050871 0)
(-0.242473 -0.0922635 0)
(-0.247143 -0.133848 0)
(-0.251969 -0.175675 0)
(-0.256941 -0.217794 0)
(-0.262048 -0.26026 0)
(-0.267271 -0.30313 0)
(-0.272568 -0.346452 0)
(-0.277852 -0.390226 0)
(-0.282949 -0.434337 0)
(-0.287551 -0.478452 0)
(-0.291233 -0.521981 0)
(-0.293668 -0.564334 0)
(-0.295233 -0.605925 0)
(-0.297966 -0.650078 0)
(-0.305907 -0.704431 0)
(-0.322516 -0.777471 0)
(-0.343831 -0.865701 0)
(-0.352692 -0.937181 0)
(-0.324586 -0.931452 0)
(-0.246473 -0.791104 0)
(-0.135347 -0.515345 0)
(-0.0381921 -0.200526 0)
(0.000969088 -0.00656311 0)
(0.00338458 0.217269 0)
(-0.00718689 0.439913 0)
(-0.028285 0.559684 0)
(-0.0508785 0.646611 0)
(-0.0720515 0.713252 0)
(-0.0903989 0.75517 0)
(-0.10517 0.769401 0)
(-0.116251 0.757805 0)
(-0.124143 0.726164 0)
(-0.1298 0.682136 0)
(-0.134299 0.632954 0)
(-0.138491 0.583703 0)
(-0.14281 0.53676 0)
(-0.147313 0.492363 0)
(-0.151852 0.449699 0)
(-0.156262 0.407841 0)
(-0.160455 0.366201 0)
(-0.164433 0.324568 0)
(-0.168258 0.282952 0)
(-0.172004 0.241428 0)
(-0.175736 0.200044 0)
(-0.179506 0.158808 0)
(-0.183361 0.117698 0)
(-0.187337 0.0766777 0)
(-0.191418 0.0356902 0)
(-0.195589 -0.00532606 0)
(-0.199988 -0.0463986 0)
(-0.20465 -0.0876167 0)
(-0.209486 -0.129032 0)
(-0.214501 -0.170696 0)
(-0.219682 -0.212664 0)
(-0.225019 -0.254992 0)
(-0.230495 -0.297748 0)
(-0.236085 -0.341001 0)
(-0.241736 -0.384806 0)
(-0.247339 -0.429143 0)
(-0.252677 -0.473823 0)
(-0.25738 -0.518366 0)
(-0.260973 -0.562004 0)
(-0.263223 -0.604226 0)
(-0.265005 -0.64645 0)
(-0.269409 -0.694613 0)
(-0.281221 -0.759395 0)
(-0.301631 -0.846895 0)
(-0.319381 -0.937854 0)
(-0.309829 -0.973995 0)
(-0.251411 -0.879703 0)
(-0.149924 -0.62207 0)
(-0.0480868 -0.275636 0)
(0.000664818 -0.0234215 0)
(0.0049382 0.216702 0)
(0.00127624 0.452731 0)
(-0.0137698 0.578467 0)
(-0.0307917 0.665741 0)
(-0.0469195 0.730517 0)
(-0.060932 0.769698 0)
(-0.0723434 0.780886 0)
(-0.0811531 0.766444 0)
(-0.0877843 0.732585 0)
(-0.0929534 0.68718 0)
(-0.0974116 0.637396 0)
(-0.101703 0.588045 0)
(-0.106061 0.54118 0)
(-0.110467 0.496814 0)
(-0.114798 0.454057 0)
(-0.118952 0.412015 0)
(-0.122898 0.370174 0)
(-0.126672 0.32838 0)
(-0.130341 0.286671 0)
(-0.133976 0.245119 0)
(-0.137632 0.203762 0)
(-0.141352 0.162596 0)
(-0.145182 0.121589 0)
(-0.149162 0.0807044 0)
(-0.15328 0.0398857 0)
(-0.15749 -0.000936619 0)
(-0.161964 -0.0418073 0)
(-0.166768 -0.0828155 0)
(-0.171783 -0.12403 0)
(-0.177006 -0.165506 0)
(-0.182426 -0.207298 0)
(-0.188028 -0.249466 0)
(-0.193796 -0.29208 0)
(-0.199712 -0.335222 0)
(-0.205739 -0.378976 0)
(-0.211807 -0.423391 0)
(-0.217768 -0.468397 0)
(-0.223346 -0.513669 0)
(-0.228102 -0.558507 0)
(-0.231554 -0.602002 0)
(-0.233751 -0.644139 0)
(-0.236479 -0.688523 0)
(-0.244176 -0.745212 0)
(-0.261222 -0.826576 0)
(-0.282804 -0.927193 0)
(-0.287535 -0.997999 0)
(-0.248265 -0.952048 0)
(-0.15968 -0.724213 0)
(-0.0575535 -0.357846 0)
(-5.06187e-06 -0.044633 0)
(0.00616061 0.211263 0)
(0.00957422 0.458809 0)
(0.000928762 0.591392 0)
(-0.010507 0.679585 0)
(-0.0216889 0.743166 0)
(-0.031542 0.780494 0)
(-0.0398077 0.789685 0)
(-0.0465475 0.773433 0)
(-0.0520586 0.738203 0)
(-0.056785 0.69197 0)
(-0.061152 0.641826 0)
(-0.0654287 0.592385 0)
(-0.0696908 0.545499 0)
(-0.0738853 0.501057 0)
(-0.0779294 0.458148 0)
(-0.0817803 0.41592 0)
(-0.0854529 0.373911 0)
(-0.0890018 0.332004 0)
(-0.0924942 0.290246 0)
(-0.0959919 0.248703 0)
(-0.0995443 0.207404 0)
(-0.10319 0.166333 0)
(-0.10697 0.125455 0)
(-0.110932 0.0847302 0)
(-0.115068 0.0441124 0)
(-0.119303 0.0035268 0)
(-0.123835 -0.0371046 0)
(-0.128775 -0.0778578 0)
(-0.133978 -0.118833 0)
(-0.139424 -0.160083 0)
(-0.145105 -0.201665 0)
(-0.151006 -0.243641 0)
(-0.157112 -0.28608 0)
(-0.163402 -0.329072 0)
(-0.169849 -0.37272 0)
(-0.176402 -0.417115 0)
(-0.182958 -0.462274 0)
(-0.189318 -0.508011 0)
(-0.195131 -0.553783 0)
(-0.199901 -0.598624 0)
(-0.203252 -0.64171 0)
(-0.205867 -0.684534 0)
(-0.210983 -0.734893 0)
(-0.224091 -0.807701 0)
(-0.245851 -0.909806 0)
(-0.260437 -1.00651 0)
(-0.238453 -1.00755 0)
(-0.164564 -0.818294 0)
(-0.0658656 -0.444002 0)
(-0.00115767 -0.0704386 0)
(0.00695808 0.201451 0)
(0.0173246 0.457737 0)
(0.0154843 0.59831 0)
(0.00966174 0.688239 0)
(0.00331864 0.751323 0)
(-0.00249321 0.787727 0)
(-0.00772709 0.795965 0)
(-0.0124862 0.778892 0)
(-0.016919 0.743066 0)
(-0.0211842 0.696479 0)
(-0.0253886 0.646158 0)
(-0.029551 0.596612 0)
(-0.0336188 0.549609 0)
(-0.0375224 0.505007 0)
(-0.0412237 0.461915 0)
(-0.0447336 0.419516 0)
(-0.0481025 0.377382 0)
(-0.0513967 0.33541 0)
(-0.0546804 0.293645 0)
(-0.0580084 0.252147 0)
(-0.0614256 0.210936 0)
(-0.0649684 0.16999 0)
(-0.0686757 0.129269 0)
(-0.0725988 0.088731 0)
(-0.0767367 0.048339 0)
(-0.0809889 0.00802227 0)
(-0.0855587 -0.0323217 0)
(-0.0906177 -0.0727625 0)
(-0.0960141 -0.113445 0)
(-0.101693 -0.154423 0)
(-0.107652 -0.195749 0)
(-0.113882 -0.237486 0)
(-0.120365 -0.279705 0)
(-0.127082 -0.322501 0)
(-0.134007 -0.365988 0)
(-0.141099 -0.410288 0)
(-0.148279 -0.455477 0)
(-0.155399 -0.501477 0)
(-0.162193 -0.547898 0)
(-0.168238 -0.593883 0)
(-0.173036 -0.638283 0)
(-0.176571 -0.681097 0)
(-0.180742 -0.727389 0)
(-0.190608 -0.79157 0)
(-0.210452 -0.889376 0)
(-0.230951 -1.00299 0)
(-0.223658 -1.04689 0)
(-0.165024 -0.901967 0)
(-0.0725488 -0.53111 0)
(-0.00274567 -0.100771 0)
(0.00731682 0.187889 0)
(0.0242035 0.449453 0)
(0.0295278 0.598908 0)
(0.029442 0.691743 0)
(0.0278591 0.755088 0)
(0.0260181 0.791454 0)
(0.0237875 0.799767 0)
(0.0210146 0.782841 0)
(0.0176982 0.747162 0)
(0.0139579 0.700661 0)
(0.00999315 0.650325 0)
(0.00602185 0.600659 0)
(0.00221568 0.553459 0)
(-0.00134226 0.508636 0)
(-0.00465726 0.465343 0)
(-0.00778941 0.422797 0)
(-0.0108183 0.380582 0)
(-0.0138197 0.338591 0)
(-0.0168554 0.296861 0)
(-0.0199751 0.255445 0)
(-0.0232213 0.214354 0)
(-0.0266313 0.173565 0)
(-0.0302439 0.13303 0)
(-0.0341143 0.0927014 0)
(-0.0382568 0.0525532 0)
(-0.0425294 0.0125375 0)
(-0.0471089 -0.0274577 0)
(-0.052256 -0.0675247 0)
(-0.0578379 -0.107863 0)
(-0.0637478 -0.148519 0)
(-0.0699947 -0.189537 0)
(-0.0765741 -0.230978 0)
(-0.0834707 -0.272919 0)
(-0.0906642 -0.31546 0)
(-0.0981285 -0.358725 0)
(-0.105826 -0.402857 0)
(-0.11369 -0.447976 0)
(-0.121606 -0.494084 0)
(-0.129367 -0.540916 0)
(-0.136636 -0.587759 0)
(-0.142946 -0.633424 0)
(-0.147957 -0.677055 0)
(-0.152506 -0.7213 0)
(-0.160433 -0.778214 0)
(-0.177659 -0.868402 0)
(-0.20099 -0.990745 0)
(-0.205546 -1.07155 0)
(-0.161797 -0.973943 0)
(-0.0774253 -0.616657 0)
(-0.00459779 -0.135232 0)
(0.00726374 0.171326 0)
(0.029942 0.434106 0)
(0.0426692 0.59289 0)
(0.0485579 0.69003 0)
(0.0517188 0.754518 0)
(0.0538193 0.791687 0)
(0.0546373 0.801036 0)
(0.0539448 0.785184 0)
(0.0518584 0.750383 0)
(0.048751 0.704416 0)
(0.0451114 0.654246 0)
(0.0413894 0.604461 0)
(0.0378813 0.556997 0)
(0.034695 0.511894 0)
(0.0317942 0.468387 0)
(0.0290752 0.425719 0)
(0.0264277 0.383467 0)
(0.0237638 0.341508 0)
(0.0210207 0.299864 0)
(0.018151 0.258577 0)
(0.0151122 0.217659 0)
(0.0118632 0.177085 0)
(0.00836096 0.13681 0)
(0.00455094 0.0967854 0)
(0.00040242 0.0569854 0)
(-0.00390446 0.0173575 0)
(-0.00847167 -0.0222968 0)
(-0.0136583 -0.0620193 0)
(-0.0193972 -0.102004 0)
(-0.0255277 -0.142307 0)
(-0.0320608 -0.182969 0)
(-0.0390016 -0.224058 0)
(-0.0463398 -0.265658 0)
(-0.0540552 -0.307881 0)
(-0.0621181 -0.35086 0)
(-0.07049 -0.394753 0)
(-0.0791125 -0.439711 0)
(-0.0878881 -0.485799 0)
(-0.0966528 -0.532847 0)
(-0.105141 -0.580273 0)
(-0.112964 -0.626964 0)
(-0.1197 -0.671681 0)
(-0.125526 -0.715314 0)
(-0.132918 -0.766879 0)
(-0.147836 -0.848239 0)
(-0.171911 -0.972622 0)
(-0.185578 -1.08344 0)
(-0.155736 -1.03379 0)
(-0.0805802 -0.698723 0)
(-0.00650106 -0.173172 0)
(0.00685035 0.152608 0)
(0.0343309 0.412062 0)
(0.0545127 0.579988 0)
(0.0667039 0.682945 0)
(0.0746868 0.749627 0)
(0.0807371 0.788404 0)
(0.0847019 0.799675 0)
(0.0862574 0.785781 0)
(0.085585 0.752579 0)
(0.0832672 0.707614 0)
(0.0800574 0.657824 0)
(0.0766369 0.607951 0)
(0.0734448 0.560167 0)
(0.0706391 0.514723 0)
(0.0681704 0.470974 0)
(0.065898 0.428196 0)
(0.0636789 0.385943 0)
(0.0614069 0.344059 0)
(0.0590126 0.302545 0)
(0.0564472 0.261434 0)
(0.0536673 0.220737 0)
(0.0506286 0.180432 0)
(0.0472848 0.140477 0)
(0.0435819 0.100824 0)
(0.0394693 0.0614337 0)
(0.0350683 0.0222401 0)
(0.0304195 -0.0170027 0)
(0.0252238 -0.0563386 0)
(0.0193825 -0.095899 0)
(0.0130492 -0.135762 0)
(0.00623268 -0.175983 0)
(-0.00107948 -0.216642 0)
(-0.00888543 -0.257836 0)
(-0.0171644 -0.299675 0)
(-0.0258808 -0.3423 0)
(-0.0349922 -0.38588 0)
(-0.0444454 -0.430593 0)
(-0.0541572 -0.476549 0)
(-0.0639925 -0.523652 0)
(-0.0737402 -0.571421 0)
(-0.0830902 -0.618847 0)
(-0.0916545 -0.664572 0)
(-0.0992973 -0.708399 0)
(-0.107363 -0.756473 0)
(-0.120869 -0.829304 0)
(-0.14453 -0.950808 0)
(-0.164916 -1.08458 0)
(-0.147685 -1.08171 0)
(-0.0822948 -0.775981 0)
(-0.00827644 -0.213831 0)
(0.00615192 0.132628 0)
(0.0372262 0.383933 0)
(0.0646603 0.56002 0)
(0.083517 0.670227 0)
(0.0965223 0.740349 0)
(0.106581 0.781539 0)
(0.113826 0.795531 0)
(0.117857 0.784434 0)
(0.118849 0.753562 0)
(0.117534 0.710118 0)
(0.114893 0.660985 0)
(0.111836 0.611108 0)
(0.108972 0.562976 0)
(0.106541 0.517131 0)
(0.104509 0.473096 0)
(0.102709 0.430194 0)
(0.100966 0.387956 0)
(0.0991455 0.34618 0)
(0.0971641 0.304833 0)
(0.0949657 0.263935 0)
(0.0925044 0.223494 0)
(0.0897336 0.183491 0)
(0.086605 0.143883 0)
(0.0830687 0.104615 0)
(0.0790735 0.0656294 0)
(0.0746707 0.0268573 0)
(0.069952 -0.0118953 0)
(0.0646958 -0.0507081 0)
(0.0587332 -0.0897148 0)
(0.0521774 -0.129016 0)
(0.0450435 -0.16868 0)
(0.0373139 -0.208797 0)
(0.0289957 -0.249469 0)
(0.0201106 -0.290811 0)
(0.0106904 -0.332974 0)
(0.000777165 -0.376143 0)
(-0.00957966 -0.420517 0)
(-0.0203072 -0.466234 0)
(-0.0312913 -0.513246 0)
(-0.042366 -0.561151 0)
(-0.0532922 -0.609025 0)
(-0.0637493 -0.655513 0)
(-0.0735099 -0.699835 0)
(-0.0831496 -0.74588 0)
(-0.0963674 -0.811361 0)
(-0.11923 -0.926805 0)
(-0.144416 -1.07684 0)
(-0.138406 -1.11828 0)
(-0.0829672 -0.847611 0)
(-0.0098259 -0.256492 0)
(0.00526404 0.112266 0)
(0.0385598 0.350596 0)
(0.0727233 0.532959 0)
(0.0985549 0.651533 0)
(0.116916 0.72651 0)
(0.131119 0.770978 0)
(0.141806 0.788405 0)
(0.148581 0.780875 0)
(0.151554 0.753075 0)
(0.15152 0.711734 0)
(0.149641 0.663626 0)
(0.147044 0.613905 0)
(0.144527 0.565442 0)
(0.142459 0.519142 0)
(0.140855 0.474761 0)
(0.139544 0.431702 0)
(0.138318 0.389477 0)
(0.137012 0.347834 0)
(0.135514 0.306695 0)
(0.133754 0.266057 0)
(0.13168 0.225923 0)
(0.129243 0.186272 0)
(0.126392 0.147063 0)
(0.12308 0.108236 0)
(0.119258 0.0697172 0)
(0.114922 0.0314281 0)
(0.110164 -0.00678689 0)
(0.104828 -0.0450236 0)
(0.0987272 -0.0834107 0)
(0.0919375 -0.122066 0)
(0.0844758 -0.161081 0)
(0.0763193 -0.200547 0)
(0.0674668 -0.240576 0)
(0.057936 -0.2813 0)
(0.0477556 -0.322883 0)
(0.0369659 -0.365522 0)
(0.0256209 -0.409432 0)
(0.0137923 -0.454771 0)
(0.00157231 -0.50153 0)
(-0.0109163 -0.549367 0)
(-0.0234971 -0.597422 0)
(-0.0359216 -0.644368 0)
(-0.0479799 -0.689152 0)
(-0.0598111 -0.734127 0)
(-0.0738524 -0.793783 0)
(-0.0961068 -0.901502 0)
(-0.124665 -1.06182 0)
(-0.128531 -1.14424 0)
(-0.0830404 -0.913196 0)
(-0.0111496 -0.300591 0)
(0.00429215 0.0923349 0)
(0.0383529 0.313188 0)
(0.078349 0.499024 0)
(0.111295 0.626496 0)
(0.135452 0.70782 0)
(0.154047 0.756549 0)
(0.168368 0.778065 0)
(0.178183 0.774785 0)
(0.183509 0.750782 0)
(0.185115 0.71219 0)
(0.184267 0.665575 0)
(0.182283 0.616269 0)
(0.18017 0.567557 0)
(0.178461 0.520771 0)
(0.177269 0.475973 0)
(0.17645 0.432698 0)
(0.175774 0.390463 0)
(0.175039 0.348963 0)
(0.174098 0.308067 0)
(0.172857 0.26774 0)
(0.171248 0.22797 0)
(0.169218 0.188733 0)
(0.166712 0.149987 0)
(0.16368 0.111668 0)
(0.160075 0.0736934 0)
(0.155856 0.0359743 0)
(0.1511 -0.00161834 0)
(0.145698 -0.0392062 0)
(0.139461 -0.0768968 0)
(0.132435 -0.114819 0)
(0.124634 -0.153083 0)
(0.116033 -0.191798 0)
(0.106621 -0.231085 0)
(0.0964134 -0.271087 0)
(0.0854362 -0.311982 0)
(0.0737281 -0.353976 0)
(0.0613391 -0.397293 0)
(0.0483288 -0.442109 0)
(0.0347685 -0.488443 0)
(0.0207518 -0.535986 0)
(0.00640626 -0.583938 0)
(-0.00809027 -0.631011 0)
(-0.0225874 -0.676033 0)
(-0.0370206 -0.720431 0)
(-0.0528564 -0.775758 0)
(-0.075061 -0.875286 0)
(-0.10602 -1.04081 0)
(-0.11855 -1.1604 0)
(-0.0829475 -0.972601 0)
(-0.0123439 -0.345792 0)
(0.00333589 0.0735245 0)
(0.0367262 0.273084 0)
(0.0812625 0.458766 0)
(0.121161 0.594824 0)
(0.151582 0.683871 0)
(0.174954 0.737997 0)
(0.193155 0.764257 0)
(0.206316 0.765811 0)
(0.214408 0.746282 0)
(0.218091 0.711127 0)
(0.218643 0.666574 0)
(0.217521 0.618062 0)
(0.215935 0.569273 0)
(0.21462 0.522021 0)
(0.213832 0.476741 0)
(0.213496 0.433169 0)
(0.213386 0.390867 0)
(0.213268 0.349496 0)
(0.212954 0.308865 0)
(0.212312 0.268893 0)
(0.211254 0.229546 0)
(0.20971 0.190789 0)
(0.207622 0.152575 0)
(0.204933 0.114836 0)
(0.201593 0.0774867 0)
(0.197546 0.0404304 0)
(0.192837 0.00355517 0)
(0.187389 -0.0332883 0)
(0.181036 -0.0701887 0)
(0.173782 -0.107278 0)
(0.165638 -0.144687 0)
(0.156581 -0.182536 0)
(0.146594 -0.22096 0)
(0.135686 -0.260117 0)
(0.12388 -0.300197 0)
(0.111212 -0.341419 0)
(0.0977241 -0.384013 0)
(0.0834647 -0.428163 0)
(0.0684819 -0.473895 0)
(0.0528311 -0.52092 0)
(0.0365843 -0.568478 0)
(0.0198639 -0.615319 0)
(0.00277348 -0.660249 0)
(-0.0145474 -0.704196 0)
(-0.0329504 -0.75644 0)
(-0.0558628 -0.84817 0)
(-0.0886451 -1.01481 0)
(-0.1088 -1.16746 0)
(-0.0830679 -1.02586 0)
(-0.0135896 -0.392022 0)
(0.00247239 0.0563653 0)
(0.0339008 0.231837 0)
(0.081316 0.413134 0)
(0.127576 0.55643 0)
(0.164623 0.654185 0)
(0.19328 0.714958 0)
(0.215697 0.746693 0)
(0.232525 0.753586 0)
(0.243814 0.739121 0)
(0.250082 0.708092 0)
(0.252516 0.66626 0)
(0.252629 0.619046 0)
(0.251804 0.570477 0)
(0.250992 0.52286 0)
(0.250636 0.477069 0)
(0.250778 0.433114 0)
(0.251237 0.390666 0)
(0.251764 0.349379 0)
(0.252131 0.309011 0)
(0.252164 0.269429 0)
(0.251741 0.230561 0)
(0.25077 0.192352 0)
(0.249178 0.154747 0)
(0.246903 0.117672 0)
(0.243887 0.0810383 0)
(0.240069 0.0447445 0)
(0.235458 0.00868246 0)
(0.229999 -0.0273038 0)
(0.223553 -0.0633037 0)
(0.216088 -0.0994516 0)
(0.207609 -0.135889 0)
(0.198096 -0.172752 0)
(0.187528 -0.210188 0)
(0.175909 -0.24837 0)
(0.163255 -0.287501 0)
(0.149597 -0.327809 0)
(0.134967 -0.369528 0)
(0.119394 -0.412838 0)
(0.102899 -0.457764 0)
(0.0854969 -0.504027 0)
(0.0672073 -0.550894 0)
(0.0480956 -0.597151 0)
(0.028228 -0.641603 0)
(0.00778331 -0.68498 0)
(-0.0137616 -0.735051 0)
(-0.0382148 -0.819911 0)
(-0.0725648 -0.984488 0)
(-0.0994632 -1.16598 0)
(-0.083692 -1.07308 0)
(-0.015134 -0.439474 0)
(0.00174468 0.0412063 0)
(0.0301839 0.191074 0)
(0.0785413 0.363504 0)
(0.130049 0.511578 0)
(0.173798 0.618323 0)
(0.208294 0.686953 0)
(0.235382 0.725017 0)
(0.256233 0.737731 0)
(0.271152 0.728814 0)
(0.280555 0.702544 0)
(0.285461 0.664138 0)
(0.287333 0.618849 0)
(0.287657 0.570942 0)
(0.287581 0.523185 0)
(0.287766 0.476931 0)
(0.288419 0.432537 0)
(0.289451 0.389854 0)
(0.290633 0.348581 0)
(0.291714 0.308449 0)
(0.29248 0.269271 0)
(0.292767 0.230929 0)
(0.292451 0.193339 0)
(0.291438 0.156426 0)
(0.289653 0.120108 0)
(0.287028 0.0842896 0)
(0.283498 0.0488653 0)
(0.279044 0.0137235 0)
(0.273622 -0.0212878 0)
(0.267117 -0.0562687 0)
(0.259468 -0.0913564 0)
(0.250676 -0.126701 0)
(0.240721 -0.162451 0)
(0.229582 -0.198768 0)
(0.217255 -0.235838 0)
(0.20375 -0.273876 0)
(0.189086 -0.313116 0)
(0.173278 -0.353787 0)
(0.156332 -0.39606 0)
(0.138233 -0.439945 0)
(0.118951 -0.485164 0)
(0.0984542 -0.531003 0)
(0.0767538 -0.576306 0)
(0.0538915 -0.619915 0)
(0.0301033 -0.662419 0)
(0.00502176 -0.71091 0)
(-0.0217912 -0.79013 0)
(-0.0577091 -0.950322 0)
(-0.0905742 -1.15636 0)
(-0.0849922 -1.11431 0)
(-0.0172634 -0.488586 0)
(0.00116124 0.0282196 0)
(0.0259365 0.152347 0)
(0.07319 0.311643 0)
(0.128282 0.461019 0)
(0.178325 0.576046 0)
(0.219097 0.653438 0)
(0.25141 0.698782 0)
(0.276714 0.717845 0)
(0.2957 0.714862 0)
(0.308805 0.693878 0)
(0.316855 0.659584 0)
(0.321159 0.616931 0)
(0.323204 0.570274 0)
(0.324279 0.522761 0)
(0.325256 0.476218 0)
(0.326543 0.431404 0)
(0.328192 0.388426 0)
(0.330044 0.347092 0)
(0.331855 0.307146 0)
(0.333387 0.268363 0)
(0.334436 0.230579 0)
(0.334843 0.19367 0)
(0.334485 0.157533 0)
(0.333264 0.122068 0)
(0.331102 0.0871718 0)
(0.327925 0.0527309 0)
(0.323691 0.0186284 0)
(0.318365 -0.0152861 0)
(0.311845 -0.0491234 0)
(0.304054 -0.0830252 0)
(0.294985 -0.117148 0)
(0.284622 -0.151653 0)
(0.272939 -0.186715 0)
(0.259925 -0.22253 0)
(0.24558 -0.25932 0)
(0.229904 -0.297318 0)
(0.212889 -0.336745 0)
(0.194507 -0.37775 0)
(0.174703 -0.420323 0)
(0.153398 -0.464174 0)
(0.130507 -0.508613 0)
(0.105994 -0.552551 0)
(0.0798879 -0.594933 0)
(0.0524983 -0.636339 0)
(0.0236352 -0.683353 0)
(-0.00623805 -0.758376 0)
(-0.0439234 -0.91266 0)
(-0.0820122 -1.13882 0)
(-0.0869979 -1.14949 0)
(-0.0202628 -0.54001 0)
(0.000707868 0.0174248 0)
(0.0215284 0.116975 0)
(0.0657475 0.259601 0)
(0.122279 0.406093 0)
(0.177557 0.527521 0)
(0.224694 0.613937 0)
(0.26278 0.667449 0)
(0.293057 0.693469 0)
(0.316578 0.696764 0)
(0.333945 0.681459 0)
(0.345851 0.651871 0)
(0.353386 0.612581 0)
(0.357918 0.567878 0)
(0.360781 0.521161 0)
(0.363007 0.47467 0)
(0.365212 0.429587 0)
(0.367628 0.386333 0)
(0.370213 0.344897 0)
(0.372781 0.305087 0)
(0.375098 0.266676 0)
(0.376939 0.229462 0)
(0.378112 0.193281 0)
(0.378463 0.157995 0)
(0.377872 0.123479 0)
(0.376238 0.0896136 0)
(0.37348 0.0562735 0)
(0.369534 0.0233338 0)
(0.364368 -0.00935725 0)
(0.357892 -0.041922 0)
(0.350016 -0.0745073 0)
(0.340724 -0.107276 0)
(0.330002 -0.140399 0)
(0.31782 -0.174062 0)
(0.304155 -0.208468 0)
(0.288988 -0.243839 0)
(0.272298 -0.2804 0)
(0.254042 -0.318353 0)
(0.234152 -0.357821 0)
(0.212524 -0.398764 0)
(0.189027 -0.440881 0)
(0.163528 -0.483505 0)
(0.135954 -0.525639 0)
(0.106337 -0.56639 0)
(0.0750767 -0.606456 0)
(0.0422174 -0.652084 0)
(0.00880844 -0.724073 0)
(-0.0309668 -0.871796 0)
(-0.073491 -1.11347 0)
(-0.0895686 -1.17836 0)
(-0.0243602 -0.594544 0)
(0.000365731 0.00871778 0)
(0.0172919 0.0858916 0)
(0.0568999 0.209517 0)
(0.112422 0.348725 0)
(0.171145 0.473535 0)
(0.224127 0.568253 0)
(0.26832 0.630471 0)
(0.304128 0.664074 0)
(0.332712 0.673996 0)
(0.35491 0.664647 0)
(0.37139 0.640209 0)
(0.383024 0.60494 0)
(0.39097 0.562945 0)
(0.396486 0.517718 0)
(0.400675 0.471809 0)
(0.404318 0.426788 0)
(0.407835 0.383417 0)
(0.411344 0.341925 0)
(0.414765 0.302246 0)
(0.417913 0.264193 0)
(0.420571 0.227555 0)
(0.422537 0.192136 0)
(0.423632 0.157763 0)
(0.423713 0.124283 0)
(0.422661 0.091551 0)
(0.420379 0.0594269 0)
(0.416787 0.0277725 0)
(0.411847 -0.00356597 0)
(0.405479 -0.0347291 0)
(0.397584 -0.0658658 0)
(0.388137 -0.0971444 0)
(0.377117 -0.128745 0)
(0.364487 -0.160856 0)
(0.350207 -0.193684 0)
(0.334237 -0.227442 0)
(0.316518 -0.262339 0)
(0.29697 -0.298551 0)
(0.275473 -0.336164 0)
(0.251872 -0.375111 0)
(0.225985 -0.415076 0)
(0.197634 -0.45543 0)
(0.166729 -0.495301 0)
(0.133331 -0.534019 0)
(0.0979552 -0.572519 0)
(0.0608929 -0.616915 0)
(0.0236967 -0.686693 0)
(-0.0185287 -0.828041 0)
(-0.0645632 -1.08033 0)
(-0.0923656 -1.20035 0)
(-0.0296457 -0.652985 0)
(0.000126943 0.00189263 0)
(0.0134946 0.0595696 0)
(0.0474493 0.163377 0)
(0.0994732 0.29132 0)
(0.15918 0.415627 0)
(0.216674 0.51674 0)
(0.266807 0.587476 0)
(0.308583 0.629092 0)
(0.342806 0.645986 0)
(0.370437 0.642798 0)
(0.392202 0.623799 0)
(0.408821 0.593064 0)
(0.421205 0.554487 0)
(0.43043 0.51152 0)
(0.43755 0.466887 0)
(0.443431 0.422458 0)
(0.448648 0.379321 0)
(0.453489 0.337971 0)
(0.458014 0.298517 0)
(0.462135 0.260865 0)
(0.46569 0.224832 0)
(0.468492 0.190213 0)
(0.470364 0.156811 0)
(0.47115 0.124442 0)
(0.470717 0.0929375 0)
(0.468956 0.0621364 0)
(0.465772 0.0318836 0)
(0.461117 0.00202186 0)
(0.454916 -0.0276127 0)
(0.447065 -0.0571685 0)
(0.437524 -0.0868178 0)
(0.42626 -0.116745 0)
(0.413223 -0.147139 0)
(0.39835 -0.178199 0)
(0.381567 -0.210121 0)
(0.362776 -0.24309 0)
(0.341846 -0.277246 0)
(0.318607 -0.31264 0)
(0.292848 -0.349171 0)
(0.264338 -0.386521 0)
(0.232869 -0.424121 0)
(0.198356 -0.461263 0)
(0.160926 -0.497572 0)
(0.121243 -0.534323 0)
(0.0798344 -0.577669 0)
(0.0387949 -0.645937 0)
(-0.00623749 -0.781746 0)
(-0.0546265 -1.03953 0)
(-0.0948203 -1.21449 0)
(-0.0359619 -0.715902 0)
(2.9311e-06 -0.00334966 0)
(0.0103372 0.0380363 0)
(0.0381799 0.122782 0)
(0.0844746 0.236532 0)
(0.142242 0.356106 0)
(0.202032 0.460534 0)
(0.257166 0.538531 0)
(0.304964 0.588054 0)
(0.345336 0.61212 0)
(0.379041 0.615242 0)
(0.406818 0.601843 0)
(0.429294 0.575985 0)
(0.44716 0.541409 0)
(0.461249 0.501454 0)
(0.472467 0.458884 0)
(0.481652 0.415753 0)
(0.489463 0.373407 0)
(0.496328 0.332592 0)
(0.502455 0.293622 0)
(0.507884 0.256531 0)
(0.512548 0.221206 0)
(0.516318 0.187466 0)
(0.519047 0.155107 0)
(0.520591 0.123929 0)
(0.520819 0.0937414 0)
(0.519617 0.0643637 0)
(0.516885 0.0356227 0)
(0.512557 0.00735224 0)
(0.506561 -0.0206275 0)
(0.498796 -0.0484682 0)
(0.489196 -0.0763429 0)
(0.477709 -0.104435 0)
(0.464266 -0.132926 0)
(0.448775 -0.161999 0)
(0.431121 -0.191827 0)
(0.411161 -0.222562 0)
(0.388711 -0.254304 0)
(0.363545 -0.287064 0)
(0.335403 -0.320715 0)
(0.304015 -0.354953 0)
(0.269163 -0.389303 0)
(0.230799 -0.423274 0)
(0.189154 -0.456858 0)
(0.14507 -0.491764 0)
(0.0993143 -0.534308 0)
(0.0545388 -0.601814 0)
(0.0063963 -0.73325 0)
(-0.0429195 -0.991412 0)
(-0.096088 -1.21948 0)
(-0.042776 -0.783523 0)
(1.66148e-05 -0.00739947 0)
(0.00791777 0.0209698 0)
(0.0296538 0.0887981 0)
(0.0684823 0.186965 0)
(0.121269 0.297885 0)
(0.180405 0.401669 0)
(0.238686 0.484422 0)
(0.291901 0.540827 0)
(0.338651 0.57184 0)
(0.379033 0.581277 0)
(0.413565 0.573543 0)
(0.442757 0.552758 0)
(0.467114 0.522603 0)
(0.487227 0.486308 0)
(0.50379 0.446586 0)
(0.517523 0.40556 0)
(0.529071 0.364732 0)
(0.538938 0.325051 0)
(0.547454 0.287018 0)
(0.55479 0.250817 0)
(0.560994 0.216434 0)
(0.566032 0.183741 0)
(0.569821 0.152557 0)
(0.572258 0.122685 0)
(0.573235 0.0939225 0)
(0.572651 0.0660768 0)
(0.57041 0.0389615 0)
(0.566437 0.0123997 0)
(0.56066 -0.0137949 0)
(0.55298 -0.0397788 0)
(0.543304 -0.0657215 0)
(0.531559 -0.0917973 0)
(0.517648 -0.118175 0)
(0.501447 -0.145012 0)
(0.482798 -0.172453 0)
(0.461509 -0.200608 0)
(0.437345 -0.229536 0)
(0.41003 -0.25921 0)
(0.379263 -0.289492 0)
(0.344757 -0.320116 0)
(0.306315 -0.350744 0)
(0.263962 -0.381161 0)
(0.21807 -0.411799 0)
(0.169674 -0.444872 0)
(0.119773 -0.48694 0)
(0.0715041 -0.554457 0)
(0.0200915 -0.683049 0)
(-0.0285977 -0.936882 0)
(-0.0950509 -1.21379 0)
(-0.049084 -0.855783 0)
(0.000155709 -0.0106773 0)
(0.00603069 0.00788531 0)
(0.0218333 0.0619779 0)
(0.0520616 0.144864 0)
(0.0971508 0.244131 0)
(0.152363 0.342954 0)
(0.211158 0.426809 0)
(0.268369 0.487884 0)
(0.321187 0.524843 0)
(0.368627 0.540246 0)
(0.41061 0.538095 0)
(0.447355 0.522465 0)
(0.479153 0.497013 0)
(0.506375 0.464886 0)
(0.529488 0.428716 0)
(0.549039 0.390605 0)
(0.565586 0.352118 0)
(0.57963 0.314324 0)
(0.591566 0.277869 0)
(0.601669 0.243075 0)
(0.6101 0.210035 0)
(0.616931 0.178698 0)
(0.622166 0.14893 0)
(0.625771 0.120556 0)
(0.627687 0.0933825 0)
(0.627843 0.0672168 0)
(0.626165 0.0418692 0)
(0.622579 0.0171588 0)
(0.617015 -0.00709941 0)
(0.60938 -0.0310649 0)
(0.599561 -0.054895 0)
(0.587458 -0.0787477 0)
(0.572952 -0.102771 0)
(0.555881 -0.127093 0)
(0.536051 -0.151821 0)
(0.513225 -0.177023 0)
(0.487125 -0.202716 0)
(0.457442 -0.228847 0)
(0.423856 -0.255281 0)
(0.386097 -0.28183 0)
(0.344025 -0.308341 0)
(0.297781 -0.334937 0)
(0.24789 -0.362534 0)
(0.19556 -0.393892 0)
(0.141967 -0.435848 0)
(0.0905633 -0.504117 0)
(0.0359467 -0.631429 0)
(-0.0109349 -0.877473 0)
(-0.0904382 -1.19569 0)
(-0.053399 -0.931916 0)
(0.000279819 -0.013391 0)
(0.00370969 -0.00145892 0)
(0.0134056 0.0426083 0)
(0.0344468 0.111869 0)
(0.06995 0.197736 0)
(0.118346 0.287541 0)
(0.174751 0.368098 0)
(0.233876 0.430459 0)
(0.291782 0.471332 0)
(0.346204 0.491714 0)
(0.39611 0.494769 0)
(0.441138 0.484242 0)
(0.481236 0.463667 0)
(0.516523 0.436098 0)
(0.547248 0.404073 0)
(0.573773 0.369623 0)
(0.596525 0.334302 0)
(0.615945 0.299223 0)
(0.632434 0.265117 0)
(0.646324 0.232406 0)
(0.657859 0.20128 0)
(0.667208 0.171769 0)
(0.674468 0.143798 0)
(0.679685 0.117235 0)
(0.682865 0.0919116 0)
(0.683987 0.0676524 0)
(0.683011 0.0442778 0)
(0.679884 0.0216147 0)
(0.674544 -0.000509615 0)
(0.666906 -0.0222539 0)
(0.656852 -0.0437544 0)
(0.644262 -0.0651442 0)
(0.628995 -0.086543 0)
(0.610868 -0.108046 0)
(0.589656 -0.129719 0)
(0.565096 -0.15159 0)
(0.536891 -0.173642 0)
(0.50473 -0.195811 0)
(0.468317 -0.217998 0)
(0.427443 -0.240132 0)
(0.382072 -0.262291 0)
(0.332475 -0.28497 0)
(0.279311 -0.309582 0)
(0.223875 -0.339406 0)
(0.167372 -0.381538 0)
(0.113322 -0.45104 0)
(0.0557018 -0.577945 0)
(0.0107254 -0.81513 0)
(-0.0808185 -1.16266 0)
(-0.0537269 -1.00873 0)
(-4.0322e-05 -0.0148536 0)
(-0.00139897 -0.00617429 0)
(0.00104303 0.0313087 0)
(0.0126195 0.0889684 0)
(0.03792 0.160694 0)
(0.0778677 0.238143 0)
(0.129583 0.310914 0)
(0.188438 0.370396 0)
(0.249937 0.412154 0)
(0.310685 0.43571 0)
(0.368532 0.443092 0)
(0.422275 0.437373 0)
(0.471317 0.421733 0)
(0.515424 0.399025 0)
(0.554603 0.371644 0)
(0.589025 0.341516 0)
(0.618978 0.310132 0)
(0.644814 0.278592 0)
(0.666898 0.247655 0)
(0.685572 0.217798 0)
(0.701131 0.189282 0)
(0.713809 0.162206 0)
(0.723783 0.136556 0)
(0.731175 0.112249 0)
(0.736062 0.089158 0)
(0.738482 0.0671374 0)
(0.738441 0.0460324 0)
(0.735916 0.0256903 0)
(0.73087 0.005963 0)
(0.723228 -0.0132954 0)
(0.712886 -0.0321976 0)
(0.699719 -0.0508464 0)
(0.683576 -0.0693265 0)
(0.664273 -0.0876962 0)
(0.641582 -0.105984 0)
(0.61525 -0.124186 0)
(0.585004 -0.142268 0)
(0.550584 -0.160183 0)
(0.511778 -0.177904 0)
(0.468488 -0.195508 0)
(0.420804 -0.213329 0)
(0.369109 -0.232226 0)
(0.314112 -0.254057 0)
(0.257049 -0.282539 0)
(0.19892 -0.324942 0)
(0.143043 -0.395673 0)
(0.0826213 -0.522231 0)
(0.0379977 -0.75131 0)
(-0.0637446 -1.11113 0)
(-0.0473434 -1.07929 0)
(-0.00177899 -0.0122155 0)
(-0.0131612 -0.00307128 0)
(-0.0205132 0.0295394 0)
(-0.0187386 0.0765272 0)
(-0.00296315 0.133644 0)
(0.0288404 0.196231 0)
(0.075153 0.257237 0)
(0.132306 0.309595 0)
(0.195896 0.348643 0)
(0.261863 0.372853 0)
(0.327084 0.383088 0)
(0.389441 0.381499 0)
(0.447635 0.370646 0)
(0.500953 0.352989 0)
(0.549086 0.330672 0)
(0.591993 0.305452 0)
(0.629812 0.278712 0)
(0.662793 0.251491 0)
(0.691244 0.224531 0)
(0.71549 0.198329 0)
(0.735842 0.173183 0)
(0.752575 0.149241 0)
(0.76592 0.126543 0)
(0.776063 0.105053 0)
(0.783142 0.0846918 0)
(0.787253 0.0653508 0)
(0.788455 0.0469106 0)
(0.786771 0.0292497 0)
(0.782192 0.0122533 0)
(0.774675 -0.00419382 0)
(0.764139 -0.020183 0)
(0.750477 -0.0357882 0)
(0.733564 -0.0510608 0)
(0.713246 -0.066024 0)
(0.689343 -0.0806775 0)
(0.661666 -0.0950043 0)
(0.630034 -0.108981 0)
(0.594303 -0.122606 0)
(0.554396 -0.135948 0)
(0.510346 -0.149241 0)
(0.462348 -0.163046 0)
(0.410804 -0.178515 0)
(0.356316 -0.197842 0)
(0.299858 -0.225058 0)
(0.241982 -0.267515 0)
(0.185586 -0.338963 0)
(0.122631 -0.464519 0)
(0.0759991 -0.687061 0)
(-0.0344673 -1.03967 0)
(-0.0308666 -1.13657 0)
(-0.00667934 0.000517123 0)
(-0.0363393 0.0132991 0)
(-0.0570935 0.0395294 0)
(-0.0654777 0.0742138 0)
(-0.0576516 0.11553 0)
(-0.032106 0.161293 0)
(0.0100942 0.207583 0)
(0.065655 0.249282 0)
(0.130508 0.282209 0)
(0.200538 0.304276 0)
(0.272081 0.315445 0)
(0.342287 0.316903 0)
(0.409169 0.310399 0)
(0.471479 0.297799 0)
(0.528527 0.280842 0)
(0.580012 0.261021 0)
(0.625898 0.239544 0)
(0.666318 0.217345 0)
(0.701509 0.195114 0)
(0.731761 0.173329 0)
(0.757379 0.152302 0)
(0.778658 0.132209 0)
(0.795866 0.11313 0)
(0.809237 0.0950721 0)
(0.818962 0.0779976 0)
(0.825196 0.0618399 0)
(0.828052 0.046518 0)
(0.827608 0.0319468 0)
(0.823909 0.0180455 0)
(0.816968 0.00474055 0)
(0.806761 -0.00802816 0)
(0.793207 -0.0203059 0)
(0.776256 -0.0321365 0)
(0.755851 -0.0435366 0)
(0.731919 -0.0544997 0)
(0.704394 -0.0650137 0)
(0.673239 -0.0750845 0)
(0.638458 -0.0847665 0)
(0.600108 -0.0942157 0)
(0.558317 -0.103781 0)
(0.513278 -0.114159 0)
(0.465256 -0.126652 0)
(0.414526 -0.143605 0)
(0.361521 -0.169181 0)
(0.306053 -0.210749 0)
(0.250321 -0.281565 0)
(0.184682 -0.404755 0)
(0.135498 -0.619135 0)
(0.0115625 -0.956683 0)
(-0.00181198 -1.17903 0)
(-0.0171222 0.0329559 0)
(-0.0747993 0.0490779 0)
(-0.111652 0.062653 0)
(-0.129683 0.0804587 0)
(-0.127657 0.103456 0)
(-0.105836 0.130865 0)
(-0.0657636 0.160506 0)
(-0.0106718 0.189185 0)
(0.0554301 0.213581 0)
(0.128568 0.231192 0)
(0.205121 0.241331 0)
(0.281816 0.244487 0)
(0.356152 0.241595 0)
(0.426429 0.233808 0)
(0.491594 0.22233 0)
(0.551075 0.208275 0)
(0.604636 0.192595 0)
(0.652275 0.176058 0)
(0.694144 0.159252 0)
(0.730486 0.142607 0)
(0.761593 0.126416 0)
(0.787767 0.110866 0)
(0.809305 0.0960581 0)
(0.826482 0.0820327 0)
(0.839545 0.0687881 0)
(0.848708 0.0562948 0)
(0.854151 0.0445079 0)
(0.856023 0.0333762 0)
(0.854445 0.022849 0)
(0.849513 0.0128826 0)
(0.841295 0.00344185 0)
(0.829909 -0.0054937 0)
(0.815258 -0.0139344 0)
(0.797405 -0.0219189 0)
(0.776432 -0.0294772 0)
(0.752417 -0.0366253 0)
(0.725446 -0.0433956 0)
(0.695623 -0.0498745 0)
(0.663065 -0.0562513 0)
(0.627883 -0.0628988 0)
(0.590139 -0.0705103 0)
(0.549805 -0.0803372 0)
(0.506617 -0.0946037 0)
(0.460163 -0.117271 0)
(0.408994 -0.155394 0)
(0.353785 -0.221662 0)
(0.283183 -0.337854 0)
(0.22821 -0.539199 0)
(0.0731108 -0.870492 0)
(0.0414354 -1.19748 0)
(-0.0353406 0.0984073 0)
(-0.125186 0.109844 0)
(-0.171086 0.0979067 0)
(-0.192313 0.0923182 0)
(-0.192207 0.0943311 0)
(-0.172099 0.102262 0)
(-0.133637 0.114674 0)
(-0.079727 0.129304 0)
(-0.0140843 0.143489 0)
(0.0597339 0.155027 0)
(0.138539 0.162765 0)
(0.219098 0.166437 0)
(0.298504 0.166234 0)
(0.374716 0.162649 0)
(0.446395 0.156339 0)
(0.512715 0.147988 0)
(0.573236 0.138237 0)
(0.627803 0.127635 0)
(0.676465 0.116626 0)
(0.719398 0.105551 0)
(0.75686 0.0946561 0)
(0.789147 0.0841089 0)
(0.81657 0.0740132 0)
(0.839435 0.0644248 0)
(0.858029 0.0553645 0)
(0.872619 0.0468294 0)
(0.883444 0.0388017 0)
(0.890716 0.0312561 0)
(0.894625 0.0241643 0)
(0.895338 0.0174997 0)
(0.893014 0.0112362 0)
(0.887764 0.00536652 0)
(0.879848 -0.000115001 0)
(0.869335 -0.0052237 0)
(0.856258 -0.00998986 0)
(0.840744 -0.014455 0)
(0.822921 -0.018673 0)
(0.802896 -0.022732 0)
(0.78075 -0.0267963 0)
(0.756497 -0.0311708 0)
(0.730014 -0.0364099 0)
(0.700951 -0.0435074 0)
(0.668485 -0.054237 0)
(0.631231 -0.0717963 0)
(0.585987 -0.101978 0)
(0.530373 -0.155479 0)
(0.449709 -0.251634 0)
(0.373002 -0.423764 0)
(0.152644 -0.74085 0)
(0.118101 -1.13973 0)
(-0.0728661 0.213872 0)
(-0.144655 0.159818 0)
(-0.14181 0.103311 0)
(-0.130676 0.0842195 0)
(-0.112605 0.0722539 0)
(-0.0852907 0.0637074 0)
(-0.0474424 0.0605256 0)
(0.000905326 0.0620094 0)
(0.0588907 0.066218 0)
(0.125186 0.0716794 0)
(0.197655 0.0770782 0)
(0.273622 0.0812847 0)
(0.350543 0.0837702 0)
(0.426357 0.084416 0)
(0.499518 0.0833417 0)
(0.568924 0.0808012 0)
(0.63385 0.0771059 0)
(0.693872 0.0725701 0)
(0.748805 0.0674788 0)
(0.798632 0.0620714 0)
(0.843455 0.0565374 0)
(0.883454 0.0510194 0)
(0.91885 0.0456186 0)
(0.949888 0.0404028 0)
(0.976818 0.0354138 0)
(0.999883 0.0306741 0)
(1.01931 0.0261931 0)
(1.03533 0.0219712 0)
(1.04812 0.0180034 0)
(1.05789 0.0142823 0)
(1.06479 0.0108 0)
(1.06898 0.0075443 0)
(1.07061 0.00450804 0)
(1.06986 0.00169913 0)
(1.0669 -0.000888024 0)
(1.06186 -0.00327755 0)
(1.05481 -0.00550649 0)
(1.04585 -0.00763304 0)
(1.035 -0.00976111 0)
(1.0222 -0.0120802 0)
(1.00721 -0.0149299 0)
(0.989514 -0.0189116 0)
(0.967946 -0.0250875 0)
(0.94046 -0.0353448 0)
(0.902506 -0.0530678 0)
(0.848355 -0.0844449 0)
(0.757972 -0.141982 0)
(0.64151 -0.252055 0)
(0.335985 -0.495526 0)
(0.327933 -0.862147 0)
(0.238782 0.159771 0)
(0.357182 0.172611 0)
(0.470705 0.12763 0)
(0.571647 0.0910142 0)
(0.647999 0.0667751 0)
(0.706934 0.0498577 0)
(0.756337 0.0374314 0)
(0.801023 0.028242 0)
(0.844101 0.0216312 0)
(0.887692 0.0171785 0)
(0.932932 0.0144517 0)
(0.980062 0.0129744 0)
(1.02869 0.0123006 0)
(1.07808 0.0120599 0)
(1.12732 0.0119751 0)
(1.17556 0.0118642 0)
(1.22204 0.0116271 0)
(1.26613 0.0112254 0)
(1.30741 0.0106602 0)
(1.34559 0.00995515 0)
(1.38049 0.00914362 0)
(1.41208 0.00826059 0)
(1.44038 0.0073381 0)
(1.46547 0.00640318 0)
(1.48747 0.00547724 0)
(1.50652 0.00457652 0)
(1.52278 0.00371275 0)
(1.53641 0.00289407 0)
(1.54758 0.00212582 0)
(1.55644 0.00141133 0)
(1.56315 0.000752507 0)
(1.56786 0.000149896 0)
(1.57071 -0.000396685 0)
(1.57184 -0.000887791 0)
(1.57139 -0.00132298 0)
(1.5695 -0.00170543 0)
(1.56628 -0.00204322 0)
(1.56184 -0.00235136 0)
(1.5562 -0.00265771 0)
(1.5493 -0.00301269 0)
(1.54092 -0.00350533 0)
(1.53054 -0.00428913 0)
(1.51706 -0.00563251 0)
(1.49862 -0.00798293 0)
(1.47129 -0.012169 0)
(1.42963 -0.0194058 0)
(1.35663 -0.0331329 0)
(1.24349 -0.0573405 0)
(0.972341 -0.130186 0)
(0.997205 -0.299609 0)
)
;

boundaryField
{
    movingWall
    {
        type            fixedValue;
        value           uniform (2 0 0);
    }
    fixedWalls
    {
        type            fixedValue;
        value           uniform (0 0 0);
    }
    frontAndBack
    {
        type            empty;
    }
}


// ************************************************************************* //
