/*--------------------------------*- C++ -*----------------------------------*\
  =========                 |
  \\      /  F ield         | OpenFOAM: The Open Source CFD Toolbox
   \\    /   O peration     | Website:  https://openfoam.org
    \\  /    A nd           | Version:  7
     \\/     M anipulation  |
\*---------------------------------------------------------------------------*/
FoamFile
{
    version     2.0;
    format      ascii;
    class       surfaceScalarField;
    location    "350";
    object      phi;
}
// * * * * * * * * * * * * * * * * * * * * * * * * * * * * * * * * * * * * * //

dimensions      [0 3 -1 0 0 0 0];

internalField   nonuniform List<scalar> 
4900
(
1.69963e-06
-1.71297e-06
6.23394e-06
-4.53376e-06
1.17301e-05
-5.49848e-06
1.65155e-05
-4.78826e-06
1.97598e-05
-3.24682e-06
2.13947e-05
-1.63693e-06
2.17687e-05
-3.75623e-07
2.12576e-05
5.09555e-07
2.00032e-05
1.25302e-06
1.78392e-05
2.16261e-06
1.43707e-05
3.4672e-06
9.1092e-06
5.26026e-06
1.56195e-06
7.54608e-06
-8.72481e-06
1.02857e-05
-2.21021e-05
1.33763e-05
-3.87339e-05
1.66309e-05
-5.85254e-05
1.97907e-05
-8.10415e-05
2.25154e-05
-0.000105444
2.44014e-05
-0.000130474
2.50294e-05
-0.000154502
2.4028e-05
-0.00017564
2.11373e-05
-0.000191901
1.62609e-05
-0.000201406
9.5042e-06
-0.000202625
1.21868e-06
-0.000194608
-8.01711e-06
-0.000177101
-1.75073e-05
-0.000150617
-2.64852e-05
-0.000116439
-3.41779e-05
-7.65875e-05
-3.98519e-05
-3.37087e-05
-4.28792e-05
9.08419e-06
-4.27932e-05
4.85265e-05
-3.94427e-05
8.17512e-05
-3.32251e-05
0.000106568
-2.48173e-05
0.000121694
-1.51264e-05
0.000126995
-5.30133e-06
0.000123535
3.4601e-06
0.000113301
1.02329e-05
9.86859e-05
1.46153e-05
8.20361e-05
1.66494e-05
6.52985e-05
1.67374e-05
4.98283e-05
1.54699e-05
3.63684e-05
1.34597e-05
2.51527e-05
1.12154e-05
1.60778e-05
9.07464e-06
8.91917e-06
7.1583e-06
3.60871e-06
5.31015e-06
5.10023e-07
3.0984e-06
5.09962e-07
4.48015e-06
-6.1911e-06
1.38616e-05
-1.39184e-05
2.4324e-05
-1.59671e-05
3.29045e-05
-1.33753e-05
3.79928e-05
-8.34076e-06
3.91998e-05
-2.84885e-06
3.68075e-05
2.0125e-06
3.11201e-05
6.1931e-06
2.20254e-05
1.03441e-05
8.89031e-06
1.52942e-05
-9.28718e-06
2.16414e-05
-3.36115e-05
2.95815e-05
-6.49841e-05
3.8916e-05
-0.000103844
4.91435e-05
-0.00014996
5.94896e-05
-0.000202264
6.89337e-05
-0.000258804
7.63285e-05
-0.00031686
8.057e-05
-0.000373228
8.07681e-05
-0.000424567
7.63675e-05
-0.000467736
6.71965e-05
-0.000500056
5.34559e-05
-0.00051947
3.56743e-05
-0.000524636
1.46691e-05
-0.000515006
-8.41226e-06
-0.000490672
-3.23516e-05
-0.000452268
-5.59119e-05
-0.000400991
-7.77635e-05
-0.000338661
-9.65087e-05
-0.000267744
-0.000110769
-0.000191327
-0.000119297
-0.000112982
-0.000121139
-3.65901e-05
-0.000115836
3.37743e-05
-0.00010359
9.44021e-05
-8.54459e-05
0.000142466
-6.31914e-05
0.000176031
-3.88667e-05
0.000194291
-1.48011e-05
0.00019782
6.70335e-06
0.000188697
2.37377e-05
0.00017006
3.52853e-05
0.000145501
4.12964e-05
0.000118433
4.25372e-05
9.16322e-05
4.02596e-05
6.69774e-05
3.58695e-05
4.54659e-05
3.05854e-05
2.7496e-05
2.51275e-05
1.33575e-05
1.94479e-05
3.76381e-06
1.26914e-05
4.27369e-06
5.99285e-06
-1.21841e-05
1.73437e-05
-2.5271e-05
2.87977e-05
-2.74253e-05
3.67961e-05
-2.13788e-05
3.94787e-05
-1.10284e-05
3.62573e-05
3.68032e-07
2.70666e-05
1.1199e-05
1.16942e-05
2.15616e-05
-1.06318e-05
3.26666e-05
-4.11947e-05
4.58539e-05
-8.13564e-05
6.18003e-05
-0.000132038
8.02611e-05
-0.000193299
0.000100174
-0.000264021
0.000119864
-0.000341845
0.000137311
-0.000423398
0.000150486
-0.000504754
0.000157683
-0.000581954
0.000157769
-0.000651453
0.000150266
-0.000710392
0.000135306
-0.000756695
0.000113498
-0.000789014
8.57742e-05
-0.000806594
5.32537e-05
-0.000809091
1.7165e-05
-0.000796375
-2.11283e-05
-0.000768463
-6.0264e-05
-0.000725662
-9.87141e-05
-0.000668696
-0.000134729
-0.000598796
-0.000166409
-0.000517796
-0.000191769
-0.000428207
-0.000208887
-0.000333216
-0.00021613
-0.000236604
-0.000212449
-0.000142505
-0.000197689
-5.5152e-05
-0.0001728
2.14793e-05
-0.000139823
8.43961e-05
-0.000101784
0.000131799
-6.22044e-05
0.000162713
-2.42121e-05
0.000177271
9.17897e-06
0.000176994
3.55619e-05
0.000164672
5.36177e-05
0.000143849
6.33602e-05
0.000118206
6.59019e-05
9.10098e-05
6.30648e-05
6.4744e-05
5.68505e-05
4.1077e-05
4.87937e-05
2.12189e-05
3.93053e-05
6.61227e-06
2.72974e-05
1.08859e-05
6.51019e-06
-1.86935e-05
1.75873e-05
-3.63497e-05
2.6915e-05
-3.67564e-05
3.06795e-05
-2.51476e-05
2.70765e-05
-7.42984e-06
1.54109e-05
1.20292e-05
-4.85779e-06
3.14638e-05
-3.47514e-05
5.14517e-05
-7.57982e-05
7.37106e-05
-0.000129475
9.95277e-05
-0.000196502
0.000128826
-0.000276285
0.000160042
-0.000366675
0.000190563
-0.000464165
0.000217353
-0.000564425
0.00023757
-0.000662998
0.000249058
-0.000755909
0.000250594
-0.000840029
0.000241888
-0.00091316
0.000223396
-0.000973915
0.000196061
-0.00102148
0.000161066
-0.00105539
0.000119678
-0.00107529
7.31562e-05
-0.00108088
2.27536e-05
-0.00107177
-3.02389e-05
-0.00104765
-8.43818e-05
-0.00100837
-0.000137996
-0.000953987
-0.000189114
-0.000884902
-0.000235494
-0.000802035
-0.000274637
-0.000706999
-0.000303923
-0.000602268
-0.000320861
-0.000491248
-0.00032347
-0.000378201
-0.000310737
-0.000267959
-0.000283043
-0.000165382
-0.0002424
-7.48002e-05
-0.000192367
4.91593e-07
-0.000137497
5.89002e-05
-8.26214e-05
0.00010012
-3.20416e-05
0.000124405
1.12758e-05
0.000133035
4.49873e-05
0.000128505
6.78901e-05
0.000114104
8.0302e-05
9.34138e-05
8.37543e-05
6.97992e-05
8.04644e-05
4.60832e-05
7.25092e-05
2.46237e-05
6.07641e-05
7.92526e-06
4.39952e-05
1.88111e-05
6.1989e-06
-2.48929e-05
1.48607e-05
-4.50134e-05
1.91227e-05
-4.10213e-05
1.53273e-05
-2.1356e-05
1.92889e-06
5.96454e-06
-2.19614e-05
3.59158e-05
-5.75275e-05
6.70267e-05
-0.0001065
0.000100421
-0.000170498
0.000137707
-0.00025007
0.000179098
-0.000344007
0.000222761
-0.000449264
0.000265298
-0.000561436
0.000302734
-0.000675565
0.000331481
-0.000786971
0.000348976
-0.000891845
0.00035393
-0.000987472
0.000346221
-0.00107216
0.000326574
-0.00114497
0.000296207
-0.00120544
0.000256531
-0.00125334
0.00020897
-0.00128854
0.000154876
-0.00131091
9.55222e-05
-0.00132029
3.21282e-05
-0.0013164
-3.41245e-05
-0.00129889
-0.00010189
-0.00126728
-0.000169612
-0.00122098
-0.000235412
-0.00115946
-0.000297015
-0.00108241
-0.000351685
-0.000990057
-0.000396277
-0.000883481
-0.000427437
-0.000764954
-0.000441997
-0.000638152
-0.00043754
-0.000508122
-0.000413072
-0.000380889
-0.000369634
-0.000262662
-0.000310595
-0.00015876
-0.000241399
-7.27343e-05
-0.000168647
-6.05125e-06
-9.87254e-05
4.18195e-05
-3.65957e-05
7.2128e-05
1.4678e-05
8.64749e-05
5.35425e-05
8.73806e-05
7.93957e-05
7.80487e-05
9.30855e-05
6.1989e-05
9.65235e-05
4.26636e-05
9.18339e-05
2.33711e-05
8.0056e-05
7.59154e-06
5.97742e-05
2.64025e-05
4.88048e-06
-2.97737e-05
8.81229e-06
-4.89474e-05
5.14985e-06
-3.73618e-05
-9.15145e-06
-7.05812e-06
-3.54377e-05
3.22475e-05
-7.48764e-05
7.53516e-05
-0.00012919
0.000121338
-0.000200119
0.000171349
-0.000288203
0.000225788
-0.000391886
0.00028278
-0.000507491
0.000338365
-0.000629932
0.000387737
-0.000753746
0.000426547
-0.000874029
0.000451763
-0.000986993
0.000461939
-0.0010901
0.000457038
-0.00118189
0.000438013
-0.00126169
0.000406372
-0.00132932
0.000363838
-0.00138493
0.00031214
-0.00142886
0.000252892
-0.00146152
0.000187542
-0.00148336
0.000117359
-0.00149469
4.34584e-05
-0.00149562
-3.31982e-05
-0.00148591
-0.000111602
-0.00146493
-0.000190585
-0.00143165
-0.000268692
-0.00138467
-0.000343998
-0.00132241
-0.000413948
-0.00124341
-0.000475282
-0.00114674
-0.0005241
-0.0010326
-0.000556141
-0.000902814
-0.000567326
-0.000761319
-0.000554567
-0.000614221
-0.000516733
-0.000469289
-0.000455526
-0.000334788
-0.000375901
-0.000217806
-0.00028563
-0.000122686
-0.000193845
-5.04202e-05
-0.000108862
6.08724e-07
-3.63516e-05
3.3006e-05
2.11446e-05
4.93261e-05
6.30748e-05
5.25247e-05
8.98864e-05
4.60124e-05
0.000103035
3.34906e-05
0.000104355
1.88206e-05
9.47255e-05
6.09692e-06
7.24973e-05
3.24994e-05
2.24194e-06
-3.20167e-05
-1.01996e-06
-4.56879e-05
-1.52035e-05
-2.3181e-05
-4.24944e-05
2.023e-05
-8.40779e-05
7.38284e-05
-0.000141391
0.000132662
-0.000216125
0.00019607
-0.000308937
0.00026416
-0.000418257
0.000335107
-0.000540105
0.000404626
-0.000668908
0.000467167
-0.000798722
0.000517551
-0.000924284
0.000552108
-0.00104159
0.000569071
-0.00114802
0.000568367
-0.00124212
0.000551137
-0.00132334
0.000519232
-0.00139178
0.000474813
-0.00144803
0.000420086
-0.00149301
0.000357121
-0.00152786
0.000287736
-0.00155374
0.000213422
-0.00157172
0.000135338
-0.00158262
5.43585e-05
-0.00158693
-2.88885e-05
-0.00158466
-0.000113873
-0.00157527
-0.000199966
-0.00155761
-0.000286358
-0.00152982
-0.000371784
-0.00148947
-0.000454299
-0.00143368
-0.000531076
-0.0013595
-0.000598278
-0.00126453
-0.00065111
-0.0011477
-0.000684158
-0.00101016
-0.000692104
-0.000856058
-0.000670838
-0.00069276
-0.000618824
-0.000530292
-0.000538369
-0.000379672
-0.000436251
-0.000250405
-0.000323112
-0.000148017
-0.000211251
-7.30122e-05
-0.000111357
-2.21151e-05
-2.97532e-05
8.99757e-06
3.19616e-05
2.41898e-05
7.46935e-05
2.72448e-05
9.99796e-05
2.21183e-05
0.000109481
1.29883e-05
0.000103855
4.19453e-06
8.12907e-05
3.66939e-05
-1.96566e-06
-3.00518e-05
-1.47942e-05
-3.28619e-05
-4.15716e-05
3.59384e-06
-8.35816e-05
6.22378e-05
-0.000141836
0.000132081
-0.000217727
0.000208551
-0.000312016
0.000290357
-0.000423384
0.000375527
-0.000547905
0.000459626
-0.000679746
0.000536466
-0.000812509
0.00059993
-0.000940443
0.000645483
-0.00105912
0.000670787
-0.00116562
0.000675565
-0.00125833
0.000661082
-0.00133676
0.000629566
-0.00140126
0.000583728
-0.00145285
0.000526403
-0.00149304
0.000460276
-0.00152361
0.000387689
-0.00154639
0.000310514
-0.00156308
0.000230119
-0.00157515
0.000147406
-0.0015837
6.29018e-05
-0.00158944
-2.31412e-05
-0.00159266
-0.000110655
-0.0015931
-0.000199534
-0.00158984
-0.000289619
-0.00158121
-0.000380407
-0.00156468
-0.000470831
-0.00153679
-0.000558972
-0.0014933
-0.000641767
-0.00142963
-0.000714775
-0.00134163
-0.000772163
-0.00122665
-0.000807079
-0.00108493
-0.000812561
-0.00092071
-0.000783044
-0.000742813
-0.000716265
-0.000563954
-0.00061511
-0.0003985
-0.000488567
-0.000258869
-0.000350883
-0.000151884
-0.000218342
-7.72472e-05
-0.00010439
-2.95278e-05
-1.57583e-05
-2.3001e-06
4.74651e-05
9.81216e-06
8.78667e-05
1.16272e-05
0.000107665
7.7385e-06
0.000107743
2.58491e-06
8.64437e-05
3.92787e-05
-7.80645e-06
-2.22466e-05
-3.20631e-05
-8.60773e-06
-7.27711e-05
4.42997e-05
-0.000130179
0.000119644
-0.000205104
0.000207004
-0.000298257
0.000301703
-0.000408712
0.000400811
-0.000532925
0.000499739
-0.000665093
0.000591794
-0.000798474
0.000669846
-0.000926764
0.000728219
-0.00104497
0.000763688
-0.0011497
0.000775521
-0.00123912
0.000764977
-0.00131268
0.000734645
-0.00137097
0.00068786
-0.00141545
0.000628201
-0.00144814
0.000559098
-0.00147139
0.000483526
-0.00148754
0.000403831
-0.0014987
0.000321674
-0.00150667
0.000238092
-0.00151288
0.000153616
-0.00151838
6.84065e-05
-0.00152391
-1.76111e-05
-0.00152989
-0.000104685
-0.00153635
-0.000193066
-0.00154294
-0.000283034
-0.00154864
-0.000374703
-0.00155161
-0.000467861
-0.00154889
-0.000561699
-0.00153622
-0.000654434
-0.00150813
-0.000742865
-0.00145833
-0.000821965
-0.00138068
-0.000884725
-0.00127072
-0.000922526
-0.00112748
-0.000926282
-0.000955271
-0.000888474
-0.000764555
-0.000805826
-0.000571178
-0.000681944
-0.000393345
-0.000528716
-0.00024661
-0.000365076
-0.000138772
-0.000212229
-6.79936e-05
-8.65372e-05
-2.61085e-05
5.57945e-06
-4.45807e-06
6.62158e-05
3.77964e-06
9.94272e-05
4.23749e-06
0.000107284
1.70224e-06
8.89786e-05
4.09809e-05
-1.50034e-05
-7.24393e-06
-5.18366e-05
2.82232e-05
-0.000106755
9.92168e-05
-0.000179075
0.000191962
-0.000269132
0.00029706
-0.000376356
0.000408926
-0.000497843
0.000522298
-0.000628166
0.000630062
-0.000760458
0.000724085
-0.000887906
0.000797294
-0.00100487
0.000845185
-0.0011074
0.000866212
-0.00119326
0.000861387
-0.00126185
0.000833566
-0.00131393
0.000786718
-0.00135132
0.000725257
-0.0013766
0.000653472
-0.00139258
0.000575077
-0.00140201
0.000492955
-0.00140727
0.000409091
-0.00141026
0.000324666
-0.0014124
0.000240239
-0.00141473
0.000155937
-0.00141794
7.16206e-05
-0.00142256
-1.29929e-05
-0.00142897
-9.82709e-05
-0.00143745
-0.000184586
-0.00144813
-0.000272355
-0.00146085
-0.000361992
-0.00147486
-0.000453848
-0.00148852
-0.000548038
-0.00149882
-0.000644136
-0.00150102
-0.000740666
-0.00148854
-0.000834444
-0.00145337
-0.000919899
-0.00138721
-0.000988683
-0.00128349
-0.00103
-0.00113989
-0.00103207
-0.000960832
-0.000984888
-0.000758764
-0.000884012
-0.000553213
-0.000734267
-0.000366622
-0.000551667
-0.000217489
-0.000361362
-0.000113608
-0.000190419
-5.03875e-05
-5.76414e-05
-1.64727e-05
3.23005e-05
-1.36968e-06
8.43237e-05
2.71082e-06
0.000103204
1.63855e-06
9.00503e-05
4.26194e-05
-2.30543e-05
1.58094e-05
-7.25966e-05
7.77639e-05
-0.000140924
0.000167543
-0.000226507
0.000277545
-0.0003288
0.000399352
-0.000445643
0.000525768
-0.000572338
0.000648992
-0.000702233
0.000759956
-0.000828176
0.000850027
-0.000943881
0.000912999
-0.00104472
0.000946025
-0.00112799
0.00094948
-0.00119285
0.000926251
-0.00124016
0.000880867
-0.00127206
0.000818622
-0.00129158
0.000744779
-0.00130203
0.000663923
-0.00130653
0.000579572
-0.00130765
0.000494077
-0.00130732
0.000408759
-0.00130682
0.000324164
-0.00130693
0.000240348
-0.0013081
0.000157105
-0.00131059
7.41113e-05
-0.00131461
-8.9749e-06
-0.00132039
-9.24828e-05
-0.00132826
-0.000176716
-0.00133863
-0.000261994
-0.0013519
-0.000348718
-0.00136835
-0.000437393
-0.00138779
-0.000528601
-0.00140907
-0.000622861
-0.00142946
-0.000720276
-0.00144403
-0.000819874
-0.00144527
-0.000918659
-0.00142341
-0.00101054
-0.00136784
-0.00108558
-0.00126964
-0.00113026
-0.00112511
-0.00112942
-0.000939071
-0.00107005
-0.000726634
-0.000946705
-0.000511745
-0.000766556
-0.000321343
-0.000551764
-0.000176043
-0.00033572
-8.18057e-05
-0.000151879
-2.97524e-05
-1.97533e-05
-5.47554e-06
6.00464e-05
2.45418e-06
9.52732e-05
2.17095e-06
9.03332e-05
4.47903e-05
-3.12133e-05
4.70222e-05
-9.2528e-05
0.000139077
-0.000172539
0.000247553
-0.000268753
0.000373759
-0.000379485
0.000510083
-0.00050102
0.000647302
-0.000627344
0.000775315
-0.000751279
0.000883892
-0.000866003
0.00096475
-0.00096616
0.00101316
-0.0010484
0.00102827
-0.0011115
0.00101258
-0.0011562
0.000970949
-0.00118485
0.000909518
-0.00120085
0.000834621
-0.00120795
0.000751881
-0.00120964
0.000665615
-0.00120872
0.000578649
-0.00120713
0.000492482
-0.001206
0.000407638
-0.00120589
0.000324053
-0.00120694
0.000241396
-0.00120911
0.000159269
-0.0012123
7.73076e-05
-0.00121649
-4.78365e-06
-0.00122176
-8.72199e-05
-0.00122832
-0.000170158
-0.00123657
-0.000253741
-0.0012471
-0.000338183
-0.00126066
-0.00042384
-0.00127798
-0.000511281
-0.00129951
-0.000601328
-0.00132482
-0.000694965
-0.00135174
-0.000792957
-0.00137537
-0.000895022
-0.00138742
-0.000998496
-0.00137629
-0.0010967
-0.00132885
-0.00117771
-0.00123374
-0.00122452
-0.00108606
-0.00121773
-0.000891755
-0.00114101
-0.000669713
-0.000988599
-0.000449253
-0.000772224
-0.000261702
-0.000523272
-0.000127929
-0.000285652
-4.92896e-05
-9.83929e-05
-1.13682e-05
2.21246e-05
2.11062e-06
8.17941e-05
2.86642e-06
8.95768e-05
4.76566e-05
-3.86058e-05
8.56274e-05
-0.000109905
0.000210375
-0.000199122
0.000336769
-0.000302688
0.000477325
-0.000417719
0.000625114
-0.000539234
0.000768816
-0.000660482
0.000896563
-0.000774361
0.00099777
-0.000874817
0.00106521
-0.000957719
0.00109606
-0.00102121
0.00109176
-0.00106568
0.00105705
-0.00109345
0.000998719
-0.00110814
0.000924204
-0.00111387
0.000840352
-0.00111451
0.000752515
-0.00111309
0.000664197
-0.00111164
0.000577197
-0.00111121
0.000492059
-0.00111217
0.000408595
-0.00111443
0.000326316
-0.00111774
0.000244701
-0.00112179
0.000163325
-0.00112637
8.18832e-05
-0.00113134
1.81932e-07
-0.00113667
-8.18852e-05
-0.00114248
-0.000164353
-0.00114899
-0.000247226
-0.00115664
-0.000330535
-0.00116609
-0.000414392
-0.00117828
-0.000499089
-0.00119437
-0.000585235
-0.00121546
-0.000673878
-0.00124192
-0.000766499
-0.0012723
-0.000864638
-0.00130194
-0.000968863
-0.00132173
-0.00107691
-0.00131814
-0.00118129
-0.00127528
-0.00126738
-0.00117938
-0.00131363
-0.00102497
-0.00129543
-0.000820422
-0.00119314
-0.000590068
-0.00100258
-0.000369588
-0.000743752
-0.000193696
-0.000461544
-8.00883e-05
-0.000212001
-2.20459e-05
-3.5918e-05
1.87596e-07
5.956e-05
3.252e-06
8.65122e-05
5.09086e-05
-4.44671e-05
0.000130094
-0.000123304
0.000289212
-0.000218768
0.000432232
-0.000326153
0.00058471
-0.000441496
0.000740456
-0.000558973
0.000886292
-0.000671638
0.00100923
-0.000772922
0.00109905
-0.00085785
0.00115013
-0.00092371
0.00116192
-0.000970237
0.00113829
-0.000999398
0.00108621
-0.0010148
0.00101412
-0.00102081
0.000930213
-0.00102164
0.000841182
-0.00102064
0.000751516
-0.00101998
0.000663543
-0.00102074
0.000577949
-0.00102313
0.000494456
-0.00102695
0.000412411
-0.00103178
0.000331146
-0.00103723
0.00025015
-0.00104299
0.000169086
-0.00104887
8.77597e-05
-0.00105476
6.07178e-06
-0.00106063
-7.60146e-05
-0.0010665
-0.000158476
-0.00107246
-0.00024127
-0.00107867
-0.00032433
-0.00108546
-0.000407599
-0.00109346
-0.00049109
-0.00110368
-0.000575013
-0.00111758
-0.000659977
-0.00113685
-0.000747231
-0.00116271
-0.000838781
-0.00119452
-0.00093705
-0.00122785
-0.00104358
-0.00125267
-0.00115647
-0.00125317
-0.00126689
-0.00121046
-0.00135634
-0.00110867
-0.00139722
-0.000942989
-0.00135882
-0.000726407
-0.00121916
-0.000490805
-0.000979353
-0.000278707
-0.000673642
-0.000125331
-0.000365377
-3.97538e-05
-0.000121495
-4.45818e-06
2.42643e-05
3.00474e-06
7.90487e-05
5.39133e-05
-4.82312e-05
0.000178325
-0.000131751
0.000372731
-0.000230313
0.000530794
-0.000338083
0.00069248
-0.000450262
0.000852635
-0.000560621
0.00099665
-0.000662468
0.00111108
-0.000750087
0.00118667
-0.000819768
0.00121981
-0.000870289
0.00121244
-0.000902904
0.0011709
-0.000920874
0.00110418
-0.000928599
0.00102184
-0.000930573
0.000932188
-0.000930504
0.000841113
-0.000930833
0.000751844
-0.00093273
0.00066544
-0.000936412
0.00058163
-0.000941558
0.000499602
-0.00094767
0.000418522
-0.000954291
0.000337768
-0.000961099
0.000256957
-0.000967906
0.000175894
-0.000974631
9.44851e-05
-0.000981255
1.26955e-05
-0.00098778
-6.94895e-05
-0.00099421
-0.000152047
-0.00100053
-0.000234947
-0.00100674
-0.000318123
-0.00101287
-0.000401471
-0.00101909
-0.000484864
-0.0010259
-0.000568209
-0.00103427
-0.000651607
-0.00104587
-0.000735633
-0.00106292
-0.000821723
-0.00108751
-0.000912469
-0.00111977
-0.00101131
-0.00115536
-0.00112088
-0.0011829
-0.00123935
-0.00118372
-0.00135552
-0.00113576
-0.00144518
-0.0010219
-0.00147268
-0.000840241
-0.00140082
-0.00061142
-0.00120817
-0.000377098
-0.000907964
-0.000185405
-0.00055707
-6.59199e-05
-0.000240981
-1.23923e-05
-2.92639e-05
2.01125e-06
6.46451e-05
5.59245e-05
-4.95739e-05
0.000227899
-0.000134766
0.000457923
-0.000233349
0.000629377
-0.000338434
0.000797565
-0.000444674
0.000958875
-0.000545831
0.00109781
-0.000635795
0.00120104
-0.000709896
0.00126077
-0.000765749
0.00127567
-0.000803543
0.00125023
-0.000825795
0.00119315
-0.00083661
0.001115
-0.000840608
0.00102584
-0.000841855
0.000933435
-0.00084318
0.000842437
-0.000846008
0.000754673
-0.000850649
0.000670081
-0.000856758
0.000587739
-0.000863773
0.000506617
-0.00087119
0.000425939
-0.000878672
0.00034525
-0.000886055
0.00026434
-0.000893298
0.000183137
-0.00090043
0.000101617
-0.000907502
1.97674e-05
-0.000914558
-6.24337e-05
-0.000921611
-0.000144993
-0.000928637
-0.00022792
-0.000935566
-0.000311194
-0.000942285
-0.000394752
-0.000948686
-0.000478462
-0.000954764
-0.00056213
-0.000960819
-0.000645553
-0.000967753
-0.000728698
-0.000977386
-0.00081209
-0.000992474
-0.000897382
-0.00101591
-0.000987881
-0.00104852
-0.00108826
-0.0010856
-0.00120227
-0.00111363
-0.00132749
-0.00111032
-0.00144849
-0.00105053
-0.00153248
-0.000917699
-0.00153365
-0.000716435
-0.00140944
-0.00047889
-0.00114551
-0.000257616
-0.000778344
-0.000101343
-0.000397253
-2.37728e-05
-0.000106834
2.78867e-07
4.05929e-05
5.62033e-05
-4.84142e-05
0.000276313
-0.000132331
0.00054184
-0.000228127
0.000725173
-0.000327971
0.000897409
-0.000426252
0.00105716
-0.000517037
0.00118859
-0.000595008
0.00127901
-0.000656615
0.00132238
-0.00070073
0.00131978
-0.000728729
0.00127823
-0.000744006
0.00120843
-0.000751002
0.00112199
-0.000754046
0.00102888
-0.000756424
0.000935813
-0.000759979
0.000845992
-0.000765263
0.000759957
-0.000772006
0.000676824
-0.000779622
0.000595355
-0.000787559
0.000514555
-0.000795457
0.000433837
-0.000803155
0.000352949
-0.000810642
0.000271827
-0.000817981
0.000190476
-0.000825266
0.000108903
-0.000832583
2.70843e-05
-0.000839996
-5.502e-05
-0.000847535
-0.000137454
-0.000855193
-0.000220262
-0.000862912
-0.000303474
-0.000870569
-0.000387095
-0.000877967
-0.000471063
-0.000884869
-0.000555228
-0.000891094
-0.000639328
-0.000896755
-0.000723036
-0.000902669
-0.000806176
-0.000910822
-0.000889229
-0.00092453
-0.000974173
-0.000947501
-0.00106529
-0.000980963
-0.0011688
-0.00101904
-0.00128942
-0.00104482
-0.00142271
-0.00103156
-0.00154573
-0.000951964
-0.00161324
-0.000793518
-0.00156788
-0.000572446
-0.00136658
-0.000336168
-0.00101462
-0.000145748
-0.000587673
-3.89702e-05
-0.000213613
-2.33068e-06
3.95351e-06
5.38726e-05
-4.48762e-05
0.00032119
-0.000124796
0.00062176
-0.00021539
0.000815767
-0.000308008
0.000990027
-0.000397014
0.00114616
-0.000477007
0.00126859
-0.000543564
0.00134557
-0.000594216
0.00137303
-0.000628912
0.00135448
-0.000649896
0.00129921
-0.000661
0.00121953
-0.000666544
0.00112754
-0.000670226
0.00103257
-0.000674425
0.000940013
-0.000680112
0.00085168
-0.000687228
0.000767073
-0.00069523
0.000684826
-0.00070353
0.000603655
-0.000711724
0.000522749
-0.000719636
0.00044175
-0.000727261
0.000360574
-0.000734685
0.000279251
-0.000742023
0.000197816
-0.000749388
0.000116268
-0.000756867
3.45636e-05
-0.000764526
-4.73605e-05
-0.000772399
-0.00012958
-0.000780499
-0.000212161
-0.000788801
-0.000295173
-0.000797224
-0.000378671
-0.000805612
-0.000462675
-0.000813708
-0.000547132
-0.000821164
-0.000631872
-0.000827643
-0.000716557
-0.000833097
-0.000800722
-0.00083829
-0.000884036
-0.000845464
-0.000966999
-0.000858607
-0.00105215
-0.000882205
-0.00114521
-0.00091732
-0.00125431
-0.000955544
-0.00138449
-0.000974915
-0.00152636
-0.000943843
-0.00164432
-0.00083551
-0.00167622
-0.000647246
-0.00155485
-0.000413152
-0.00124872
-0.000197102
-0.000803723
-5.86311e-05
-0.000352083
-5.88686e-06
-4.87909e-05
4.79857e-05
-3.92364e-05
0.000360426
-0.000112767
0.000695291
-0.000196186
0.000899186
-0.000280145
0.00107399
-0.000359157
0.00122517
-0.000428487
0.00133792
-0.000484623
0.0014017
-0.000526049
0.00141446
-0.000553537
0.00138197
-0.000569833
0.00131551
-0.000578807
0.00122851
-0.000584326
0.00113306
-0.000589302
0.00103754
-0.000595272
0.000945983
-0.00060256
0.000858967
-0.000610775
0.000775289
-0.000619333
0.000693384
-0.000627777
0.000612099
-0.000635887
0.00053086
-0.000643644
0.000449507
-0.000651141
0.000368071
-0.000658507
0.000286618
-0.000665869
0.000205178
-0.000673329
0.000123728
-0.000680962
4.21971e-05
-0.000688824
-3.94971e-05
-0.000696948
-0.000121456
-0.000705351
-0.000203758
-0.000714032
-0.000286491
-0.000722956
-0.000369747
-0.000732032
-0.000453598
-0.000741082
-0.000538082
-0.0007498
-0.000623153
-0.000757747
-0.00070861
-0.000764447
-0.000794022
-0.000769726
-0.000878756
-0.000774393
-0.000962332
-0.000781121
-0.00104542
-0.000794754
-0.00113157
-0.000820393
-0.00122867
-0.000857854
-0.00134703
-0.000894097
-0.00149012
-0.000900316
-0.0016381
-0.000841216
-0.00173532
-0.000696089
-0.00169997
-0.000480408
-0.0014644
-0.000251353
-0.00103278
-8.28943e-05
-0.000520542
-1.03711e-05
-0.000121314
3.76147e-05
-3.18688e-05
0.000392295
-9.69965e-05
0.000760419
-0.000171706
0.000973895
-0.000246052
0.00114833
-0.000314805
0.00129393
-0.000373956
0.00139707
-0.00042084
0.00144859
-0.000454713
0.00144833
-0.000476882
0.00140413
-0.000490249
0.00132888
-0.000498403
0.00123666
-0.000504574
0.00113923
-0.000510895
0.00104386
-0.000518228
0.000953317
-0.000526497
0.000867237
-0.000535204
0.000783997
-0.000543856
0.000702037
-0.000552168
0.000620412
-0.000560077
0.00053877
-0.000567666
0.000457096
-0.000575073
0.000375479
-0.000582434
0.00029398
-0.000589863
0.000212608
-0.000597445
0.000131311
-0.000605242
4.99951e-05
-0.000613302
-3.14363e-05
-0.000621648
-0.000113109
-0.000630299
-0.000195106
-0.000639261
-0.000277529
-0.000648521
-0.000360486
-0.000658038
-0.000444081
-0.000667712
-0.000528407
-0.000677346
-0.000613519
-0.000686589
-0.000699367
-0.000694911
-0.0007857
-0.000701714
-0.000871952
-0.000706763
-0.000957282
-0.000711075
-0.00104111
-0.000718045
-0.0011246
-0.00073357
-0.00121314
-0.000762848
-0.00131775
-0.00080247
-0.0014505
-0.000831891
-0.00160868
-0.000814611
-0.0017526
-0.0007161
-0.00179848
-0.000531375
-0.00164912
-0.00030327
-0.00126088
-0.000110755
-0.000713057
-1.57864e-05
-0.000216282
2.18283e-05
-2.31986e-05
0.000415494
-7.82904e-05
0.000815512
-0.000143148
0.00103875
-0.000207317
0.0012125
-0.00026586
0.00135247
-0.000315492
0.0014467
-0.00035429
0.00148739
-0.000382073
0.00147612
-0.000400397
0.00142246
-0.000412034
0.00134051
-0.000420084
0.00124471
-0.000427081
0.00114623
-0.00043448
0.00105126
-0.000442674
0.000961512
-0.000451393
0.000875957
-0.000460172
0.000792777
-0.000468663
0.000710527
-0.000476733
0.000628483
-0.000484429
0.000546467
-0.000491884
0.000464552
-0.000499243
0.000382839
-0.000506631
0.000301369
-0.000514143
0.000220121
-0.000521853
0.000139022
-0.000529815
5.79576e-05
-0.000538071
-2.31785e-05
-0.00054664
-0.000104539
-0.000555536
-0.000186209
-0.000564763
-0.000268302
-0.000574314
-0.000350934
-0.000584169
-0.000434225
-0.000594277
-0.000518298
-0.000604529
-0.000603266
-0.0006147
-0.000689195
-0.000624382
-0.000776017
-0.00063295
-0.000863385
-0.000639703
-0.000950529
-0.00064445
-0.00103636
-0.000648692
-0.00112036
-0.000656952
-0.00120488
-0.000676238
-0.00129846
-0.000710483
-0.00141625
-0.000749753
-0.00156941
-0.000763062
-0.00173929
-0.000708519
-0.00185303
-0.000562239
-0.0017954
-0.000347859
-0.00147526
-0.000140241
-0.000920675
-2.20267e-05
-0.000334496
-1.98314e-07
-1.36666e-05
0.000429161
-5.74472e-05
0.000859293
-0.000111636
0.00109294
-0.00016535
0.00126622
-0.000213919
0.00140104
-0.000254734
0.00148752
-0.000286488
0.00151914
-0.000309355
0.00149898
-0.000324895
0.001438
-0.000335535
0.00135116
-0.000343775
0.00125295
-0.000351486
0.00115394
-0.000359586
0.00105936
-0.000368182
0.000970108
-0.000376957
0.000884733
-0.000385549
0.000801369
-0.000393751
0.000718731
-0.000401548
0.000636281
-0.000409045
0.000553964
-0.000416386
0.000471894
-0.000423709
0.000390163
-0.000431121
0.000308782
-0.000438702
0.000227704
-0.000446521
0.000146842
-0.000454631
6.60691e-05
-0.000463078
-1.47306e-05
-0.000471874
-9.57413e-05
-0.000481031
-0.000177052
-0.000490546
-0.000258785
-0.000500411
-0.000341067
-0.000510609
-0.000424027
-0.000521109
-0.000507798
-0.00053185
-0.000592525
-0.000542701
-0.000678343
-0.000553399
-0.000765319
-0.000563456
-0.000853327
-0.000572138
-0.000941847
-0.000578684
-0.00102981
-0.000583141
-0.0011159
-0.000587931
-0.00120009
-0.000599164
-0.00128723
-0.000624442
-0.00139097
-0.000663485
-0.00153036
-0.000695262
-0.00170751
-0.000677659
-0.00187063
-0.00057217
-0.00190089
-0.00038144
-0.00166599
-0.000168804
-0.00113331
-2.92939e-05
-0.000474007
-2.94921e-05
-3.69197e-06
0.000432854
-3.52295e-05
0.000890832
-7.81755e-05
0.00113589
-0.000121346
0.00130939
-0.000160261
0.00143996
-0.000192909
0.00152016
-0.000218469
0.0015447
-0.000237288
0.0015178
-0.000250742
0.00145145
-0.00026077
0.00136118
-0.000269236
0.00126142
-0.000277419
0.00116212
-0.000285848
0.00106779
-0.000294482
0.000978743
-0.000303044
0.000893296
-0.000311294
0.00080962
-0.000319146
0.000726584
-0.000326656
0.000643791
-0.000333951
0.00056126
-0.000341172
0.000479117
-0.000348439
0.000397431
-0.000355845
0.000316189
-0.000363461
0.000235322
-0.000371354
0.000154736
-0.000379586
7.43027e-05
-0.000388207
-6.10859e-06
-0.000397232
-8.67147e-05
-0.000406668
-0.000167615
-0.000416506
-0.000248946
-0.000426731
-0.00033084
-0.000437324
-0.000413433
-0.000448258
-0.000496863
-0.000459492
-0.000581291
-0.000470947
-0.000666887
-0.00048246
-0.000753806
-0.000493701
-0.000842086
-0.000504079
-0.000931469
-0.000512743
-0.00102115
-0.000518977
-0.00110967
-0.000523413
-0.00119565
-0.000530023
-0.00128062
-0.00054675
-0.00137425
-0.00057981
-0.0014973
-0.000619439
-0.00166788
-0.000629506
-0.00186056
-0.000562867
-0.00196753
-0.00040214
-0.00182672
-0.000194029
-0.00134142
-3.76464e-05
-0.000630389
-6.71384e-05
6.18774e-06
0.000426666
-1.23022e-05
0.000909322
-4.36528e-05
0.00116724
-7.62894e-05
0.00134203
-0.000105875
0.00146954
-0.000130891
0.00154518
-0.000150888
0.0015647
-0.000166246
0.00153316
-0.000178019
0.00146323
-0.000187583
0.00137075
-0.000196172
0.00127001
-0.000204562
0.00117051
-0.000213005
0.00107624
-0.000221408
0.000987147
-0.000229577
0.000901466
-0.00023739
0.000817433
-0.000244847
0.000734043
-0.000252045
0.00065099
-0.000259116
0.000568332
-0.000266184
0.000486186
-0.000273354
0.000404603
-0.00028071
0.000323546
-0.000288319
0.000242933
-0.000296247
0.000162665
-0.000304567
8.26249e-05
-0.000313338
2.66397e-06
-0.000322586
-7.74642e-05
-0.000332315
-0.000157884
-0.000342507
-0.000238753
-0.00035314
-0.000320205
-0.000364192
-0.00040238
-0.000375632
-0.000485422
-0.000387428
-0.000569494
-0.000399525
-0.000654789
-0.000411816
-0.000741514
-0.00042408
-0.00082982
-0.000435893
-0.000919656
-0.000446532
-0.00101051
-0.000455069
-0.00110113
-0.000461053
-0.00118967
-0.000466302
-0.00127537
-0.000477069
-0.00136348
-0.000502361
-0.00147201
-0.000542174
-0.00162807
-0.000570396
-0.00183234
-0.000537713
-0.00200021
-0.000409848
-0.00195458
-0.000214169
-0.0015371
-4.66692e-05
-0.000797888
-0.000113807
1.53699e-05
0.000411297
1.06963e-05
0.000913997
-8.79657e-06
0.00118673
-3.09853e-05
0.00136421
-5.15128e-05
0.00149007
-6.9284e-05
0.00156295
-8.41281e-05
0.00157954
-9.63621e-05
0.0015454
-0.000106641
0.00147351
-0.000115741
0.00137985
-0.000124298
0.00127857
-0.000132654
0.00117887
-0.000140869
0.00108445
-0.00014885
0.000995129
-0.000156502
0.000909118
-0.000163803
0.000824736
-0.000170819
0.00074106
-0.000177665
0.000657837
-0.000184464
0.000575132
-0.000191328
0.000493052
-0.00019835
0.000411626
-0.000205608
0.000330806
-0.000213167
0.000250494
-0.000221091
0.000170592
-0.000229463
9.09987e-05
-0.000238357
1.156e-05
-0.000247817
-6.80012e-05
-0.000257845
-0.000147855
-0.000268413
-0.000228183
-0.000279494
-0.000309123
-0.000291061
-0.000390812
-0.000303087
-0.000473395
-0.000315536
-0.000557043
-0.000328365
-0.000641959
-0.000341495
-0.000728384
-0.000354771
-0.000816544
-0.000367889
-0.000906537
-0.000380299
-0.000998098
-0.000391145
-0.00109029
-0.000399538
-0.00118128
-0.000405758
-0.00126915
-0.000413711
-0.00135553
-0.000432232
-0.00145349
-0.000467903
-0.0015924
-0.00050601
-0.00179423
-0.000500859
-0.00200536
-0.00040582
-0.00204962
-0.000228366
-0.00171455
-5.58358e-05
-0.000970418
-0.000169643
2.34413e-05
0.000387856
3.30326e-05
0.000904406
2.58046e-05
0.00119396
1.39056e-05
0.00137611
2.22902e-06
0.00150175
-8.5055e-06
0.00157369
-1.83921e-05
0.00158943
-2.76304e-05
0.00155463
-3.6439e-05
0.00148232
-4.49895e-05
0.0013884
-5.33496e-05
0.00128693
-6.14807e-05
0.001187
-6.92935e-05
0.00109227
-7.67209e-05
0.00100256
-8.37612e-05
0.000916159
-9.04829e-05
0.000831459
-9.69983e-05
0.000747577
-0.000103431
0.000664272
-0.000109897
0.000581599
-0.000116494
0.000499651
-0.000123309
0.000418443
-0.000130417
0.000337916
-0.000137885
0.000257964
-0.000145774
0.000178483
-0.000154165
9.93924e-05
-0.000163155
2.05528e-05
-0.000172814
-5.83398e-05
-0.000183138
-0.000137529
-0.000194092
-0.000217227
-0.000205645
-0.000297568
-0.000217775
-0.000378681
-0.000230454
-0.000460714
-0.000243651
-0.000543845
-0.000257321
-0.000628288
-0.000271398
-0.000714306
-0.000285764
-0.000802177
-0.000300193
-0.000892107
-0.00031427
-0.000984021
-0.000327301
-0.00107725
-0.000338352
-0.00117023
-0.000346878
-0.00126062
-0.000354722
-0.00134768
-0.000368869
-0.00143934
-0.000399
-0.00156226
-0.000440796
-0.00175244
-0.000456452
-0.00198971
-0.00039213
-0.00211394
-0.000236544
-0.00187014
-6.44793e-05
-0.00114248
-0.000234122
3.01277e-05
0.000357729
5.39206e-05
0.000880614
5.95662e-05
0.00118832
5.79663e-05
0.00137772
5.4928e-05
0.00150479
5.11075e-05
0.00157751
4.61642e-05
0.00159438
3.99844e-05
0.00156081
3.27642e-05
0.00148954
2.49108e-05
0.00139625
1.69011e-05
0.00129494
9.13475e-06
0.00119477
1.84026e-06
0.00109956
-4.93863e-06
0.00100934
-1.12891e-05
0.000922511
-1.73583e-05
0.000837529
-2.32992e-05
0.000753519
-2.92435e-05
0.000670217
-3.52989e-05
0.000587657
-4.15565e-05
0.00050591
-4.80984e-05
0.000424987
-5.50026e-05
0.000344822
-6.23431e-05
0.000265307
-7.01846e-05
0.000186328
-7.8597e-05
0.000107808
-8.76671e-05
2.9626e-05
-9.74934e-05
-4.85106e-05
-0.000108084
-0.000126936
-0.000119408
-0.000205901
-0.000131439
-0.000285536
-0.000144162
-0.000365956
-0.000157556
-0.000447319
-0.000171585
-0.000529814
-0.000186206
-0.000613666
-0.000201358
-0.000699153
-0.000216939
-0.000786595
-0.000232771
-0.000876275
-0.000248531
-0.000968261
-0.000263676
-0.00106211
-0.000277392
-0.00115651
-0.000288848
-0.00124917
-0.000298486
-0.00133804
-0.000310953
-0.00142687
-0.000336206
-0.00153701
-0.000377794
-0.00171085
-0.000408125
-0.00195938
-0.000371174
-0.00215089
-0.000239202
-0.00200211
-7.20332e-05
-0.00130965
-0.000306155
3.52222e-05
0.000322508
7.26867e-05
0.000843151
9.17657e-05
0.00116924
0.000100687
0.00136879
0.00010623
0.00149924
0.000109338
0.0015744
0.00010947
0.00159424
0.000106552
0.00156373
0.000101141
0.00149495
9.41794e-05
0.00140322
8.6663e-05
0.00130246
7.93539e-05
0.00120208
7.26386e-05
0.00110628
6.65617e-05
0.00101542
6.09637e-05
0.00092811
5.56228e-05
0.000842871
5.03426e-05
0.0007588
4.49777e-05
0.000675584
3.94214e-05
0.000593215
3.35859e-05
0.000511747
2.73888e-05
0.000431186
2.0747e-05
0.000351466
1.35776e-05
0.000272479
5.80247e-06
0.000194105
-2.6471e-06
0.00011626
-1.1824e-05
3.88063e-05
-2.17896e-05
-3.85419e-05
-3.25886e-05
-0.000116134
-4.42362e-05
-0.000194251
-5.67273e-05
-0.000273043
-7.00548e-05
-0.000352627
-8.42024e-05
-0.00043317
-9.91372e-05
-0.000514878
-0.000114814
-0.000597989
-0.000131168
-0.000682797
-0.000148108
-0.000769655
-0.000165478
-0.000858904
-0.000183021
-0.000950717
-0.000200308
-0.00104482
-0.000216679
-0.00114014
-0.000231307
-0.00123454
-0.000243892
-0.00132546
-0.00025703
-0.00141374
-0.000279204
-0.00151484
-0.000318754
-0.0016713
-0.000358739
-0.00191939
-0.000345293
-0.00216434
-0.000237209
-0.0021102
-7.81776e-05
-0.00146868
-0.000384333
3.85914e-05
0.000283917
8.87375e-05
0.000793006
0.000121693
0.00113629
0.000141565
0.00134892
0.000155757
0.00148505
0.000165898
0.00156426
0.000171375
0.00158877
0.000172075
0.00156304
0.000168818
0.00149821
0.000163012
0.00140902
0.000156146
0.00130932
0.000149362
0.00120886
0.000143249
0.00111239
0.000137895
0.00102077
0.000133094
0.000932912
0.000128556
0.000847411
0.000124031
0.000763327
0.000119347
0.000680269
0.000114389
0.000598174
0.000109066
0.000517072
0.000103292
0.000436962
9.69777e-05
0.000357783
9.00303e-05
0.000279428
8.23679e-05
0.00020177
7.39458e-05
0.000124685
6.47371e-05
4.80178e-05
5.46904e-05
-2.84925e-05
4.37074e-05
-0.000105149
3.17358e-05
-0.000182277
1.87574e-05
-0.000260063
4.77653e-06
-0.000338644
-1.01893e-05
-0.000418203
-2.61104e-05
-0.000498956
-4.29414e-05
-0.000581156
-6.0619e-05
-0.000665119
-7.90542e-05
-0.000751218
-9.81116e-05
-0.000839846
-0.000117578
-0.00093125
-0.000137113
-0.00102528
-0.00015619
-0.00112106
-0.0001741
-0.00121663
-0.000190271
-0.00130929
-0.000205845
-0.00139816
-0.000227123
-0.00149356
-0.0002644
-0.00163402
-0.000310338
-0.00187345
-0.000316554
-0.00215812
-0.00023163
-0.00219512
-8.28748e-05
-0.00161744
-0.000467208
4.0204e-05
0.000243714
0.000101543
0.000731667
0.000148575
0.00108925
0.000180003
0.0013175
0.00020309
0.00146197
0.000220452
0.0015469
0.000231637
0.00157758
0.000236436
0.00155824
0.000235802
0.00149884
0.000231508
0.00141332
0.000225498
0.00131533
0.000219317
0.00121505
0.000213812
0.0011179
0.000209178
0.0010254
0.000205204
0.000936888
0.00020154
0.000851077
0.000197876
0.000766992
0.000193997
0.00068415
0.000189764
0.000602408
0.000185076
0.00052176
0.000179844
0.000442196
0.000173972
0.000363656
0.000167366
0.000286036
0.000159941
0.000209197
0.000151645
0.000132983
0.000142451
5.72145e-05
0.000132317
-1.83559e-05
0.000121136
-9.3966e-05
0.000108821
-0.000169961
9.53288e-05
-0.000246568
8.06517e-05
-0.000323966
6.47994e-05
-0.000402349
4.77979e-05
-0.000481953
2.96933e-05
-0.000563051
1.05532e-05
-0.000645978
-9.5302e-06
-0.000731134
-3.04358e-05
-0.000818939
-5.19879e-05
-0.000909697
-7.3917e-05
-0.00100336
-9.58153e-05
-0.00109916
-0.000117117
-0.00119532
-0.000137231
-0.00128917
-0.00015645
-0.00137894
-0.000178924
-0.00147108
-0.000214755
-0.00159819
-0.000264224
-0.00182398
-0.00028664
-0.00213571
-0.000223578
-0.00225818
-8.63314e-05
-0.00175468
-0.000553539
4.01376e-05
0.000203577
0.000110663
0.000661143
0.000171565
0.00102835
0.000215251
0.00127381
0.000247699
0.00142952
0.000272571
0.00152203
0.000289897
0.00156026
0.000299385
0.00154875
0.000301974
0.00149626
0.000299672
0.00141562
0.000294813
0.00132019
0.000289354
0.0012205
0.000284469
0.00112278
0.000280536
0.00102934
0.000277394
0.000940031
0.000274661
0.000853811
0.00027196
0.000769694
0.000269016
0.000687095
0.00026565
0.000605776
0.000261739
0.000525673
0.000257181
0.000446754
0.000251881
0.000368958
0.000245741
0.000292177
0.000238674
0.000216266
0.00023061
0.000141048
0.000221499
6.63276e-05
0.000211283
-8.13836e-06
0.000199877
-8.25588e-05
0.000187192
-0.000157273
0.000173158
-0.000232534
0.000157753
-0.000308559
0.000140973
-0.000385568
0.000122835
-0.000463814
0.000103378
-0.000543593
8.26673e-05
-0.000625266
6.07893e-05
-0.000709255
3.78599e-05
-0.000796009
1.40345e-05
-0.000885871
-1.04726e-05
-0.000978847
-3.53619e-05
-0.00107427
-6.02114e-05
-0.00117047
-8.45184e-05
-0.00126487
-0.00010818
-0.00135528
-0.000133614
-0.00144565
-0.000169408
-0.0015624
-0.0002211
-0.00177229
-0.000256826
-0.00209998
-0.000214112
-0.0023009
-8.89286e-05
-0.00187987
-0.000642467
3.85759e-05
0.000165001
0.000115783
0.000583937
0.000189777
0.000954361
0.000246368
0.00121722
0.000288877
0.00138701
0.000321688
0.00148922
0.00034564
0.00153631
0.000360489
0.0015339
0.000367039
0.00148971
0.000367364
0.0014153
0.00036409
0.00132347
0.000359572
0.00122502
0.000355365
0.00112699
0.000352117
0.00103259
0.000349794
0.000942354
0.000348024
0.000855582
0.000346375
0.000771344
0.000344496
0.000688974
0.000342148
0.000608125
0.000339169
0.000528653
0.000335438
0.000450486
0.000330849
0.000373549
0.000325299
0.000297728
0.000318693
0.000222873
0.000310946
0.000148797
0.000301987
7.52889e-05
0.00029174
2.10971e-06
0.000280133
-7.09499e-05
0.000267075
-0.000144214
0.000252485
-0.000217943
0.000236322
-0.000292395
0.000218571
-0.000367816
0.000199238
-0.00044448
0.000178357
-0.000522712
0.000155988
-0.000602896
0.000132212
-0.000685478
0.000107127
-0.000770924
8.08561e-05
-0.000859599
5.35525e-05
-0.000951543
2.54363e-05
-0.00104615
-3.17491e-06
-0.00114186
-3.19143e-05
-0.00123613
-6.05683e-05
-0.00132662
-9.03503e-05
-0.00141587
-0.000127742
-0.001525
-0.00018122
-0.00171881
-0.000227994
-0.00205321
-0.000204161
-0.00232473
-9.11498e-05
-0.00199288
-0.000733617
3.57961e-05
0.000129206
0.000116773
0.000502961
0.000202356
0.000868778
0.000272218
0.00114736
0.000325669
0.00133356
0.000367044
0.00144784
0.000398169
0.00150518
0.000419101
0.00151297
0.00043047
0.00147834
0.000434239
0.00141153
0.000433179
0.00132453
0.000429985
0.00122822
0.000426622
0.00113036
0.00042409
0.00103512
0.000422572
0.000943872
0.000421773
0.000856381
0.000421235
0.000771883
0.000420534
0.000689676
0.000419352
0.000609308
0.000417471
0.000530535
0.000414731
0.000453227
0.000411004
0.000377276
0.000406179
0.000302554
0.000400149
0.000228904
0.000392815
0.000156132
0.000384088
8.40167e-05
0.00037388
1.23196e-05
0.000362116
-5.91854e-05
0.000348705
-0.000130802
0.00033356
-0.000202797
0.000316626
-0.00027546
0.000297876
-0.000349065
0.000277307
-0.000423911
0.000254946
-0.00050035
0.000230842
-0.000578791
0.000205066
-0.000659702
0.000177699
-0.000743557
0.000148825
-0.000830724
0.000118536
-0.000921254
8.69591e-05
-0.00101458
5.42873e-05
-0.00110919
2.07984e-05
-0.00120264
-1.32719e-05
-0.00129255
-4.84503e-05
-0.00138069
-8.90625e-05
-0.00148439
-0.00014452
-0.00166336
-0.000200672
-0.00199705
-0.000194475
-0.00233092
-9.35177e-05
-0.00209383
-0.000827135
3.21393e-05
9.70667e-05
0.000113731
0.00042137
0.000208587
0.000773924
0.000291535
0.00106441
0.000356835
0.00126826
0.000407619
0.00139706
0.000446568
0.00146623
0.000474334
0.0014852
0.000491466
0.00146121
0.000499679
0.00140331
0.000501702
0.00132251
0.000500454
0.00122947
0.000498291
0.00113252
0.000496619
0.00103679
0.000495935
0.000944557
0.000496108
0.00085621
0.000496709
0.000771283
0.000497266
0.000689121
0.000497379
0.000609195
0.000496752
0.000531163
0.00049517
0.00045481
0.000492471
0.000379976
0.00048852
0.000306507
0.000483195
0.00023423
0.000476386
0.000162942
0.000467988
9.24153e-05
0.000457901
2.24079e-05
0.000446043
-4.7327e-05
0.000432318
-0.000117075
0.000416638
-0.000187117
0.000398939
-0.000257761
0.000379184
-0.000329308
0.00035736
-0.000402087
0.000333484
-0.000476473
0.000307594
-0.000552901
0.000279743
-0.00063185
0.000249979
-0.000713793
0.000218342
-0.000799087
0.000184855
-0.000887767
0.000149551
-0.000979272
0.000112515
-0.00107215
7.39283e-05
-0.00116405
3.40094e-05
-0.00125264
-7.37799e-06
-0.0013393
-5.26868e-05
-0.00143908
-0.000110726
-0.00160532
-0.000175078
-0.0019327
-0.000185586
-0.00232042
-9.65412e-05
-0.00218288
-0.000923676
2.79668e-05
6.91005e-05
0.000107025
0.000342312
0.00020803
0.000672919
0.000303043
0.000969398
0.000380862
0.00119044
0.000442075
0.00133585
0.000489656
0.00141865
0.000525042
0.00144982
0.000548925
0.00143732
0.000562733
0.00138951
0.000568965
0.00131627
0.000570589
0.00122784
0.000570262
0.00113285
0.000569808
0.00103725
0.000570108
0.000944257
0.000571293
0.000855026
0.000573051
0.000769525
0.000574909
0.000687263
0.000576405
0.0006077
0.000577162
0.000530407
0.000576894
0.000455079
0.000575384
0.000381486
0.000572464
0.000309428
0.000567988
0.000238705
0.000561831
0.0001691
0.000553872
0.000100374
0.000544003
3.2278e-05
0.000532131
-3.54548e-05
0.000518155
-0.000103098
0.000501987
-0.000170949
0.000483557
-0.00023933
0.000462818
-0.000308569
0.000439751
-0.000379019
0.000414357
-0.000451079
0.000386656
-0.0005252
0.000356671
-0.000601865
0.00032441
-0.000681532
0.000289851
-0.000764528
0.000252939
-0.000850855
0.000213609
-0.000939941
0.00017184
-0.00103039
0.000127739
-0.00111995
8.15503e-05
-0.00120645
3.33636e-05
-0.00129111
-1.79827e-05
-0.00138774
-7.94236e-05
-0.00154388
-0.000151153
-0.00186097
-0.000177771
-0.0022938
-0.000100664
-0.00225998
-0.00102434
2.36136e-05
4.54872e-05
9.73043e-05
0.000268622
0.000200674
0.00056955
0.000305666
0.000864407
0.000396061
0.00110005
0.000468715
0.0012632
0.000525915
0.00136145
0.000569787
0.00140595
0.000601424
0.00140569
0.000622072
0.00136886
0.000633871
0.00130448
0.00063963
0.00122208
0.000642144
0.00113033
0.000643588
0.0010358
0.000645259
0.000942586
0.000647632
0.000852653
0.000650611
0.000766547
0.000653803
0.000684072
0.000656732
0.000604772
0.000658958
0.000528181
0.000660121
0.000453916
0.000659941
0.000381666
0.000658199
0.000311171
0.000654718
0.000242187
0.000649346
0.000174472
0.000641952
0.000107769
0.000632413
4.18174e-05
0.000620627
-2.36688e-05
0.00060649
-8.89599e-05
0.000589911
-0.00015437
0.000570817
-0.000220236
0.000549153
-0.000286904
0.000524886
-0.000354751
0.000498
-0.000424193
0.000468487
-0.000495686
0.000436326
-0.000569703
0.000401468
-0.000646674
0.000363816
-0.000726876
0.000323226
-0.000810264
0.000279531
-0.000896246
0.000232614
-0.000983468
0.000182519
-0.00106985
0.000129549
-0.00115348
7.41035e-05
-0.00123567
1.57434e-05
-0.00132938
-5.01264e-05
-0.00147801
-0.00012858
-0.00178252
-0.000171008
-0.00225137
-0.000106211
-0.00232478
-0.00113055
1.93575e-05
2.61302e-05
8.54585e-05
0.000202522
0.000187045
0.000467964
0.000298772
0.00075268
0.000400785
0.000998033
0.000485537
0.00117844
0.000553434
0.00129355
0.000606781
0.0013526
0.000647204
0.00136526
0.000675971
0.00134009
0.000694858
0.00128559
0.00070633
0.00121061
0.000713101
0.00112356
0.000717555
0.00103135
0.000721355
0.000938787
0.000725365
0.000848644
0.000729788
0.000762124
0.000734411
0.000679449
0.000738822
0.000600361
0.000742567
0.000524437
0.000745234
0.000451249
0.000746482
0.000380419
0.000746036
0.000311617
0.000743676
0.000244547
0.000739222
0.000178926
0.00073252
0.000114471
0.000723437
5.09008e-05
0.000711857
-1.20888e-05
0.000697673
-7.4775e-05
0.000680792
-0.00013749
0.000661134
-0.000200577
0.000638633
-0.000264404
0.000613241
-0.000329359
0.000584912
-0.000395864
0.000553595
-0.00046437
0.000519213
-0.000535321
0.000481642
-0.000609102
0.000440695
-0.000685929
0.000396131
-0.0007657
0.000347681
-0.000847797
0.000295146
-0.000930933
0.000238538
-0.00101325
0.000178255
-0.00109319
0.000115035
-0.00117245
4.91108e-05
-0.00126345
-2.227e-05
-0.00140662
-0.000106807
-0.00169798
-0.000164919
-0.00219326
-0.000113315
-0.00237639
-0.00124387
1.54138e-05
1.07166e-05
7.25313e-05
0.000145405
0.00016825
0.000372246
0.000282416
0.000638515
0.000393725
0.000886724
0.000490405
0.00108176
0.000569906
0.00121405
0.000633823
0.00128868
0.000684132
0.00131496
0.000722309
0.00130191
0.000749878
0.00125802
0.000768869
0.00119162
0.000781707
0.00111073
0.000790764
0.00102229
0.000797942
0.000931609
0.000804458
0.000842128
0.000810868
0.000755715
0.000817221
0.000673096
0.000823263
0.000594319
0.000828604
0.000519096
0.000832831
0.000447022
0.000835567
0.000377682
0.000836495
0.00031069
0.000835352
0.00024569
0.000831925
0.000182353
0.000826035
0.000120361
0.000817533
5.94028e-05
0.000806285
-8.40741e-07
0.000792184
-6.06745e-05
0.00077513
-0.000120435
0.000755027
-0.000180475
0.000731796
-0.000241173
0.00070536
-0.000302923
0.000675634
-0.000366138
0.000642508
-0.000431244
0.000605829
-0.000498643
0.000565384
-0.000568657
0.000520888
-0.000641433
0.000471992
-0.000716804
0.000418338
-0.000794142
0.000359664
-0.000872259
0.000295996
-0.000949578
0.000227877
-0.00102507
0.000156409
-0.00110098
8.25692e-05
-0.00118961
4.86487e-06
-0.00132892
-8.50797e-05
-0.00160804
-0.000158729
-0.00211961
-0.000121844
-0.00241327
-0.00136571
1.19619e-05
-1.24497e-06
5.95909e-05
9.7776e-05
0.000145888
0.000285949
0.000257473
0.000526929
0.00037425
0.000769947
0.000481363
0.000974651
0.000572759
0.00112266
0.000648274
0.00121317
0.000709655
0.00125358
0.000758561
0.00125301
0.000796415
0.00122017
0.000824844
0.00116319
0.000845835
0.00108973
0.000861533
0.0010066
0.000873873
0.00091927
0.000884311
0.00083169
0.000893727
0.000746298
0.000902484
0.000664339
0.000910567
0.000586237
0.000917736
0.000511927
0.000923653
0.000441106
0.000927961
0.000373375
0.00093033
0.00030832
0.000930475
0.000245544
0.000928157
0.000184671
0.000923174
0.000125344
0.000915359
6.72183e-05
0.00090456
9.95771e-06
0.000890664
-4.67786e-05
0.000873552
-0.000103323
0.000853113
-0.000160036
0.000829239
-0.000217299
0.000801811
-0.000275495
0.000770688
-0.000335016
0.000735689
-0.000396244
0.00069657
-0.000459525
0.000653018
-0.000525105
0.000604639
-0.000593054
0.000550985
-0.00066315
0.000491619
-0.000734777
0.000426258
-0.000806898
0.000354999
-0.000878319
0.000278592
-0.000948668
0.000198552
-0.00102094
0.000116574
-0.00110763
3.21702e-05
-0.00124452
-6.24968e-05
-0.00151337
-0.000151208
-0.0020309
-0.000131284
-0.0024332
-0.00149699
9.19039e-06
-1.04353e-05
4.75897e-05
5.9377e-05
0.000121802
0.000211738
0.000225584
0.000423147
0.000342638
0.000652893
0.000457021
0.000860269
0.000559449
0.00102023
0.000647152
0.00112547
0.000720773
0.00117995
0.000781782
0.001192
0.000831526
0.00117042
0.000871311
0.00112341
0.000902663
0.00105838
0.000927331
0.000981928
0.000947074
0.000899526
0.000963407
0.000815358
0.00097743
0.000732275
0.000989796
0.000651974
0.00100077
0.000575266
0.00101033
0.000502367
0.00101829
0.000433143
0.00102439
0.000367275
0.00102834
0.000304368
0.00102988
0.000244011
0.00102875
0.000185798
0.00102475
0.000129342
0.0010177
7.42695e-05
0.00100743
2.02225e-05
0.000993817
-3.3163e-05
0.000976713
-8.62198e-05
0.000955984
-0.000139307
0.000931479
-0.000192794
0.000903026
-0.000247043
0.000870415
-0.000302405
0.000833377
-0.000359207
0.000791573
-0.000417721
0.000744581
-0.000478113
0.000691903
-0.000540376
0.000633004
-0.000604251
0.0005674
-0.000669173
0.000494837
-0.000734335
0.000415553
-0.000799036
0.000330579
-0.000863694
0.000241873
-0.000932234
0.000151775
-0.00101754
6.07199e-05
-0.00115346
-3.79293e-05
-0.00141472
-0.00014055
-0.00192828
-0.000140611
-0.00243313
-0.0016376
7.21332e-06
-1.76484e-05
3.71409e-05
2.94497e-05
9.76064e-05
0.000151272
0.000188739
0.000332015
0.000300022
0.000541611
0.00041686
0.00074343
0.000527883
0.000909207
0.000627429
0.00102592
0.000714148
0.00109324
0.000788622
0.00111753
0.000851863
0.00110718
0.000904875
0.0010704
0.000948758
0.0010145
0.000984806
0.00094588
0.00101445
0.000869885
0.00103907
0.000790739
0.00105983
0.000711514
0.00107758
0.000634222
0.00109284
0.000560009
0.00110583
0.000489373
0.00111658
0.000422389
0.00112499
0.000358868
0.00113087
0.000298487
0.00113402
0.000240859
0.00113424
0.000185581
0.00113133
0.000132255
0.00112511
8.04905e-05
0.00111541
2.99182e-05
0.00110208
-1.98375e-05
0.00108497
-6.91028e-05
0.00106389
-0.000118227
0.00103864
-0.000167552
0.001009
-0.000217404
0.000974679
-0.00026808
0.000935311
-0.000319839
0.000890461
-0.000372872
0.000839606
-0.000427259
0.00078216
-0.000482931
0.00071753
-0.00053962
0.000645235
-0.000596879
0.000565117
-0.000654218
0.000477628
-0.000711547
0.000384132
-0.000770199
0.000287026
-0.000835128
0.0001892
-0.000919712
9.1863e-05
-0.00105612
-1.00663e-05
-0.00131279
-0.000124316
-0.00181403
-0.000148184
-0.00240927
-0.00178579
5.85085e-06
-2.34992e-05
2.79868e-05
7.31388e-06
7.3794e-05
0.000105465
0.000148361
0.000257447
0.000247836
0.000442136
0.000361218
0.000630048
0.00047681
0.000793614
0.000586514
0.000916216
0.000686437
0.000993314
0.000775472
0.00102849
0.000853749
0.00102891
0.000921777
0.00100237
0.000980224
0.000956053
0.00102994
0.000896164
0.00107195
0.000827869
0.00110739
0.0007553
0.00113733
0.000681576
0.00116268
0.000608874
0.00118412
0.000538566
0.0012021
0.00047139
0.00121687
0.000407622
0.00122851
0.000347232
0.00123699
0.000290003
0.00124223
0.000235616
0.00124411
0.000183703
0.00124248
0.000133884
0.00123719
8.57777e-05
0.00122809
3.90207e-05
0.001215
-6.75355e-06
0.00119777
-5.18644e-05
0.00117616
-9.66259e-05
0.00114995
-0.00014134
0.00111883
-0.000186284
0.00108244
-0.000231692
0.00104035
-0.000277742
0.000992015
-0.000324542
0.000936855
-0.000372099
0.000874226
-0.000420302
0.000803534
-0.000468928
0.000724373
-0.000517719
0.000636755
-0.000566601
0.000541393
-0.000616185
0.000439978
-0.000668784
0.000335259
-0.000730409
0.0002305
-0.000814954
0.000127525
-0.000953149
2.25175e-05
-0.00120779
-9.96819e-05
-0.00169183
-0.000151822
-0.00235713
-0.00193761
4.09838e-06
-2.75976e-05
1.79028e-05
-6.4905e-06
4.82328e-05
7.51351e-05
0.000103687
0.000201993
0.000186544
0.000359279
0.000290683
0.00052591
0.000405897
0.0006784
0.000522747
0.000799366
0.000634863
0.000881198
0.000738883
0.000924469
0.000833409
0.00093438
0.00091804
0.000917736
0.00099286
0.000881233
0.00105825
0.00083077
0.00111486
0.000771269
0.00116347
0.000706685
0.00120499
0.000640059
0.00124026
0.000573598
0.00127004
0.000508786
0.00129492
0.000446517
0.0013153
0.000387234
0.00133148
0.000331057
0.00134359
0.00027789
0.0013517
0.000227507
0.0013558
0.000179607
0.00135582
0.000133858
0.00135168
8.99165e-05
0.00134326
4.74482e-05
0.00133038
6.12325e-06
0.00131288
-3.43693e-05
0.00129054
-7.42792e-05
0.00126306
-0.000113862
0.0012301
-0.000153333
0.00119126
-0.000192852
0.00114604
-0.00023252
0.00109387
-0.00027237
0.00103413
-0.000312357
0.000966199
-0.000352376
0.000889578
-0.000392308
0.00080402
-0.000432161
0.000709763
-0.000472345
0.00060778
-0.000514203
0.000499979
-0.000560983
0.00038922
-0.000619651
0.000278807
-0.000704541
0.000170798
-0.000845141
6.21001e-05
-0.00109909
-6.39411e-05
-0.00156579
-0.00014881
-0.00227226
-0.00208642
-7.05438e-07
-2.68922e-05
1.33037e-06
-8.52636e-06
1.45457e-05
6.19197e-05
4.98967e-05
0.000166642
0.000113878
0.000295298
0.000204861
0.000434927
0.000315261
0.000568001
0.000435637
0.00067899
0.000557848
0.000758987
0.000676252
0.000806065
0.000787495
0.000823137
0.000889807
0.000815423
0.000982391
0.000788648
0.00106505
0.00074811
0.00113799
0.000698329
0.00120169
0.000642981
0.00125682
0.000584933
0.0013041
0.000526318
0.00134425
0.000468631
0.00137793
0.000412841
0.00140567
0.000359498
0.00142788
0.000308841
0.00144488
0.00026089
0.00145687
0.000215519
0.00146396
0.000172513
0.00146621
0.00013161
0.0014636
9.2528e-05
0.00145606
5.49859e-05
0.00144347
1.87133e-05
0.00142567
-1.65688e-05
0.00140244
-5.10482e-05
0.00137349
-8.49166e-05
0.00133848
-0.00011832
0.00129697
-0.000151351
0.0012485
-0.000184045
0.00119252
-0.000216387
0.00112848
-0.000248325
0.00105592
-0.000279811
0.000974501
-0.000310893
0.000884227
-0.000341887
0.000785566
-0.000373684
0.000679645
-0.000408283
0.000568363
-0.000449702
0.000454336
-0.000505624
0.0003404
-0.000590606
0.000228105
-0.000732847
0.000114271
-0.000985255
-1.40196e-05
-0.0014375
-0.000134497
-0.00215178
-0.00222092
-1.34675e-05
-1.34246e-05
-3.1037e-05
9.04294e-06
-3.78207e-05
6.87033e-05
-2.20405e-05
0.000150862
2.38151e-05
0.000249442
0.000101154
0.000357588
0.00020464
0.000464514
0.000325675
0.000557956
0.000455432
0.000629229
0.000586588
0.000674909
0.000713902
0.000695824
0.000834005
0.00069532
0.000944944
0.000677709
0.00104575
0.000647305
0.00113611
0.000607972
0.00121614
0.000562949
0.00128625
0.000514817
0.00134703
0.000465542
0.00139911
0.00041655
0.00144314
0.000368808
0.00147972
0.00032292
0.00150935
0.000279205
0.00153247
0.000237773
0.00154939
0.000198594
0.00156037
0.00016154
0.00156554
0.000126431
0.00156501
9.30617e-05
0.00155878
6.1219e-05
0.00154679
3.07027e-05
0.00152891
1.31156e-06
0.00150498
-2.71231e-05
0.00147477
-5.47038e-05
0.00143797
-8.15236e-05
0.00139425
-0.000107627
0.00134322
-0.000133021
0.00128452
-0.000157686
0.0012178
-0.00018161
0.00114284
-0.000204849
0.00105958
-0.000227632
0.000968239
-0.000250548
0.00086941
-0.000274856
0.000764131
-0.000303006
0.000653931
-0.000339501
0.000540748
-0.000392442
0.000426488
-0.000476346
0.000311558
-0.000617917
0.000191651
-0.000865349
5.60903e-05
-0.00130194
-9.86028e-05
-0.00199709
-0.00231952
-4.09849e-05
2.75601e-05
-9.01569e-05
5.82148e-05
-0.000121025
9.95714e-05
-0.000123041
0.000152878
-9.12559e-05
0.000217656
-2.47334e-05
0.000291065
7.29012e-05
0.000366879
0.000193893
0.000436964
0.000329269
0.000493853
0.000471021
0.000533156
0.000612609
0.000554235
0.000749278
0.000558651
0.000877883
0.000549104
0.000996562
0.000528625
0.00110438
0.000500158
0.00120102
0.000466306
0.00128661
0.000429226
0.00136154
0.000390614
0.00142634
0.000351744
0.00148163
0.000313521
0.00152801
0.000276543
0.00156604
0.000241168
0.00159624
0.000207572
0.00161904
0.000175798
0.00163478
0.0001458
0.00164373
0.000117478
0.00164609
9.07001e-05
0.00164198
6.53262e-05
0.00163146
4.12216e-05
0.00161451
1.827e-05
0.00159101
-3.63212e-06
0.00156088
-2.45723e-05
0.00152398
-4.46206e-05
0.00148015
-6.38031e-05
0.00142926
-8.21332e-05
0.0013712
-9.96259e-05
0.00130593
-0.000116332
0.00123348
-0.000132403
0.00115404
-0.000148191
0.00106791
-0.000164425
0.000975562
-0.000182506
0.000877554
-0.000204998
0.00077453
-0.000236478
0.000667134
-0.000285047
0.000555752
-0.000364964
0.000439416
-0.000501582
0.000312556
-0.00073849
0.000159659
-0.00114904
-2.69048e-05
-0.00181052
-0.00234643
-8.99912e-05
0.000117551
-0.000182884
0.000151107
-0.000239791
0.000156478
-0.000256901
0.000169987
-0.000234339
0.000195094
-0.000173603
0.000230329
-7.89847e-05
0.000272261
4.27057e-05
0.000315273
0.000182878
0.00035368
0.000333053
0.000382981
0.000486269
0.000401019
0.000636891
0.000408029
0.000780882
0.000405112
0.000915602
0.000393905
0.00103948
0.000376277
0.00115175
0.000354037
0.0012522
0.000328778
0.00134099
0.000301819
0.00141855
0.000274192
0.0014854
0.00024667
0.00154215
0.000219793
0.0015894
0.000193912
0.00162774
0.000169234
0.00165768
0.000145852
0.0016797
0.000123784
0.00169418
0.000102995
0.00170146
8.34206e-05
0.0017018
6.49806e-05
0.00169543
4.75938e-05
0.00168251
3.11867e-05
0.00166319
1.56897e-05
0.00163752
1.10332e-06
0.00160548
-1.25879e-05
0.00156719
-2.55109e-05
0.00152278
-3.77237e-05
0.00147241
-4.92534e-05
0.00141625
-6.01805e-05
0.00135454
-7.06855e-05
0.00128747
-8.11287e-05
0.00121524
-9.2196e-05
0.00113789
-0.00010515
0.00105516
-0.000122268
0.0009663
-0.000147622
0.000869779
-0.000188527
0.000762925
-0.000258111
0.000641384
-0.000380042
0.000497463
-0.000594569
0.000312348
-0.000963926
8.51343e-05
-0.00158331
-0.00226129
-0.000160135
0.000277686
-0.000292803
0.000283775
-0.000361871
0.000225546
-0.000383763
0.000191879
-0.000364568
0.000175899
-0.000306975
0.000172736
-0.000215235
0.00018052
-9.56791e-05
0.000195717
4.4862e-05
0.000213139
0.000198772
0.000229071
0.000358427
0.000241363
0.000517951
0.000248505
0.000672885
0.000250177
0.000820006
0.000246783
0.000957198
0.000239085
0.00108323
0.000228002
0.00119755
0.000214464
0.00130005
0.000199313
0.00139098
0.000183259
0.00147079
0.000166867
0.00154002
0.00015056
0.00159929
0.000134638
0.00164923
0.000119299
0.00169042
0.000104661
0.00172342
9.07808e-05
0.00174874
7.7675e-05
0.00176683
6.53315e-05
0.00177809
5.37226e-05
0.00178287
4.28128e-05
0.00178149
3.2565e-05
0.00177423
2.29432e-05
0.00176143
1.39034e-05
0.0017434
5.44067e-06
0.00172029
-2.39861e-06
0.00169223
-9.66781e-06
0.00165945
-1.64727e-05
0.00162218
-2.29074e-05
0.00158061
-2.91114e-05
0.00153483
-3.53504e-05
0.00148475
-4.2123e-05
0.00142994
-5.03379e-05
0.0013693
-6.16316e-05
0.00130062
-7.89393e-05
0.00121968
-0.000107585
0.00111888
-0.000157317
0.000985214
-0.000246371
0.000799679
-0.000409035
0.000541509
-0.000705757
0.000229622
-0.00127142
-0.00203167
-0.00022383
0.000501516
-0.000284339
0.000344284
-0.000270376
0.000211583
-0.000241663
0.000163166
-0.000198428
0.000132664
-0.000134708
0.000109016
-4.87749e-05
9.45861e-05
5.8796e-05
8.8146e-05
0.000184766
8.71685e-05
0.000324541
8.9296e-05
0.000473238
9.26652e-05
0.000625864
9.58789e-05
0.000778073
9.79679e-05
0.0009264
9.84557e-05
0.00106826
9.72214e-05
0.00120188
9.43864e-05
0.00132613
9.02109e-05
0.00144043
8.50096e-05
0.0015446
7.90955e-05
0.00163872
7.27485e-05
0.00172308
6.62006e-05
0.00179808
5.96327e-05
0.0018642
5.31782e-05
0.00192193
4.69295e-05
0.00197177
4.09463e-05
0.00201418
3.52632e-05
0.00204961
2.98969e-05
0.00207848
2.4852e-05
0.00210117
2.01254e-05
0.00211802
1.57097e-05
0.00212937
1.15953e-05
0.0021355
7.77037e-06
0.00213672
4.22088e-06
0.00213338
9.41437e-07
0.00212578
-2.06663e-06
0.00211413
-4.8183e-06
0.00209858
-7.36297e-06
0.00207925
-9.7813e-06
0.00205611
-1.22144e-05
0.00202891
-1.49156e-05
0.0019969
-1.83343e-05
0.00195853
-2.32595e-05
0.00191066
-3.1073e-05
0.00184725
-4.41761e-05
0.0017568
-6.68592e-05
0.00161717
-0.000106746
0.00138972
-0.00018159
0.00101796
-0.000333996
0.000489884
-0.000743345
-0.00154179
0.000501516
0.0008458
0.00105738
0.00122055
0.00135321
0.00146223
0.00155681
0.00164496
0.00173213
0.00182142
0.00191409
0.00200997
0.00210794
0.00220639
0.00230361
0.002398
0.00248821
0.00257322
0.00265232
0.00272506
0.00279126
0.0028509
0.00290407
0.002951
0.00299195
0.00302721
0.00305711
0.00308196
0.00310209
0.0031178
0.00312939
0.00313716
0.00314138
0.00314232
0.00314026
0.00313544
0.00312808
0.0031183
0.00310608
0.00309116
0.00307283
0.00304957
0.0030185
0.00297432
0.00290746
0.00280072
0.00261913
0.00228513
0.00154179
)
;

boundaryField
{
    movingWall
    {
        type            calculated;
        value           uniform 0;
    }
    fixedWalls
    {
        type            calculated;
        value           uniform 0;
    }
    frontAndBack
    {
        type            empty;
        value           nonuniform 0();
    }
}


// ************************************************************************* //
