/*--------------------------------*- C++ -*----------------------------------*\
  =========                 |
  \\      /  F ield         | OpenFOAM: The Open Source CFD Toolbox
   \\    /   O peration     | Website:  https://openfoam.org
    \\  /    A nd           | Version:  7
     \\/     M anipulation  |
\*---------------------------------------------------------------------------*/
FoamFile
{
    version     2.0;
    format      ascii;
    class       volVectorField;
    location    "1750";
    object      U;
}
// * * * * * * * * * * * * * * * * * * * * * * * * * * * * * * * * * * * * * //

dimensions      [0 1 -1 0 0 0 0];

internalField   nonuniform List<vector> 
2500
(
(0.000207844 -0.000200825 0)
(0.00186703 -0.000571036 0)
(0.00447434 -0.000697784 0)
(0.00716314 -0.000600086 0)
(0.00922918 -0.000418987 0)
(0.0104505 -0.000264325 0)
(0.0109303 -0.00018799 0)
(0.0108812 -0.000185859 0)
(0.0104508 -0.000219844 0)
(0.00963448 -0.000245412 0)
(0.00828307 -0.000228673 0)
(0.00616427 -0.000150776 0)
(0.00302083 -2.6749e-06 0)
(-0.00139097 0.00022101 0)
(-0.00727572 0.000523415 0)
(-0.0147659 0.000908077 0)
(-0.023884 0.001375 0)
(-0.0345 0.00191255 0)
(-0.046296 0.00248751 0)
(-0.0587459 0.00303759 0)
(-0.0711215 0.00347303 0)
(-0.082529 0.00368925 0)
(-0.0919795 0.00358781 0)
(-0.0984904 0.00310356 0)
(-0.101197 0.00223083 0)
(-0.0994243 0.00102766 0)
(-0.0929053 -0.000375207 0)
(-0.0817134 -0.00181212 0)
(-0.0663165 -0.00310943 0)
(-0.047571 -0.00410033 0)
(-0.0266962 -0.00463998 0)
(-0.00517432 -0.00460557 0)
(0.0154686 -0.00393506 0)
(0.0337632 -0.00278365 0)
(0.0484023 -0.00137062 0)
(0.0584307 0.000126358 0)
(0.0634683 0.00149747 0)
(0.0637281 0.00253467 0)
(0.0600167 0.00311212 0)
(0.0534996 0.00322495 0)
(0.0454085 0.00298645 0)
(0.0368468 0.00254955 0)
(0.0286512 0.00204863 0)
(0.0213415 0.00157428 0)
(0.0151474 0.00117418 0)
(0.0100797 0.000863376 0)
(0.00602889 0.000631207 0)
(0.00290104 0.000435996 0)
(0.000795286 0.00019277 0)
(-8.20338e-05 -8.74356e-05 0)
(0.000566319 -0.00181745 0)
(0.00437595 -0.0043152 0)
(0.00958268 -0.00511647 0)
(0.0146043 -0.00444054 0)
(0.0181618 -0.00299826 0)
(0.0197686 -0.00145776 0)
(0.0194632 -0.000192439 0)
(0.0174568 0.000765624 0)
(0.0138347 0.00162521 0)
(0.0084079 0.00266504 0)
(0.000739716 0.0041024 0)
(-0.00972603 0.00604322 0)
(-0.0235184 0.00849169 0)
(-0.0409998 0.0113807 0)
(-0.0622505 0.014572 0)
(-0.0869631 0.0178398 0)
(-0.11438 0.0208637 0)
(-0.143307 0.0232514 0)
(-0.172222 0.0245944 0)
(-0.199444 0.0245354 0)
(-0.223317 0.0228273 0)
(-0.242361 0.0193706 0)
(-0.255377 0.0142295 0)
(-0.261509 0.0076366 0)
(-0.260281 -1.83474e-05 0)
(-0.251627 -0.00821931 0)
(-0.235739 -0.0163954 0)
(-0.213069 -0.0239925 0)
(-0.184382 -0.0304484 0)
(-0.150764 -0.0352295 0)
(-0.113627 -0.0378727 0)
(-0.0746711 -0.0380341 0)
(-0.035804 -0.0355703 0)
(0.00104102 -0.0306644 0)
(0.0340176 -0.0238146 0)
(0.0614489 -0.015747 0)
(0.0820181 -0.0072827 0)
(0.0950045 0.000695683 0)
(0.100273 0.00734487 0)
(0.0984383 0.0120828 0)
(0.0909559 0.0147121 0)
(0.0796117 0.0154348 0)
(0.0662318 0.0147155 0)
(0.0524141 0.0131077 0)
(0.0393366 0.0111171 0)
(0.0276935 0.00911026 0)
(0.0177732 0.0072487 0)
(0.00968207 0.00543455 0)
(0.00372614 0.00334312 0)
(0.000329277 0.000918407 0)
(0.000785772 -0.0044951 0)
(0.00568894 -0.00969413 0)
(0.0117184 -0.0109167 0)
(0.0169072 -0.00900553 0)
(0.0197646 -0.00542393 0)
(0.0197138 -0.00146977 0)
(0.0166723 0.00215253 0)
(0.0106381 0.00542292 0)
(0.00138595 0.0087805 0)
(-0.0116158 0.0127916 0)
(-0.0290802 0.0178423 0)
(-0.0516347 0.0240097 0)
(-0.0795849 0.0310824 0)
(-0.112701 0.0385968 0)
(-0.15011 0.0458728 0)
(-0.190337 0.0520917 0)
(-0.231492 0.0564297 0)
(-0.27154 0.0582008 0)
(-0.308558 0.056959 0)
(-0.340921 0.0525377 0)
(-0.367389 0.045036 0)
(-0.387118 0.0347697 0)
(-0.399597 0.0222125 0)
(-0.404563 0.00794335 0)
(-0.40194 -0.00738873 0)
(-0.391706 -0.0230991 0)
(-0.373901 -0.0384748 0)
(-0.348791 -0.0527308 0)
(-0.316858 -0.0650336 0)
(-0.278874 -0.0745403 0)
(-0.235933 -0.0804757 0)
(-0.189468 -0.0822339 0)
(-0.141236 -0.0794861 0)
(-0.0932439 -0.0722851 0)
(-0.047606 -0.0611784 0)
(-0.00631444 -0.0471729 0)
(0.0289084 -0.0315606 0)
(0.0567039 -0.0157879 0)
(0.0763806 -0.00114486 0)
(0.0876651 0.0111719 0)
(0.0908205 0.0202548 0)
(0.0871005 0.0257405 0)
(0.0782105 0.0278614 0)
(0.0660404 0.0273071 0)
(0.0523905 0.0249764 0)
(0.0387216 0.0217247 0)
(0.026034 0.0181221 0)
(0.0149679 0.0142391 0)
(0.00625644 0.00958293 0)
(0.000705204 0.00358661 0)
(0.000917695 -0.00772677 0)
(0.00606868 -0.0155919 0)
(0.0115468 -0.0165376 0)
(0.0151648 -0.0124517 0)
(0.0154193 -0.00573385 0)
(0.0117516 0.00169921 0)
(0.00393734 0.00894192 0)
(-0.00837227 0.0161027 0)
(-0.0258423 0.0239442 0)
(-0.0492882 0.0332175 0)
(-0.0793474 0.0442027 0)
(-0.116118 0.056559 0)
(-0.158931 0.0694106 0)
(-0.206336 0.0815349 0)
(-0.256292 0.0916033 0)
(-0.306516 0.0984297 0)
(-0.354835 0.101166 0)
(-0.399441 0.0993916 0)
(-0.439001 0.093092 0)
(-0.472635 0.0825671 0)
(-0.499819 0.0683183 0)
(-0.520259 0.0509465 0)
(-0.533757 0.031078 0)
(-0.540144 0.00934482 0)
(-0.539267 -0.0135859 0)
(-0.530946 -0.0369784 0)
(-0.515046 -0.0599929 0)
(-0.491533 -0.0816707 0)
(-0.460522 -0.100936 0)
(-0.422341 -0.116642 0)
(-0.377602 -0.127661 0)
(-0.327313 -0.132998 0)
(-0.272951 -0.131952 0)
(-0.21646 -0.124315 0)
(-0.16015 -0.110523 0)
(-0.106498 -0.0916926 0)
(-0.0578552 -0.0695199 0)
(-0.0160931 -0.0460071 0)
(0.017595 -0.0230694 0)
(0.0426201 -0.00244946 0)
(0.0589194 0.0146163 0)
(0.0667533 0.0272045 0)
(0.0672331 0.0349403 0)
(0.0619146 0.0381656 0)
(0.0525873 0.0377847 0)
(0.0410429 0.034933 0)
(0.0288321 0.030568 0)
(0.01719 0.0250317 0)
(0.00742142 0.0177399 0)
(0.000862119 0.00736581 0)
(0.000999774 -0.011018 0)
(0.00561124 -0.0208275 0)
(0.00922981 -0.0203486 0)
(0.0096794 -0.0129025 0)
(0.00562178 -0.00193672 0)
(-0.00346176 0.0101257 0)
(-0.0180357 0.0223841 0)
(-0.0388556 0.0352818 0)
(-0.0668552 0.0497588 0)
(-0.102687 0.066341 0)
(-0.146248 0.0846559 0)
(-0.196466 0.103473 0)
(-0.2514 0.121062 0)
(-0.308604 0.135629 0)
(-0.365573 0.145687 0)
(-0.420126 0.150286 0)
(-0.470619 0.149059 0)
(-0.515968 0.142131 0)
(-0.555541 0.129954 0)
(-0.589012 0.113148 0)
(-0.616228 0.0923892 0)
(-0.637103 0.0683367 0)
(-0.651561 0.0416173 0)
(-0.65953 0.0128648 0)
(-0.660919 -0.0172551 0)
(-0.655586 -0.0480254 0)
(-0.643298 -0.0786016 0)
(-0.623796 -0.107959 0)
(-0.596803 -0.134901 0)
(-0.562074 -0.158088 0)
(-0.519545 -0.176059 0)
(-0.469521 -0.187334 0)
(-0.412827 -0.190647 0)
(-0.350932 -0.185236 0)
(-0.286032 -0.171092 0)
(-0.22097 -0.149139 0)
(-0.158915 -0.121265 0)
(-0.102869 -0.0900759 0)
(-0.0551164 -0.0584268 0)
(-0.0168461 -0.028834 0)
(0.0118162 -0.0030725 0)
(0.0312502 0.0176559 0)
(0.0420096 0.0326814 0)
(0.0452986 0.0418499 0)
(0.0426368 0.0457001 0)
(0.0357506 0.0453006 0)
(0.0264031 0.0417606 0)
(0.0162525 0.0356006 0)
(0.00711051 0.0261578 0)
(0.000796568 0.0113831 0)
(0.000995788 -0.0139232 0)
(0.00416243 -0.024295 0)
(0.0045824 -0.0208794 0)
(0.000398083 -0.00872782 0)
(-0.00946358 0.00765799 0)
(-0.025565 0.0255961 0)
(-0.0486491 0.0444848 0)
(-0.0796962 0.0649972 0)
(-0.119421 0.0877901 0)
(-0.16764 0.112551 0)
(-0.22301 0.137824 0)
(-0.283227 0.161457 0)
(-0.345526 0.181229 0)
(-0.407213 0.195362 0)
(-0.466067 0.202787 0)
(-0.520503 0.203156 0)
(-0.569548 0.196694 0)
(-0.612692 0.183979 0)
(-0.649738 0.165752 0)
(-0.680692 0.1428 0)
(-0.705681 0.115879 0)
(-0.724892 0.0856789 0)
(-0.738548 0.0528519 0)
(-0.746863 0.0180252 0)
(-0.749934 -0.0182211 0)
(-0.747738 -0.0552944 0)
(-0.740093 -0.0924681 0)
(-0.726591 -0.128838 0)
(-0.706594 -0.163317 0)
(-0.679313 -0.194541 0)
(-0.643968 -0.220824 0)
(-0.599938 -0.240275 0)
(-0.546965 -0.251021 0)
(-0.485479 -0.251479 0)
(-0.416906 -0.240717 0)
(-0.343793 -0.21888 0)
(-0.269708 -0.187487 0)
(-0.198837 -0.149399 0)
(-0.135231 -0.108384 0)
(-0.0818946 -0.0683177 0)
(-0.0401177 -0.0323198 0)
(-0.00952396 -0.00225419 0)
(0.0110541 0.0211475 0)
(0.0228071 0.0376043 0)
(0.0271635 0.0473321 0)
(0.0257869 0.051113 0)
(0.0204678 0.0499411 0)
(0.0130796 0.0443213 0)
(0.00574998 0.0334785 0)
(0.000591104 0.0148945 0)
(0.000839993 -0.0158649 0)
(0.00148497 -0.0247714 0)
(-0.00259345 -0.0166966 0)
(-0.0126827 0.00144735 0)
(-0.0295675 0.0244014 0)
(-0.053922 0.0495683 0)
(-0.0866459 0.0766394 0)
(-0.128499 0.106078 0)
(-0.179356 0.137638 0)
(-0.237789 0.169773 0)
(-0.301272 0.200002 0)
(-0.366773 0.225693 0)
(-0.431377 0.24473 0)
(-0.492721 0.25585 0)
(-0.549146 0.258661 0)
(-0.599658 0.253444 0)
(-0.643778 0.240903 0)
(-0.681405 0.221946 0)
(-0.71272 0.197549 0)
(-0.738116 0.168664 0)
(-0.758111 0.136148 0)
(-0.773292 0.100755 0)
(-0.784254 0.0631352 0)
(-0.791473 0.0238057 0)
(-0.795245 -0.0168199 0)
(-0.795734 -0.0583184 0)
(-0.792881 -0.10022 0)
(-0.78622 -0.141952 0)
(-0.774969 -0.182706 0)
(-0.758066 -0.221278 0)
(-0.734188 -0.256033 0)
(-0.701813 -0.284957 0)
(-0.659498 -0.305719 0)
(-0.60629 -0.315863 0)
(-0.542138 -0.313259 0)
(-0.4683 -0.296693 0)
(-0.387667 -0.266434 0)
(-0.304735 -0.224624 0)
(-0.225044 -0.175276 0)
(-0.154064 -0.123621 0)
(-0.095793 -0.0748557 0)
(-0.0516904 -0.0327724 0)
(-0.0207417 0.000876359 0)
(-0.000738876 0.0259544 0)
(0.0103136 0.0427938 0)
(0.0143181 0.0520165 0)
(0.0132106 0.0544197 0)
(0.00901496 0.0503563 0)
(0.00400155 0.0389288 0)
(0.000362326 0.0174931 0)
(0.00046528 -0.0160985 0)
(-0.00257175 -0.0209764 0)
(-0.0122815 -0.00662197 0)
(-0.0292286 0.0186534 0)
(-0.0539433 0.0492657 0)
(-0.0871774 0.0828702 0)
(-0.129655 0.119115 0)
(-0.181385 0.157653 0)
(-0.241044 0.196934 0)
(-0.306046 0.234247 0)
(-0.373154 0.266543 0)
(-0.4392 0.291285 0)
(-0.50158 0.306907 0)
(-0.558449 0.312874 0)
(-0.608692 0.309476 0)
(-0.651803 0.297544 0)
(-0.687755 0.278206 0)
(-0.716905 0.252703 0)
(-0.739909 0.222273 0)
(-0.757608 0.188038 0)
(-0.77092 0.150946 0)
(-0.78076 0.111753 0)
(-0.787933 0.0710026 0)
(-0.793048 0.0290309 0)
(-0.796569 -0.0139143 0)
(-0.798798 -0.0576316 0)
(-0.799758 -0.101998 0)
(-0.799107 -0.146809 0)
(-0.796235 -0.191597 0)
(-0.790135 -0.235539 0)
(-0.779294 -0.277398 0)
(-0.761725 -0.315386 0)
(-0.735172 -0.34705 0)
(-0.697372 -0.369404 0)
(-0.646478 -0.379279 0)
(-0.581717 -0.373871 0)
(-0.504111 -0.351466 0)
(-0.416952 -0.3123 0)
(-0.325817 -0.259201 0)
(-0.237857 -0.197604 0)
(-0.160267 -0.134589 0)
(-0.0982296 -0.0769949 0)
(-0.0533064 -0.0293673 0)
(-0.0235726 0.006876 0)
(-0.00555526 0.0324538 0)
(0.0036186 0.0482973 0)
(0.00646125 0.0552509 0)
(0.00529114 0.0535899 0)
(0.00248831 0.0423782 0)
(0.000209315 0.0191578 0)
(-0.000171557 -0.0137896 0)
(-0.00796328 -0.0118363 0)
(-0.0241171 0.0101945 0)
(-0.0484312 0.0434964 0)
(-0.0812238 0.0826303 0)
(-0.123131 0.125378 0)
(-0.174292 0.170811 0)
(-0.233634 0.217333 0)
(-0.298694 0.262093 0)
(-0.366136 0.30164 0)
(-0.43254 0.332911 0)
(-0.494998 0.353892 0)
(-0.551396 0.36378 0)
(-0.600431 0.362794 0)
(-0.641523 0.35188 0)
(-0.674701 0.332411 0)
(-0.700495 0.305961 0)
(-0.719811 0.274121 0)
(-0.733777 0.238344 0)
(-0.743587 0.199841 0)
(-0.750379 0.15954 0)
(-0.755151 0.118077 0)
(-0.758683 0.0758065 0)
(-0.761574 0.0328971 0)
(-0.764303 -0.0105783 0)
(-0.767169 -0.0546628 0)
(-0.77026 -0.0994832 0)
(-0.773504 -0.145085 0)
(-0.776622 -0.191358 0)
(-0.778923 -0.237997 0)
(-0.779195 -0.284342 0)
(-0.775655 -0.329114 0)
(-0.765885 -0.370256 0)
(-0.746862 -0.404888 0)
(-0.715309 -0.429362 0)
(-0.668372 -0.439577 0)
(-0.604496 -0.431723 0)
(-0.524359 -0.403376 0)
(-0.43164 -0.354704 0)
(-0.333161 -0.289364 0)
(-0.23797 -0.214562 0)
(-0.155213 -0.139705 0)
(-0.0912412 -0.0736142 0)
(-0.0473966 -0.0215263 0)
(-0.0204248 0.0158107 0)
(-0.0054689 0.040119 0)
(0.00120715 0.0527827 0)
(0.00267534 0.0543901 0)
(0.00160653 0.044204 0)
(0.000183977 0.0201691 0)
(-0.00107219 -0.00817004 0)
(-0.0144136 0.00339843 0)
(-0.0373631 0.0341326 0)
(-0.0690367 0.0760338 0)
(-0.109491 0.12412 0)
(-0.15898 0.175932 0)
(-0.216761 0.229498 0)
(-0.280676 0.281859 0)
(-0.347454 0.329204 0)
(-0.413481 0.367864 0)
(-0.475528 0.395207 0)
(-0.531151 0.409986 0)
(-0.578802 0.412233 0)
(-0.617781 0.402947 0)
(-0.648144 0.383753 0)
(-0.670577 0.356592 0)
(-0.686225 0.323466 0)
(-0.696487 0.286215 0)
(-0.702792 0.246356 0)
(-0.706444 0.205018 0)
(-0.708524 0.162948 0)
(-0.709852 0.120557 0)
(-0.711006 0.0780017 0)
(-0.712406 0.0352957 0)
(-0.714362 -0.00765702 0)
(-0.717098 -0.0510387 0)
(-0.720754 -0.095043 0)
(-0.725473 -0.139844 0)
(-0.731267 -0.18561 0)
(-0.737917 -0.23245 0)
(-0.744878 -0.280224 0)
(-0.75107 -0.32836 0)
(-0.754595 -0.375648 0)
(-0.752585 -0.419947 0)
(-0.741304 -0.457907 0)
(-0.716509 -0.484986 0)
(-0.674214 -0.495911 0)
(-0.611869 -0.485657 0)
(-0.529755 -0.45089 0)
(-0.432075 -0.391673 0)
(-0.327161 -0.312793 0)
(-0.226232 -0.223838 0)
(-0.140477 -0.13717 0)
(-0.0771135 -0.0638118 0)
(-0.0365882 -0.00930271 0)
(-0.0137789 0.0268103 0)
(-0.0026248 0.0471533 0)
(0.00130447 0.0532542 0)
(0.00144734 0.0450219 0)
(0.000288239 0.020947 0)
(-0.00217933 0.00130743 0)
(-0.0214247 0.0250159 0)
(-0.0510181 0.0650543 0)
(-0.0894958 0.115734 0)
(-0.136545 0.172602 0)
(-0.191808 0.232549 0)
(-0.253589 0.292322 0)
(-0.318881 0.347799 0)
(-0.384017 0.394674 0)
(-0.445477 0.429527 0)
(-0.500456 0.450449 0)
(-0.547094 0.457096 0)
(-0.584511 0.450405 0)
(-0.612732 0.432202 0)
(-0.632557 0.404814 0)
(-0.645346 0.370701 0)
(-0.65275 0.332144 0)
(-0.656429 0.291015 0)
(-0.657833 0.248672 0)
(-0.658091 0.205975 0)
(-0.657988 0.163367 0)
(-0.658014 0.120997 0)
(-0.65845 0.0788403 0)
(-0.659443 0.0367794 0)
(-0.661087 -0.00536658 0)
(-0.663522 -0.0477782 0)
(-0.666871 -0.090615 0)
(-0.671321 -0.13407 0)
(-0.677068 -0.178396 0)
(-0.684312 -0.223854 0)
(-0.693142 -0.270657 0)
(-0.703296 -0.318895 0)
(-0.713867 -0.3683 0)
(-0.723007 -0.417837 0)
(-0.727644 -0.465236 0)
(-0.723377 -0.50664 0)
(-0.704851 -0.536524 0)
(-0.666802 -0.548172 0)
(-0.605651 -0.534968 0)
(-0.521356 -0.492482 0)
(-0.418873 -0.420877 0)
(-0.308426 -0.326716 0)
(-0.20374 -0.222882 0)
(-0.117975 -0.125394 0)
(-0.0584534 -0.0473697 0)
(-0.0236422 0.00624844 0)
(-0.00618786 0.0377655 0)
(0.000680332 0.0503943 0)
(0.00181034 0.0453582 0)
(0.000485844 0.0218748 0)
(-0.00335773 0.0148765 0)
(-0.0283495 0.052815 0)
(-0.0639625 0.102335 0)
(-0.1082 0.161513 0)
(-0.160268 0.226356 0)
(-0.219097 0.292803 0)
(-0.282162 0.356345 0)
(-0.34595 0.412058 0)
(-0.406757 0.455608 0)
(-0.461416 0.484173 0)
(-0.507699 0.496767 0)
(-0.544451 0.494059 0)
(-0.571572 0.477962 0)
(-0.589895 0.451153 0)
(-0.600939 0.416585 0)
(-0.606581 0.377048 0)
(-0.608703 0.334839 0)
(-0.608908 0.291596 0)
(-0.608382 0.248311 0)
(-0.607873 0.20545 0)
(-0.607766 0.163122 0)
(-0.608204 0.121246 0)
(-0.609189 0.0796603 0)
(-0.610648 0.0381847 0)
(-0.612533 -0.00334841 0)
(-0.614902 -0.0450572 0)
(-0.61781 -0.087041 0)
(-0.62139 -0.129418 0)
(-0.625885 -0.17235 0)
(-0.63165 -0.216056 0)
(-0.639087 -0.260866 0)
(-0.64853 -0.307211 0)
(-0.660065 -0.355478 0)
(-0.67318 -0.405708 0)
(-0.686241 -0.457123 0)
(-0.695991 -0.507465 0)
(-0.697353 -0.552327 0)
(-0.683846 -0.584895 0)
(-0.648851 -0.596592 0)
(-0.587721 -0.578903 0)
(-0.500272 -0.52629 0)
(-0.392719 -0.439522 0)
(-0.27781 -0.32802 0)
(-0.172117 -0.20926 0)
(-0.0902931 -0.103557 0)
(-0.0383198 -0.0252646 0)
(-0.0113357 0.0229143 0)
(-0.000153644 0.0453712 0)
(0.00229752 0.0453571 0)
(0.000720686 0.0231575 0)
(-0.00444342 0.0323852 0)
(-0.0345357 0.0861314 0)
(-0.0751394 0.144917 0)
(-0.123721 0.211866 0)
(-0.178946 0.283344 0)
(-0.239062 0.354219 0)
(-0.300963 0.418935 0)
(-0.360957 0.472185 0)
(-0.41558 0.509996 0)
(-0.462193 0.530404 0)
(-0.499266 0.5335 0)
(-0.526447 0.521063 0)
(-0.544472 0.496009 0)
(-0.554921 0.461778 0)
(-0.559843 0.421737 0)
(-0.561327 0.378705 0)
(-0.561144 0.334694 0)
(-0.560562 0.290886 0)
(-0.560317 0.24779 0)
(-0.56072 0.205469 0)
(-0.561797 0.163762 0)
(-0.563438 0.122441 0)
(-0.565485 0.0812907 0)
(-0.567779 0.0401424 0)
(-0.57022 -0.00111501 0)
(-0.572811 -0.0425401 0)
(-0.575568 -0.0841678 0)
(-0.578546 -0.126018 0)
(-0.581914 -0.168126 0)
(-0.585943 -0.210595 0)
(-0.591023 -0.253655 0)
(-0.597691 -0.297714 0)
(-0.606573 -0.34336 0)
(-0.618153 -0.391291 0)
(-0.632322 -0.441999 0)
(-0.647725 -0.495088 0)
(-0.661039 -0.548278 0)
(-0.66652 -0.59641 0)
(-0.656407 -0.631035 0)
(-0.622591 -0.641261 0)
(-0.559485 -0.616338 0)
(-0.467301 -0.549816 0)
(-0.354347 -0.444133 0)
(-0.236693 -0.31337 0)
(-0.133899 -0.181253 0)
(-0.0609069 -0.0724159 0)
(-0.0200553 -0.000194252 0)
(-0.0022675 0.0369481 0)
(0.00247039 0.0446333 0)
(0.000940115 0.0247557 0)
(-0.00528809 0.0532719 0)
(-0.0394221 0.123907 0)
(-0.0836905 0.19143 0)
(-0.134993 0.265058 0)
(-0.191457 0.34149 0)
(-0.250781 0.41457 0)
(-0.30955 0.478007 0)
(-0.364168 0.526502 0)
(-0.411604 0.556755 0)
(-0.449867 0.56786 0)
(-0.478207 0.561105 0)
(-0.4971 0.539416 0)
(-0.508043 0.506632 0)
(-0.513162 0.466738 0)
(-0.514719 0.423193 0)
(-0.51467 0.378519 0)
(-0.514403 0.334198 0)
(-0.51469 0.290844 0)
(-0.515798 0.248497 0)
(-0.51768 0.206915 0)
(-0.52014 0.165788 0)
(-0.522964 0.124847 0)
(-0.525968 0.0839016 0)
(-0.529011 0.0428364 0)
(-0.53201 0.0015953 0)
(-0.534963 -0.0398376 0)
(-0.537889 -0.08145 0)
(-0.540782 -0.12321 0)
(-0.543702 -0.165081 0)
(-0.546758 -0.207055 0)
(-0.550168 -0.249188 0)
(-0.554333 -0.291674 0)
(-0.559881 -0.334949 0)
(-0.567639 -0.379793 0)
(-0.578455 -0.427273 0)
(-0.592701 -0.478367 0)
(-0.609387 -0.533083 0)
(-0.625075 -0.58908 0)
(-0.633179 -0.640176 0)
(-0.624473 -0.675695 0)
(-0.589358 -0.68176 0)
(-0.521685 -0.645177 0)
(-0.422931 -0.559385 0)
(-0.304703 -0.430482 0)
(-0.18731 -0.279819 0)
(-0.0928437 -0.138945 0)
(-0.0339612 -0.0351787 0)
(-0.00650185 0.0231791 0)
(0.00201323 0.042317 0)
(0.00111664 0.0264193 0)
(-0.00577038 0.0766312 0)
(-0.0425964 0.164809 0)
(-0.0890423 0.240326 0)
(-0.1414 0.319317 0)
(-0.197319 0.398894 0)
(-0.254137 0.472057 0)
(-0.308376 0.532113 0)
(-0.356739 0.574111 0)
(-0.396753 0.595663 0)
(-0.427144 0.597068 0)
(-0.44795 0.58087 0)
(-0.460397 0.551085 0)
(-0.466543 0.512271 0)
(-0.468756 0.468636 0)
(-0.469181 0.423386 0)
(-0.469377 0.378478 0)
(-0.47021 0.33475 0)
(-0.47196 0.292271 0)
(-0.474536 0.250736 0)
(-0.47769 0.209744 0)
(-0.48116 0.168961 0)
(-0.484748 0.128166 0)
(-0.488331 0.0872337 0)
(-0.491833 0.0461091 0)
(-0.495217 0.00477441 0)
(-0.498513 -0.0367627 0)
(-0.501751 -0.0784762 0)
(-0.504902 -0.120335 0)
(-0.507953 -0.162287 0)
(-0.510901 -0.20427 0)
(-0.513784 -0.246218 0)
(-0.516747 -0.288125 0)
(-0.520123 -0.330141 0)
(-0.524557 -0.372738 0)
(-0.531063 -0.416859 0)
(-0.540867 -0.463952 0)
(-0.554813 -0.515563 0)
(-0.572214 -0.57216 0)
(-0.589382 -0.631134 0)
(-0.598648 -0.684664 0)
(-0.589068 -0.718955 0)
(-0.549603 -0.716463 0)
(-0.474289 -0.661765 0)
(-0.367356 -0.549938 0)
(-0.245343 -0.39403 0)
(-0.133351 -0.226073 0)
(-0.0540415 -0.0858251 0)
(-0.013349 0.00164599 0)
(0.000774104 0.0372273 0)
(0.00125409 0.0277894 0)
(-0.00581471 0.10133 0)
(-0.0438261 0.207356 0)
(-0.0909305 0.290029 0)
(-0.142773 0.372993 0)
(-0.196626 0.453976 0)
(-0.249656 0.525381 0)
(-0.298526 0.580435 0)
(-0.340372 0.614803 0)
(-0.373342 0.627186 0)
(-0.396879 0.61917 0)
(-0.411733 0.59453 0)
(-0.419701 0.558204 0)
(-0.423129 0.51517 0)
(-0.424319 0.46951 0)
(-0.425045 0.423891 0)
(-0.426344 0.379569 0)
(-0.428579 0.336759 0)
(-0.431662 0.295121 0)
(-0.435313 0.254164 0)
(-0.439236 0.213472 0)
(-0.443213 0.172779 0)
(-0.447128 0.131947 0)
(-0.45094 0.0909254 0)
(-0.454637 0.0497007 0)
(-0.458224 0.00827587 0)
(-0.461763 -0.0333384 0)
(-0.465293 -0.0751259 0)
(-0.468788 -0.117079 0)
(-0.472217 -0.159163 0)
(-0.475535 -0.201318 0)
(-0.478678 -0.243453 0)
(-0.481599 -0.28546 0)
(-0.484335 -0.327269 0)
(-0.487143 -0.36897 0)
(-0.490674 -0.411035 0)
(-0.496096 -0.454602 0)
(-0.504988 -0.501587 0)
(-0.518654 -0.55419 0)
(-0.536629 -0.613255 0)
(-0.554673 -0.675439 0)
(-0.563522 -0.730326 0)
(-0.55019 -0.759791 0)
(-0.502644 -0.741977 0)
(-0.416574 -0.660323 0)
(-0.301091 -0.515055 0)
(-0.179337 -0.331225 0)
(-0.0805222 -0.154852 0)
(-0.0231576 -0.0304518 0)
(-0.0012806 0.0280322 0)
(0.0013719 0.0284889 0)
(-0.0053978 0.126124 0)
(-0.0430549 0.250042 0)
(-0.0893744 0.339048 0)
(-0.13932 0.424662 0)
(-0.189908 0.505526 0)
(-0.238301 0.57373 0)
(-0.281448 0.622694 0)
(-0.316992 0.648901 0)
(-0.343704 0.652247 0)
(-0.361677 0.635615 0)
(-0.372221 0.603886 0)
(-0.377466 0.562669 0)
(-0.379768 0.517034 0)
(-0.381123 0.470635 0)
(-0.382816 0.425435 0)
(-0.385378 0.381991 0)
(-0.388791 0.340021 0)
(-0.392771 0.29895 0)
(-0.396996 0.258256 0)
(-0.401228 0.2176 0)
(-0.405341 0.176818 0)
(-0.409308 0.135858 0)
(-0.413153 0.0947217 0)
(-0.416904 0.0534179 0)
(-0.420586 0.0119515 0)
(-0.424273 -0.0296765 0)
(-0.428014 -0.0714652 0)
(-0.431794 -0.11343 0)
(-0.435589 -0.155565 0)
(-0.439358 -0.197844 0)
(-0.443019 -0.240205 0)
(-0.446456 -0.282539 0)
(-0.449544 -0.324692 0)
(-0.452229 -0.366516 0)
(-0.454679 -0.408032 0)
(-0.457533 -0.44974 0)
(-0.46213 -0.49303 0)
(-0.470444 -0.540399 0)
(-0.484212 -0.594789 0)
(-0.502916 -0.657229 0)
(-0.521172 -0.722785 0)
(-0.52748 -0.776817 0)
(-0.506707 -0.7953 0)
(-0.446889 -0.752097 0)
(-0.347737 -0.63256 0)
(-0.225995 -0.448192 0)
(-0.112348 -0.242568 0)
(-0.0364038 -0.0761133 0)
(-0.00422439 0.0132301 0)
(0.0014615 0.028108 0)
(-0.00454428 0.149775 0)
(-0.0403753 0.291428 0)
(-0.0846157 0.386062 0)
(-0.131525 0.47318 0)
(-0.177976 0.55271 0)
(-0.221262 0.616718 0)
(-0.258709 0.659031 0)
(-0.288485 0.67708 0)
(-0.30993 0.671993 0)
(-0.323664 0.647874 0)
(-0.331357 0.61052 0)
(-0.335231 0.565918 0)
(-0.337429 0.518934 0)
(-0.339518 0.472598 0)
(-0.342291 0.428133 0)
(-0.345886 0.385502 0)
(-0.350065 0.344101 0)
(-0.354494 0.303281 0)
(-0.358908 0.262587 0)
(-0.363165 0.221798 0)
(-0.367232 0.180848 0)
(-0.371146 0.139746 0)
(-0.374966 0.098518 0)
(-0.378735 0.0571774 0)
(-0.382479 0.0157193 0)
(-0.386265 -0.025869 0)
(-0.390153 -0.0675987 0)
(-0.394132 -0.109503 0)
(-0.39819 -0.151597 0)
(-0.402302 -0.193889 0)
(-0.406413 -0.236362 0)
(-0.410422 -0.278954 0)
(-0.414174 -0.321536 0)
(-0.417478 -0.363904 0)
(-0.420185 -0.405833 0)
(-0.42239 -0.447277 0)
(-0.42476 -0.488796 0)
(-0.428867 -0.532161 0)
(-0.437116 -0.580672 0)
(-0.451566 -0.638107 0)
(-0.471193 -0.705115 0)
(-0.48861 -0.7735 0)
(-0.489293 -0.822052 0)
(-0.456339 -0.819437 0)
(-0.380132 -0.737026 0)
(-0.267997 -0.568478 0)
(-0.146952 -0.346021 0)
(-0.0534048 -0.137554 0)
(-0.00822314 -0.00881272 0)
(0.00147495 0.0261905 0)
(-0.00331675 0.17114 0)
(-0.0359892 0.330219 0)
(-0.0770472 0.429962 0)
(-0.120032 0.517686 0)
(-0.161771 0.595024 0)
(-0.199781 0.654286 0)
(-0.231809 0.689861 0)
(-0.256515 0.700185 0)
(-0.273718 0.687587 0)
(-0.284401 0.657249 0)
(-0.290391 0.61565 0)
(-0.293795 0.568884 0)
(-0.296415 0.521392 0)
(-0.299361 0.475504 0)
(-0.303025 0.431769 0)
(-0.307293 0.389717 0)
(-0.311849 0.348586 0)
(-0.316404 0.307762 0)
(-0.320786 0.26691 0)
(-0.324949 0.22592 0)
(-0.328924 0.184798 0)
(-0.332779 0.143584 0)
(-0.336587 0.102308 0)
(-0.340388 0.0609719 0)
(-0.344197 0.019559 0)
(-0.348071 -0.0219565 0)
(-0.352073 -0.063593 0)
(-0.3562 -0.105396 0)
(-0.360435 -0.147394 0)
(-0.364773 -0.189616 0)
(-0.369187 -0.232079 0)
(-0.373614 -0.274774 0)
(-0.377939 -0.317639 0)
(-0.381973 -0.360525 0)
(-0.385466 -0.40317 0)
(-0.388194 -0.445256 0)
(-0.390206 -0.486685 0)
(-0.392256 -0.528183 0)
(-0.39625 -0.572157 0)
(-0.405106 -0.623012 0)
(-0.420986 -0.685263 0)
(-0.4415 -0.757914 0)
(-0.455963 -0.826721 0)
(-0.446352 -0.860871 0)
(-0.39572 -0.821524 0)
(-0.300795 -0.683225 0)
(-0.180788 -0.459532 0)
(-0.0736134 -0.215126 0)
(-0.0135241 -0.0398826 0)
(0.00139054 0.0222556 0)
(-0.00180411 0.189238 0)
(-0.0301679 0.365298 0)
(-0.0671422 0.469862 0)
(-0.105552 0.557582 0)
(-0.14225 0.632229 0)
(-0.175029 0.686602 0)
(-0.20206 0.715743 0)
(-0.222437 0.719089 0)
(-0.236331 0.700068 0)
(-0.244923 0.664764 0)
(-0.250012 0.620101 0)
(-0.253457 0.572059 0)
(-0.256661 0.524541 0)
(-0.260339 0.479193 0)
(-0.264596 0.436021 0)
(-0.269201 0.394282 0)
(-0.273854 0.35318 0)
(-0.278349 0.312198 0)
(-0.282608 0.271124 0)
(-0.286653 0.229935 0)
(-0.290549 0.188678 0)
(-0.294373 0.147398 0)
(-0.298193 0.106115 0)
(-0.302044 0.0648183 0)
(-0.305929 0.0234764 0)
(-0.309889 -0.017946 0)
(-0.313997 -0.0594716 0)
(-0.318252 -0.101155 0)
(-0.32263 -0.143031 0)
(-0.327133 -0.185141 0)
(-0.331749 -0.227521 0)
(-0.336448 -0.270197 0)
(-0.341163 -0.313169 0)
(-0.345764 -0.356371 0)
(-0.350033 -0.399621 0)
(-0.353661 -0.442577 0)
(-0.356361 -0.484825 0)
(-0.358181 -0.526262 0)
(-0.360085 -0.567984 0)
(-0.364495 -0.613437 0)
(-0.374859 -0.6685 0)
(-0.392859 -0.737858 0)
(-0.413311 -0.816189 0)
(-0.420858 -0.87881 0)
(-0.394626 -0.882597 0)
(-0.321498 -0.784926 0)
(-0.210287 -0.57604 0)
(-0.0954295 -0.306792 0)
(-0.0203515 -0.0816568 0)
(0.00125063 0.0158192 0)
(-0.000110528 0.203292 0)
(-0.0232178 0.395739 0)
(-0.0553986 0.505089 0)
(-0.0887858 0.592492 0)
(-0.1203 0.664277 0)
(-0.148025 0.713962 0)
(-0.170533 0.737275 0)
(-0.18727 0.734587 0)
(-0.19863 0.710282 0)
(-0.205836 0.671151 0)
(-0.210522 0.624356 0)
(-0.214223 0.575625 0)
(-0.217961 0.528291 0)
(-0.222141 0.483408 0)
(-0.226703 0.440586 0)
(-0.231391 0.398937 0)
(-0.23597 0.35771 0)
(-0.24032 0.316505 0)
(-0.244435 0.27521 0)
(-0.248373 0.233859 0)
(-0.252212 0.192515 0)
(-0.256023 0.151213 0)
(-0.259866 0.109958 0)
(-0.263772 0.0687266 0)
(-0.267733 0.0274769 0)
(-0.271776 -0.0138358 0)
(-0.275987 -0.0552357 0)
(-0.280372 -0.0967872 0)
(-0.284891 -0.13853 0)
(-0.289548 -0.180509 0)
(-0.294336 -0.222772 0)
(-0.29924 -0.265363 0)
(-0.304225 -0.30832 0)
(-0.309218 -0.351647 0)
(-0.31407 -0.395263 0)
(-0.318526 -0.43893 0)
(-0.322217 -0.482203 0)
(-0.324816 -0.52456 0)
(-0.32646 -0.566015 0)
(-0.32851 -0.608424 0)
(-0.334103 -0.656927 0)
(-0.347056 -0.719062 0)
(-0.367373 -0.797756 0)
(-0.384992 -0.878349 0)
(-0.379108 -0.920248 0)
(-0.329165 -0.868478 0)
(-0.232693 -0.688534 0)
(-0.116695 -0.408558 0)
(-0.0287051 -0.135285 0)
(0.00111774 0.00636979 0)
(0.00165429 0.212743 0)
(-0.0154555 0.420812 0)
(-0.0422985 0.535151 0)
(-0.0703763 0.622206 0)
(-0.096691 0.691248 0)
(-0.119603 0.736716 0)
(-0.138046 0.755018 0)
(-0.151727 0.74734 0)
(-0.161146 0.718857 0)
(-0.167438 0.676876 0)
(-0.171983 0.628645 0)
(-0.175966 0.579568 0)
(-0.180086 0.532458 0)
(-0.184531 0.487897 0)
(-0.189167 0.445228 0)
(-0.19377 0.403517 0)
(-0.198181 0.362091 0)
(-0.202353 0.320655 0)
(-0.206324 0.279173 0)
(-0.210168 0.237709 0)
(-0.213959 0.196322 0)
(-0.217757 0.155033 0)
(-0.221617 0.113834 0)
(-0.225568 0.0726922 0)
(-0.229596 0.031556 0)
(-0.233711 -0.00962736 0)
(-0.238021 -0.050882 0)
(-0.242542 -0.0922849 0)
(-0.247213 -0.13388 0)
(-0.252038 -0.175716 0)
(-0.257009 -0.217844 0)
(-0.262116 -0.260318 0)
(-0.267337 -0.303196 0)
(-0.272632 -0.346524 0)
(-0.277914 -0.390303 0)
(-0.283008 -0.434417 0)
(-0.287607 -0.478535 0)
(-0.291287 -0.522064 0)
(-0.293718 -0.564416 0)
(-0.295277 -0.606005 0)
(-0.298004 -0.650153 0)
(-0.305941 -0.704494 0)
(-0.322546 -0.777519 0)
(-0.343854 -0.865739 0)
(-0.352708 -0.937217 0)
(-0.3246 -0.93149 0)
(-0.246489 -0.791141 0)
(-0.135358 -0.515374 0)
(-0.0381956 -0.200538 0)
(0.000969412 -0.00656224 0)
(0.0033844 0.21728 0)
(-0.00718979 0.439929 0)
(-0.0282907 0.559703 0)
(-0.0508871 0.646636 0)
(-0.072063 0.713284 0)
(-0.0904133 0.755209 0)
(-0.105187 0.769447 0)
(-0.116271 0.757858 0)
(-0.124165 0.726224 0)
(-0.129825 0.682203 0)
(-0.134327 0.633027 0)
(-0.138522 0.583782 0)
(-0.142844 0.536843 0)
(-0.14735 0.492447 0)
(-0.151892 0.449784 0)
(-0.156305 0.407924 0)
(-0.1605 0.36628 0)
(-0.16448 0.324641 0)
(-0.168307 0.283019 0)
(-0.172055 0.241487 0)
(-0.175789 0.200094 0)
(-0.17956 0.158849 0)
(-0.183417 0.11773 0)
(-0.187394 0.0766992 0)
(-0.191476 0.0357012 0)
(-0.195648 -0.00532583 0)
(-0.200048 -0.0464091 0)
(-0.20471 -0.0876378 0)
(-0.209547 -0.129063 0)
(-0.214561 -0.170737 0)
(-0.219743 -0.212714 0)
(-0.225078 -0.255052 0)
(-0.230553 -0.297815 0)
(-0.236142 -0.341075 0)
(-0.241792 -0.384885 0)
(-0.247393 -0.429226 0)
(-0.252728 -0.473909 0)
(-0.257428 -0.518453 0)
(-0.261018 -0.56209 0)
(-0.263264 -0.604311 0)
(-0.265043 -0.646529 0)
(-0.269443 -0.694682 0)
(-0.281246 -0.759452 0)
(-0.301645 -0.846941 0)
(-0.319392 -0.937892 0)
(-0.309844 -0.97403 0)
(-0.251428 -0.87974 0)
(-0.149937 -0.622104 0)
(-0.0480919 -0.275655 0)
(0.000665041 -0.023422 0)
(0.00493828 0.216715 0)
(0.00127397 0.452749 0)
(-0.0137746 0.578489 0)
(-0.0307991 0.665769 0)
(-0.0469294 0.730551 0)
(-0.0609443 0.769739 0)
(-0.0723579 0.780934 0)
(-0.0811698 0.7665 0)
(-0.087803 0.732648 0)
(-0.0929743 0.687249 0)
(-0.0974348 0.637472 0)
(-0.101729 0.588126 0)
(-0.106089 0.541265 0)
(-0.110497 0.496901 0)
(-0.114831 0.454144 0)
(-0.118986 0.4121 0)
(-0.122934 0.370255 0)
(-0.12671 0.328456 0)
(-0.130382 0.28674 0)
(-0.134018 0.24518 0)
(-0.137675 0.203814 0)
(-0.141397 0.162639 0)
(-0.145228 0.121622 0)
(-0.149209 0.0807268 0)
(-0.153328 0.0398975 0)
(-0.157539 -0.000935698 0)
(-0.162014 -0.0418173 0)
(-0.166819 -0.0828363 0)
(-0.171834 -0.124062 0)
(-0.177057 -0.165547 0)
(-0.182477 -0.207349 0)
(-0.188078 -0.249526 0)
(-0.193846 -0.292148 0)
(-0.199761 -0.335297 0)
(-0.205787 -0.379057 0)
(-0.211853 -0.423476 0)
(-0.217812 -0.468485 0)
(-0.223389 -0.513758 0)
(-0.228142 -0.558597 0)
(-0.231592 -0.602089 0)
(-0.233786 -0.644222 0)
(-0.236508 -0.688599 0)
(-0.244197 -0.745278 0)
(-0.261237 -0.826626 0)
(-0.282821 -0.927228 0)
(-0.287553 -0.998031 0)
(-0.248281 -0.952087 0)
(-0.159692 -0.724253 0)
(-0.0575596 -0.357872 0)
(-4.98676e-06 -0.0446356 0)
(0.00616097 0.211277 0)
(0.00957277 0.45883 0)
(0.000925 0.591417 0)
(-0.0105128 0.679614 0)
(-0.0216968 0.743203 0)
(-0.0315518 0.780538 0)
(-0.0398193 0.789736 0)
(-0.0465607 0.77349 0)
(-0.0520734 0.738267 0)
(-0.0568014 0.69204 0)
(-0.06117 0.641903 0)
(-0.0654484 0.592468 0)
(-0.0697123 0.545586 0)
(-0.0739085 0.501146 0)
(-0.0779542 0.458237 0)
(-0.0818067 0.416007 0)
(-0.0854809 0.373994 0)
(-0.0890312 0.332081 0)
(-0.092525 0.290316 0)
(-0.0960241 0.248766 0)
(-0.0995778 0.207457 0)
(-0.103224 0.166377 0)
(-0.107005 0.125489 0)
(-0.110969 0.0847536 0)
(-0.115105 0.044125 0)
(-0.119342 0.00352842 0)
(-0.123874 -0.037114 0)
(-0.128814 -0.0778781 0)
(-0.134018 -0.118864 0)
(-0.139465 -0.160124 0)
(-0.145147 -0.201717 0)
(-0.151048 -0.243701 0)
(-0.157153 -0.286149 0)
(-0.163443 -0.329148 0)
(-0.169889 -0.372802 0)
(-0.176441 -0.417202 0)
(-0.182995 -0.462363 0)
(-0.189353 -0.508102 0)
(-0.195165 -0.553874 0)
(-0.199933 -0.598714 0)
(-0.203282 -0.641798 0)
(-0.205893 -0.684616 0)
(-0.211005 -0.734964 0)
(-0.224111 -0.807753 0)
(-0.245866 -0.909843 0)
(-0.260448 -1.00654 0)
(-0.238464 -1.00759 0)
(-0.164576 -0.818338 0)
(-0.0658726 -0.444034 0)
(-0.00115795 -0.0704441 0)
(0.00695868 0.201465 0)
(0.017324 0.457759 0)
(0.0154819 0.598336 0)
(0.00965754 0.688271 0)
(0.0033129 0.751362 0)
(-0.00250037 0.787772 0)
(-0.00773554 0.796017 0)
(-0.0124958 0.778951 0)
(-0.0169296 0.743131 0)
(-0.0211958 0.696551 0)
(-0.0254012 0.646236 0)
(-0.0295646 0.596697 0)
(-0.0336334 0.549697 0)
(-0.0375381 0.505098 0)
(-0.0412404 0.462005 0)
(-0.0447515 0.419604 0)
(-0.0481214 0.377466 0)
(-0.0514167 0.335488 0)
(-0.0547014 0.293717 0)
(-0.0580304 0.252211 0)
(-0.0614486 0.21099 0)
(-0.0649924 0.170035 0)
(-0.0687006 0.129304 0)
(-0.0726246 0.0887552 0)
(-0.0767633 0.0483522 0)
(-0.0810163 0.00802456 0)
(-0.0855868 -0.0323304 0)
(-0.0906466 -0.0727822 0)
(-0.0960438 -0.113476 0)
(-0.101723 -0.154464 0)
(-0.107683 -0.1958 0)
(-0.113913 -0.237546 0)
(-0.120396 -0.279774 0)
(-0.127113 -0.322578 0)
(-0.134038 -0.366071 0)
(-0.141129 -0.410376 0)
(-0.148308 -0.455568 0)
(-0.155428 -0.50157 0)
(-0.162221 -0.547991 0)
(-0.168264 -0.593975 0)
(-0.17306 -0.638373 0)
(-0.176593 -0.681181 0)
(-0.180762 -0.727462 0)
(-0.190622 -0.791629 0)
(-0.210457 -0.889419 0)
(-0.230953 -1.00302 0)
(-0.223666 -1.04693 0)
(-0.165035 -0.902012 0)
(-0.0725565 -0.531149 0)
(-0.0027465 -0.10078 0)
(0.00731759 0.187903 0)
(0.0242039 0.449477 0)
(0.0295268 0.598937 0)
(0.0294397 0.691776 0)
(0.0278557 0.755128 0)
(0.0260137 0.791501 0)
(0.0237824 0.79982 0)
(0.0210088 0.7829 0)
(0.0176919 0.747228 0)
(0.0139512 0.700734 0)
(0.00998617 0.650404 0)
(0.00601456 0.600744 0)
(0.00220805 0.553548 0)
(-0.00135028 0.508727 0)
(-0.00466574 0.465434 0)
(-0.00779842 0.422886 0)
(-0.0108279 0.380666 0)
(-0.0138299 0.33867 0)
(-0.0168663 0.296933 0)
(-0.0199867 0.255509 0)
(-0.0232337 0.214409 0)
(-0.0266444 0.17361 0)
(-0.0302578 0.133065 0)
(-0.034129 0.0927262 0)
(-0.0382722 0.0525671 0)
(-0.0425456 0.0125404 0)
(-0.0471258 -0.0274658 0)
(-0.0522738 -0.0675438 0)
(-0.0578565 -0.107893 0)
(-0.0637672 -0.148559 0)
(-0.0700149 -0.189588 0)
(-0.0765949 -0.231038 0)
(-0.0834921 -0.272988 0)
(-0.090686 -0.315537 0)
(-0.0981504 -0.358808 0)
(-0.105847 -0.402945 0)
(-0.113712 -0.448067 0)
(-0.121627 -0.494178 0)
(-0.129387 -0.54101 0)
(-0.136656 -0.587852 0)
(-0.142964 -0.633515 0)
(-0.147975 -0.677141 0)
(-0.152521 -0.721378 0)
(-0.160442 -0.77828 0)
(-0.177662 -0.86845 0)
(-0.200994 -0.990776 0)
(-0.205554 -1.07158 0)
(-0.161807 -0.973987 0)
(-0.0774329 -0.6167 0)
(-0.00459912 -0.135245 0)
(0.00726461 0.171338 0)
(0.0299434 0.434131 0)
(0.0426697 0.592919 0)
(0.0485574 0.690064 0)
(0.0517177 0.754559 0)
(0.0538178 0.791734 0)
(0.0546356 0.801089 0)
(0.0539429 0.785244 0)
(0.0518566 0.750449 0)
(0.0487493 0.704489 0)
(0.04511 0.654326 0)
(0.0413885 0.604546 0)
(0.0378807 0.557086 0)
(0.0346947 0.511986 0)
(0.0317941 0.468478 0)
(0.0290751 0.425808 0)
(0.0264275 0.383552 0)
(0.0237634 0.341588 0)
(0.02102 0.299936 0)
(0.0181499 0.258642 0)
(0.0151106 0.217715 0)
(0.0118611 0.177132 0)
(0.00835823 0.136846 0)
(0.00454753 0.0968109 0)
(0.000398246 0.0569999 0)
(-0.00390932 0.0173612 0)
(-0.0084772 -0.0223041 0)
(-0.0136647 -0.0620375 0)
(-0.0194046 -0.102033 0)
(-0.0255361 -0.142346 0)
(-0.0320701 -0.183019 0)
(-0.0390118 -0.224117 0)
(-0.0463509 -0.265727 0)
(-0.054067 -0.307957 0)
(-0.0621306 -0.350943 0)
(-0.0705029 -0.394841 0)
(-0.0791258 -0.439803 0)
(-0.0879015 -0.485893 0)
(-0.0966662 -0.532942 0)
(-0.105155 -0.580367 0)
(-0.112977 -0.627056 0)
(-0.119712 -0.671769 0)
(-0.125537 -0.715396 0)
(-0.132928 -0.766948 0)
(-0.147844 -0.848288 0)
(-0.171917 -0.972654 0)
(-0.185583 -1.08347 0)
(-0.155743 -1.03384 0)
(-0.0805877 -0.698771 0)
(-0.00650281 -0.173189 0)
(0.00685123 0.152619 0)
(0.0343331 0.412086 0)
(0.0545146 0.580018 0)
(0.0667054 0.682979 0)
(0.0746881 0.749668 0)
(0.0807386 0.788451 0)
(0.0847035 0.799728 0)
(0.0862594 0.785841 0)
(0.0855876 0.752644 0)
(0.0832705 0.707686 0)
(0.0800616 0.657903 0)
(0.0766422 0.608035 0)
(0.0734513 0.560255 0)
(0.0706465 0.514814 0)
(0.0681786 0.471065 0)
(0.0659068 0.428284 0)
(0.0636881 0.386027 0)
(0.0614163 0.344139 0)
(0.0590221 0.302618 0)
(0.0564566 0.261499 0)
(0.0536765 0.220793 0)
(0.0506376 0.180479 0)
(0.0472933 0.140514 0)
(0.0435898 0.10085 0)
(0.0394765 0.061449 0)
(0.0350748 0.0222446 0)
(0.0304253 -0.0170092 0)
(0.0252287 -0.0563559 0)
(0.0193864 -0.0959271 0)
(0.013052 -0.135801 0)
(0.00623437 -0.176032 0)
(-0.00107893 -0.216701 0)
(-0.00888605 -0.257903 0)
(-0.0171662 -0.29975 0)
(-0.0258836 -0.342382 0)
(-0.0349961 -0.385968 0)
(-0.0444501 -0.430685 0)
(-0.0541628 -0.476643 0)
(-0.0639986 -0.523746 0)
(-0.0737468 -0.571515 0)
(-0.0830972 -0.618939 0)
(-0.0916618 -0.66466 0)
(-0.0993048 -0.708481 0)
(-0.10737 -0.756543 0)
(-0.120873 -0.829356 0)
(-0.144529 -0.950842 0)
(-0.164915 -1.08461 0)
(-0.14769 -1.08176 0)
(-0.0823017 -0.776031 0)
(-0.00827864 -0.213853 0)
(0.00615273 0.132637 0)
(0.037229 0.383957 0)
(0.0646637 0.56005 0)
(0.0835204 0.670262 0)
(0.0965261 0.740389 0)
(0.106585 0.781586 0)
(0.113832 0.795584 0)
(0.117863 0.784493 0)
(0.118856 0.753627 0)
(0.117542 0.710189 0)
(0.114902 0.661063 0)
(0.111848 0.61119 0)
(0.108985 0.563063 0)
(0.106556 0.517221 0)
(0.104525 0.473186 0)
(0.102727 0.430282 0)
(0.100984 0.38804 0)
(0.0991646 0.346259 0)
(0.0971837 0.304906 0)
(0.0949856 0.264 0)
(0.0925244 0.22355 0)
(0.0897535 0.183538 0)
(0.0866247 0.14392 0)
(0.0830879 0.104641 0)
(0.079092 0.0656453 0)
(0.0746886 0.0268624 0)
(0.0699691 -0.011901 0)
(0.064712 -0.0507246 0)
(0.0587484 -0.089742 0)
(0.0521914 -0.129053 0)
(0.0450562 -0.168728 0)
(0.0373252 -0.208854 0)
(0.0290056 -0.249535 0)
(0.0201189 -0.290885 0)
(0.0106972 -0.333055 0)
(0.000782468 -0.37623 0)
(-0.00957579 -0.420608 0)
(-0.0203047 -0.466326 0)
(-0.03129 -0.513339 0)
(-0.0423658 -0.561244 0)
(-0.053293 -0.609117 0)
(-0.0637509 -0.655601 0)
(-0.073512 -0.699917 0)
(-0.0831507 -0.745953 0)
(-0.096365 -0.811418 0)
(-0.119224 -0.926841 0)
(-0.144411 -1.07686 0)
(-0.138408 -1.11832 0)
(-0.0829725 -0.847661 0)
(-0.00982842 -0.256519 0)
(0.00526473 0.112274 0)
(0.0385631 0.350618 0)
(0.072728 0.532988 0)
(0.0985602 0.651567 0)
(0.116922 0.72655 0)
(0.131126 0.771024 0)
(0.141814 0.788456 0)
(0.148591 0.780933 0)
(0.151565 0.753138 0)
(0.151533 0.711803 0)
(0.149656 0.663701 0)
(0.147061 0.613985 0)
(0.144547 0.565527 0)
(0.142481 0.51923 0)
(0.140879 0.474849 0)
(0.139569 0.431789 0)
(0.138346 0.389561 0)
(0.13704 0.347912 0)
(0.135543 0.306767 0)
(0.133784 0.266121 0)
(0.131711 0.225978 0)
(0.129274 0.186319 0)
(0.126423 0.1471 0)
(0.123111 0.108263 0)
(0.119288 0.0697335 0)
(0.114951 0.0314338 0)
(0.110192 -0.00679183 0)
(0.104856 -0.0450392 0)
(0.0987536 -0.0834368 0)
(0.0919625 -0.122103 0)
(0.0844994 -0.161127 0)
(0.0763413 -0.200603 0)
(0.0674869 -0.240641 0)
(0.0579543 -0.281373 0)
(0.047772 -0.322962 0)
(0.0369803 -0.365607 0)
(0.0256333 -0.409521 0)
(0.0138027 -0.454862 0)
(0.00158091 -0.501622 0)
(-0.0109094 -0.549459 0)
(-0.0234918 -0.597512 0)
(-0.0359179 -0.644455 0)
(-0.0479773 -0.689234 0)
(-0.059809 -0.734202 0)
(-0.0738498 -0.793843 0)
(-0.0961028 -0.901538 0)
(-0.124661 -1.06184 0)
(-0.128531 -1.14428 0)
(-0.0830439 -0.913245 0)
(-0.0111521 -0.300622 0)
(0.00429267 0.0923403 0)
(0.0383563 0.313207 0)
(0.0783548 0.499052 0)
(0.111302 0.626529 0)
(0.13546 0.707859 0)
(0.154057 0.756593 0)
(0.16838 0.778115 0)
(0.178196 0.774841 0)
(0.183524 0.750843 0)
(0.185132 0.712257 0)
(0.184286 0.665647 0)
(0.182305 0.616347 0)
(0.180195 0.567639 0)
(0.17849 0.520856 0)
(0.177301 0.476059 0)
(0.176483 0.432783 0)
(0.17581 0.390544 0)
(0.175076 0.349039 0)
(0.174137 0.308138 0)
(0.172896 0.267803 0)
(0.171289 0.228025 0)
(0.169259 0.18878 0)
(0.166753 0.150024 0)
(0.163721 0.111695 0)
(0.160116 0.0737102 0)
(0.155896 0.0359807 0)
(0.151139 -0.00162249 0)
(0.145736 -0.0392209 0)
(0.139499 -0.0769218 0)
(0.132471 -0.114854 0)
(0.124669 -0.153128 0)
(0.116065 -0.191852 0)
(0.106652 -0.231147 0)
(0.0964415 -0.271158 0)
(0.0854619 -0.312059 0)
(0.0737514 -0.354058 0)
(0.0613598 -0.397379 0)
(0.048347 -0.442198 0)
(0.0347842 -0.488533 0)
(0.0207651 -0.536076 0)
(0.00641734 -0.584026 0)
(-0.00808138 -0.631096 0)
(-0.0225806 -0.676114 0)
(-0.0370159 -0.720504 0)
(-0.0528535 -0.775817 0)
(-0.0750576 -0.875324 0)
(-0.106015 -1.04084 0)
(-0.118548 -1.16043 0)
(-0.08295 -0.972649 0)
(-0.0123462 -0.345826 0)
(0.00333625 0.0735282 0)
(0.0367296 0.2731 0)
(0.0812689 0.458791 0)
(0.12117 0.594856 0)
(0.151592 0.683908 0)
(0.174966 0.73804 0)
(0.193169 0.764305 0)
(0.206332 0.765865 0)
(0.214427 0.746341 0)
(0.218112 0.711192 0)
(0.218667 0.666644 0)
(0.217548 0.618137 0)
(0.215966 0.569352 0)
(0.214654 0.522102 0)
(0.21387 0.476824 0)
(0.213536 0.433251 0)
(0.21343 0.390946 0)
(0.213314 0.34957 0)
(0.213001 0.308934 0)
(0.212361 0.268956 0)
(0.211304 0.2296 0)
(0.209761 0.190835 0)
(0.207673 0.152611 0)
(0.204985 0.114863 0)
(0.201645 0.0775038 0)
(0.197597 0.0404373 0)
(0.192887 0.00355184 0)
(0.187438 -0.0333019 0)
(0.181084 -0.0702124 0)
(0.173828 -0.107312 0)
(0.165683 -0.14473 0)
(0.156623 -0.182589 0)
(0.146634 -0.221021 0)
(0.135724 -0.260185 0)
(0.123915 -0.300271 0)
(0.111244 -0.341498 0)
(0.0977528 -0.384097 0)
(0.0834904 -0.42825 0)
(0.0685046 -0.473982 0)
(0.0528507 -0.521007 0)
(0.0366011 -0.568563 0)
(0.019878 -0.615402 0)
(0.00278497 -0.660327 0)
(-0.0145382 -0.704267 0)
(-0.0329427 -0.756499 0)
(-0.0558538 -0.848209 0)
(-0.0886349 -1.01483 0)
(-0.108794 -1.16748 0)
(-0.0830689 -1.02591 0)
(-0.0135918 -0.392058 0)
(0.00247261 0.0563674 0)
(0.033904 0.23185 0)
(0.0813227 0.413157 0)
(0.127586 0.55646 0)
(0.164635 0.65422 0)
(0.193294 0.714999 0)
(0.215713 0.746739 0)
(0.232544 0.753637 0)
(0.243836 0.739178 0)
(0.250106 0.708154 0)
(0.252544 0.666327 0)
(0.25266 0.619117 0)
(0.25184 0.570552 0)
(0.251031 0.522938 0)
(0.250679 0.477148 0)
(0.250825 0.433193 0)
(0.251288 0.390743 0)
(0.251817 0.349451 0)
(0.252186 0.309078 0)
(0.252222 0.26949 0)
(0.2518 0.230614 0)
(0.25083 0.192397 0)
(0.249239 0.154783 0)
(0.246964 0.117698 0)
(0.243948 0.0810556 0)
(0.24013 0.044752 0)
(0.235518 0.00867994 0)
(0.230058 -0.0273163 0)
(0.223611 -0.063326 0)
(0.216144 -0.0994835 0)
(0.207664 -0.13593 0)
(0.198148 -0.172802 0)
(0.187578 -0.210246 0)
(0.175955 -0.248435 0)
(0.163299 -0.287572 0)
(0.149637 -0.327886 0)
(0.135003 -0.369609 0)
(0.119427 -0.412921 0)
(0.102928 -0.457848 0)
(0.0855225 -0.504111 0)
(0.0672295 -0.550976 0)
(0.0481145 -0.597232 0)
(0.0282439 -0.641679 0)
(0.00779655 -0.685049 0)
(-0.0137501 -0.735109 0)
(-0.038203 -0.819951 0)
(-0.0725523 -0.984506 0)
(-0.0994544 -1.166 0)
(-0.0836901 -1.07312 0)
(-0.0151359 -0.43951 0)
(0.00174478 0.0412071 0)
(0.0301865 0.191083 0)
(0.0785479 0.363523 0)
(0.130059 0.511604 0)
(0.173811 0.618356 0)
(0.20831 0.686991 0)
(0.2354 0.72506 0)
(0.256254 0.73778 0)
(0.271176 0.728867 0)
(0.280583 0.702603 0)
(0.285493 0.664201 0)
(0.287368 0.618916 0)
(0.287696 0.571013 0)
(0.287625 0.523259 0)
(0.287813 0.477006 0)
(0.288471 0.432612 0)
(0.289507 0.389927 0)
(0.290693 0.348651 0)
(0.291777 0.308514 0)
(0.292545 0.26933 0)
(0.292834 0.230981 0)
(0.292519 0.193383 0)
(0.291508 0.156462 0)
(0.289723 0.120134 0)
(0.287099 0.0843069 0)
(0.283569 0.0488732 0)
(0.279113 0.0137217 0)
(0.273691 -0.0212991 0)
(0.267184 -0.0562895 0)
(0.259534 -0.0913864 0)
(0.250739 -0.12674 0)
(0.240781 -0.162498 0)
(0.22964 -0.198823 0)
(0.217309 -0.2359 0)
(0.203801 -0.273944 0)
(0.189133 -0.313189 0)
(0.173322 -0.353864 0)
(0.156371 -0.396139 0)
(0.138268 -0.440026 0)
(0.118982 -0.485244 0)
(0.0984813 -0.531082 0)
(0.076777 -0.576382 0)
(0.0539109 -0.619987 0)
(0.0301191 -0.662485 0)
(0.00503423 -0.710967 0)
(-0.0217811 -0.790171 0)
(-0.057699 -0.950339 0)
(-0.0905649 -1.15637 0)
(-0.0849882 -1.11434 0)
(-0.0172645 -0.488622 0)
(0.00116127 0.0282194 0)
(0.0259386 0.152353 0)
(0.0731961 0.311658 0)
(0.128292 0.461043 0)
(0.178339 0.576075 0)
(0.219114 0.653473 0)
(0.25143 0.698822 0)
(0.276737 0.71789 0)
(0.295727 0.714912 0)
(0.308835 0.693933 0)
(0.316889 0.659644 0)
(0.321197 0.616994 0)
(0.323246 0.570341 0)
(0.324326 0.52283 0)
(0.325307 0.476288 0)
(0.326599 0.431474 0)
(0.328253 0.388495 0)
(0.330108 0.347158 0)
(0.331924 0.307208 0)
(0.333458 0.26842 0)
(0.33451 0.230629 0)
(0.334918 0.193713 0)
(0.334562 0.157567 0)
(0.333342 0.122094 0)
(0.33118 0.0871891 0)
(0.328003 0.0527391 0)
(0.323769 0.0186274 0)
(0.318442 -0.0152963 0)
(0.31192 -0.0491427 0)
(0.304128 -0.0830533 0)
(0.295057 -0.117185 0)
(0.28469 -0.151698 0)
(0.273005 -0.186766 0)
(0.259987 -0.222588 0)
(0.245638 -0.259384 0)
(0.229958 -0.297387 0)
(0.212939 -0.336817 0)
(0.194553 -0.377825 0)
(0.174744 -0.420399 0)
(0.153434 -0.46425 0)
(0.130538 -0.508688 0)
(0.106021 -0.552624 0)
(0.0799105 -0.595002 0)
(0.0525166 -0.636401 0)
(0.0236493 -0.683406 0)
(-0.00622742 -0.758414 0)
(-0.0439135 -0.912677 0)
(-0.0820022 -1.13883 0)
(-0.0869934 -1.14952 0)
(-0.0202633 -0.540045 0)
(0.000707843 0.0174238 0)
(0.02153 0.116978 0)
(0.0657527 0.259612 0)
(0.122289 0.406112 0)
(0.177571 0.527548 0)
(0.224711 0.613968 0)
(0.262801 0.667485 0)
(0.293081 0.69351 0)
(0.316606 0.696811 0)
(0.333977 0.681511 0)
(0.345887 0.651926 0)
(0.353426 0.61264 0)
(0.357962 0.56794 0)
(0.36083 0.521225 0)
(0.363062 0.474735 0)
(0.365272 0.429652 0)
(0.367692 0.386397 0)
(0.370281 0.344959 0)
(0.372854 0.305145 0)
(0.375174 0.266729 0)
(0.377018 0.22951 0)
(0.378193 0.193322 0)
(0.378547 0.158028 0)
(0.377956 0.123505 0)
(0.376323 0.0896304 0)
(0.373565 0.0562818 0)
(0.369619 0.0233334 0)
(0.364452 -0.00936628 0)
(0.357974 -0.0419396 0)
(0.350096 -0.0745332 0)
(0.340803 -0.10731 0)
(0.330078 -0.140441 0)
(0.317892 -0.174111 0)
(0.304223 -0.208523 0)
(0.289053 -0.243899 0)
(0.272358 -0.280465 0)
(0.254097 -0.318421 0)
(0.234202 -0.357891 0)
(0.212569 -0.398836 0)
(0.189067 -0.440952 0)
(0.163563 -0.483575 0)
(0.135984 -0.525707 0)
(0.106363 -0.566454 0)
(0.0750976 -0.606514 0)
(0.0422341 -0.652134 0)
(0.00882208 -0.72411 0)
(-0.0309538 -0.871813 0)
(-0.0734783 -1.11347 0)
(-0.0895627 -1.17839 0)
(-0.0243602 -0.594576 0)
(0.000365678 0.00871636 0)
(0.0172929 0.0858922 0)
(0.0569041 0.209524 0)
(0.11243 0.348739 0)
(0.171158 0.473557 0)
(0.224145 0.568281 0)
(0.268341 0.630505 0)
(0.304153 0.664112 0)
(0.332742 0.674039 0)
(0.354944 0.664695 0)
(0.371427 0.640261 0)
(0.383065 0.604994 0)
(0.391017 0.563003 0)
(0.396538 0.517777 0)
(0.400732 0.47187 0)
(0.404379 0.426848 0)
(0.407901 0.383477 0)
(0.411416 0.341983 0)
(0.414841 0.3023 0)
(0.417992 0.264242 0)
(0.420654 0.227599 0)
(0.422622 0.192174 0)
(0.42372 0.157795 0)
(0.423803 0.124307 0)
(0.422751 0.0915674 0)
(0.42047 0.0594352 0)
(0.416877 0.0277727 0)
(0.411937 -0.00357387 0)
(0.405568 -0.034745 0)
(0.39767 -0.0658895 0)
(0.388221 -0.0971755 0)
(0.377198 -0.128783 0)
(0.364564 -0.160901 0)
(0.350281 -0.193734 0)
(0.334306 -0.227497 0)
(0.316583 -0.262399 0)
(0.297029 -0.298614 0)
(0.275527 -0.33623 0)
(0.251921 -0.375177 0)
(0.226029 -0.415142 0)
(0.197673 -0.455496 0)
(0.166762 -0.495364 0)
(0.133358 -0.534078 0)
(0.0979779 -0.572572 0)
(0.0609112 -0.616961 0)
(0.0237116 -0.686728 0)
(-0.018515 -0.828058 0)
(-0.0645493 -1.08034 0)
(-0.0923575 -1.20036 0)
(-0.0296448 -0.653013 0)
(0.000126871 0.00189094 0)
(0.0134952 0.0595684 0)
(0.0474525 0.16338 0)
(0.0994806 0.29133 0)
(0.159192 0.415644 0)
(0.216691 0.516763 0)
(0.266829 0.587506 0)
(0.308609 0.629126 0)
(0.342836 0.646025 0)
(0.370471 0.642841 0)
(0.39224 0.623846 0)
(0.408863 0.593114 0)
(0.421253 0.554539 0)
(0.430482 0.511574 0)
(0.437608 0.466942 0)
(0.443493 0.422513 0)
(0.448715 0.379376 0)
(0.453562 0.338023 0)
(0.458091 0.298567 0)
(0.462217 0.260911 0)
(0.465775 0.224873 0)
(0.46858 0.190249 0)
(0.470455 0.15684 0)
(0.471243 0.124465 0)
(0.470811 0.092953 0)
(0.46905 0.0621446 0)
(0.465867 0.0318843 0)
(0.461211 0.00201504 0)
(0.455008 -0.0276269 0)
(0.447156 -0.05719 0)
(0.437612 -0.0868461 0)
(0.426345 -0.11678 0)
(0.413305 -0.14718 0)
(0.398428 -0.178245 0)
(0.38164 -0.210172 0)
(0.362844 -0.243145 0)
(0.341909 -0.277304 0)
(0.318664 -0.3127 0)
(0.292899 -0.349232 0)
(0.264384 -0.386582 0)
(0.23291 -0.424181 0)
(0.198391 -0.461321 0)
(0.160955 -0.497626 0)
(0.121266 -0.534372 0)
(0.0798528 -0.57771 0)
(0.0388088 -0.645969 0)
(-0.00622638 -0.781762 0)
(-0.0546147 -1.03953 0)
(-0.0948116 -1.2145 0)
(-0.0359601 -0.715926 0)
(2.85791e-06 -0.00335147 0)
(0.0103376 0.0380338 0)
(0.0381821 0.122782 0)
(0.0844804 0.236537 0)
(0.142252 0.356119 0)
(0.202048 0.460552 0)
(0.257186 0.538556 0)
(0.304989 0.588084 0)
(0.345365 0.612155 0)
(0.379075 0.615281 0)
(0.406856 0.601886 0)
(0.429336 0.576031 0)
(0.447207 0.541456 0)
(0.461301 0.501503 0)
(0.472524 0.458934 0)
(0.481715 0.415803 0)
(0.489531 0.373456 0)
(0.4964 0.33264 0)
(0.502532 0.293667 0)
(0.507966 0.256573 0)
(0.512634 0.221244 0)
(0.516407 0.187498 0)
(0.519139 0.155134 0)
(0.520686 0.12395 0)
(0.520915 0.0937559 0)
(0.519714 0.0643715 0)
(0.516982 0.0356237 0)
(0.512653 0.00734639 0)
(0.506656 -0.0206401 0)
(0.498889 -0.0484874 0)
(0.489286 -0.0763684 0)
(0.477796 -0.104466 0)
(0.46435 -0.132963 0)
(0.448854 -0.162041 0)
(0.431196 -0.191873 0)
(0.411231 -0.222612 0)
(0.388776 -0.254356 0)
(0.363604 -0.287118 0)
(0.335456 -0.32077 0)
(0.304062 -0.355008 0)
(0.269205 -0.389357 0)
(0.230835 -0.423326 0)
(0.189184 -0.456906 0)
(0.145094 -0.491807 0)
(0.0993326 -0.534344 0)
(0.0545522 -0.601841 0)
(0.00640614 -0.733264 0)
(-0.0429093 -0.991413 0)
(-0.0960802 -1.21948 0)
(-0.0427737 -0.783542 0)
(1.65657e-05 -0.00740133 0)
(0.00791807 0.0209664 0)
(0.0296554 0.0887957 0)
(0.0684867 0.186966 0)
(0.121278 0.297892 0)
(0.180419 0.401682 0)
(0.238705 0.484442 0)
(0.291925 0.540852 0)
(0.338679 0.57187 0)
(0.379066 0.581311 0)
(0.413602 0.573581 0)
(0.442799 0.552798 0)
(0.46716 0.522646 0)
(0.487278 0.486352 0)
(0.503847 0.446632 0)
(0.517584 0.405605 0)
(0.529138 0.364777 0)
(0.539009 0.325094 0)
(0.54753 0.287059 0)
(0.554871 0.250855 0)
(0.561079 0.216468 0)
(0.566121 0.18377 0)
(0.569913 0.152582 0)
(0.572352 0.122704 0)
(0.573331 0.0939357 0)
(0.572748 0.066084 0)
(0.570507 0.0389626 0)
(0.566534 0.0123947 0)
(0.560755 -0.013806 0)
(0.553073 -0.0397959 0)
(0.543395 -0.0657442 0)
(0.531647 -0.0918253 0)
(0.517733 -0.118208 0)
(0.501528 -0.14505 0)
(0.482874 -0.172494 0)
(0.46158 -0.200652 0)
(0.437411 -0.229583 0)
(0.41009 -0.259259 0)
(0.379318 -0.289541 0)
(0.344806 -0.320165 0)
(0.306357 -0.350791 0)
(0.263998 -0.381207 0)
(0.2181 -0.411841 0)
(0.169698 -0.44491 0)
(0.119791 -0.486972 0)
(0.0715175 -0.55448 0)
(0.0201017 -0.683062 0)
(-0.0285871 -0.936883 0)
(-0.0950432 -1.21379 0)
(-0.0490816 -0.855796 0)
(0.000155723 -0.0106793 0)
(0.00603113 0.00788125 0)
(0.0218346 0.0619737 0)
(0.052065 0.144862 0)
(0.0971575 0.244134 0)
(0.152374 0.342963 0)
(0.211174 0.426824 0)
(0.26839 0.487905 0)
(0.321213 0.524869 0)
(0.368657 0.540275 0)
(0.410645 0.538128 0)
(0.447394 0.522501 0)
(0.479198 0.497051 0)
(0.506424 0.464925 0)
(0.529543 0.428756 0)
(0.549099 0.390645 0)
(0.565651 0.352157 0)
(0.5797 0.314362 0)
(0.59164 0.277905 0)
(0.601748 0.243108 0)
(0.610183 0.210065 0)
(0.617017 0.178724 0)
(0.622256 0.148952 0)
(0.625863 0.120573 0)
(0.627781 0.0933943 0)
(0.627939 0.0672233 0)
(0.626261 0.0418703 0)
(0.622674 0.0171545 0)
(0.617109 -0.00710912 0)
(0.609473 -0.0310798 0)
(0.599651 -0.054915 0)
(0.587546 -0.0787725 0)
(0.573036 -0.1028 0)
(0.555962 -0.127126 0)
(0.536127 -0.151857 0)
(0.513295 -0.177062 0)
(0.48719 -0.202758 0)
(0.457501 -0.228889 0)
(0.42391 -0.255324 0)
(0.386144 -0.281873 0)
(0.344067 -0.308383 0)
(0.297816 -0.334976 0)
(0.247919 -0.36257 0)
(0.195582 -0.393923 0)
(0.141984 -0.435874 0)
(0.0905759 -0.504136 0)
(0.0359561 -0.631441 0)
(-0.0109256 -0.877472 0)
(-0.0904304 -1.19569 0)
(-0.0533963 -0.931924 0)
(0.000279943 -0.0133932 0)
(0.00371045 -0.00146362 0)
(0.013407 0.0426029 0)
(0.0344494 0.111865 0)
(0.0699551 0.197735 0)
(0.118355 0.287545 0)
(0.174764 0.368109 0)
(0.233894 0.430475 0)
(0.291805 0.471353 0)
(0.346232 0.491739 0)
(0.396142 0.494797 0)
(0.441174 0.484273 0)
(0.481278 0.4637 0)
(0.516569 0.436133 0)
(0.5473 0.404108 0)
(0.573829 0.369658 0)
(0.596587 0.334336 0)
(0.616012 0.299256 0)
(0.632506 0.265148 0)
(0.6464 0.232435 0)
(0.657939 0.201306 0)
(0.667292 0.171791 0)
(0.674555 0.143817 0)
(0.679774 0.117249 0)
(0.682956 0.0919219 0)
(0.684079 0.0676581 0)
(0.683105 0.0442788 0)
(0.679977 0.0216109 0)
(0.674636 -0.000518077 0)
(0.666997 -0.022267 0)
(0.65694 -0.0437718 0)
(0.644348 -0.0651658 0)
(0.629078 -0.0865683 0)
(0.610946 -0.108075 0)
(0.58973 -0.129751 0)
(0.565165 -0.151624 0)
(0.536955 -0.173678 0)
(0.504788 -0.195847 0)
(0.468369 -0.218035 0)
(0.427489 -0.240168 0)
(0.382112 -0.262326 0)
(0.332508 -0.285003 0)
(0.279337 -0.309611 0)
(0.223896 -0.339432 0)
(0.167387 -0.381559 0)
(0.113333 -0.451056 0)
(0.0557093 -0.577954 0)
(0.0107316 -0.81513 0)
(-0.0808124 -1.16265 0)
(-0.0537242 -1.00873 0)
(-4.00705e-05 -0.0148564 0)
(-0.00139796 -0.00617972 0)
(0.00104453 0.0313025 0)
(0.0126217 0.0889629 0)
(0.0379236 0.160691 0)
(0.0778737 0.238144 0)
(0.129593 0.31092 0)
(0.188452 0.370407 0)
(0.249955 0.41217 0)
(0.310709 0.435731 0)
(0.36856 0.443116 0)
(0.422308 0.437399 0)
(0.471355 0.421761 0)
(0.515467 0.399054 0)
(0.554651 0.371674 0)
(0.589078 0.341546 0)
(0.619037 0.310162 0)
(0.644878 0.278621 0)
(0.666966 0.247682 0)
(0.685645 0.217823 0)
(0.701207 0.189305 0)
(0.713889 0.162225 0)
(0.723866 0.136572 0)
(0.731261 0.112261 0)
(0.73615 0.0891667 0)
(0.738571 0.0671422 0)
(0.73853 0.0460332 0)
(0.736005 0.0256869 0)
(0.730959 0.00595566 0)
(0.723316 -0.0133066 0)
(0.712972 -0.0322126 0)
(0.699801 -0.0508649 0)
(0.683656 -0.0693482 0)
(0.664348 -0.0877207 0)
(0.641653 -0.106011 0)
(0.615316 -0.124214 0)
(0.585065 -0.142299 0)
(0.550639 -0.160214 0)
(0.511827 -0.177935 0)
(0.46853 -0.195539 0)
(0.420841 -0.213358 0)
(0.369139 -0.232252 0)
(0.314136 -0.25408 0)
(0.257067 -0.28256 0)
(0.198933 -0.324959 0)
(0.143052 -0.395684 0)
(0.0826273 -0.522237 0)
(0.0380017 -0.75131 0)
(-0.063741 -1.11113 0)
(-0.0473413 -1.07929 0)
(-0.00177867 -0.0122188 0)
(-0.0131604 -0.00307731 0)
(-0.0205123 0.0295328 0)
(-0.0187374 0.0765211 0)
(-0.00296143 0.13364 0)
(0.0288436 0.196229 0)
(0.0751587 0.257239 0)
(0.132316 0.309602 0)
(0.195909 0.348655 0)
(0.261881 0.372869 0)
(0.327107 0.383107 0)
(0.389469 0.38152 0)
(0.447667 0.370669 0)
(0.500991 0.353014 0)
(0.549129 0.330697 0)
(0.592041 0.305478 0)
(0.629865 0.278737 0)
(0.662851 0.251514 0)
(0.691307 0.224554 0)
(0.715558 0.19835 0)
(0.735914 0.173202 0)
(0.75265 0.149257 0)
(0.765999 0.126556 0)
(0.776144 0.105063 0)
(0.783225 0.0846989 0)
(0.787338 0.0653546 0)
(0.788541 0.046911 0)
(0.786856 0.0292468 0)
(0.782276 0.012247 0)
(0.774758 -0.00420335 0)
(0.76422 -0.0201956 0)
(0.750556 -0.0358037 0)
(0.733639 -0.0510789 0)
(0.713317 -0.0660443 0)
(0.68941 -0.0806997 0)
(0.661727 -0.0950279 0)
(0.630091 -0.109006 0)
(0.594354 -0.122631 0)
(0.55444 -0.135973 0)
(0.510384 -0.149265 0)
(0.46238 -0.163068 0)
(0.410829 -0.178535 0)
(0.356336 -0.19786 0)
(0.299874 -0.225073 0)
(0.241993 -0.267527 0)
(0.185594 -0.338972 0)
(0.122636 -0.464522 0)
(0.0760021 -0.687059 0)
(-0.0344649 -1.03967 0)
(-0.0308651 -1.13657 0)
(-0.00667914 0.00051346 0)
(-0.0363394 0.013293 0)
(-0.0570941 0.0395231 0)
(-0.0654788 0.0742079 0)
(-0.0576527 0.115525 0)
(-0.0321064 0.16129 0)
(0.0100953 0.207583 0)
(0.0656588 0.249286 0)
(0.130515 0.282217 0)
(0.200549 0.304287 0)
(0.272097 0.315459 0)
(0.342308 0.316919 0)
(0.409195 0.310417 0)
(0.471511 0.297818 0)
(0.528564 0.280862 0)
(0.580055 0.261041 0)
(0.625946 0.239564 0)
(0.666371 0.217364 0)
(0.701567 0.195132 0)
(0.731823 0.173346 0)
(0.757445 0.152317 0)
(0.778728 0.132222 0)
(0.795939 0.11314 0)
(0.809313 0.0950801 0)
(0.81904 0.0780031 0)
(0.825275 0.0618427 0)
(0.828131 0.0465181 0)
(0.827688 0.0319441 0)
(0.823988 0.0180402 0)
(0.817046 0.00473275 0)
(0.806837 -0.00803832 0)
(0.793279 -0.0203182 0)
(0.776326 -0.0321509 0)
(0.755917 -0.0435527 0)
(0.73198 -0.0545171 0)
(0.70445 -0.065032 0)
(0.673289 -0.0751033 0)
(0.638502 -0.0847855 0)
(0.600147 -0.0942343 0)
(0.55835 -0.103799 0)
(0.513304 -0.114175 0)
(0.465277 -0.126667 0)
(0.414542 -0.143618 0)
(0.361534 -0.169192 0)
(0.306061 -0.210757 0)
(0.250327 -0.28157 0)
(0.184685 -0.404757 0)
(0.135499 -0.619132 0)
(0.0115638 -0.956676 0)
(-0.00181119 -1.17903 0)
(-0.0171224 0.0329527 0)
(-0.0748011 0.0490728 0)
(-0.111655 0.0626477 0)
(-0.129687 0.0804535 0)
(-0.127662 0.103452 0)
(-0.105842 0.130862 0)
(-0.0657679 0.160505 0)
(-0.0106741 0.189186 0)
(0.0554308 0.213585 0)
(0.128573 0.231199 0)
(0.20513 0.24134 0)
(0.28183 0.244498 0)
(0.356171 0.241607 0)
(0.426453 0.233822 0)
(0.491624 0.222344 0)
(0.551111 0.20829 0)
(0.604677 0.19261 0)
(0.652321 0.176072 0)
(0.694194 0.159265 0)
(0.730542 0.142619 0)
(0.761652 0.126427 0)
(0.78783 0.110875 0)
(0.809371 0.0960657 0)
(0.826551 0.0820385 0)
(0.839616 0.0687919 0)
(0.84878 0.0562966 0)
(0.854224 0.0445078 0)
(0.856096 0.0333741 0)
(0.854517 0.0228449 0)
(0.849583 0.0128767 0)
(0.841363 0.00343424 0)
(0.829974 -0.00550283 0)
(0.815319 -0.0139449 0)
(0.797463 -0.0219306 0)
(0.776485 -0.0294897 0)
(0.752465 -0.0366382 0)
(0.725489 -0.0434088 0)
(0.69566 -0.0498878 0)
(0.663097 -0.0562643 0)
(0.627909 -0.062911 0)
(0.590161 -0.0705213 0)
(0.549822 -0.080347 0)
(0.506629 -0.0946125 0)
(0.460171 -0.117279 0)
(0.409 -0.155399 0)
(0.353788 -0.221665 0)
(0.283184 -0.337854 0)
(0.228209 -0.539196 0)
(0.0731101 -0.870485 0)
(0.0414355 -1.19747 0)
(-0.0353414 0.0984056 0)
(-0.12519 0.109841 0)
(-0.171091 0.0979031 0)
(-0.192321 0.0923144 0)
(-0.192217 0.0943272 0)
(-0.172109 0.102259 0)
(-0.133647 0.114671 0)
(-0.0797358 0.129304 0)
(-0.0140909 0.14349 0)
(0.0597304 0.15503 0)
(0.13854 0.16277 0)
(0.219103 0.166444 0)
(0.298514 0.166241 0)
(0.374731 0.162658 0)
(0.446416 0.156348 0)
(0.512741 0.147997 0)
(0.573267 0.138246 0)
(0.62784 0.127644 0)
(0.676506 0.116635 0)
(0.719443 0.105559 0)
(0.756909 0.0946631 0)
(0.7892 0.0841148 0)
(0.816626 0.0740181 0)
(0.839493 0.0644285 0)
(0.858089 0.0553669 0)
(0.87268 0.0468304 0)
(0.883505 0.0388015 0)
(0.890777 0.0312545 0)
(0.894685 0.0241614 0)
(0.895397 0.0174957 0)
(0.89307 0.0112313 0)
(0.887816 0.00536067 0)
(0.879898 -0.00012176 0)
(0.869381 -0.00523113 0)
(0.8563 -0.00999759 0)
(0.840782 -0.0144628 0)
(0.822953 -0.0186809 0)
(0.802924 -0.0227401 0)
(0.780774 -0.0268043 0)
(0.756515 -0.0311783 0)
(0.730029 -0.0364163 0)
(0.700961 -0.0435128 0)
(0.668492 -0.0542421 0)
(0.631234 -0.0718009 0)
(0.585988 -0.101981 0)
(0.530372 -0.155479 0)
(0.449706 -0.251633 0)
(0.372998 -0.423761 0)
(0.15264 -0.740845 0)
(0.1181 -1.13972 0)
(-0.0728666 0.213872 0)
(-0.144657 0.159816 0)
(-0.141814 0.103309 0)
(-0.130682 0.0842176 0)
(-0.112613 0.0722514 0)
(-0.085301 0.0637045 0)
(-0.0474542 0.0605227 0)
(0.00089297 0.0620069 0)
(0.0588787 0.0662163 0)
(0.125175 0.0716787 0)
(0.197647 0.0770785 0)
(0.273617 0.0812862 0)
(0.350541 0.0837727 0)
(0.426359 0.0844192 0)
(0.499525 0.0833455 0)
(0.568936 0.0808054 0)
(0.633866 0.0771102 0)
(0.693893 0.0725745 0)
(0.748829 0.0674831 0)
(0.79866 0.0620754 0)
(0.843487 0.056541 0)
(0.883489 0.0510225 0)
(0.918887 0.0456211 0)
(0.949928 0.0404047 0)
(0.976859 0.0354151 0)
(0.999925 0.0306748 0)
(1.01936 0.0261931 0)
(1.03537 0.0219704 0)
(1.04816 0.0180019 0)
(1.05793 0.0142804 0)
(1.06482 0.0107977 0)
(1.06902 0.00754148 0)
(1.07065 0.0045046 0)
(1.06989 0.00169532 0)
(1.06693 -0.000891808 0)
(1.06188 -0.00328121 0)
(1.05483 -0.00551017 0)
(1.04587 -0.00763688 0)
(1.03501 -0.009765 0)
(1.02221 -0.0120838 0)
(1.00722 -0.0149326 0)
(0.989516 -0.0189135 0)
(0.967945 -0.0250894 0)
(0.940457 -0.0353467 0)
(0.902501 -0.0530687 0)
(0.848348 -0.0844437 0)
(0.757965 -0.141979 0)
(0.641504 -0.252052 0)
(0.33598 -0.495523 0)
(0.327932 -0.862143 0)
(0.238783 0.159772 0)
(0.357183 0.172611 0)
(0.470705 0.12763 0)
(0.571647 0.0910146 0)
(0.647998 0.0667754 0)
(0.706932 0.0498577 0)
(0.756333 0.0374312 0)
(0.801018 0.0282416 0)
(0.844095 0.0216305 0)
(0.887685 0.0171777 0)
(0.932925 0.0144509 0)
(0.980055 0.0129737 0)
(1.02869 0.0123 0)
(1.07807 0.0120595 0)
(1.12732 0.0119749 0)
(1.17556 0.0118642 0)
(1.22204 0.0116273 0)
(1.26614 0.0112256 0)
(1.30742 0.0106605 0)
(1.34559 0.00995552 0)
(1.3805 0.00914398 0)
(1.4121 0.00826088 0)
(1.4404 0.00733831 0)
(1.46548 0.00640329 0)
(1.48748 0.00547726 0)
(1.50654 0.00457643 0)
(1.5228 0.00371254 0)
(1.53643 0.00289371 0)
(1.5476 0.0021253 0)
(1.55646 0.00141074 0)
(1.56316 0.000751899 0)
(1.56787 0.000149208 0)
(1.57072 -0.000397518 0)
(1.57185 -0.0008887 0)
(1.57139 -0.00132383 0)
(1.5695 -0.00170619 0)
(1.56629 -0.00204395 0)
(1.56184 -0.00235209 0)
(1.5562 -0.00265839 0)
(1.5493 -0.00301324 0)
(1.54092 -0.00350568 0)
(1.53053 -0.00428925 0)
(1.51705 -0.00563252 0)
(1.49861 -0.00798294 0)
(1.47128 -0.0121688 0)
(1.42962 -0.0194051 0)
(1.35663 -0.0331316 0)
(1.24348 -0.057339 0)
(0.972337 -0.130185 0)
(0.997204 -0.299608 0)
)
;

boundaryField
{
    movingWall
    {
        type            fixedValue;
        value           uniform (2 0 0);
    }
    fixedWalls
    {
        type            fixedValue;
        value           uniform (0 0 0);
    }
    frontAndBack
    {
        type            empty;
    }
}


// ************************************************************************* //
