/*--------------------------------*- C++ -*----------------------------------*\
  =========                 |
  \\      /  F ield         | OpenFOAM: The Open Source CFD Toolbox
   \\    /   O peration     | Website:  https://openfoam.org
    \\  /    A nd           | Version:  7
     \\/     M anipulation  |
\*---------------------------------------------------------------------------*/
FoamFile
{
    version     2.0;
    format      ascii;
    class       surfaceScalarField;
    location    "1500";
    object      phi;
}
// * * * * * * * * * * * * * * * * * * * * * * * * * * * * * * * * * * * * * //

dimensions      [0 3 -1 0 0 0 0];

internalField   nonuniform List<scalar> 
4900
(
1.69708e-06
-1.70652e-06
6.22288e-06
-4.52587e-06
1.1716e-05
-5.49315e-06
1.65022e-05
-4.78615e-06
1.97496e-05
-3.24745e-06
2.13887e-05
-1.63909e-06
2.17671e-05
-3.78492e-07
2.12616e-05
5.05544e-07
2.00151e-05
1.24638e-06
1.78639e-05
2.15121e-06
1.44146e-05
3.44923e-06
9.18045e-06
5.23412e-06
1.67028e-06
7.51012e-06
-8.56787e-06
1.02381e-05
-2.18834e-05
1.33155e-05
-3.8439e-05
1.65556e-05
-5.81389e-05
1.96999e-05
-8.05474e-05
2.24085e-05
-0.000104826
2.42785e-05
-0.000129717
2.48915e-05
-0.000153594
2.38768e-05
-0.00017457
2.09756e-05
-0.000190662
1.60926e-05
-0.000199997
9.33488e-06
-0.000201054
1.05684e-06
-0.000192892
-8.16187e-06
-0.000175268
-1.76244e-05
-0.000148703
-2.65651e-05
-0.000114491
-3.42113e-05
-7.46601e-05
-3.98314e-05
-3.18606e-05
-4.27995e-05
1.07911e-05
-4.26518e-05
5.00386e-05
-3.92475e-05
8.30311e-05
-3.29924e-05
0.000107593
-2.4562e-05
0.000122461
-1.48679e-05
0.000127521
-5.06048e-06
0.000123857
3.66446e-06
0.000113466
1.03914e-05
9.87392e-05
1.47263e-05
8.2021e-05
1.67182e-05
6.52481e-05
1.67729e-05
4.97658e-05
1.54823e-05
3.63079e-05
1.34579e-05
2.51015e-05
1.12064e-05
1.60386e-05
9.06284e-06
8.89249e-06
7.14612e-06
3.59378e-06
5.2987e-06
5.05007e-07
3.08876e-06
5.05004e-07
4.47327e-06
-6.17988e-06
1.38472e-05
-1.38998e-05
2.43095e-05
-1.59556e-05
3.2898e-05
-1.33746e-05
3.80007e-05
-8.35015e-06
3.92271e-05
-2.8656e-06
3.68592e-05
1.98936e-06
3.12037e-05
6.16094e-06
2.21526e-05
1.02974e-05
9.07796e-06
1.52257e-05
-9.0173e-06
2.15444e-05
-3.32339e-05
2.94506e-05
-6.44714e-05
3.87475e-05
-0.000103169
4.8936e-05
-0.000149098
5.92441e-05
-0.000201197
6.86547e-05
-0.00025752
7.60227e-05
-0.000315356
8.02449e-05
-0.000371509
8.04311e-05
-0.000422642
7.60248e-05
-0.000465619
6.68529e-05
-0.000497759
5.31155e-05
-0.000517009
3.5343e-05
-0.000522029
1.43547e-05
-0.000512273
-8.69913e-06
-0.000487833
-3.26013e-05
-0.000449348
-5.61101e-05
-0.000398021
-7.78922e-05
-0.000335681
-9.65511e-05
-0.000264802
-0.000110711
-0.000188474
-0.000119127
-0.000110274
-0.000120852
-3.40841e-05
-0.000115438
3.60238e-05
-0.0001031
9.63586e-05
-8.48969e-05
0.000144105
-6.26147e-05
0.000177342
-3.82969e-05
0.000195279
-1.42726e-05
0.000198511
7.15931e-06
0.000189136
2.41008e-05
0.000170304
3.55503e-05
0.000145606
4.14714e-05
0.00011845
4.2638e-05
9.16024e-05
4.03054e-05
6.69296e-05
3.58791e-05
4.54184e-05
3.0574e-05
2.74587e-05
2.51058e-05
1.33346e-05
1.94228e-05
3.75524e-06
1.2668e-05
4.26024e-06
5.98677e-06
-1.21667e-05
1.73362e-05
-2.52493e-05
2.88004e-05
-2.74199e-05
3.6821e-05
-2.13953e-05
3.95363e-05
-1.10654e-05
3.63573e-05
3.13267e-07
2.72212e-05
1.11254e-05
1.19207e-05
2.14614e-05
-1.0309e-05
3.2527e-05
-4.07448e-05
4.56614e-05
-8.07463e-05
6.15457e-05
-0.000131237
7.99408e-05
-0.000192281
9.97919e-05
-0.000262775
0.00011943
-0.000340374
0.000136842
-0.000421719
0.00015
-0.000502896
0.000157199
-0.00057995
0.000157299
-0.000649338
0.000149819
-0.000708195
0.000134882
-0.000754437
0.000113095
-0.000786708
8.53867e-05
-0.000804248
5.28823e-05
-0.000806702
1.68089e-05
-0.000793933
-2.14682e-05
-0.000765958
-6.05763e-05
-0.000723093
-9.89755e-05
-0.00066607
-0.000134915
-0.000596123
-0.000166497
-0.0005151
-0.000191734
-0.000425526
-0.000208701
-0.000330599
-0.000215779
-0.000234101
-0.000211936
-0.000140167
-0.000197034
-5.303e-05
-0.000172034
2.33479e-05
-0.000138993
8.59954e-05
-0.000100944
0.000133121
-6.13982e-05
0.000163758
-2.34779e-05
0.00017805
9.80858e-06
0.000177536
3.60647e-05
0.000165018
5.39892e-05
0.000144045
6.36108e-05
0.000118299
6.60514e-05
9.10401e-05
6.3138e-05
6.47423e-05
5.68718e-05
4.10642e-05
4.87839e-05
2.12071e-05
3.92798e-05
6.60693e-06
2.72682e-05
1.08672e-05
6.5084e-06
-1.86752e-05
1.75965e-05
-3.63375e-05
2.69514e-05
-3.67749e-05
3.07585e-05
-2.52025e-05
2.72117e-05
-7.51865e-06
1.56177e-05
1.19072e-05
-4.55888e-06
3.13019e-05
-3.43319e-05
5.12343e-05
-7.52242e-05
7.34192e-05
-0.000128713
9.91498e-05
-0.000195527
0.000128361
-0.000275089
0.000159502
-0.00036527
0.000189974
-0.000462585
0.000216745
-0.00056272
0.000236977
-0.000661227
0.000248507
-0.000754129
0.000250101
-0.000838289
0.000241459
-0.000911496
0.000223026
-0.000972344
0.00019573
-0.00102
0.000160755
-0.00105399
0.000119372
-0.00107395
7.28434e-05
-0.00107956
2.2416e-05
-0.00107042
-3.06029e-05
-0.00104625
-8.47494e-05
-0.00100688
-0.00013834
-0.000952387
-0.000189413
-0.000883171
-0.000235714
-0.000800176
-0.000274729
-0.000705038
-0.00030384
-0.000600238
-0.000320578
-0.000489193
-0.00032298
-0.000376183
-0.000310045
-0.000266041
-0.000282176
-0.00016362
-0.000241414
-7.32347e-05
-0.00019133
1.84187e-06
-0.000136475
6.0036e-05
-8.1672e-05
0.000101044
-3.12e-05
0.000125123
1.19866e-05
0.000133561
4.55506e-05
0.000128866
6.83057e-05
0.000114334
8.05834e-05
9.35479e-05
8.39242e-05
6.98696e-05
8.05501e-05
4.61156e-05
7.25379e-05
2.46359e-05
6.07594e-05
7.92814e-06
4.39759e-05
1.87953e-05
6.20543e-06
-2.48806e-05
1.48962e-05
-4.50283e-05
1.92076e-05
-4.10865e-05
1.5479e-05
-2.14739e-05
2.16325e-06
5.79699e-06
-2.16235e-05
3.56939e-05
-5.70579e-05
6.67362e-05
-0.000105866
0.000100042
-0.000169673
0.000137225
-0.00024904
0.000178517
-0.000342784
0.000222105
-0.000447888
0.000264606
-0.000559972
0.000302057
-0.000674092
0.000330865
-0.000785572
0.000348458
-0.000890592
0.000353527
-0.000986423
0.000345932
-0.00107135
0.000326386
-0.00114441
0.000296087
-0.00120512
0.000256438
-0.00125324
0.000208872
-0.00128861
0.000154749
-0.0013111
9.53277e-05
-0.00132052
3.1842e-05
-0.00131664
-3.44901e-05
-0.00129908
-0.000102311
-0.00126734
-0.000170077
-0.00122086
-0.000235896
-0.00115911
-0.000297458
-0.00108183
-0.000352015
-0.000989223
-0.000396443
-0.0008824
-0.000427401
-0.000763664
-0.000441716
-0.00063672
-0.000436989
-0.000506626
-0.00041227
-0.000379407
-0.000368633
-0.000261267
-0.00030947
-0.000157508
-0.000240234
-7.1653e-05
-0.000167527
-5.14142e-06
-9.77116e-05
4.25693e-05
-3.57242e-05
7.27241e-05
1.53958e-05
8.69264e-05
5.41034e-05
8.77041e-05
7.98057e-05
7.82663e-05
9.33619e-05
6.21252e-05
9.66912e-05
4.27413e-05
9.19218e-05
2.34088e-05
8.0092e-05
7.60336e-06
5.97813e-05
2.63987e-05
4.89897e-06
-2.97797e-05
8.88253e-06
-4.9012e-05
5.2939e-06
-3.74979e-05
-8.91698e-06
-7.2631e-06
-3.50946e-05
3.19745e-05
-7.44014e-05
7.50007e-05
-0.000128556
0.000120891
-0.000199307
0.000170793
-0.000287212
0.000225131
-0.00039075
0.000282054
-0.000506273
0.000337629
-0.000628723
0.000387055
-0.000752648
0.000425983
-0.000873144
0.000451361
-0.000986405
0.000461719
-0.00108987
0.000456994
-0.00118206
0.00043812
-0.00126226
0.000406587
-0.00133027
0.000364101
-0.00138623
0.000312397
-0.00143046
0.000253103
-0.00146337
0.000187657
-0.00148537
0.000117324
-0.00149679
4.32667e-05
-0.00149775
-3.3532e-05
-0.00148798
-0.000112082
-0.00146685
-0.000191206
-0.00143335
-0.000269401
-0.00138609
-0.000344718
-0.00132348
-0.000414618
-0.00124408
-0.000475847
-0.001147
-0.000524484
-0.00103245
-0.00055626
-0.000902308
-0.000567134
-0.000760517
-0.000554061
-0.000613215
-0.000515935
-0.000468195
-0.00045449
-0.00033371
-0.000374719
-0.000216822
-0.000284414
-0.000121837
-0.000192697
-4.97117e-05
-0.00010785
1.19077e-06
-3.55066e-05
3.3472e-05
2.18222e-05
4.96833e-05
6.35943e-05
5.27839e-05
9.02613e-05
4.6188e-05
0.000103287
3.35983e-05
0.000104511
1.88758e-05
9.48145e-05
6.11475e-06
7.25423e-05
3.25134e-05
2.27581e-06
-3.20555e-05
-9.1045e-07
-4.58258e-05
-1.49978e-05
-2.34106e-05
-4.21788e-05
1.99178e-05
-8.36364e-05
7.3432e-05
-0.000140805
0.000132169
-0.000215384
0.00019547
-0.000308054
0.000263463
-0.000417279
0.000334356
-0.000539115
0.00040389
-0.000668016
0.00046653
-0.00079805
0.000517089
-0.000923945
0.000551878
-0.00104168
0.000569097
-0.0011486
0.000568639
-0.00124323
0.000551622
-0.00132498
0.000519875
-0.00139394
0.000475541
-0.00145066
0.000420824
-0.00149608
0.00035781
-0.00153129
0.000288314
-0.00155745
0.000213817
-0.00157563
0.00013551
-0.00158668
5.43098e-05
-0.00159103
-2.91749e-05
-0.0015887
-0.000114418
-0.00157917
-0.000200737
-0.00156128
-0.000287287
-0.00153318
-0.000372815
-0.00149241
-0.000455386
-0.00143613
-0.000532133
-0.00136142
-0.000599192
-0.00126589
-0.000651788
-0.00114849
-0.000684539
-0.00101041
-0.000692138
-0.000855853
-0.000670495
-0.00069222
-0.000618124
-0.00052955
-0.000537388
-0.000378862
-0.000435103
-0.000249638
-0.00032192
-0.000147355
-0.000210133
-7.24695e-05
-0.000110392
-2.16773e-05
-2.897e-05
9.34363e-06
3.25733e-05
2.44513e-05
7.51537e-05
2.74294e-05
0.000100309
2.22353e-05
0.000109705
1.30492e-05
0.000104001
4.21384e-06
8.13776e-05
3.67272e-05
-1.91515e-06
-3.01404e-05
-1.46479e-05
-3.30932e-05
-4.13142e-05
3.25555e-06
-8.32054e-05
6.18089e-05
-0.000141333
0.00013156
-0.000217097
0.000207932
-0.000311279
0.000289652
-0.000422599
0.000374783
-0.000547166
0.000458923
-0.000679177
0.000535901
-0.000812244
0.000599597
-0.000940606
0.00064545
-0.00105981
0.000671086
-0.00116691
0.000676189
-0.00126026
0.00066199
-0.00133933
0.000630693
-0.00140445
0.000584992
-0.00145662
0.000527712
-0.00149734
0.000461548
-0.00152838
0.000388851
-0.00155155
0.000311483
-0.00156856
0.000230826
-0.00158088
0.000147827
-0.00158958
6.30129e-05
-0.00159537
-2.33818e-05
-0.00159855
-0.000111242
-0.00159887
-0.000200417
-0.0015954
-0.000290756
-0.00158645
-0.000381768
-0.00156948
-0.000472348
-0.00154109
-0.000560531
-0.00149702
-0.000643258
-0.00143269
-0.000716115
-0.00134397
-0.000773258
-0.00122829
-0.000807826
-0.00108589
-0.00081289
-0.000921073
-0.000782941
-0.000742698
-0.000715762
-0.000563524
-0.000614278
-0.000397922
-0.000487522
-0.000258283
-0.000349772
-0.000151375
-0.0002173
-7.68393e-05
-0.000103506
-2.92102e-05
-1.50559e-05
-2.0593e-06
4.80027e-05
9.98385e-06
8.82658e-05
1.17366e-05
0.000107953
7.79465e-06
0.000107942
2.60192e-06
8.65704e-05
3.93291e-05
-7.74176e-06
-2.23987e-05
-3.18913e-05
-8.9437e-06
-7.24856e-05
4.38498e-05
-0.000129783
0.000119106
-0.000204606
0.000206383
-0.000297684
0.000301011
-0.000408128
0.000400095
-0.000532429
0.000499085
-0.000664817
0.00059131
-0.000798559
0.000669643
-0.000927342
0.00072838
-0.00104615
0.000764256
-0.00115156
0.000776495
-0.00124168
0.000766313
-0.00131596
0.000736271
-0.00137495
0.000689686
-0.00142009
0.000630125
-0.00145339
0.000561018
-0.0014772
0.000485353
-0.00149382
0.000405474
-0.00150539
0.000323045
-0.0015137
0.000239136
-0.00152016
0.000154296
-0.00152582
6.86711e-05
-0.00153141
-1.77893e-05
-0.00153738
-0.000105277
-0.00154375
-0.000194045
-0.00155012
-0.000284385
-0.00155551
-0.000376381
-0.00155809
-0.00046977
-0.00155488
-0.000563738
-0.00154162
-0.000656519
-0.00151284
-0.000744895
-0.00146229
-0.000823808
-0.00138386
-0.00088626
-0.00127308
-0.00092367
-0.00112904
-0.000926977
-0.000956114
-0.000888688
-0.000764816
-0.000805576
-0.000571028
-0.00068131
-0.000392971
-0.000527829
-0.000246179
-0.000364093
-0.00013839
-0.000211295
-6.7696e-05
-8.57494e-05
-2.58891e-05
6.19577e-06
-4.30583e-06
6.66825e-05
3.87417e-06
9.97727e-05
4.28432e-06
0.000107532
1.71535e-06
8.91393e-05
4.10445e-05
-1.49318e-05
-7.46685e-06
-5.16593e-05
2.77837e-05
-0.000106479
9.86697e-05
-0.000178718
0.000191345
-0.000268726
0.000296391
-0.000375963
0.000408248
-0.000497564
0.000521696
-0.000628133
0.000629653
-0.000760815
0.000723993
-0.000888792
0.00079762
-0.0010064
0.000845987
-0.00110964
0.000867499
-0.00119627
0.000863121
-0.00126563
0.00083567
-0.00131845
0.000789096
-0.00135657
0.000727801
-0.00138251
0.000656067
-0.00139911
0.000577615
-0.00140909
0.000495336
-0.00141483
0.000411216
-0.00141824
0.000326452
-0.00142073
0.000241628
-0.0014233
0.000156871
-0.00142668
7.20465e-05
-0.00143139
-1.30815e-05
-0.00143781
-9.88575e-05
-0.00144618
-0.000185669
-0.00145666
-0.000273911
-0.00146909
-0.000363951
-0.00148273
-0.000456123
-0.00149592
-0.000550554
-0.00150564
-0.000646801
-0.00150718
-0.00074335
-0.00149398
-0.000837012
-0.001458
-0.000922238
-0.00139098
-0.000990693
-0.00128638
-0.00103158
-0.00114192
-0.00103314
-0.000962072
-0.000985427
-0.000759336
-0.000884046
-0.000553293
-0.000733872
-0.000366418
-0.000550968
-0.000217187
-0.000360525
-0.000113332
-0.000189605
-5.01806e-05
-5.69554e-05
-1.63323e-05
3.28341e-05
-1.28585e-06
8.47262e-05
2.75041e-06
0.000103496
1.6489e-06
9.02408e-05
4.26934e-05
-2.29867e-05
1.55198e-05
-7.24424e-05
7.72393e-05
-0.000140703
0.00016693
-0.000226256
0.000276898
-0.000328579
0.000398713
-0.000445546
0.000525215
-0.000572492
0.000648642
-0.000702783
0.000759944
-0.000829261
0.000850471
-0.00094562
0.000913978
-0.0010472
0.000947564
-0.00113125
0.000951549
-0.00119691
0.000928779
-0.00124499
0.000883754
-0.00127765
0.000821755
-0.00129789
0.000748038
-0.001309
0.000667186
-0.00131411
0.000582725
-0.00131579
0.000497013
-0.00131595
0.000411375
-0.00131587
0.000326376
-0.00131633
0.000242084
-0.00131776
0.000158297
-0.00132043
7.47191e-05
-0.00132455
-8.96366e-06
-0.00133033
-9.30719e-05
-0.0013381
-0.000177902
-0.00134828
-0.000263734
-0.00136128
-0.000350946
-0.00137736
-0.000440043
-0.00139632
-0.000531593
-0.00141705
-0.000626079
-0.00143681
-0.000723584
-0.00145067
-0.000823152
-0.00145112
-0.000921788
-0.00142843
-0.00101339
-0.00137198
-0.00108803
-0.00127288
-0.00113223
-0.00112746
-0.00113085
-0.000940585
-0.00107092
-0.000727431
-0.000947026
-0.000512
-0.000766399
-0.000321269
-0.000551257
-0.00017584
-0.000335034
-8.16106e-05
-0.000151185
-2.96125e-05
-1.9164e-05
-5.39098e-06
6.05047e-05
2.49441e-06
9.56106e-05
2.18171e-06
9.05535e-05
4.48751e-05
-3.11644e-05
4.66841e-05
-9.24282e-05
0.000138503
-0.000172422
0.000246924
-0.000268675
0.000373151
-0.000379531
0.000509569
-0.000501307
0.000646991
-0.000628011
0.000775346
-0.000752467
0.000884399
-0.000867831
0.000965836
-0.000968717
0.00101486
-0.00105174
0.00103059
-0.00111564
0.00101545
-0.00116113
0.000974272
-0.00119056
0.00091318
-0.0012073
0.000838499
-0.00121511
0.000755847
-0.00121747
0.000669544
-0.00121716
0.000582421
-0.00121613
0.000495982
-0.00121551
0.000410758
-0.00121584
0.0003267
-0.00121724
0.000243486
-0.00121968
0.000160737
-0.00122307
7.81094e-05
-0.00122736
-4.67381e-06
-0.00123263
-8.78078e-05
-0.0012391
-0.00017143
-0.00124718
-0.000255655
-0.00125743
-0.000340688
-0.00127061
-0.00042687
-0.00128746
-0.000514738
-0.00130845
-0.000605089
-0.00133313
-0.000698906
-0.00135933
-0.000796949
-0.0013822
-0.00089892
-0.00139344
-0.00100215
-0.00138147
-0.0011
-0.00133315
-0.00118055
-0.00123715
-0.00122685
-0.00108858
-0.00121949
-0.000893437
-0.00114217
-0.000670652
-0.000989185
-0.000449616
-0.000772293
-0.000261708
-0.000522942
-0.000127793
-0.0002851
-4.91511e-05
-9.78058e-05
-1.12728e-05
2.26263e-05
2.16e-06
8.21778e-05
2.88148e-06
8.9832e-05
4.77566e-05
-3.85899e-05
8.52739e-05
-0.000109888
0.000209801
-0.00019915
0.000336186
-0.000302836
0.000476836
-0.000418089
0.000624822
-0.000539954
0.000768856
-0.000661688
0.00089708
-0.000776175
0.000998887
-0.000877333
0.00106699
-0.000960997
0.00109853
-0.00102528
0.00109487
-0.00107054
0.00106071
-0.00109909
0.00100282
-0.00111453
0.000928625
-0.001121
0.000844963
-0.00112234
0.000757186
-0.00112159
0.000668797
-0.00112076
0.000581596
-0.00112091
0.000496133
-0.00112239
0.000412228
-0.00112509
0.000329403
-0.00112876
0.000247154
-0.0011331
0.000165075
-0.00113787
8.28808e-05
-0.00114294
3.94525e-07
-0.00114829
-8.24576e-05
-0.00115402
-0.000165697
-0.00116036
-0.00024931
-0.00116774
-0.00033331
-0.00117683
-0.000417783
-0.00118857
-0.000502996
-0.00120412
-0.000589544
-0.00122456
-0.000678462
-0.0012503
-0.000771208
-0.00127992
-0.000869305
-0.00130874
-0.000973331
-0.00132769
-0.00108105
-0.00132326
-0.00118499
-0.00127956
-0.00127055
-0.00118281
-0.00131623
-0.00102754
-0.00129744
-0.00082216
-0.00119456
-0.000591053
-0.0010034
-0.000369985
-0.00074401
-0.000193734
-0.000461351
-7.99907e-05
-0.000211549
-2.19465e-05
-3.54179e-05
2.49068e-07
5.99822e-05
3.27358e-06
8.68075e-05
5.10302e-05
-4.44957e-05
0.00012977
-0.000123392
0.000288697
-0.000218971
0.000431765
-0.000326557
0.000584423
-0.000442214
0.000740479
-0.000560131
0.000886772
-0.000673357
0.00101031
-0.000775301
0.00110083
-0.000860954
0.00115265
-0.000927573
0.00116515
-0.000974869
0.00114216
-0.00100479
0.00109064
-0.00102095
0.00101897
-0.0010277
0.000935377
-0.00102926
0.000846522
-0.00102897
0.000756894
-0.00102899
0.000668818
-0.00103037
0.00058298
-0.00103335
0.000499107
-0.00103767
0.000416555
-0.00104294
0.000334672
-0.00104875
0.000252964
-0.00105479
0.000171116
-0.00106087
8.89516e-05
-0.00106687
6.39424e-06
-0.00107276
-7.65604e-05
-0.00107858
-0.000159881
-0.00108438
-0.000243506
-0.00109034
-0.000327346
-0.00109681
-0.00041132
-0.00110438
-0.000495425
-0.00111407
-0.000579852
-0.00112735
-0.000665186
-0.00114591
-0.000752647
-0.00117098
-0.000844232
-0.00120195
-0.00094236
-0.00123442
-0.00104858
-0.0012584
-0.001161
-0.00125808
-0.00127087
-0.00121457
-0.00135974
-0.00111199
-0.00140003
-0.0009455
-0.00136105
-0.000728105
-0.0012208
-0.000491752
-0.000980363
-0.000279069
-0.000674033
-0.000125358
-0.000365259
-3.96774e-05
-0.000121099
-4.391e-06
2.46958e-05
3.03222e-06
7.93843e-05
5.40624e-05
-4.83109e-05
0.00017808
-0.000131955
0.000372341
-0.000230702
0.000530513
-0.000338751
0.000692471
-0.00045132
0.000853048
-0.000562183
0.000997635
-0.000664635
0.00111276
-0.00075293
0.00118913
-0.000823329
0.00122305
-0.000874584
0.0012164
-0.000907937
0.00117551
-0.000926643
0.00110934
-0.000935103
0.00102743
-0.00093781
0.000938085
-0.000938465
0.000847177
-0.000939499
0.000757928
-0.000942068
0.000671387
-0.000946374
0.000587285
-0.000952084
0.000504817
-0.000958691
0.000423162
-0.000965735
0.000341716
-0.000972889
0.000260119
-0.000979965
0.000178193
-0.000986881
9.58676e-05
-0.000993617
1.31307e-05
-0.00100018
-7.00025e-05
-0.00100656
-0.0001535
-0.00101275
-0.000237312
-0.00101875
-0.000321349
-0.00102458
-0.00040549
-0.00103042
-0.000489588
-0.00103674
-0.000573529
-0.00104453
-0.000657391
-0.00105546
-0.000741725
-0.00107174
-0.000827949
-0.00109547
-0.00091863
-0.00112685
-0.0010172
-0.00116155
-0.0011263
-0.00118825
-0.00124417
-0.0011883
-0.00135969
-0.00113962
-0.00144871
-0.00102504
-0.00147563
-0.00084261
-0.00140322
-0.000612988
-0.00120999
-0.000377918
-0.000909103
-0.000185672
-0.000557506
-6.59165e-05
-0.000240854
-1.23352e-05
-2.88855e-05
2.04174e-06
6.50072e-05
5.61041e-05
-4.97059e-05
0.000227786
-0.000135087
0.000457721
-0.000233921
0.000629347
-0.000339348
0.000797898
-0.000446033
0.000959733
-0.000547733
0.00109934
-0.000638316
0.00120334
-0.000713084
0.00126389
-0.000769627
0.00127959
-0.000808119
0.00125489
-0.000831073
0.00119847
-0.000842597
0.00112087
-0.00084731
0.00103215
-0.000849279
0.000940053
-0.000851318
0.000849216
-0.000854839
0.000761449
-0.000860133
0.000676681
-0.000866841
0.000593994
-0.000874394
0.000512369
-0.000882279
0.000431048
-0.00089016
0.000349597
-0.000897871
0.000267829
-0.00090537
0.000185692
-0.000912687
0.000103185
-0.000919872
2.03157e-05
-0.000926967
-6.29076e-05
-0.000933987
-0.000146481
-0.000940906
-0.000230393
-0.000947651
-0.000314604
-0.000954108
-0.000399032
-0.000960168
-0.000483528
-0.000965822
-0.000567875
-0.000971363
-0.000651851
-0.000977683
-0.000735405
-0.000986599
-0.000819033
-0.00100087
-0.000904357
-0.00102341
-0.00099466
-0.0010551
-0.00109462
-0.00109128
-0.00120799
-0.0011185
-0.00133247
-0.00111449
-0.00145272
-0.00105406
-0.00153606
-0.000920586
-0.0015367
-0.000718585
-0.00141199
-0.000480238
-0.00114745
-0.000258234
-0.000779511
-0.000101484
-0.000397604
-2.3747e-05
-0.000106623
3.08971e-07
4.09513e-05
5.64131e-05
-4.8594e-05
0.00027638
-0.000132758
0.000541886
-0.00022886
0.000725449
-0.000329094
0.000898132
-0.000427854
0.00105849
-0.000519196
0.00119068
-0.000597778
0.00128192
-0.000660024
0.00132614
-0.000704789
0.00132435
-0.000733444
0.00128355
-0.000749386
0.00121441
-0.000757062
0.00112854
-0.000760802
0.00103589
-0.000763882
0.000943133
-0.00076813
0.000853464
-0.000774078
0.000767397
-0.000781441
0.000684044
-0.000789621
0.000602174
-0.000798059
0.000520808
-0.000806394
0.000439382
-0.000814465
0.000357668
-0.000822261
0.000275624
-0.000829846
0.000193277
-0.000837312
0.000110651
-0.000844744
2.77472e-05
-0.000852204
-5.54472e-05
-0.000859722
-0.000138963
-0.000867291
-0.000222825
-0.000874849
-0.000307045
-0.000882276
-0.000391606
-0.000889374
-0.000476429
-0.000895903
-0.000561346
-0.000901675
-0.000646078
-0.0009068
-0.00073028
-0.000912082
-0.000813751
-0.000919496
-0.000896943
-0.000932357
-0.000981799
-0.000954397
-0.00107257
-0.000986911
-0.00117548
-0.0010241
-0.00129528
-0.00104914
-0.00142768
-0.00103529
-0.00154991
-0.000955159
-0.00161683
-0.000796115
-0.00157103
-0.000574303
-0.00136926
-0.00033721
-0.0010166
-0.000146115
-0.000588699
-3.90023e-05
-0.000213735
-2.30593e-06
4.25488e-06
5.41072e-05
-4.50943e-05
0.000321475
-0.000125311
0.000622102
-0.000216252
0.00081639
-0.00030929
0.000991171
-0.00039879
0.00114799
-0.000479332
0.00127122
-0.000546473
0.00134906
-0.000597723
0.00137739
-0.000633022
0.00135965
-0.000654617
0.00130514
-0.000666349
0.00122614
-0.000672543
0.00113474
-0.000676893
0.00104024
-0.000681765
0.000948005
-0.000688109
0.000859809
-0.000695849
0.000775137
-0.000704427
0.000692622
-0.000713247
0.000610994
-0.000721903
0.000529464
-0.000730221
0.0004477
-0.000738195
0.000365643
-0.000745913
0.000283342
-0.000753489
0.000200854
-0.000761033
0.000118196
-0.000768631
3.53451e-05
-0.000776346
-4.77324e-05
-0.000784212
-0.000131097
-0.000792239
-0.000214798
-0.000800402
-0.000298882
-0.000808621
-0.000383386
-0.000816741
-0.00046831
-0.000824504
-0.000553583
-0.000831562
-0.00063902
-0.000837576
-0.000724267
-0.000842484
-0.000808843
-0.000847035
-0.000892392
-0.000853455
-0.00097538
-0.000865731
-0.0010603
-0.000888382
-0.00115283
-0.00092255
-0.00126111
-0.000959943
-0.00139029
-0.00097868
-0.00153117
-0.00094714
-0.00164837
-0.00083836
-0.00167981
-0.000649503
-0.00155812
-0.000414623
-0.00125148
-0.000197764
-0.000805558
-5.8762e-05
-0.000352737
-5.87513e-06
-4.8632e-05
4.8232e-05
-3.94797e-05
0.000360954
-0.000113343
0.000695965
-0.000197136
0.000900183
-0.000281527
0.00107556
-0.000361028
0.00122749
-0.000430886
0.00134108
-0.000487566
0.00140574
-0.000529541
0.00141936
-0.000557582
0.00138769
-0.000574444
0.00132201
-0.000584005
0.0012357
-0.000590136
0.00114087
-0.000595743
0.00104584
-0.000602344
0.000954606
-0.000610241
0.000867706
-0.000619029
0.000783926
-0.000628113
0.000701705
-0.000637031
0.000619912
-0.000645566
0.000537999
-0.000653699
0.000455832
-0.000661523
0.000373468
-0.000669171
0.000290989
-0.000676764
0.000208447
-0.000684402
0.000125834
-0.000692158
4.31017e-05
-0.000700087
-3.98042e-05
-0.000708217
-0.000122966
-0.000716566
-0.000206449
-0.000725131
-0.000290317
-0.000733877
-0.00037464
-0.000742714
-0.000459472
-0.000751466
-0.000544831
-0.00075983
-0.000630656
-0.000767365
-0.000716731
-0.000773593
-0.000802615
-0.000778325
-0.000887659
-0.00078235
-0.000971354
-0.00078832
-0.00105433
-0.000801071
-0.00114008
-0.000825755
-0.00123643
-0.000862305
-0.00135374
-0.000897821
-0.00149566
-0.000903558
-0.00164263
-0.00084412
-0.00173925
-0.000698581
-0.00170366
-0.000482244
-0.00146782
-0.000252346
-0.00103546
-8.31727e-05
-0.00052191
-1.03788e-05
-0.000121426
3.78533e-05
-3.21217e-05
0.000393076
-9.76035e-05
0.000761447
-0.000172698
0.000975277
-0.000247474
0.00115034
-0.000316696
0.00129671
-0.000376338
0.00140072
-0.000423719
0.00145313
-0.000458089
0.00145373
-0.000480758
0.00141036
-0.000494641
0.00133589
-0.000503337
0.0012444
-0.000510075
0.00114761
-0.000516977
0.00105275
-0.000524887
0.000962516
-0.000533709
0.000876528
-0.000542933
0.000793149
-0.000552058
0.00071083
-0.000560799
0.000628653
-0.000569096
0.000546296
-0.000577032
0.000463769
-0.000584747
0.000381182
-0.000592375
0.000298617
-0.000600027
0.000216098
-0.000607786
0.000133593
-0.00061571
5.10267e-05
-0.000623846
-3.16691e-05
-0.000632214
-0.000114598
-0.000640832
-0.000197831
-0.000649703
-0.000281446
-0.000658814
-0.000365529
-0.000668124
-0.000450162
-0.000677535
-0.00053542
-0.000686853
-0.000621338
-0.00069573
-0.000707855
-0.000703637
-0.000794708
-0.000709972
-0.000881323
-0.000714484
-0.000966843
-0.000718158
-0.00105065
-0.000724363
-0.00113387
-0.000738998
-0.00122179
-0.000767338
-0.0013254
-0.000806132
-0.00145686
-0.000834988
-0.00161377
-0.000817405
-0.00175683
-0.000718645
-0.00180242
-0.000533455
-0.00165301
-0.000304573
-0.00126434
-0.000111223
-0.00071526
-1.58197e-05
-0.000216829
2.20336e-05
-2.34443e-05
0.00041652
-7.88971e-05
0.0008169
-0.000144137
0.00104052
-0.000208718
0.00121492
-0.000267698
0.00135569
-0.000317777
0.0014508
-0.00035702
0.00149237
-0.000385244
0.00148196
-0.000404013
0.00142913
-0.000416112
0.00134799
-0.000424651
0.00125294
-0.00043216
0.00115512
-0.000440081
0.00106067
-0.00044879
0.000971224
-0.000457999
0.000885738
-0.000467234
0.000802385
-0.000476145
0.00071974
-0.0004846
0.000637108
-0.000492648
0.000554344
-0.000500421
0.000471543
-0.000508066
0.000388827
-0.000515704
0.000306256
-0.000523429
0.000223823
-0.000531312
0.000141476
-0.000539403
5.91184e-05
-0.000547744
-2.33283e-05
-0.000556351
-0.000105991
-0.000565235
-0.000188947
-0.000574398
-0.000272283
-0.000583834
-0.000356094
-0.000593518
-0.000440478
-0.000603403
-0.000525535
-0.00061338
-0.000611361
-0.000623228
-0.000698006
-0.000632545
-0.000785391
-0.000640707
-0.000873162
-0.000647007
-0.000960543
-0.000651229
-0.00104643
-0.000654841
-0.00113026
-0.00066233
-0.0012143
-0.000680724
-0.001307
-0.000714082
-0.0014235
-0.000752676
-0.00157518
-0.000765639
-0.00174387
-0.000710953
-0.0018571
-0.000564411
-0.00179955
-0.000349406
-0.00147934
-0.000140916
-0.00092375
-2.20959e-05
-0.000335649
-6.23392e-08
-1.38883e-05
0.000430408
-5.80221e-05
0.000861034
-0.000112579
0.00109507
-0.000166675
0.00126902
-0.00021564
0.00140466
-0.000256852
0.00149201
-0.000288995
0.00152451
-0.000312244
0.00150521
-0.000328171
0.00144506
-0.000339214
0.00135903
-0.000347883
0.00126161
-0.000356041
0.00116327
-0.000364595
0.00106922
-0.000373636
0.000980266
-0.000382835
0.000894937
-0.000391823
0.000811372
-0.000400392
0.00072831
-0.000408529
0.000645245
-0.000416339
0.000562154
-0.000423968
0.000479173
-0.000431552
0.000396411
-0.000439194
0.000313898
-0.000446975
0.000231604
-0.00045496
0.00014946
-0.0004632
6.73589e-05
-0.000471738
-1.47902e-05
-0.000480587
-9.71416e-05
-0.000489754
-0.00017978
-0.000499235
-0.000262801
-0.00050902
-0.000346309
-0.000519088
-0.000430409
-0.000529409
-0.000515215
-0.000539921
-0.000600849
-0.000550498
-0.000687429
-0.000560879
-0.000775009
-0.000570586
-0.000863456
-0.000578881
-0.000952247
-0.000584998
-0.00104031
-0.000588949
-0.00112631
-0.000593109
-0.00121014
-0.000603559
-0.00129655
-0.000627965
-0.0013991
-0.00066624
-0.00153691
-0.000697575
-0.00171253
-0.000679859
-0.00187482
-0.000574286
-0.00190512
-0.000383131
-0.0016705
-0.000169676
-0.00113721
-2.94184e-05
-0.000475907
-2.94807e-05
-3.87369e-06
0.000434282
-3.57431e-05
0.000892903
-7.90314e-05
0.00113836
-0.000122546
0.00131253
-0.000161809
0.00144392
-0.000194799
0.001525
-0.00022069
0.0015504
-0.000239831
0.00152435
-0.00025361
0.00145884
-0.000263977
0.0013694
-0.000272802
0.00127043
-0.000281361
0.00117183
-0.000290169
0.00107803
-0.000299175
0.000989271
-0.000308092
0.000903854
-0.000316677
0.000819956
-0.000324842
0.000736475
-0.000332645
0.000653048
-0.000340214
0.000569724
-0.00034769
0.000486648
-0.000355189
0.00040391
-0.000362803
0.000321512
-0.000370602
0.000239404
-0.000378651
0.000157509
-0.000387011
7.57195e-05
-0.000395729
-6.07206e-06
-0.00040482
-8.80502e-05
-0.000414288
-0.000170312
-0.000424122
-0.000252968
-0.000434303
-0.000336128
-0.000444809
-0.000419903
-0.000455611
-0.000504413
-0.000466667
-0.000589792
-0.000477902
-0.000676195
-0.000489153
-0.000763757
-0.000500098
-0.000852511
-0.000510151
-0.000942194
-0.000518462
-0.001032
-0.000524294
-0.00112048
-0.000528238
-0.0012062
-0.000534211
-0.00129058
-0.000550148
-0.00138316
-0.000582405
-0.00150465
-0.000621482
-0.00167346
-0.000631398
-0.0018649
-0.0005648
-0.00197172
-0.000403864
-0.00183144
-0.000195059
-0.00134601
-3.78502e-05
-0.000633116
-6.7331e-05
6.06231e-06
0.00042822
-1.27288e-05
0.000911694
-4.43862e-05
0.00117002
-7.7323e-05
0.00134547
-0.000107204
0.0014738
-0.000132504
0.0015503
-0.000152771
0.00157067
-0.000168388
0.00153997
-0.000180422
0.00147087
-0.000190255
0.00137923
-0.00019913
0.00127931
-0.000207816
0.00118052
-0.00021656
0.00108677
-0.000225259
0.00099797
-0.000233712
0.000912308
-0.000241796
0.00082804
-0.000249512
0.000744191
-0.000256955
0.000660491
-0.000264257
0.000577026
-0.000271543
0.000493934
-0.000278915
0.000411282
-0.000286454
0.000329052
-0.000294227
0.000247177
-0.000302299
0.000165581
-0.000310743
8.41642e-05
-0.000319616
2.80113e-06
-0.000328943
-7.87229e-05
-0.000338724
-0.00016053
-0.000348939
-0.000242753
-0.000359564
-0.000325502
-0.000370571
-0.000408896
-0.000381929
-0.000493054
-0.000393603
-0.000578119
-0.000405537
-0.000664261
-0.000417626
-0.000751668
-0.000429655
-0.000840482
-0.000441204
-0.000930645
-0.000451558
-0.00102165
-0.000459779
-0.00111225
-0.00046539
-0.00120059
-0.000470151
-0.00128582
-0.000480263
-0.00137305
-0.000504787
-0.00148012
-0.000543964
-0.00163428
-0.000571952
-0.00183692
-0.000539372
-0.0020043
-0.000411497
-0.00195931
-0.000215302
-0.00154221
-4.69671e-05
-0.00080145
-0.000114298
1.53113e-05
0.000412908
1.0381e-05
0.000916624
-9.37884e-06
0.00118978
-3.18175e-05
0.00136791
-5.25835e-05
0.00149457
-7.05797e-05
0.0015683
-8.56329e-05
0.00158572
-9.80638e-05
0.0015524
-0.000108536
0.00148134
-0.000117832
0.00138853
-0.000126593
0.00128807
-0.000135163
0.00118909
-0.000143596
0.00109521
-0.000151795
0.00100617
-0.000159659
0.000920172
-0.000167167
0.000835548
-0.000174384
0.000751408
-0.000181424
0.000667532
-0.000188411
0.000584013
-0.000195454
0.000500977
-0.000202644
0.000418473
-0.000210058
0.000336466
-0.000217761
0.00025488
-0.000225815
0.000173636
-0.000234305
9.26539e-05
-0.000243304
1.18005e-05
-0.000252854
-6.91727e-05
-0.000262953
-0.000150431
-0.000273571
-0.000232134
-0.000284677
-0.000314396
-0.000296243
-0.000397331
-0.000308235
-0.000481062
-0.000320618
-0.000565735
-0.000333345
-0.000651534
-0.000346337
-0.000738676
-0.000359443
-0.000827376
-0.000372364
-0.000917724
-0.000384554
-0.00100946
-0.000395162
-0.00110165
-0.000403281
-0.00119247
-0.000409148
-0.00127995
-0.000416599
-0.0013656
-0.000434449
-0.00146227
-0.000469456
-0.00159927
-0.000507232
-0.00179914
-0.000502187
-0.00200935
-0.000407303
-0.00205419
-0.000229537
-0.00171997
-5.62289e-05
-0.000974758
-0.000170527
2.34518e-05
0.000389456
3.28496e-05
0.000907226
2.53952e-05
0.00119723
1.32999e-05
0.00138
1.44478e-06
0.00150643
-9.45435e-06
0.0015792
-1.94894e-05
0.00159576
-2.88611e-05
0.00156177
-3.77932e-05
0.00149027
-4.64639e-05
0.0013972
-5.49461e-05
0.00129655
-6.32043e-05
0.00119735
-7.11495e-05
0.00110315
-7.87138e-05
0.00101373
-8.58939e-05
0.000927353
-9.2757e-05
0.000842412
-9.94146e-05
0.000758066
-0.00010599
0.000674107
-0.000112596
0.000590619
-0.00011933
0.000507712
-0.000126278
0.000425421
-0.000133514
0.000343702
-0.000141104
0.00026247
-0.000149108
0.00018164
-0.000157608
0.000101155
-0.000166704
2.08968e-05
-0.000176461
-5.94153e-05
-0.000186874
-0.000140018
-0.000197903
-0.000221105
-0.000209514
-0.000302784
-0.000221682
-0.000385163
-0.000234377
-0.000468367
-0.000247563
-0.00055255
-0.000261193
-0.000637904
-0.000275199
-0.000724669
-0.000289465
-0.00081311
-0.000303767
-0.000903422
-0.000317695
-0.000995532
-0.000330561
-0.00108878
-0.000341424
-0.0011816
-0.000349714
-0.00127166
-0.000357206
-0.00135811
-0.000370819
-0.00144866
-0.000400318
-0.00156978
-0.000441704
-0.00175775
-0.000457425
-0.00199363
-0.000393377
-0.00211824
-0.000237686
-0.00187566
-6.49536e-05
-0.00114749
-0.00023548
3.02044e-05
0.000359252
5.38827e-05
0.000883548
5.93505e-05
0.00119177
5.76061e-05
0.00138175
5.44488e-05
0.00150958
5.05255e-05
0.00158312
4.54958e-05
0.00160079
3.92463e-05
0.00156802
3.19712e-05
0.00149755
2.40738e-05
0.00140509
1.60251e-05
0.0013046
8.21884e-06
0.00120515
8.78382e-07
0.00111049
-5.95562e-06
0.00102057
-1.23711e-05
0.000933768
-1.85144e-05
0.000848555
-2.4537e-05
0.000764088
-3.05687e-05
0.000680139
-3.67157e-05
0.000596766
-4.30678e-05
0.000514064
-4.97062e-05
0.000432059
-5.67085e-05
0.000350705
-6.41478e-05
0.00026991
-7.20886e-05
0.000189581
-8.06012e-05
0.000109668
-8.97751e-05
3.00711e-05
-9.97062e-05
-4.94839e-05
-0.0001104
-0.000129324
-0.000121821
-0.000209683
-0.00013394
-0.000290665
-0.00014674
-0.000372363
-0.000160195
-0.000454911
-0.000174267
-0.000538477
-0.00018891
-0.000623261
-0.000204058
-0.00070952
-0.000219612
-0.000797557
-0.000235391
-0.000887643
-0.000251077
-0.000979845
-0.000266132
-0.00107373
-0.000279741
-0.00116799
-0.000291059
-0.00126034
-0.000300479
-0.00134869
-0.000312567
-0.00143657
-0.000337276
-0.00154507
-0.000378412
-0.00171662
-0.000408742
-0.0019633
-0.000372135
-0.00215485
-0.000240254
-0.00200754
-7.25627e-05
-0.00131518
-0.000308043
3.53572e-05
0.000323895
7.27963e-05
0.000846109
9.17559e-05
0.00117281
0.000100584
0.00137292
0.000106067
0.0015041
0.000109135
0.00158005
0.000109242
0.00160068
0.000106317
0.00157094
0.00010092
0.00150295
9.39898e-05
0.00141202
8.65181e-05
0.00131207
7.92575e-05
0.00121241
7.25845e-05
0.00111717
6.65366e-05
0.00102662
6.09505e-05
0.000939354
5.56044e-05
0.000853901
5.03045e-05
0.000769388
4.49075e-05
0.000685536
3.93088e-05
0.000602365
3.34218e-05
0.000519952
2.71641e-05
0.000438317
2.04534e-05
0.000357416
1.3207e-05
0.000277157
5.34688e-06
0.000197442
-3.19549e-06
0.000118211
-1.24735e-05
3.93496e-05
-2.25466e-05
-3.94104e-05
-3.34574e-05
-0.000118413
-4.52196e-05
-0.00019792
-5.78254e-05
-0.000278059
-7.12649e-05
-0.000358923
-8.55181e-05
-0.000440658
-0.000100549
-0.000523446
-0.000116306
-0.000607503
-0.000132726
-0.000693101
-0.00014971
-0.000780572
-0.000167104
-0.000870248
-0.000184652
-0.000962298
-0.000201926
-0.00105645
-0.000218269
-0.00115165
-0.000232848
-0.00124577
-0.000245332
-0.0013362
-0.000258241
-0.00142366
-0.000279996
-0.00152331
-0.000319099
-0.00167751
-0.000359014
-0.00192338
-0.000345938
-0.00216793
-0.000238116
-0.00211537
-7.87291e-05
-0.00147457
-0.000386772
3.87722e-05
0.000285123
8.89882e-05
0.000795893
0.000121893
0.0011399
0.000141724
0.00135309
0.000155913
0.00148991
0.000166075
0.00156989
0.000171588
0.00159517
0.000172343
0.00157019
0.000169165
0.00150613
0.000163463
0.00141773
0.000156723
0.00131881
0.000150074
0.00121906
0.000144091
0.00112315
0.000138852
0.00103186
0.000134143
0.000944064
0.000129672
0.000858373
0.000125192
0.000773868
0.000120534
0.000690194
0.000115586
0.000607314
0.000110256
0.000525281
0.00010446
0.000444114
9.81068e-05
0.000363769
9.11043e-05
0.000284159
8.33702e-05
0.000205176
7.48611e-05
0.00012672
6.55524e-05
4.86587e-05
5.53951e-05
-2.92527e-05
4.42923e-05
-0.00010731
3.21915e-05
-0.000185819
1.90756e-05
-0.000264943
4.95132e-06
-0.000344798
-1.0161e-05
-0.000425545
-2.62279e-05
-0.000507379
-4.31995e-05
-0.000590531
-6.10077e-05
-0.000675293
-7.95601e-05
-0.00076202
-9.87187e-05
-0.000851089
-0.00011827
-0.000942747
-0.000137872
-0.00103685
-0.000157001
-0.00113252
-0.000174945
-0.00122782
-0.000191115
-0.00132003
-0.000206596
-0.00140818
-0.000227601
-0.00150231
-0.000264483
-0.00164063
-0.000310291
-0.00187758
-0.00031687
-0.00216135
-0.000232344
-0.00219989
-8.34126e-05
-0.0016235
-0.000470185
4.04148e-05
0.000244708
0.00010192
0.000734388
0.00014898
0.00109284
0.000180421
0.00132165
0.000203559
0.00146677
0.000221001
0.00155245
0.000232283
0.00158388
0.000237196
0.00156527
0.000236703
0.00150662
0.000232581
0.00142185
0.000226772
0.00132462
0.000220808
0.00122503
0.00021552
0.00112844
0.000211087
0.00103629
0.000207286
0.000947865
0.000203764
0.000861895
0.000200212
0.00077742
0.000196419
0.000693987
0.000192249
0.000611485
0.000187601
0.000529929
0.000182386
0.00044933
0.000176508
0.000369647
0.000169872
0.000290795
0.000162393
0.000212656
0.00015402
0.000135093
0.000144729
5.79497e-05
0.000134481
-1.9004e-05
0.00012317
-9.59991e-05
0.000110708
-0.000173357
9.70527e-05
-0.000251287
8.21999e-05
-0.000329945
6.61622e-05
-0.000409508
4.8969e-05
-0.000490186
3.06704e-05
-0.000572233
1.13379e-05
-0.00065596
-8.93232e-06
-0.00074175
-3.0015e-05
-0.000830007
-5.17309e-05
-0.000921031
-7.38086e-05
-0.00101477
-9.58393e-05
-0.00111049
-0.000117257
-0.0012064
-0.00013746
-0.00129983
-0.000156706
-0.00138894
-0.000179052
-0.00147996
-0.000214578
-0.00160511
-0.000263881
-0.00182827
-0.000286627
-0.0021386
-0.000224065
-0.00226245
-8.68209e-05
-0.00176074
-0.000557006
4.0361e-05
0.000204347
0.000111141
0.000663608
0.000172162
0.00103182
0.00021592
0.00127789
0.00024847
0.00143422
0.000273477
0.00152744
0.000290957
0.0015664
0.000300617
0.00155561
0.000303405
0.00150383
0.000301336
0.00142392
0.000296746
0.00132921
0.000291581
0.00123019
0.000286994
0.00113302
0.000283346
0.00103994
0.00028046
0.000950752
0.000277946
0.000864409
0.000275427
0.000779938
0.000272632
0.000696783
0.000269383
0.000614734
0.000265559
0.000533752
0.00026106
0.000453828
0.000255788
0.000374919
0.000249646
0.000296938
0.000242546
0.000219757
0.000234419
0.00014322
0.000225218
6.71509e-05
0.000214886
-8.67176e-06
0.000203341
-8.44534e-05
0.000190492
-0.000160508
0.000176272
-0.000237068
0.00016066
-0.000314333
0.000143655
-0.000392503
0.000125278
-0.000471809
0.000105572
-0.000552527
8.46066e-05
-0.000634994
6.24742e-05
-0.000719617
3.92956e-05
-0.000806828
1.52303e-05
-0.000896965
-9.50386e-06
-0.000990039
-3.46051e-05
-0.00108539
-5.965e-05
-0.00118136
-8.41306e-05
-0.00127535
-0.000107921
-0.00136514
-0.000133366
-0.00145451
-0.000168972
-0.0015695
-0.00022049
-0.00177675
-0.000256495
-0.00210259
-0.000214348
-0.0023046
-8.93386e-05
-0.00188575
-0.000646344
3.87949e-05
0.000165552
0.000116332
0.000586071
0.000190541
0.000957611
0.00024727
0.00122116
0.000289931
0.00139156
0.000322928
0.00149445
0.000347088
0.00154224
0.000362164
0.00154054
0.000368966
0.00149703
0.000369579
0.0014233
0.000366634
0.00133215
0.000362477
0.00123435
0.000358644
0.00113686
0.00035576
0.00104282
0.000353775
0.000952737
0.000352302
0.000865882
0.000350907
0.000781333
0.000349242
0.000698449
0.000347068
0.000616908
0.000344226
0.000536594
0.000340597
0.000457458
0.000336072
0.000379444
0.00033055
0.00030246
0.000323935
0.000226372
0.000316142
0.000151013
0.000307101
7.61918e-05
0.00029674
1.69018e-06
0.000284984
-7.26979e-05
0.000271748
-0.000147271
0.00025695
-0.000222269
0.000240551
-0.000297933
0.000222537
-0.000374489
0.000202921
-0.000452192
0.000181739
-0.000531345
0.000159055
-0.000612311
0.000134957
-0.000695519
0.000109552
-0.000781422
8.29649e-05
-0.000870379
5.53576e-05
-0.000962431
2.6952e-05
-0.00105698
-1.93124e-06
-0.00115248
-3.09226e-05
-0.00124636
-5.97969e-05
-0.00133627
-8.97128e-05
-0.0014246
-0.000127045
-0.00153217
-0.000180371
-0.00172343
-0.000227368
-0.0020556
-0.000204134
-0.00232784
-9.14544e-05
-0.00199843
-0.000737799
3.59963e-05
0.000129555
0.000117357
0.00050471
0.00020325
0.000871718
0.000273328
0.00115108
0.000326981
0.00133791
0.000368588
0.00145284
0.000399971
0.00151086
0.000421181
0.00151933
0.000432851
0.00148536
0.000436956
0.0014192
0.000436275
0.00133284
0.000433499
0.00123713
0.000430576
0.00113978
0.000428482
0.00104491
0.000427379
0.00095384
0.000426956
0.000866305
0.000426747
0.000781543
0.000426326
0.000698869
0.000425379
0.000617856
0.000423687
0.000538286
0.000421092
0.000460052
0.000417469
0.000383068
0.000412703
0.000307226
0.000406689
0.000232387
0.000399327
0.000158375
0.00039053
8.49889e-05
0.00038021
1.20106e-05
0.000368294
-6.07817e-05
0.000354691
-0.000133668
0.000339318
-0.000206896
0.00032212
-0.000280736
0.000303073
-0.000355442
0.000282178
-0.000431297
0.000259464
-0.000508631
0.000234988
-0.000587835
0.000208828
-0.000669359
0.000181071
-0.000753665
0.00015181
-0.000841117
0.000121143
-0.000931764
8.92018e-05
-0.00102504
5.61826e-05
-0.00111946
2.23652e-05
-0.00121254
-1.20062e-05
-0.0013019
-4.7424e-05
-0.00138918
-8.81077e-05
-0.00149149
-0.000143463
-0.00166807
-0.00019978
-0.00199928
-0.000194184
-0.00233343
-9.36967e-05
-0.00209892
-0.000831496
3.23106e-05
9.72448e-05
0.000114313
0.000422707
0.000209564
0.000776467
0.000292812
0.00106783
0.000358372
0.00127235
0.000409432
0.00140178
0.000448684
0.00147161
0.000476774
0.00149124
0.000494251
0.00146788
0.000502843
0.00141061
0.000505285
0.00133039
0.000504501
0.00123791
0.000502831
0.00114145
0.000501661
0.00104608
0.000501464
0.000954038
0.000502087
0.000865682
0.000503091
0.000780539
0.000503998
0.000697963
0.000504408
0.000617446
0.000504025
0.000538669
0.000502637
0.000461441
0.000500081
0.000385624
0.000496223
0.000311085
0.000490941
0.000237669
0.000484124
0.000165192
0.000475668
9.34444e-05
0.000465475
2.22038e-05
0.000453462
-4.87689e-05
0.000439535
-0.000119741
0.000423609
-0.00019097
0.000405621
-0.000262747
0.000385535
-0.000335357
0.000363344
-0.000409106
0.000339069
-0.000484355
0.000312754
-0.00056152
0.000284458
-0.000641063
0.000254242
-0.000723449
0.00022215
-0.000809025
0.000188215
-0.00089783
0.000152476
-0.000989303
0.000115021
-0.001082
7.60334e-05
-0.00117355
3.57377e-05
-0.0012616
-5.98046e-06
-0.00134746
-5.14835e-05
-0.00144598
-0.000109492
-0.00161006
-0.00017396
-0.00193481
-0.000185041
-0.00232235
-9.65809e-05
-0.00218738
-0.000928076
2.81038e-05
6.91409e-05
0.00010757
0.00034324
0.000209037
0.000675
0.000304436
0.000972434
0.00038258
0.0011942
0.000444113
0.00134025
0.000492038
0.00142368
0.000527789
0.00145549
0.000552058
0.00144361
0.000566281
0.00139638
0.000572966
0.00132371
0.000575088
0.00123579
0.000575294
0.00114124
0.000575391
0.00104599
0.000576238
0.000953191
0.000577941
0.000863979
0.000580173
0.000778307
0.000582451
0.000695685
0.000584309
0.000615588
0.000585368
0.00053761
0.000585344
0.000461465
0.000584021
0.000386947
0.000581229
0.000313877
0.000576825
0.000242073
0.000570681
0.000171336
0.00056268
0.000101446
0.000552712
3.21719e-05
0.000540685
-3.67419e-05
0.000526498
-0.000105555
0.000510069
-0.00017454
0.000491326
-0.000244004
0.000470227
-0.000314257
0.000446755
-0.000385634
0.000420918
-0.000458518
0.000392742
-0.000533344
0.00036226
-0.000610581
0.000329488
-0.000690676
0.000294413
-0.000773951
0.00025699
-0.000860407
0.000217159
-0.000949472
0.000174904
-0.00103975
0.000130333
-0.00112898
8.36968e-05
-0.00121497
3.51019e-05
-0.00129887
-1.65507e-05
-0.00139433
-7.80495e-05
-0.00154856
-0.000149853
-0.00186301
-0.000176996
-0.00229521
-0.000100558
-0.00226382
-0.00102863
2.37159e-05
4.5425e-05
9.77825e-05
0.000269173
0.000201653
0.00057113
0.000307112
0.000866975
0.000397906
0.00110341
0.000470929
0.00126722
0.000528509
0.0013661
0.000572782
0.00141122
0.000604841
0.00141155
0.000625935
0.00137529
0.000638214
0.00131143
0.000644495
0.00122951
0.000647568
0.00113817
0.000649599
0.00104396
0.000651862
0.000950928
0.00065481
0.000861031
0.000658326
0.000774791
0.000662003
0.000692008
0.000665358
0.000612234
0.000667946
0.000535022
0.000669406
0.000460004
0.000669459
0.000386895
0.000667884
0.000315452
0.000664505
0.000245452
0.000659171
0.00017667
0.000651751
0.000108867
0.000642123
4.18e-05
0.000630184
-2.48029e-05
0.00061583
-9.12013e-05
0.000598977
-0.000157686
0.00057955
-0.000224577
0.000557498
-0.000292205
0.000532793
-0.00036093
0.000505426
-0.000431152
0.000475395
-0.000503313
0.00044269
-0.000577875
0.00040727
-0.000655256
0.000369049
-0.00073573
0.000327891
-0.000819249
0.000283637
-0.000905218
0.000236172
-0.000992282
0.000185543
-0.00107835
0.000132058
-0.00116148
7.61348e-05
-0.00124294
1.73805e-05
-0.00133558
-4.8654e-05
-0.00148253
-0.000127154
-0.00178451
-0.000170035
-0.00225233
-0.00010596
-0.00232789
-0.0011346
1.94278e-05
2.59971e-05
8.58502e-05
0.000202751
0.000187941
0.000469039
0.000300199
0.000754717
0.000402685
0.00100092
0.000487864
0.00118204
0.00055618
0.00129779
0.000609958
0.00135744
0.000650833
0.00137068
0.000680074
0.00134605
0.000699463
0.00129204
0.000711472
0.0012175
0.000718819
0.00113082
0.00072388
0.0010389
0.000728301
0.000946507
0.000732924
0.000856407
0.000737935
0.00076978
0.0007431
0.000686842
0.000747996
0.000607338
0.000752161
0.000530857
0.000755179
0.000456986
0.000756706
0.000385367
0.000756468
0.00031569
0.000754245
0.000247676
0.000749855
0.000181059
0.000743147
0.000115575
0.000733986
5.09607e-05
0.000722258
-1.30745e-05
0.000707855
-7.67985e-05
0.000690689
-0.000140521
0.000670682
-0.000204569
0.000647771
-0.000269295
0.000621914
-0.000335073
0.000593072
-0.00040231
0.000561203
-0.000471444
0.000526237
-0.000542909
0.000488062
-0.000617081
0.000446501
-0.00069417
0.000401321
-0.000774069
0.000352261
-0.000856158
0.000299123
-0.000939144
0.000241923
-0.00102115
0.000181062
-0.00110062
0.000117298
-0.00117918
5.09123e-05
-0.00126919
-2.07361e-05
-0.00141088
-0.000105311
-0.00169994
-0.000163793
-0.00219384
-0.00011293
-0.00237876
-0.00124753
1.5457e-05
1.05401e-05
7.28292e-05
0.000145379
0.000169021
0.000372848
0.000283749
0.000639989
0.000395601
0.00088907
0.000492772
0.00108487
0.000572734
0.00121783
0.000637112
0.00129306
0.000687897
0.0013199
0.000726569
0.00130738
0.000754658
0.00126395
0.000774199
0.00119796
0.000787619
0.0011174
0.000797291
0.00102922
0.000805103
0.000938695
0.000812256
0.000849254
0.000819285
0.000762751
0.000826222
0.000679905
0.000832797
0.000600763
0.000838609
0.000525045
0.000843236
0.000452359
0.000846299
0.000382304
0.000847477
0.000314513
0.000846506
0.000248647
0.000843172
0.000184393
0.000837297
0.000121451
0.000828732
5.95256e-05
0.000817344
-1.68637e-06
0.000803026
-6.24814e-05
0.000785682
-0.000123176
0.000765219
-0.000184107
0.000741564
-0.000245639
0.000714644
-0.000308152
0.000684381
-0.000372048
0.000650676
-0.000437738
0.000613384
-0.000505618
0.000572304
-0.000576
0.000527158
-0.000649024
0.000477607
-0.000724519
0.000423298
-0.000801849
0.000363973
-0.000879819
0.000299662
-0.000956841
0.00023091
-0.00103187
0.000158842
-0.00110711
8.448e-05
-0.00119483
6.42519e-06
-0.00133283
-8.35741e-05
-0.00160994
-0.000157504
-0.00211991
-0.000121343
-0.00241492
-0.00136887
1.19844e-05
-1.44438e-06
5.98004e-05
9.75625e-05
0.000146508
0.00028614
0.000258652
0.000527845
0.000376017
0.000771705
0.000483681
0.000977209
0.000575588
0.00112592
0.000651595
0.00121705
0.000713472
0.00125802
0.00076289
0.00125796
0.000801278
0.00122556
0.000830265
0.00116897
0.000851843
0.00109582
0.000868154
0.00101291
0.000881129
0.000925721
0.000892209
0.000838174
0.00090226
0.0007527
0.000911626
0.00067054
0.000920274
0.000592115
0.000927952
0.000517367
0.00093431
0.000446
0.000938985
0.000377629
0.000941643
0.000311855
0.000941994
0.000248295
0.000939799
0.000186589
0.000934854
0.000126395
0.000926994
6.73861e-05
0.000916068
9.23969e-06
0.000901962
-4.83757e-05
0.000884562
-0.000105776
0.000863761
-0.000163306
0.000839455
-0.000221333
0.000811533
-0.000280231
0.000779861
-0.000340376
0.000744267
-0.000402144
0.000704518
-0.000465869
0.000660307
-0.00053179
0.000611253
-0.000599969
0.000556912
-0.000670178
0.000496856
-0.000741793
0.000430803
-0.000813766
0.000358855
-0.000884893
0.00028177
-0.000954786
0.000201083
-0.00102643
0.000118534
-0.00111228
3.3718e-05
-0.00124801
-6.10442e-05
-0.00151517
-0.000149946
-0.00203101
-0.000130694
-0.00243417
-0.00149956
9.20016e-06
-1.06446e-05
4.77288e-05
5.90338e-05
0.000122271
0.000211598
0.000226566
0.00042355
0.000344218
0.000654052
0.000459197
0.00086223
0.000562182
0.00102293
0.000650412
0.00112882
0.000724552
0.00118388
0.000786088
0.00119642
0.000836374
0.00117528
0.000876724
0.00112862
0.000908663
0.00106388
0.000933941
0.000987634
0.000954313
0.00090535
0.000971283
0.000821203
0.000985941
0.000738043
0.000998921
0.000657559
0.00101047
0.000580564
0.00102056
0.000507277
0.00102899
0.000437569
0.00103549
0.000371132
0.00103976
0.000307584
0.00104153
0.000246525
0.00104056
0.000187565
0.00103662
0.000130331
0.00102955
7.4462e-05
0.00101917
1.96156e-05
0.00100536
-3.45633e-05
0.000987974
-8.83935e-05
0.000966888
-0.00014222
0.000941955
-0.0001964
0.000913009
-0.000251284
0.000879846
-0.000307214
0.000842209
-0.000364507
0.000799766
-0.000423425
0.000752103
-0.000484128
0.000698732
-0.000546598
0.000639123
-0.000610569
0.000572799
-0.000675469
0.000499509
-0.000740477
0.0004195
-0.000804883
0.000333812
-0.000869098
0.000244425
-0.000937039
0.000153723
-0.00102157
6.22117e-05
-0.0011565
-3.65862e-05
-0.00141638
-0.000139319
-0.00192828
-0.000139967
-0.00243352
-0.00163953
7.22092e-06
-1.78655e-05
3.72392e-05
2.90155e-05
9.79519e-05
0.000150885
0.000189516
0.000331986
0.000301361
0.000542208
0.000418805
0.000744786
0.000530418
0.00091132
0.000630525
0.00102872
0.000717785
0.00109662
0.0007928
0.00112141
0.000856592
0.00111149
0.000910173
0.00107504
0.000954644
0.00101941
0.000991298
0.00095098
0.00102156
0.000875088
0.00104681
0.000795957
0.00106819
0.000716656
0.00108655
0.000639198
0.00110239
0.000564727
0.00111592
0.000493746
0.00112716
0.000426333
0.00113598
0.00036231
0.0011422
0.000301362
0.00114561
0.000243115
0.001146
0.000187176
0.00114317
0.000133158
0.00113695
8.06867e-05
0.00112716
2.94029e-05
0.00111366
-2.10586e-05
0.00109628
-7.10134e-05
0.00107485
-0.000120797
0.00104919
-0.000170741
0.00101907
-0.000221161
0.000984202
-0.000272345
0.000944238
-0.000324543
0.000898748
-0.000377935
0.000847217
-0.000432597
0.000789067
-0.000488447
0.000723709
-0.000545212
0.000650671
-0.000602431
0.000569801
-0.000659607
0.000481558
-0.000716641
0.000387325
-0.000774865
0.000289522
-0.000839237
0.000191077
-0.00092313
9.32607e-05
-0.00105868
-8.87721e-06
-0.00131424
-0.00012318
-0.00181398
-0.000147528
-0.00240917
-0.00178706
5.87096e-06
-2.37365e-05
2.80826e-05
6.80378e-06
7.40643e-05
0.000104903
0.000148958
0.000257091
0.00024891
0.000442256
0.00036286
0.000630836
0.000479045
0.000795135
0.00058933
0.00091843
0.000689816
0.000996133
0.000779408
0.00103182
0.000858246
0.00103265
0.000926848
0.00100644
0.000985884
0.000960377
0.0010362
0.000900661
0.00107883
0.000832458
0.00111489
0.0007599
0.00114544
0.000686105
0.00117139
0.000613252
0.0011934
0.000542713
0.00121192
0.00047523
0.00122716
0.000411085
0.00123922
0.000350254
0.00124805
0.000292529
0.00125357
0.0002376
0.00125564
0.000185108
0.00125411
0.000134684
0.00124884
8.59582e-05
0.00123966
3.85773e-05
0.00122642
-7.81607e-06
0.00120894
-5.35311e-05
0.00118701
-9.88717e-05
0.0011604
-0.00014413
0.00112881
-0.000189573
0.00109189
-0.000235425
0.00104921
-0.000281858
0.00100024
-0.00032897
0.000944406
-0.00037676
0.000881065
-0.000425107
0.000809633
-0.000473779
0.000729712
-0.00052251
0.000641323
-0.000571218
0.000545194
-0.000620512
0.000443034
-0.000672706
0.00033762
-0.000733822
0.00023225
-0.000817761
0.000128797
-0.00095523
2.35253e-05
-0.00120897
-9.86985e-05
-0.00169175
-0.000151197
-0.00235668
-0.00193825
4.1451e-06
-2.78816e-05
1.80295e-05
-7.08066e-06
4.84775e-05
7.44553e-05
0.000104148
0.000201421
0.000187361
0.000359043
0.000291978
0.000526219
0.000407742
0.000679371
0.000525166
0.000801006
0.000637856
0.000883442
0.000742448
0.000927224
0.000837548
0.000937547
0.000922763
0.000921225
0.000998177
0.000884963
0.00106418
0.000834661
0.00112139
0.000775245
0.00117062
0.000710672
0.00121274
0.000643983
0.0012486
0.000577387
0.00127895
0.000512371
0.00130434
0.000449834
0.00132521
0.000390222
0.0013418
0.000333661
0.00135427
0.000280064
0.00136265
0.000229212
0.00136695
0.000180812
0.00136709
0.000134541
0.00136298
9.00659e-05
0.0013545
4.70598e-05
0.00134148
5.2014e-06
0.00132376
-3.58116e-05
0.00130111
-7.62198e-05
0.00127325
-0.00011627
0.00123985
-0.000156168
0.00120049
-0.000196066
0.00115469
-0.000236058
0.00110188
-0.000276166
0.00104146
-0.000316339
0.000972818
-0.000356462
0.000895447
-0.000396409
0.000809118
-0.000436181
0.000714085
-0.000476184
0.000611336
-0.000517763
0.000502803
-0.000564173
0.000391373
-0.000622392
0.000280377
-0.000706765
0.000171909
-0.000846763
6.29178e-05
-0.00109998
-6.31524e-05
-0.00156568
-0.000148257
-0.00227157
-0.00208651
-6.34021e-07
-2.72476e-05
1.48328e-06
-9.198e-06
1.47737e-05
6.11648e-05
5.02415e-05
0.000165953
0.000114446
0.000294839
0.000205783
0.000434882
0.000316645
0.000568509
0.000437551
0.0006801
0.000560326
0.000760667
0.000679309
0.000808241
0.000791139
0.000825717
0.000894047
0.000818317
0.000987237
0.000791773
0.00107051
0.000751388
0.00114407
0.000701689
0.00120838
0.000646355
0.00126411
0.000588255
0.00131198
0.000529524
0.00135268
0.000471662
0.00138688
0.00041564
0.00141509
0.000362015
0.00143772
0.000311031
0.00145507
0.000262713
0.00146733
0.000216943
0.00147463
0.000173513
0.00147701
0.000132169
0.00147444
9.26359e-05
0.00146686
5.46399e-05
0.00145414
1.79187e-05
0.00143613
-1.78014e-05
0.00141261
-5.26974e-05
0.00138329
-8.6955e-05
0.00134783
-0.000120712
0.00130582
-0.000154054
0.00125677
-0.000187008
0.00120016
-0.000219551
0.00113544
-0.000251624
0.00106215
-0.000283173
0.000979984
-0.00031424
0.00088894
-0.000345138
0.000789512
-0.000376756
0.000682849
-0.0004111
0.000570871
-0.000452195
0.000456218
-0.000507739
0.000341747
-0.000592295
0.000229029
-0.000734044
0.000114901
-0.000985848
-1.3456e-05
-0.00143733
-0.000134055
-0.00215097
-0.00222057
-1.34005e-05
-1.38471e-05
-3.09158e-05
8.31726e-06
-3.76757e-05
6.79247e-05
-2.18611e-05
0.000150138
2.4101e-05
0.000248876
0.000101665
0.000357318
0.000205502
0.000464672
0.000326991
0.000558612
0.000457273
0.000630385
0.000588998
0.000676516
0.000716906
0.000697809
0.00083762
0.000697603
0.000949181
0.000680211
0.00105061
0.000649956
0.0011416
0.000610705
0.00122225
0.000565701
0.00129298
0.00051753
0.00135434
0.000468162
0.00140698
0.000419024
0.00145153
0.00037109
0.00148857
0.000324968
0.00151862
0.000280981
0.00154209
0.000239246
0.00155929
0.000199737
0.00157047
0.000162334
0.00157578
0.000126862
0.00157529
9.31231e-05
0.00156902
6.09099e-05
0.00155691
3.00293e-05
0.00153883
2.84186e-07
0.00151462
-2.8485e-05
0.00148404
-5.63753e-05
0.0014468
-8.34729e-05
0.00140256
-0.000109816
0.00135095
-0.000135404
0.00129161
-0.000160212
0.00122421
-0.000184222
0.00114853
-0.000207487
0.00106452
-0.000230233
0.000972429
-0.000253047
0.000872865
-0.000277193
0.000766891
-0.000305126
0.000656053
-0.000341358
0.000542311
-0.000393997
0.000427578
-0.000477562
0.000312272
-0.000618738
0.000192093
-0.000865669
5.64177e-05
-0.00130165
-9.83003e-05
-0.00199625
-0.00231887
-4.09729e-05
2.71257e-05
-9.01808e-05
5.75251e-05
-0.000121106
9.88495e-05
-0.000123159
0.000152192
-9.1354e-05
0.000217071
-2.47129e-05
0.000290677
7.31664e-05
0.000366792
0.000194525
0.000437253
0.000330368
0.000494543
0.00047266
0.000534225
0.000614837
0.000555632
0.000752126
0.000560314
0.000881368
0.000550969
0.00100069
0.000530631
0.00110915
0.000502246
0.00120643
0.000468421
0.00129264
0.000431318
0.00136817
0.000392636
0.00143354
0.000353654
0.00148935
0.00031528
0.0015362
0.000278117
0.00157465
0.000242528
0.00160521
0.000208693
0.00162828
0.000176659
0.00164423
0.000146388
0.00165331
0.000117782
0.00165571
9.0717e-05
0.00165157
6.50573e-05
0.00164092
4.06738e-05
0.00162375
1.74567e-05
0.00159996
-4.69493e-06
0.00156945
-2.5865e-05
0.00153209
-4.61155e-05
0.00148774
-6.54665e-05
0.00143627
-8.39274e-05
0.00137756
-0.00010151
0.0013116
-0.000118262
0.00123845
-0.000134333
0.00115829
-0.000150075
0.00107146
-0.000166219
0.000978436
-0.000184168
0.000879803
-0.000206492
0.000776219
-0.000237774
0.000668338
-0.000286116
0.000556549
-0.000365774
0.000439888
-0.000502076
0.000312793
-0.000738574
0.00015977
-0.00114863
-2.67651e-05
-0.00180972
-0.00234563
-9.01035e-05
0.000117229
-0.000183171
0.000150593
-0.000240244
0.000155923
-0.000257477
0.000169426
-0.000234972
0.000194565
-0.000174195
0.0002299
-7.94145e-05
0.000272012
4.25654e-05
0.000315273
0.000183143
0.000353965
0.000333816
0.000383551
0.000487601
0.000401847
0.000638839
0.000409076
0.000783475
0.000406333
0.000918854
0.000395252
0.0010434
0.000377704
0.00115632
0.0003555
0.0012574
0.000330235
0.0013468
0.000303233
0.00142493
0.00027553
0.00149231
0.000247902
0.00154953
0.000220892
0.0015972
0.000194858
0.00163589
0.000170008
0.0016661
0.000146441
0.00168831
0.000124177
0.00170291
0.000103187
0.00171022
8.34101e-05
0.0017105
6.47704e-05
0.00170399
4.71906e-05
0.00169084
3.06013e-05
0.00167121
1.49358e-05
0.00164514
2.04689e-07
0.00161264
-1.36111e-05
0.00157381
-2.66396e-05
0.00152881
-3.89314e-05
0.00147781
-5.05114e-05
0.00142101
-6.14592e-05
0.00135863
-7.19551e-05
0.00129092
-8.23593e-05
0.00121806
-9.3359e-05
0.00114011
-0.00010622
0.00105684
-0.000123222
0.000967505
-0.000148438
0.000870571
-0.000189182
0.000763371
-0.000258574
0.000641553
-0.000380259
0.00049744
-0.000594461
0.000312252
-0.00096344
8.51068e-05
-0.00158257
-0.00226053
-0.000160368
0.000277597
-0.000293324
0.000283549
-0.000362665
0.000225263
-0.000384785
0.000191545
-0.000365747
0.000175527
-0.000308212
0.000172365
-0.000216406
0.000180206
-9.66535e-05
0.000195521
4.42045e-05
0.000213107
0.000198545
0.00022921
0.000358717
0.000241674
0.00051882
0.000248974
0.000674374
0.000250779
0.000822137
0.000247488
0.000959979
0.000239862
0.00108666
0.000228822
0.0012016
0.000215297
0.0013047
0.000200132
0.00139619
0.000184041
0.0014765
0.000167591
0.00154618
0.000151208
0.00160584
0.000135196
0.00165609
0.000119756
0.00169753
0.000105007
0.00173069
9.1011e-05
0.0017561
7.77859e-05
0.00177418
6.53229e-05
0.00178536
5.35969e-05
0.00178997
4.25745e-05
0.00178835
3.22214e-05
0.00178078
2.25038e-05
0.00176761
1.33794e-05
0.00174915
4.84969e-06
0.00172555
-3.03882e-06
0.00169696
-1.03472e-05
0.00166363
-1.7177e-05
0.00162579
-2.36197e-05
0.00158365
-2.98143e-05
0.00153731
-3.60263e-05
0.00148671
-4.27551e-05
0.0014314
-5.09112e-05
0.00137031
-6.21323e-05
0.00130123
-7.93521e-05
0.00121994
-0.00010789
0.00111885
-0.00015749
0.000984962
-0.00024637
0.00079931
-0.000408808
0.000541166
-0.000705296
0.000229438
-0.00127085
-0.00203109
-0.000223967
0.000501564
-0.000284694
0.000344277
-0.000270982
0.000211551
-0.000242534
0.000163097
-0.000199556
0.000132549
-0.000136055
0.000108864
-5.02647e-05
9.44156e-05
5.72766e-05
8.79793e-05
0.000183352
8.70318e-05
0.000323349
8.92133e-05
0.000472373
9.26502e-05
0.000625409
9.59373e-05
0.000778091
9.80968e-05
0.000926933
9.86464e-05
0.00106933
9.74614e-05
0.00120349
9.46615e-05
0.00132828
9.05067e-05
0.0014431
8.53123e-05
0.00154775
7.93925e-05
0.00164231
7.30287e-05
0.00172707
6.64546e-05
0.00180241
5.98529e-05
0.00186881
5.33587e-05
0.00192675
4.70657e-05
0.00197673
4.1035e-05
0.00201921
3.5303e-05
0.00205464
2.98877e-05
0.00208345
2.47949e-05
0.002106
2.00226e-05
0.00212266
1.55644e-05
0.00213375
1.14121e-05
0.00213957
7.55457e-06
0.00214044
3.97733e-06
0.00213673
6.77973e-07
0.00212872
-2.3405e-06
0.00211664
-5.09559e-06
0.00210066
-7.63669e-06
0.00208089
-1.00441e-05
0.00205732
-1.24589e-05
0.0020297
-1.51347e-05
0.00199731
-1.85218e-05
0.00195859
-2.34093e-05
0.00191041
-3.11779e-05
0.00184675
-4.42262e-05
0.0017561
-6.68413e-05
0.00161637
-0.000106643
0.00138895
-0.000181389
0.00101736
-0.000333708
0.000489561
-0.000743043
-0.00154153
0.000501564
0.00084584
0.00105739
0.00122049
0.00135304
0.0014619
0.00155632
0.0016443
0.00173133
0.00182054
0.00191319
0.00200913
0.00210723
0.00220587
0.00230333
0.00239799
0.0024885
0.00257381
0.00265321
0.00272623
0.00279269
0.00285254
0.0029059
0.00295297
0.002994
0.0030293
0.00305919
0.00308399
0.00310401
0.00311957
0.00313099
0.00313854
0.00314252
0.0031432
0.00314086
0.00313576
0.00312812
0.00311808
0.00310562
0.00309049
0.00307196
0.00304855
0.00301738
0.00297315
0.00290631
0.00279967
0.00261828
0.00228457
0.00154153
)
;

boundaryField
{
    movingWall
    {
        type            calculated;
        value           uniform 0;
    }
    fixedWalls
    {
        type            calculated;
        value           uniform 0;
    }
    frontAndBack
    {
        type            empty;
        value           nonuniform 0();
    }
}


// ************************************************************************* //
