/*--------------------------------*- C++ -*----------------------------------*\
  =========                 |
  \\      /  F ield         | OpenFOAM: The Open Source CFD Toolbox
   \\    /   O peration     | Website:  https://openfoam.org
    \\  /    A nd           | Version:  7
     \\/     M anipulation  |
\*---------------------------------------------------------------------------*/
FoamFile
{
    version     2.0;
    format      ascii;
    class       surfaceScalarField;
    location    "1600";
    object      phi;
}
// * * * * * * * * * * * * * * * * * * * * * * * * * * * * * * * * * * * * * //

dimensions      [0 3 -1 0 0 0 0];

internalField   nonuniform List<scalar> 
4900
(
1.7004e-06
-1.70316e-06
6.22426e-06
-4.52385e-06
1.17167e-05
-5.49241e-06
1.65025e-05
-4.78584e-06
1.97498e-05
-3.24733e-06
2.13888e-05
-1.63905e-06
2.17673e-05
-3.78486e-07
2.12617e-05
5.0553e-07
2.00153e-05
1.24634e-06
1.78641e-05
2.15113e-06
1.4415e-05
3.4491e-06
9.18103e-06
5.23393e-06
1.67114e-06
7.50985e-06
-8.56665e-06
1.02377e-05
-2.18817e-05
1.3315e-05
-3.84368e-05
1.65551e-05
-5.81361e-05
1.96993e-05
-8.05438e-05
2.24077e-05
-0.000104822
2.42776e-05
-0.000129712
2.48906e-05
-0.000153588
2.3876e-05
-0.000174563
2.09746e-05
-0.000190654
1.60916e-05
-0.000199988
9.33409e-06
-0.000201045
1.0563e-06
-0.000192882
-8.16244e-06
-0.000175257
-1.76251e-05
-0.000148692
-2.65656e-05
-0.000114481
-3.42112e-05
-7.46496e-05
-3.9831e-05
-3.18507e-05
-4.27989e-05
1.08002e-05
-4.26509e-05
5.00466e-05
-3.92464e-05
8.30377e-05
-3.29912e-05
0.000107598
-2.45606e-05
0.000122465
-1.48665e-05
0.000127524
-5.05922e-06
0.000123859
3.6655e-06
0.000113466
1.03922e-05
9.87395e-05
1.47268e-05
8.20209e-05
1.67186e-05
6.52479e-05
1.6773e-05
4.97655e-05
1.54823e-05
3.63076e-05
1.34579e-05
2.51013e-05
1.12063e-05
1.60385e-05
9.06279e-06
8.89239e-06
7.14607e-06
3.59372e-06
5.29865e-06
5.04985e-07
3.08872e-06
5.04982e-07
4.47521e-06
-6.17836e-06
1.38491e-05
-1.38977e-05
2.43109e-05
-1.59543e-05
3.28991e-05
-1.33741e-05
3.80017e-05
-8.34994e-06
3.92281e-05
-2.86558e-06
3.68603e-05
1.98926e-06
3.1205e-05
6.16073e-06
2.21542e-05
1.0297e-05
9.08001e-06
1.52252e-05
-9.0146e-06
2.15436e-05
-3.32303e-05
2.94496e-05
-6.44668e-05
3.87463e-05
-0.000103164
4.89344e-05
-0.000149091
5.92423e-05
-0.000201189
6.86528e-05
-0.00025751
7.60206e-05
-0.000315345
8.02425e-05
-0.000371497
8.0429e-05
-0.000422629
7.60234e-05
-0.000465604
6.68512e-05
-0.000497743
5.3113e-05
-0.000516993
3.53412e-05
-0.000522013
1.43544e-05
-0.000512257
-8.6994e-06
-0.000487817
-3.26029e-05
-0.00044933
-5.61117e-05
-0.000398004
-7.78922e-05
-0.000335665
-9.65502e-05
-0.000264786
-0.00011071
-0.000188459
-0.000119126
-0.00011026
-0.00012085
-3.40707e-05
-0.000115436
3.60357e-05
-0.000103098
9.63687e-05
-8.48937e-05
0.000144114
-6.26117e-05
0.000177349
-3.8294e-05
0.000195284
-1.42698e-05
0.000198514
7.16162e-06
0.000189139
2.41026e-05
0.000170306
3.55516e-05
0.000145606
4.14722e-05
0.00011845
4.26385e-05
9.16024e-05
4.03056e-05
6.69295e-05
3.58792e-05
4.54183e-05
3.0574e-05
2.74586e-05
2.51058e-05
1.33345e-05
1.94227e-05
3.75521e-06
1.2668e-05
4.26018e-06
5.98745e-06
-1.21658e-05
1.73374e-05
-2.52477e-05
2.88017e-05
-2.74187e-05
3.68224e-05
-2.13948e-05
3.95377e-05
-1.10654e-05
3.6359e-05
3.13034e-07
2.72233e-05
1.11249e-05
1.19233e-05
2.14606e-05
-1.03057e-05
3.25259e-05
-4.07405e-05
4.56599e-05
-8.07407e-05
6.15438e-05
-0.00013123
7.99384e-05
-0.000192272
9.97889e-05
-0.000262765
0.000119427
-0.000340362
0.000136839
-0.000421706
0.000149997
-0.000502881
0.000157195
-0.000579934
0.000157296
-0.000649322
0.000149817
-0.000708181
0.000134882
-0.000754421
0.000113091
-0.000786691
8.53828e-05
-0.000804232
5.28829e-05
-0.000806689
1.68109e-05
-0.000793918
-2.14702e-05
-0.000765941
-6.05801e-05
-0.000723076
-9.89763e-05
-0.000666055
-0.000134914
-0.000596109
-0.000166496
-0.000515086
-0.000191733
-0.000425511
-0.0002087
-0.000330584
-0.000215777
-0.000234087
-0.000211933
-0.000140156
-0.000197029
-5.30195e-05
-0.00017203
2.33576e-05
-0.000138989
8.60038e-05
-0.00010094
0.000133128
-6.13939e-05
0.000163764
-2.34741e-05
0.000178054
9.81172e-06
0.000177539
3.60672e-05
0.00016502
5.39911e-05
0.000144046
6.36121e-05
0.0001183
6.60522e-05
9.10405e-05
6.31384e-05
6.47424e-05
5.6872e-05
4.10642e-05
4.87839e-05
2.12071e-05
3.92797e-05
6.60692e-06
2.72682e-05
1.08671e-05
6.50874e-06
-1.86746e-05
1.75972e-05
-3.63362e-05
2.69526e-05
-3.67742e-05
3.07601e-05
-2.52024e-05
2.72138e-05
-7.51905e-06
1.56203e-05
1.19064e-05
-4.55553e-06
3.13007e-05
-3.43275e-05
5.12325e-05
-7.52186e-05
7.34169e-05
-0.000128705
9.91467e-05
-0.000195519
0.000128357
-0.000275078
0.000159498
-0.000365258
0.000189969
-0.000462572
0.000216741
-0.000562706
0.000236974
-0.000661212
0.000248503
-0.000754113
0.000250096
-0.000838274
0.000241457
-0.000911485
0.000223027
-0.000972331
0.000195728
-0.00101999
0.000160749
-0.00105398
0.000119373
-0.00107394
7.28497e-05
-0.00107955
2.24154e-05
-0.00107041
-3.06096e-05
-0.00104624
-8.47519e-05
-0.00100688
-0.000138338
-0.000952379
-0.000189411
-0.000883162
-0.000235714
-0.000800166
-0.000274729
-0.000705025
-0.000303841
-0.000600225
-0.000320577
-0.000489184
-0.000322974
-0.000376174
-0.000310039
-0.000266031
-0.000282173
-0.00016361
-0.00024141
-7.32265e-05
-0.000191324
1.8486e-06
-0.000136469
6.00418e-05
-8.16674e-05
0.000101049
-3.11958e-05
0.000125126
1.19901e-05
0.000133564
4.55534e-05
0.000128868
6.83078e-05
0.000114336
8.05849e-05
9.35488e-05
8.39251e-05
6.98701e-05
8.05506e-05
4.61158e-05
7.25382e-05
2.4636e-05
6.07596e-05
7.92817e-06
4.3976e-05
1.87953e-05
6.20567e-06
-2.48803e-05
1.4897e-05
-4.50276e-05
1.92091e-05
-4.10864e-05
1.54811e-05
-2.14745e-05
2.16614e-06
5.79584e-06
-2.16197e-05
3.56921e-05
-5.7053e-05
6.67339e-05
-0.00010586
0.000100039
-0.000169665
0.000137221
-0.00024903
0.000178512
-0.000342773
0.000222099
-0.000447875
0.0002646
-0.000559958
0.000302051
-0.000674078
0.000330861
-0.000785559
0.000348454
-0.000890578
0.000353523
-0.000986412
0.000345929
-0.00107134
0.000326389
-0.00114441
0.000296089
-0.00120511
0.000256432
-0.00125323
0.000208871
-0.00128862
0.000154759
-0.0013111
9.53316e-05
-0.00132052
3.18333e-05
-0.00131663
-3.44948e-05
-0.00129908
-0.000102308
-0.00126734
-0.000170074
-0.00122086
-0.000235896
-0.00115911
-0.000297459
-0.00108182
-0.00035202
-0.000989215
-0.000396445
-0.000882397
-0.000427395
-0.000763662
-0.000441709
-0.000636712
-0.000436989
-0.000506616
-0.000412269
-0.000379399
-0.000368626
-0.000261261
-0.000309461
-0.000157502
-0.000240229
-7.16473e-05
-0.000167522
-5.13659e-06
-9.77065e-05
4.25733e-05
-3.57198e-05
7.27273e-05
1.53994e-05
8.69288e-05
5.41062e-05
8.77059e-05
7.98077e-05
7.82676e-05
9.33634e-05
6.2126e-05
9.66922e-05
4.27418e-05
9.19224e-05
2.3409e-05
8.00923e-05
7.60343e-06
5.97815e-05
2.63987e-05
4.89926e-06
-2.97796e-05
8.88353e-06
-4.9012e-05
5.29578e-06
-3.74987e-05
-8.91417e-06
-7.2646e-06
-3.50907e-05
3.19723e-05
-7.43963e-05
7.49977e-05
-0.000128549
0.000120887
-0.000199299
0.000170788
-0.000287202
0.000225125
-0.000390738
0.000282048
-0.000506261
0.000337622
-0.00062871
0.000387049
-0.000752637
0.000425978
-0.000873134
0.000451358
-0.000986396
0.000461717
-0.00108986
0.000456991
-0.00118206
0.000438123
-0.00126226
0.000406593
-0.00133027
0.0003641
-0.00138623
0.000312394
-0.00143048
0.000253113
-0.00146338
0.000187667
-0.00148537
0.000117318
-0.0014968
4.32596e-05
-0.00149776
-3.35272e-05
-0.001488
-0.000112076
-0.00146686
-0.000191206
-0.00143336
-0.000269405
-0.00138609
-0.000344726
-0.00132349
-0.000414624
-0.00124409
-0.000475843
-0.00114701
-0.000524478
-0.00103245
-0.000556265
-0.000902299
-0.00056714
-0.000760513
-0.000554055
-0.000613215
-0.000515925
-0.000468191
-0.000454486
-0.000333704
-0.000374716
-0.000216817
-0.000284408
-0.000121833
-0.00019269
-4.97082e-05
-0.000107845
1.19381e-06
-3.55027e-05
3.34745e-05
2.18255e-05
4.96853e-05
6.35969e-05
5.27854e-05
9.02633e-05
4.6189e-05
0.000103289
3.3599e-05
0.000104512
1.88761e-05
9.48151e-05
6.11486e-06
7.25428e-05
3.25136e-05
2.27622e-06
-3.20558e-05
-9.09139e-07
-4.58267e-05
-1.49955e-05
-2.34124e-05
-4.21753e-05
1.99151e-05
-8.36315e-05
7.34285e-05
-0.000140798
0.000132165
-0.000215376
0.000195465
-0.000308045
0.000263457
-0.000417268
0.000334349
-0.000539104
0.000403884
-0.000668006
0.000466524
-0.00079804
0.000517084
-0.000923938
0.000551876
-0.00104168
0.000569097
-0.0011486
0.00056864
-0.00124323
0.000551624
-0.00132499
0.000519883
-0.00139395
0.000475548
-0.00145067
0.000420824
-0.0014961
0.000357817
-0.00153131
0.000288328
-0.00155746
0.000213818
-0.00157565
0.000135504
-0.0015867
5.43138e-05
-0.00159106
-2.9167e-05
-0.00158872
-0.000114416
-0.00157919
-0.000200741
-0.0015613
-0.000287296
-0.0015332
-0.000372824
-0.00149244
-0.000455383
-0.00143615
-0.000532128
-0.00136143
-0.000599201
-0.00126589
-0.000651801
-0.0011485
-0.000684537
-0.00101042
-0.000692127
-0.000855854
-0.000670493
-0.000692213
-0.000618127
-0.000529546
-0.000537383
-0.00037886
-0.000435094
-0.000249636
-0.000321915
-0.000147352
-0.000210129
-7.24666e-05
-0.000110388
-2.1675e-05
-2.89661e-05
9.34551e-06
3.25764e-05
2.44527e-05
7.51561e-05
2.74304e-05
0.000100311
2.2236e-05
0.000109707
1.30496e-05
0.000104002
4.21395e-06
8.13784e-05
3.67275e-05
-1.91458e-06
-3.01413e-05
-1.46463e-05
-3.30951e-05
-4.13113e-05
3.25256e-06
-8.32012e-05
6.1805e-05
-0.000141328
0.000131555
-0.00021709
0.000207927
-0.000311271
0.000289646
-0.00042259
0.000374776
-0.000547157
0.000458916
-0.000679169
0.000535895
-0.000812238
0.000599593
-0.000940602
0.000645448
-0.00105981
0.000671088
-0.00116691
0.000676193
-0.00126027
0.000661994
-0.00133934
0.0006307
-0.00140446
0.000585003
-0.00145663
0.000527719
-0.00149736
0.000461554
-0.00152841
0.000388864
-0.00155158
0.000311494
-0.00156858
0.000230826
-0.00158091
0.000147829
-0.00158962
6.3022e-05
-0.00159541
-2.33765e-05
-0.00159858
-0.000111244
-0.0015989
-0.000200427
-0.00159543
-0.000290767
-0.00158648
-0.000381768
-0.00156952
-0.000472344
-0.00154111
-0.000560543
-0.00149703
-0.000643279
-0.00143271
-0.000716118
-0.001344
-0.00077325
-0.0012283
-0.00080783
-0.00108589
-0.000812903
-0.000921074
-0.000782941
-0.000742704
-0.000715753
-0.000563525
-0.000614273
-0.000397919
-0.000487521
-0.00025828
-0.000349768
-0.000151373
-0.000217295
-7.68374e-05
-0.000103501
-2.92086e-05
-1.50526e-05
-2.05797e-06
4.80055e-05
9.98484e-06
8.8268e-05
1.17372e-05
0.000107954
7.795e-06
0.000107944
2.60202e-06
8.65713e-05
3.93295e-05
-7.74106e-06
-2.24002e-05
-3.18894e-05
-8.94675e-06
-7.24825e-05
4.38455e-05
-0.000129779
0.000119101
-0.0002046
0.000206377
-0.000297678
0.000301004
-0.000408121
0.000400088
-0.000532423
0.000499078
-0.000664811
0.000591305
-0.000798555
0.000669639
-0.000927341
0.000728379
-0.00104615
0.000764259
-0.00115156
0.000776501
-0.00124169
0.00076632
-0.00131598
0.00073628
-0.00137498
0.000689699
-0.00142011
0.000630139
-0.00145342
0.000561029
-0.00147723
0.000485365
-0.00149386
0.00040549
-0.00150542
0.000323055
-0.00151374
0.00023914
-0.00152021
0.000154304
-0.00152587
6.86802e-05
-0.00153146
-1.77872e-05
-0.00153742
-0.000105284
-0.00154379
-0.000194055
-0.00155017
-0.000284386
-0.00155556
-0.000376378
-0.00155812
-0.000469783
-0.0015549
-0.000563762
-0.00154165
-0.000656527
-0.00151288
-0.00074489
-0.00146231
-0.000823817
-0.00138386
-0.000886282
-0.00127309
-0.000923677
-0.00112906
-0.000926971
-0.000956124
-0.000888688
-0.000764815
-0.000805582
-0.000571027
-0.000681309
-0.000392972
-0.000527823
-0.000246179
-0.000364088
-0.000138388
-0.000211292
-6.76946e-05
-8.5746e-05
-2.58879e-05
6.19882e-06
-4.30495e-06
6.6685e-05
3.87475e-06
9.97747e-05
4.28462e-06
0.000107534
1.71544e-06
8.91405e-05
4.1045e-05
-1.49311e-05
-7.4692e-06
-5.16573e-05
2.77795e-05
-0.000106476
9.86644e-05
-0.000178714
0.000191338
-0.000268721
0.000296384
-0.000375958
0.000408241
-0.000497559
0.00052169
-0.000628129
0.000629648
-0.000760814
0.00072399
-0.000888795
0.000797619
-0.00100641
0.00084599
-0.00110965
0.000867506
-0.00119628
0.000863131
-0.00126565
0.000835683
-0.00131848
0.000789111
-0.0013566
0.000727819
-0.00138254
0.000656085
-0.00139914
0.00057763
-0.00140913
0.000495353
-0.00141488
0.000411234
-0.00141828
0.000326463
-0.00142078
0.000241636
-0.00142336
0.000156881
-0.00142673
7.20541e-05
-0.00143143
-1.30835e-05
-0.00143785
-9.88647e-05
-0.00144624
-0.000185671
-0.00145671
-0.000273909
-0.00146913
-0.000363962
-0.00148277
-0.000456146
-0.00149596
-0.000550566
-0.00150569
-0.0006468
-0.00150722
-0.000743363
-0.001494
-0.000837039
-0.00145802
-0.000922252
-0.00139101
-0.000990691
-0.0012864
-0.00103159
-0.00114193
-0.00103315
-0.000962077
-0.000985433
-0.000759345
-0.000884042
-0.000553298
-0.00073387
-0.000366417
-0.000550969
-0.000217185
-0.000360523
-0.00011333
-0.000189601
-5.01796e-05
-5.6952e-05
-1.63315e-05
3.28369e-05
-1.28533e-06
8.47285e-05
2.75069e-06
0.000103498
1.64898e-06
9.02422e-05
4.26939e-05
-2.29859e-05
1.55167e-05
-7.24406e-05
7.72341e-05
-0.0001407
0.000166924
-0.000226253
0.000276891
-0.000328576
0.000398706
-0.000445543
0.000525209
-0.000572491
0.000648637
-0.000702783
0.000759941
-0.000829266
0.000850472
-0.000945628
0.000913982
-0.00104721
0.000947572
-0.00113126
0.000951561
-0.00119693
0.000928795
-0.00124502
0.000883772
-0.00127768
0.000821775
-0.00129792
0.000748059
-0.00130904
0.000667207
-0.00131416
0.000582745
-0.00131584
0.000497034
-0.001316
0.000411394
-0.00131593
0.000326389
-0.00131639
0.000242096
-0.00131781
0.000158309
-0.00132048
7.47238e-05
-0.0013246
-8.96599e-06
-0.00133039
-9.30725e-05
-0.00133816
-0.0001779
-0.00134833
-0.000263742
-0.00136133
-0.000350966
-0.00137742
-0.000440058
-0.00139638
-0.000531598
-0.00141709
-0.000626094
-0.00143684
-0.000723614
-0.00145071
-0.000823172
-0.00145117
-0.000921793
-0.00142846
-0.0010134
-0.00137199
-0.00108805
-0.0012729
-0.00113224
-0.00112749
-0.00113085
-0.000940599
-0.00107093
-0.000727434
-0.000947035
-0.000512
-0.000766403
-0.00032127
-0.000551253
-0.000175841
-0.000335031
-8.16101e-05
-0.000151183
-2.96118e-05
-1.91615e-05
-5.39046e-06
6.05071e-05
2.49469e-06
9.56127e-05
2.18179e-06
9.05551e-05
4.48757e-05
-3.11637e-05
4.66803e-05
-9.24267e-05
0.000138497
-0.00017242
0.000246918
-0.000268673
0.000373144
-0.00037953
0.000509563
-0.000501307
0.000646986
-0.000628013
0.000775343
-0.000752472
0.0008844
-0.000867841
0.00096584
-0.000968732
0.00101487
-0.00105176
0.0010306
-0.00111566
0.00101546
-0.00116116
0.000974293
-0.00119059
0.000913203
-0.00120734
0.000838523
-0.00121515
0.000755873
-0.00121751
0.000669569
-0.00121721
0.000582445
-0.00121619
0.000496005
-0.00121557
0.000410778
-0.0012159
0.000326716
-0.0012173
0.000243502
-0.00121974
0.000160748
-0.00122313
7.81137e-05
-0.00122743
-4.67168e-06
-0.00123269
-8.78056e-05
-0.00123916
-0.000171435
-0.00124723
-0.000255669
-0.00125749
-0.000340703
-0.00127067
-0.000426879
-0.00128752
-0.000514754
-0.00130849
-0.000605118
-0.00133318
-0.00069893
-0.00135939
-0.000796961
-0.00138224
-0.000898937
-0.00139346
-0.00100218
-0.0013815
-0.00110002
-0.00133318
-0.00118056
-0.00123717
-0.00122686
-0.00108859
-0.0012195
-0.000893444
-0.00114218
-0.000670663
-0.000989184
-0.000449623
-0.000772293
-0.000261709
-0.000522944
-0.000127792
-0.0002851
-4.91502e-05
-9.78034e-05
-1.12722e-05
2.26291e-05
2.16037e-06
8.21802e-05
2.88158e-06
8.98339e-05
4.77573e-05
-3.85895e-05
8.52698e-05
-0.000109887
0.000209795
-0.000199149
0.00033618
-0.000302836
0.00047683
-0.00041809
0.000624817
-0.000539957
0.000768853
-0.000661694
0.000897081
-0.000776185
0.000998891
-0.000877348
0.001067
-0.000961016
0.00109854
-0.0010253
0.00109488
-0.00107057
0.00106073
-0.00109912
0.00100285
-0.00111457
0.000928652
-0.00112104
0.000844992
-0.00112238
0.000757215
-0.00112164
0.000668826
-0.00112082
0.000581624
-0.00112097
0.000496159
-0.00112244
0.00041225
-0.00112515
0.000329423
-0.00112882
0.000247171
-0.00113316
0.000165087
-0.00113793
8.28878e-05
-0.001143
3.99201e-07
-0.00114835
-8.24584e-05
-0.00115408
-0.000165705
-0.00116043
-0.000249321
-0.00116781
-0.000333321
-0.00117689
-0.000417799
-0.00118862
-0.000503021
-0.00120417
-0.000589569
-0.00122462
-0.000678481
-0.00125035
-0.000771231
-0.00127995
-0.000869338
-0.00130878
-0.000973358
-0.00132773
-0.00108106
-0.00132329
-0.001185
-0.00127957
-0.00127058
-0.00118283
-0.00131625
-0.00102756
-0.00129745
-0.000822177
-0.00119457
-0.000591058
-0.00100341
-0.000369985
-0.000744018
-0.000193733
-0.000461351
-7.99903e-05
-0.000211546
-2.19459e-05
-3.54152e-05
2.49483e-07
5.99848e-05
3.27373e-06
8.68097e-05
5.1031e-05
-4.44957e-05
0.000129765
-0.000123392
0.000288691
-0.000218971
0.000431759
-0.000326559
0.000584418
-0.000442218
0.000740476
-0.000560137
0.000886772
-0.000673367
0.00101031
-0.000775315
0.00110084
-0.000860973
0.00115266
-0.000927596
0.00116517
-0.000974897
0.00114218
-0.00100483
0.00109066
-0.00102099
0.001019
-0.00102774
0.000935409
-0.00102931
0.000846554
-0.00102902
0.000756927
-0.00102904
0.000668851
-0.00103043
0.000583011
-0.00103341
0.000499135
-0.00103774
0.00041658
-0.00104301
0.000334694
-0.00104882
0.000252982
-0.00105486
0.00017113
-0.00106094
8.89608e-05
-0.00106693
6.39829e-06
-0.00107283
-7.65631e-05
-0.00107865
-0.000159889
-0.00108445
-0.000243516
-0.00109041
-0.000327361
-0.00109687
-0.000411343
-0.00110444
-0.00049545
-0.00111413
-0.000579875
-0.0011274
-0.000665212
-0.00114595
-0.000752682
-0.00117102
-0.000844265
-0.001202
-0.000942384
-0.00123445
-0.0010486
-0.00125842
-0.00116104
-0.00125811
-0.00127089
-0.00121461
-0.00135975
-0.00111201
-0.00140005
-0.000945508
-0.00136107
-0.000728109
-0.00122081
-0.000491759
-0.000980368
-0.000279075
-0.000674034
-0.00012536
-0.000365261
-3.96775e-05
-0.000121098
-4.39067e-06
2.46981e-05
3.03237e-06
7.93866e-05
5.40634e-05
-4.83113e-05
0.000178077
-0.000131956
0.000372335
-0.000230704
0.000530508
-0.000338754
0.000692468
-0.000451326
0.000853048
-0.000562193
0.000997639
-0.000664648
0.00111277
-0.000752948
0.00118914
-0.000823351
0.00122306
-0.000874611
0.00121642
-0.000907968
0.00117554
-0.000926679
0.00110937
-0.000935142
0.00102747
-0.000937854
0.00093812
-0.000938513
0.000847214
-0.000939551
0.000757964
-0.000942123
0.000671423
-0.000946432
0.000587319
-0.000952145
0.000504848
-0.000958755
0.00042319
-0.000965801
0.00034174
-0.000972957
0.000260138
-0.000980035
0.000178208
-0.000986951
9.58775e-05
-0.000993687
1.31343e-05
-0.00100025
-7.00043e-05
-0.00100663
-0.000153506
-0.00101282
-0.000237323
-0.00101881
-0.000321367
-0.00102464
-0.000405512
-0.00103048
-0.000489612
-0.0010368
-0.000573557
-0.00104459
-0.000657425
-0.00105551
-0.000741761
-0.00107179
-0.00082798
-0.00109551
-0.000918663
-0.00112688
-0.00101724
-0.00116159
-0.00112633
-0.00118829
-0.00124419
-0.00118832
-0.00135971
-0.00113963
-0.00144874
-0.00102505
-0.00147565
-0.000842631
-0.00140323
-0.000613006
-0.00120999
-0.000377926
-0.000909114
-0.000185674
-0.000557513
-6.59162e-05
-0.000240856
-1.23347e-05
-2.88833e-05
2.04193e-06
6.50101e-05
5.61054e-05
-4.97067e-05
0.000227783
-0.000135089
0.000457717
-0.000233924
0.000629343
-0.000339353
0.000797897
-0.000446041
0.000959736
-0.000547745
0.00109934
-0.000638332
0.00120335
-0.000713105
0.00126391
-0.000769652
0.00127961
-0.000808147
0.00125492
-0.000831105
0.0011985
-0.000842633
0.0011209
-0.000847351
0.00103219
-0.000849323
0.000940093
-0.000851366
0.000849256
-0.000854891
0.000761489
-0.000860188
0.000676721
-0.0008669
0.000594032
-0.000874455
0.000512403
-0.000882343
0.000431078
-0.000890226
0.000349623
-0.000897938
0.00026785
-0.000905439
0.000185708
-0.000912757
0.000103195
-0.000919943
2.03201e-05
-0.000927039
-6.29086e-05
-0.000934057
-0.000146488
-0.000940975
-0.000230406
-0.000947719
-0.000314623
-0.000954177
-0.000399055
-0.000960233
-0.000483555
-0.000965883
-0.000567908
-0.000971422
-0.000651886
-0.000977742
-0.000735441
-0.000986651
-0.000819071
-0.00100092
-0.000904398
-0.00102345
-0.000994699
-0.00105514
-0.00109465
-0.00109131
-0.00120802
-0.00111851
-0.0013325
-0.00111451
-0.00145275
-0.0010541
-0.00153607
-0.000920613
-0.00153671
-0.000718597
-0.00141201
-0.000480242
-0.00114747
-0.000258235
-0.00077952
-0.000101484
-0.000397606
-2.37465e-05
-0.000106621
3.09211e-07
4.09544e-05
5.64146e-05
-4.85951e-05
0.000276379
-0.000132761
0.000541883
-0.000228865
0.000725447
-0.000329102
0.000898134
-0.000427865
0.0010585
-0.00051921
0.00119069
-0.000597796
0.00128194
-0.000660046
0.00132616
-0.000704814
0.00132438
-0.000733473
0.00128358
-0.000749419
0.00121445
-0.000757099
0.00112858
-0.000760842
0.00103593
-0.000763926
0.000943177
-0.000768178
0.000853508
-0.00077413
0.000767441
-0.000781496
0.000684087
-0.000789679
0.000602214
-0.00079812
0.000520845
-0.000806457
0.000439415
-0.00081453
0.000357696
-0.000822327
0.000275648
-0.000829914
0.000193295
-0.000837381
0.000110663
-0.000844813
2.77524e-05
-0.000852274
-5.54482e-05
-0.000859791
-0.00013897
-0.000867359
-0.000222838
-0.000874918
-0.000307064
-0.000882342
-0.000391631
-0.000889438
-0.000476459
-0.000895965
-0.00056138
-0.000901737
-0.000646115
-0.000906857
-0.00073032
-0.000912133
-0.000813795
-0.000919545
-0.000896986
-0.000932404
-0.00098184
-0.000954435
-0.00107262
-0.000986937
-0.00117552
-0.00102413
-0.00129531
-0.00104918
-0.0014277
-0.00103531
-0.00154993
-0.000955168
-0.00161686
-0.000796118
-0.00157106
-0.000574311
-0.00136928
-0.000337219
-0.00101661
-0.000146119
-0.000588706
-3.90034e-05
-0.000213737
-2.30589e-06
4.25682e-06
5.41086e-05
-4.50958e-05
0.000321474
-0.000125314
0.000622101
-0.000216258
0.000816391
-0.000309299
0.000991175
-0.000398801
0.001148
-0.000479348
0.00127123
-0.000546492
0.00134908
-0.000597745
0.00137741
-0.000633048
0.00135968
-0.000654647
0.00130518
-0.000666382
0.00122618
-0.000672579
0.00113478
-0.000676933
0.00104028
-0.000681808
0.000948052
-0.000688157
0.000859856
-0.0006959
0.000775185
-0.00070448
0.000692667
-0.000713303
0.000611037
-0.000721962
0.000529504
-0.000730282
0.000447735
-0.000738258
0.000365673
-0.000745977
0.000283367
-0.000753554
0.000200872
-0.0007611
0.000118208
-0.000768698
3.53507e-05
-0.000776413
-4.77333e-05
-0.000784279
-0.000131104
-0.000792305
-0.000214811
-0.000800467
-0.000298902
-0.000808685
-0.000383412
-0.000816804
-0.000468341
-0.000824566
-0.000553619
-0.000831621
-0.000639059
-0.000837631
-0.000724311
-0.000842537
-0.000808888
-0.000847086
-0.000892438
-0.000853499
-0.000975427
-0.000865768
-0.00106035
-0.000888418
-0.00115287
-0.000922586
-0.00126114
-0.000959966
-0.00139032
-0.000978686
-0.00153121
-0.000947147
-0.0016484
-0.00083838
-0.00167983
-0.000649525
-0.00155813
-0.000414638
-0.0012515
-0.00019777
-0.000805573
-5.87634e-05
-0.000352743
-5.87523e-06
-4.86314e-05
4.82334e-05
-3.94814e-05
0.000360956
-0.000113347
0.000695967
-0.000197142
0.000900186
-0.000281537
0.00107557
-0.00036104
0.00122751
-0.000430901
0.0013411
-0.000487585
0.00140577
-0.000529563
0.00141939
-0.000557607
0.00138773
-0.000574472
0.00132204
-0.000584037
0.00123575
-0.000590172
0.00114091
-0.000595782
0.00104589
-0.000602386
0.000954656
-0.000610286
0.000867757
-0.000619078
0.000783976
-0.000628164
0.000701754
-0.000637085
0.000619958
-0.000645622
0.00053804
-0.000653756
0.000455869
-0.000661583
0.000373499
-0.000669231
0.000291015
-0.000676825
0.000208466
-0.000684465
0.000125847
-0.000692222
4.31079e-05
-0.00070015
-3.98049e-05
-0.00070828
-0.000122974
-0.000716629
-0.000206463
-0.000725193
-0.000290338
-0.000733938
-0.000374667
-0.000742775
-0.000459505
-0.000751525
-0.000544869
-0.000759886
-0.000630698
-0.00076742
-0.000716777
-0.000773645
-0.000802663
-0.000778373
-0.000887709
-0.000782394
-0.000971407
-0.000788361
-0.00105438
-0.00080111
-0.00114012
-0.000825782
-0.00123647
-0.000862319
-0.00135378
-0.000897839
-0.00149569
-0.000903588
-0.00164265
-0.000844151
-0.00173926
-0.0006986
-0.00170368
-0.000482253
-0.00146785
-0.00025235
-0.00103548
-8.31735e-05
-0.00052192
-1.03786e-05
-0.000121426
3.78548e-05
-3.21235e-05
0.000393079
-9.76077e-05
0.000761451
-0.000172705
0.000975283
-0.000247484
0.00115035
-0.000316708
0.00129673
-0.000376354
0.00140074
-0.000423738
0.00145315
-0.000458111
0.00145376
-0.000480783
0.0014104
-0.000494668
0.00133593
-0.000503367
0.00124444
-0.000510109
0.00114766
-0.000517014
0.0010528
-0.000524927
0.000962569
-0.000533752
0.000876582
-0.000542978
0.000793202
-0.000552105
0.000710881
-0.000560849
0.000628701
-0.000569148
0.000546339
-0.000577086
0.000463808
-0.000584802
0.000381215
-0.000592431
0.000298645
-0.000600084
0.000216119
-0.000607844
0.000133607
-0.000615769
5.10334e-05
-0.000623905
-3.16695e-05
-0.000632273
-0.000114605
-0.000640891
-0.000197845
-0.000649761
-0.000281467
-0.000658872
-0.000365556
-0.00066818
-0.000450196
-0.00067759
-0.000535459
-0.000686907
-0.000621381
-0.000695782
-0.000707902
-0.000703686
-0.000794759
-0.000710019
-0.000881376
-0.000714528
-0.000966897
-0.0007182
-0.00105071
-0.000724397
-0.00113392
-0.000739024
-0.00122184
-0.000767365
-0.00132544
-0.000806166
-0.00145689
-0.000835015
-0.0016138
-0.000817416
-0.00175686
-0.000718649
-0.00180245
-0.000533462
-0.00165303
-0.00030458
-0.00126436
-0.000111226
-0.000715274
-1.58198e-05
-0.000216832
2.2035e-05
-2.34461e-05
0.000416525
-7.89014e-05
0.000816906
-0.000144144
0.00104053
-0.000208728
0.00121493
-0.000267711
0.00135571
-0.000317792
0.00145082
-0.000357038
0.0014924
-0.000385264
0.00148199
-0.000404036
0.00142917
-0.000416138
0.00134803
-0.000424679
0.00125299
-0.000432191
0.00115517
-0.000440115
0.00106072
-0.000448826
0.00097128
-0.000458038
0.000885794
-0.000467276
0.00080244
-0.000476188
0.000719793
-0.000484645
0.000637158
-0.000492695
0.000554389
-0.00050047
0.000471583
-0.000508116
0.000388862
-0.000515756
0.000306284
-0.000523481
0.000223845
-0.000531365
0.00014149
-0.000539457
5.91257e-05
-0.000547798
-2.33284e-05
-0.000556405
-0.000105998
-0.000565289
-0.000188962
-0.000574452
-0.000272304
-0.000583887
-0.000356122
-0.000593571
-0.000440512
-0.000603454
-0.000525575
-0.000613429
-0.000611406
-0.000623276
-0.000698055
-0.000632591
-0.000785444
-0.000640751
-0.000873217
-0.000647048
-0.000960599
-0.000651267
-0.00104649
-0.000654873
-0.00113032
-0.000662362
-0.00121436
-0.000680755
-0.00130705
-0.000714101
-0.00142354
-0.000752677
-0.00157522
-0.000765637
-0.0017439
-0.000710962
-0.00185713
-0.000564426
-0.00179957
-0.000349417
-0.00147937
-0.000140921
-0.00092377
-2.20966e-05
-0.000335657
-6.16679e-08
-1.389e-05
0.000430415
-5.80262e-05
0.000861043
-0.000112585
0.00109508
-0.000166684
0.00126903
-0.000215652
0.00140468
-0.000256866
0.00149204
-0.000289012
0.00152454
-0.000312262
0.00150524
-0.000328192
0.0014451
-0.000339237
0.00135908
-0.000347908
0.00126166
-0.000356068
0.00116333
-0.000364625
0.00106928
-0.000373669
0.000980324
-0.00038287
0.000894996
-0.000391859
0.000811429
-0.000400431
0.000728365
-0.000408569
0.000645297
-0.000416381
0.000562201
-0.000424012
0.000479214
-0.000431597
0.000396447
-0.00043924
0.000313928
-0.000447022
0.000231627
-0.000455007
0.000149475
-0.000463248
6.73668e-05
-0.000471786
-1.47899e-05
-0.000480635
-9.71488e-05
-0.000489803
-0.000179794
-0.000499284
-0.000262823
-0.000509068
-0.000346337
-0.000519136
-0.000430444
-0.000529455
-0.000515256
-0.000539966
-0.000600895
-0.000550541
-0.00068748
-0.000560922
-0.000775064
-0.000570626
-0.000863512
-0.000578919
-0.000952306
-0.000585032
-0.00104037
-0.000588982
-0.00112637
-0.00059314
-0.0012102
-0.000603581
-0.00129661
-0.000627974
-0.00139915
-0.000666248
-0.00153695
-0.000697593
-0.00171256
-0.000679882
-0.00187484
-0.000574304
-0.00190515
-0.000383143
-0.00167053
-0.000169681
-0.00113723
-2.94193e-05
-0.000475919
-2.94809e-05
-3.87511e-06
0.00043429
-3.57469e-05
0.000892914
-7.90375e-05
0.00113838
-0.000122555
0.00131255
-0.00016182
0.00144395
-0.000194812
0.00152503
-0.000220704
0.00155043
-0.000239847
0.00152439
-0.000253628
0.00145888
-0.000263997
0.00136944
-0.000272824
0.00127048
-0.000281385
0.00117189
-0.000290195
0.00107809
-0.000299203
0.000989332
-0.000308122
0.000903915
-0.000316708
0.000820015
-0.000324875
0.000736531
-0.000332679
0.000653101
-0.00034025
0.000569772
-0.000347727
0.000486691
-0.000355227
0.000403947
-0.000362842
0.000321543
-0.000370642
0.000239427
-0.000378692
0.000157525
-0.000387053
7.57278e-05
-0.000395771
-6.07145e-06
-0.000404863
-8.80572e-05
-0.000414331
-0.000170326
-0.000424164
-0.000252989
-0.000434345
-0.000336156
-0.00044485
-0.000419939
-0.000455652
-0.000504454
-0.000466707
-0.000589839
-0.000477941
-0.000676246
-0.000489191
-0.000763813
-0.000500134
-0.000852569
-0.000510185
-0.000942255
-0.000518494
-0.00103207
-0.000524325
-0.00112054
-0.000528265
-0.00120626
-0.000534232
-0.00129064
-0.00055017
-0.00138321
-0.000582433
-0.00150468
-0.000621509
-0.00167348
-0.000631414
-0.00186493
-0.00056481
-0.00197175
-0.000403872
-0.00183147
-0.000195065
-0.00134604
-3.78514e-05
-0.000633133
-6.73324e-05
6.06123e-06
0.000428229
-1.2732e-05
0.000911708
-4.43916e-05
0.00117004
-7.73305e-05
0.00134549
-0.000107213
0.00147383
-0.000132515
0.00155033
-0.000152784
0.0015707
-0.000168403
0.00154
-0.000180438
0.00147091
-0.000190272
0.00137928
-0.000199148
0.00127936
-0.000207836
0.00118058
-0.000216581
0.00108683
-0.000225282
0.000998032
-0.000233737
0.00091237
-0.000241822
0.0008281
-0.000249539
0.000744248
-0.000256983
0.000660545
-0.000264287
0.000577075
-0.000271573
0.000493978
-0.000278946
0.00041132
-0.000286486
0.000329083
-0.00029426
0.000247201
-0.000302332
0.000165597
-0.000310777
8.41731e-05
-0.000319651
2.80214e-06
-0.000328978
-7.87295e-05
-0.00033876
-0.000160545
-0.000348975
-0.000242774
-0.0003596
-0.000325531
-0.000370606
-0.000408932
-0.000381965
-0.000493096
-0.000393638
-0.000578166
-0.000405571
-0.000664313
-0.000417659
-0.000751725
-0.000429686
-0.000840542
-0.000441235
-0.000930707
-0.000451587
-0.00102171
-0.000459805
-0.00111232
-0.000465414
-0.00120065
-0.000470175
-0.00128588
-0.000480286
-0.0013731
-0.000504803
-0.00148017
-0.000543966
-0.00163432
-0.000571948
-0.00183695
-0.000539374
-0.00200433
-0.000411505
-0.00195934
-0.000215308
-0.00154223
-4.69689e-05
-0.000801472
-0.000114301
1.53107e-05
0.000412918
1.03784e-05
0.00091664
-9.38338e-06
0.0011898
-3.18238e-05
0.00136793
-5.25914e-05
0.0014946
-7.0589e-05
0.00156833
-8.56435e-05
0.00158576
-9.80755e-05
0.00155244
-0.000108548
0.00148139
-0.000117845
0.00138858
-0.000126608
0.00128812
-0.000135179
0.00118915
-0.000143613
0.00109527
-0.000151812
0.00100623
-0.000159678
0.000920235
-0.000167187
0.00083561
-0.000174405
0.000751466
-0.000181446
0.000667587
-0.000188434
0.000584063
-0.000195477
0.000501021
-0.000202668
0.000418511
-0.000210083
0.000336498
-0.000217786
0.000254905
-0.000225842
0.000173653
-0.000234332
9.26632e-05
-0.000243331
1.18019e-05
-0.000252882
-6.9179e-05
-0.000262981
-0.000150445
-0.0002736
-0.000232156
-0.000284706
-0.000314425
-0.000296272
-0.000397367
-0.000308263
-0.000481104
-0.000320646
-0.000565783
-0.000333373
-0.000651587
-0.000346364
-0.000738733
-0.000359469
-0.000827437
-0.000372389
-0.000917787
-0.000384578
-0.00100952
-0.000395184
-0.00110171
-0.000403303
-0.00119253
-0.000409168
-0.00128001
-0.000416612
-0.00136566
-0.000434451
-0.00146233
-0.000469451
-0.00159932
-0.000507233
-0.00179917
-0.000502195
-0.00200937
-0.000407312
-0.00205422
-0.000229543
-0.00172
-5.62312e-05
-0.000974784
-0.000170532
2.34516e-05
0.000389467
3.28478e-05
0.000907244
2.53917e-05
0.00119725
1.3295e-05
0.00138002
1.43858e-06
0.00150645
-9.46165e-06
0.00157923
-1.94976e-05
0.00159579
-2.887e-05
0.00156181
-3.78027e-05
0.00149032
-4.6474e-05
0.00139725
-5.49568e-05
0.0012966
-6.32154e-05
0.00119741
-7.11612e-05
0.00110321
-7.87262e-05
0.0010138
-8.59069e-05
0.000927416
-9.27707e-05
0.000842474
-9.9429e-05
0.000758125
-0.000106005
0.000674162
-0.000112611
0.000590669
-0.000119347
0.000507757
-0.000126295
0.000425459
-0.000133532
0.000343734
-0.000141122
0.000262495
-0.000149127
0.000181658
-0.000157628
0.000101164
-0.000166724
2.08986e-05
-0.000176482
-5.94212e-05
-0.000186895
-0.000140032
-0.000197925
-0.000221126
-0.000209536
-0.000302813
-0.000221704
-0.000385198
-0.000234399
-0.000468409
-0.000247585
-0.000552598
-0.000261215
-0.000637957
-0.000275221
-0.000724727
-0.000289486
-0.000813171
-0.000303787
-0.000903486
-0.000317715
-0.000995597
-0.000330579
-0.00108885
-0.000341442
-0.00118167
-0.000349729
-0.00127173
-0.000357217
-0.00135817
-0.00037083
-0.00144872
-0.000400332
-0.00156982
-0.00044172
-0.00175778
-0.000457438
-0.00199365
-0.000393385
-0.00211827
-0.000237693
-0.0018757
-6.49564e-05
-0.00114752
-0.000235489
3.02046e-05
0.000359262
5.38819e-05
0.000883566
5.93482e-05
0.00119179
5.76027e-05
0.00138177
5.44445e-05
0.00150961
5.05205e-05
0.00158315
4.54901e-05
0.00160082
3.92402e-05
0.00156806
3.19649e-05
0.0014976
2.40675e-05
0.00140514
1.60187e-05
0.00130465
8.21235e-06
0.00120521
8.71782e-07
0.00111055
-5.96239e-06
0.00102063
-1.23781e-05
0.000933832
-1.85217e-05
0.000848617
-2.45446e-05
0.000764148
-3.05767e-05
0.000680194
-3.67241e-05
0.000596817
-4.30767e-05
0.00051411
-4.97156e-05
0.000432099
-5.67183e-05
0.000350737
-6.41582e-05
0.000269935
-7.20995e-05
0.000189599
-8.06127e-05
0.000109678
-8.97871e-05
3.00734e-05
-9.97188e-05
-4.94893e-05
-0.000110413
-0.000129337
-0.000121835
-0.000209704
-0.000133954
-0.000290693
-0.000146755
-0.000372398
-0.00016021
-0.000454953
-0.000174283
-0.000538525
-0.000188925
-0.000623315
-0.000204074
-0.000709579
-0.000219627
-0.000797618
-0.000235406
-0.000887707
-0.000251092
-0.000979911
-0.000266146
-0.00107379
-0.000279755
-0.00116806
-0.000291072
-0.00126041
-0.000300493
-0.00134875
-0.000312583
-0.00143662
-0.000337291
-0.00154511
-0.00037842
-0.00171665
-0.000408745
-0.00196332
-0.00037214
-0.00215488
-0.00024026
-0.00200758
-7.2566e-05
-0.00131521
-0.000308055
3.53579e-05
0.000323904
7.27964e-05
0.000846128
9.17549e-05
0.00117283
0.000100582
0.00137294
0.000106065
0.00150413
0.000109132
0.00158009
0.000109239
0.00160072
0.000106314
0.00157098
0.000100917
0.00150299
9.39873e-05
0.00141207
8.6516e-05
0.00131212
7.92558e-05
0.00121247
7.25832e-05
0.00111723
6.65356e-05
0.00102668
6.09497e-05
0.000939418
5.56037e-05
0.000853963
5.03038e-05
0.000769448
4.49067e-05
0.000685592
3.93078e-05
0.000602416
3.34205e-05
0.000519997
2.71625e-05
0.000438357
2.04514e-05
0.000357448
1.32045e-05
0.000277182
5.34397e-06
0.00019746
-3.19893e-06
0.000118221
-1.24775e-05
3.93522e-05
-2.25512e-05
-3.94154e-05
-3.34627e-05
-0.000118426
-4.52255e-05
-0.000197941
-5.7832e-05
-0.000278087
-7.12721e-05
-0.000358958
-8.55259e-05
-0.0004407
-0.000100557
-0.000523494
-0.000116315
-0.000607556
-0.000132735
-0.000693159
-0.000149719
-0.000780634
-0.000167114
-0.000870312
-0.000184661
-0.000962363
-0.000201935
-0.00105652
-0.000218278
-0.00115172
-0.000232856
-0.00124583
-0.00024534
-0.00133627
-0.000258246
-0.00142372
-0.000279994
-0.00152336
-0.00031909
-0.00167755
-0.000359007
-0.00192341
-0.000345939
-0.00216794
-0.00023812
-0.00211539
-7.87322e-05
-0.0014746
-0.000386787
3.87732e-05
0.000285131
8.89893e-05
0.000795912
0.000121894
0.00113992
0.000141724
0.00135311
0.000155913
0.00148994
0.000166074
0.00156992
0.000171588
0.0015952
0.000172343
0.00157023
0.000169165
0.00150617
0.000163464
0.00141778
0.000156725
0.00131886
0.000150077
0.00121912
0.000144095
0.00112321
0.000138857
0.00103192
0.000134148
0.000944126
0.000129677
0.000858434
0.000125198
0.000773927
0.000120541
0.000690249
0.000115592
0.000607365
0.000110263
0.000525327
0.000104466
0.000444153
9.81128e-05
0.000363802
9.111e-05
0.000284185
8.33754e-05
0.000205194
7.48658e-05
0.000126731
6.55565e-05
4.86617e-05
5.53985e-05
-2.92573e-05
4.42951e-05
-0.000107322
3.21936e-05
-0.000185839
1.9077e-05
-0.00026497
4.95196e-06
-0.000344833
-1.01612e-05
-0.000425586
-2.62289e-05
-0.000507426
-4.32013e-05
-0.000590584
-6.10103e-05
-0.00067535
-7.95633e-05
-0.000762081
-9.87224e-05
-0.000851153
-0.000118274
-0.000942812
-0.000137877
-0.00103692
-0.000157006
-0.00113259
-0.00017495
-0.00122789
-0.000191118
-0.0013201
-0.000206597
-0.00140824
-0.000227599
-0.00150236
-0.00026448
-0.00164067
-0.00031029
-0.0018776
-0.000316871
-0.00216136
-0.000232347
-0.00219992
-8.34153e-05
-0.00162354
-0.000470202
4.04161e-05
0.000244715
0.000101922
0.000734406
0.000148982
0.00109286
0.000180422
0.00132167
0.000203561
0.0014668
0.000221003
0.00155248
0.000232285
0.00158392
0.000237199
0.00156531
0.000236706
0.00150666
0.000232585
0.0014219
0.000226778
0.00132467
0.000220815
0.00122508
0.000215529
0.0011285
0.000211097
0.00103635
0.000207297
0.000947927
0.000203776
0.000861955
0.000200225
0.000777478
0.000196432
0.000694042
0.000192262
0.000611535
0.000187615
0.000529974
0.0001824
0.000449369
0.000176522
0.00036968
0.000169886
0.000290821
0.000162406
0.000212675
0.000154032
0.000135104
0.000144741
5.79532e-05
0.000134492
-1.9008e-05
0.000123181
-9.60108e-05
0.000110718
-0.000173376
9.7062e-05
-0.000251314
8.22082e-05
-0.000329979
6.61695e-05
-0.000409547
4.89754e-05
-0.000490232
3.06757e-05
-0.000572284
1.13421e-05
-0.000656016
-8.92914e-06
-0.000741809
-3.00128e-05
-0.000830069
-5.17297e-05
-0.000921095
-7.38083e-05
-0.00101484
-9.58398e-05
-0.00111056
-0.000117258
-0.00120647
-0.000137462
-0.00129989
-0.000156709
-0.00138899
-0.000179058
-0.00148001
-0.000214584
-0.00160514
-0.000263886
-0.0018283
-0.00028663
-0.00213862
-0.000224068
-0.00226248
-8.68237e-05
-0.00176078
-0.000557026
4.03624e-05
0.000204353
0.000111144
0.000663625
0.000172165
0.00103184
0.000215923
0.00127791
0.000248474
0.00143425
0.000273481
0.00152748
0.000290961
0.00156644
0.000300622
0.00155565
0.000303411
0.00150387
0.000301344
0.00142396
0.000296756
0.00132926
0.000291592
0.00123025
0.000287008
0.00113308
0.000283361
0.00104
0.000280476
0.000950812
0.000277963
0.000864468
0.000275446
0.000779995
0.000272652
0.000696837
0.000269403
0.000614783
0.00026558
0.000533797
0.000261081
0.000453867
0.00025581
0.000374952
0.000249668
0.000296963
0.000242567
0.000219776
0.00023444
0.000143231
0.000225238
6.71548e-05
0.000214906
-8.67531e-06
0.00020336
-8.44645e-05
0.00019051
-0.000160526
0.000176289
-0.000237093
0.000160675
-0.000314365
0.00014367
-0.000392542
0.000125291
-0.000471854
0.000105584
-0.000552577
8.46174e-05
-0.000635049
6.24836e-05
-0.000719676
3.93036e-05
-0.000806889
1.52369e-05
-0.000897029
-9.49854e-06
-0.000990103
-3.4601e-05
-0.00108545
-5.96472e-05
-0.00118142
-8.41292e-05
-0.00127541
-0.000107922
-0.0013652
-0.000133367
-0.00145456
-0.000168971
-0.00156954
-0.000220487
-0.00177678
-0.000256494
-0.00210261
-0.00021435
-0.00230462
-8.93414e-05
-0.00188579
-0.000646368
3.87964e-05
0.000165556
0.000116336
0.000586086
0.000190545
0.000957633
0.000247275
0.00122118
0.000289936
0.00139159
0.000322934
0.00149448
0.000347095
0.00154228
0.000362172
0.00154058
0.000368975
0.00149707
0.00036959
0.00142335
0.000366647
0.0013322
0.000362492
0.0012344
0.000358661
0.00113691
0.00035578
0.00104288
0.000353796
0.000952795
0.000352326
0.000865939
0.000350932
0.000781389
0.000349268
0.000698501
0.000347095
0.000616957
0.000344254
0.000536638
0.000340625
0.000457496
0.000336101
0.000379476
0.000330579
0.000302485
0.000323964
0.000226391
0.00031617
0.000151024
0.000307129
7.61961e-05
0.000296767
1.68717e-06
0.000285011
-7.27083e-05
0.000271774
-0.000147289
0.000256974
-0.000222294
0.000240574
-0.000297965
0.000222559
-0.000374527
0.000202941
-0.000452236
0.000181758
-0.000531393
0.000159072
-0.000612364
0.000134973
-0.000695576
0.000109565
-0.000781482
8.29768e-05
-0.00087044
5.53679e-05
-0.000962494
2.69607e-05
-0.00105705
-1.92401e-06
-0.00115254
-3.09165e-05
-0.00124642
-5.97913e-05
-0.00133633
-8.9706e-05
-0.00142465
-0.000127035
-0.00153221
-0.00018036
-0.00172346
-0.00022736
-0.00205561
-0.000204133
-0.00232785
-9.14559e-05
-0.00199846
-0.000737823
3.59977e-05
0.000129559
0.000117361
0.000504723
0.000203255
0.000871738
0.000273334
0.00115111
0.000326988
0.00133793
0.000368596
0.00145287
0.000399981
0.00151089
0.000421191
0.00151937
0.000432863
0.0014854
0.00043697
0.00141924
0.000436291
0.00133288
0.000433518
0.00123718
0.000430597
0.00113983
0.000428506
0.00104497
0.000427406
0.000953895
0.000426985
0.00086636
0.000426777
0.000781597
0.000426358
0.00069892
0.000425412
0.000617903
0.000423721
0.000538329
0.000421127
0.00046009
0.000417505
0.000383099
0.000412739
0.000307251
0.000406725
0.000232405
0.000399362
0.000158387
0.000390565
8.49934e-05
0.000380244
1.20081e-05
0.000368327
-6.07913e-05
0.000354724
-0.000133685
0.000339349
-0.000206919
0.00032215
-0.000280765
0.000303102
-0.000355478
0.000282205
-0.000431339
0.000259489
-0.000508678
0.000235012
-0.000587886
0.000208849
-0.000669414
0.00018109
-0.000753723
0.000151827
-0.000841176
0.000121158
-0.000931825
8.92146e-05
-0.0010251
5.61936e-05
-0.00111952
2.23746e-05
-0.0012126
-1.19981e-05
-0.00130195
-4.74167e-05
-0.00138923
-8.81008e-05
-0.00149153
-0.000143456
-0.0016681
-0.000199774
-0.00199929
-0.000194182
-0.00233344
-9.3697e-05
-0.00209895
-0.000831521
3.23118e-05
9.72467e-05
0.000114317
0.000422717
0.00020957
0.000776485
0.000292819
0.00106786
0.000358381
0.00127237
0.000409441
0.00140181
0.000448695
0.00147164
0.000476787
0.00149128
0.000494266
0.00146792
0.000502859
0.00141065
0.000505304
0.00133044
0.000504523
0.00123796
0.000502856
0.0011415
0.000501689
0.00104613
0.000501494
0.00095409
0.00050212
0.000865734
0.000503126
0.00078059
0.000504035
0.000698011
0.000504447
0.000617491
0.000504065
0.00053871
0.000502678
0.000461477
0.000500123
0.000385654
0.000496265
0.000311109
0.000490983
0.000237687
0.000484166
0.000165204
0.00047571
9.34492e-05
0.000465517
2.22018e-05
0.000453503
-4.87777e-05
0.000439575
-0.000119756
0.000423648
-0.000190992
0.000405658
-0.000262776
0.000385571
-0.000335391
0.000363378
-0.000409146
0.0003391
-0.0004844
0.000312783
-0.000561569
0.000284485
-0.000641116
0.000254266
-0.000723504
0.000222172
-0.000809082
0.000188235
-0.000897888
0.000152493
-0.000989361
0.000115035
-0.00108206
7.60453e-05
-0.00117361
3.5747e-05
-0.00126166
-5.97413e-06
-0.00134751
-5.14802e-05
-0.00144602
-0.00010949
-0.00161009
-0.000173956
-0.00193483
-0.000185039
-0.00232236
-9.65811e-05
-0.00218741
-0.000928102
2.81048e-05
6.91419e-05
0.000107574
0.000343248
0.000209044
0.000675016
0.000304445
0.000972455
0.00038259
0.00119423
0.000444125
0.00134027
0.000492051
0.00142371
0.000527804
0.00145552
0.000552075
0.00144365
0.0005663
0.00139642
0.000572987
0.00132375
0.000575112
0.00123583
0.000575321
0.00114129
0.000575422
0.00104603
0.000576271
0.00095324
0.000577978
0.000864028
0.000580213
0.000778355
0.000582493
0.000695731
0.000584353
0.000615632
0.000585414
0.000537649
0.000585391
0.0004615
0.000584069
0.000386977
0.000581277
0.000313901
0.000576874
0.000242091
0.00057073
0.000171348
0.000562728
0.000101451
0.00055276
3.21704e-05
0.000540732
-3.67499e-05
0.000526545
-0.000105569
0.000510114
-0.000174561
0.000491369
-0.000244031
0.000470268
-0.00031429
0.000446794
-0.000385672
0.000420955
-0.000458561
0.000392777
-0.000533391
0.000362291
-0.00061063
0.000329516
-0.000690729
0.000294439
-0.000774005
0.000257013
-0.000860462
0.00021718
-0.000949528
0.000174922
-0.0010398
0.000130347
-0.00112903
8.37087e-05
-0.00121502
3.51111e-05
-0.00129891
-1.65435e-05
-0.00139437
-7.80423e-05
-0.00154859
-0.000149847
-0.00186302
-0.000176992
-0.00229522
-0.000100558
-0.00226384
-0.00102866
2.37167e-05
4.54252e-05
9.77859e-05
0.000269179
0.000201659
0.000571143
0.000307121
0.000866994
0.000397917
0.00110343
0.000470942
0.00126725
0.000528523
0.00136613
0.000572798
0.00141125
0.000604859
0.00141159
0.000625956
0.00137533
0.000638238
0.00131147
0.000644521
0.00122955
0.000647598
0.00113821
0.000649632
0.001044
0.000651898
0.000950974
0.000654849
0.000861077
0.000658368
0.000774836
0.000662049
0.000692051
0.000665406
0.000612275
0.000667996
0.000535059
0.000669458
0.000460037
0.000669511
0.000386923
0.000667937
0.000315475
0.000664559
0.000245469
0.000659226
0.000176681
0.000651805
0.000108872
0.000642176
4.17989e-05
0.000630237
-2.48101e-05
0.000615882
-9.12148e-05
0.000599027
-0.000157706
0.000579598
-0.000224602
0.000557544
-0.000292236
0.000532838
-0.000360965
0.000505468
-0.000431191
0.000475434
-0.000503357
0.000442726
-0.000577922
0.000407303
-0.000655305
0.000369079
-0.000735781
0.000327918
-0.000819301
0.000283661
-0.00090527
0.000236192
-0.000992333
0.00018556
-0.0010784
0.000132073
-0.00116153
7.61473e-05
-0.00124299
1.7392e-05
-0.00133561
-4.8642e-05
-0.00148256
-0.000127143
-0.00178452
-0.000170028
-0.00225233
-0.000105959
-0.00232791
-0.00113462
1.94284e-05
2.59968e-05
8.58531e-05
0.000202754
0.000187947
0.000469049
0.000300208
0.000754733
0.000402697
0.00100094
0.000487878
0.00118207
0.000556195
0.00129782
0.000609976
0.00135747
0.000650853
0.00137071
0.000680096
0.00134608
0.000699488
0.00129208
0.0007115
0.00121754
0.000718851
0.00113086
0.000723914
0.00103894
0.000728339
0.000946549
0.000732966
0.000856449
0.00073798
0.000769822
0.000743149
0.000686883
0.000748047
0.000607376
0.000752214
0.000530892
0.000755234
0.000457017
0.000756763
0.000385394
0.000756526
0.000315712
0.000754304
0.000247692
0.000749915
0.00018107
0.000743206
0.000115581
0.000734045
5.096e-05
0.000722316
-1.3081e-05
0.000707912
-7.68108e-05
0.000690745
-0.000140539
0.000670735
-0.000204593
0.000647823
-0.000269323
0.000621963
-0.000335105
0.000593118
-0.000402347
0.000561246
-0.000471484
0.000526277
-0.000542953
0.000488098
-0.000617127
0.000446535
-0.000694217
0.000401351
-0.000774117
0.000352288
-0.000856207
0.000299146
-0.000939192
0.000241943
-0.0010212
0.000181079
-0.00110067
0.000117312
-0.00117922
5.09235e-05
-0.00126922
-2.07265e-05
-0.00141091
-0.000105301
-0.00169995
-0.000163786
-0.00219385
-0.000112927
-0.00237877
-0.00124755
1.54574e-05
1.05393e-05
7.28316e-05
0.00014538
0.000169026
0.000372854
0.000283758
0.000640001
0.000395613
0.000889088
0.000492786
0.00108489
0.000572751
0.00121785
0.000637131
0.00129309
0.000687918
0.00131992
0.000726593
0.00130741
0.000754684
0.00126398
0.000774228
0.00119799
0.000787652
0.00111744
0.000797327
0.00102926
0.000805142
0.000938734
0.000812299
0.000849293
0.000819331
0.000762789
0.000826272
0.000679942
0.00083285
0.000600798
0.000838664
0.000525077
0.000843294
0.000452387
0.000846359
0.000382329
0.000847538
0.000314533
0.000846568
0.000248662
0.000843235
0.000184403
0.000837359
0.000121456
0.000828794
5.95252e-05
0.000817405
-1.69212e-06
0.000803087
-6.24926e-05
0.000785741
-0.000123192
0.000765277
-0.000184129
0.000741619
-0.000245665
0.000714696
-0.000308183
0.000684431
-0.000372082
0.000650722
-0.000437776
0.000613427
-0.000505658
0.000572343
-0.000576043
0.000527193
-0.000649068
0.000477639
-0.000724563
0.000423327
-0.000801894
0.000363998
-0.000879863
0.000299683
-0.000956883
0.000230928
-0.00103191
0.000158856
-0.00110715
8.44898e-05
-0.00119486
6.43172e-06
-0.00133285
-8.35684e-05
-0.00160995
-0.000157499
-0.00211992
-0.00012134
-0.00241493
-0.00136889
1.19847e-05
-1.44533e-06
5.98022e-05
9.75622e-05
0.000146512
0.000286144
0.00025866
0.000527854
0.000376029
0.000771719
0.000483696
0.000977228
0.000575605
0.00112594
0.000651614
0.00121708
0.000713494
0.00125804
0.000762915
0.00125799
0.000801306
0.00122559
0.000830295
0.001169
0.000851876
0.00109586
0.000868191
0.00101295
0.000881169
0.000925756
0.000892253
0.000838208
0.000902308
0.000752735
0.000911677
0.000670573
0.000920328
0.000592147
0.000928009
0.000517396
0.00093437
0.000446027
0.000939047
0.000377652
0.000941706
0.000311874
0.000942059
0.000248309
0.000939864
0.000186598
0.00093492
0.0001264
0.000927059
6.73859e-05
0.000916132
9.23463e-06
0.000902025
-4.83858e-05
0.000884624
-0.000105791
0.000863821
-0.000163325
0.000839512
-0.000221357
0.000811588
-0.000280258
0.000779913
-0.000340407
0.000744316
-0.000402178
0.000704563
-0.000465905
0.000660349
-0.000531829
0.00061129
-0.000600009
0.000556946
-0.000670219
0.000496886
-0.000741834
0.000430829
-0.000813806
0.000358877
-0.000884931
0.000281788
-0.000954822
0.000201098
-0.00102646
0.000118544
-0.0011123
3.37262e-05
-0.00124803
-6.10363e-05
-0.00151518
-0.00014994
-0.00203101
-0.000130691
-0.00243418
-0.00149958
9.20032e-06
-1.06457e-05
4.773e-05
5.90325e-05
0.000122275
0.000211599
0.000226573
0.000423556
0.000344229
0.000654063
0.000459211
0.000862246
0.000562199
0.00102295
0.000650432
0.00112884
0.000724574
0.0011839
0.000786113
0.00119645
0.000836402
0.0011753
0.000876754
0.00112865
0.000908697
0.00106391
0.000933978
0.000987665
0.000954353
0.000905381
0.000971327
0.000821234
0.000985988
0.000738074
0.000998972
0.000657589
0.00101053
0.000580592
0.00102062
0.000507303
0.00102905
0.000437593
0.00103555
0.000371152
0.00103983
0.0003076
0.0010416
0.000246538
0.00104062
0.000187574
0.00103669
0.000130335
0.00102961
7.4462e-05
0.00101924
1.96112e-05
0.00100542
-3.45722e-05
0.000988038
-8.84068e-05
0.00096695
-0.000142237
0.000942014
-0.000196421
0.000913065
-0.000251309
0.0008799
-0.000307242
0.000842259
-0.000364538
0.000799813
-0.000423458
0.000752146
-0.000484162
0.000698771
-0.000546634
0.000639158
-0.000610606
0.00057283
-0.000675506
0.000499536
-0.000740513
0.000419522
-0.000804917
0.000333831
-0.00086913
0.00024444
-0.000937067
0.000153735
-0.0010216
6.2222e-05
-0.00115652
-3.65759e-05
-0.00141639
-0.000139309
-0.00192828
-0.000139963
-0.00243352
-0.00163954
7.22104e-06
-1.78667e-05
3.72401e-05
2.90135e-05
9.79548e-05
0.000150884
0.000189522
0.000331988
0.00030137
0.000542215
0.000418818
0.000744798
0.000530435
0.000911336
0.000630545
0.00102873
0.000717807
0.00109664
0.000792825
0.00112143
0.000856619
0.00111151
0.000910203
0.00107507
0.000954677
0.00101944
0.000991335
0.000951008
0.0010216
0.000875116
0.00104685
0.000795985
0.00106824
0.000716684
0.0010866
0.000639225
0.00110244
0.000564752
0.00111598
0.000493769
0.00112722
0.000426354
0.00113604
0.000362328
0.00114226
0.000301377
0.00114568
0.000243126
0.00114607
0.000187183
0.00114324
0.000133162
0.00113701
8.06867e-05
0.00112723
2.93989e-05
0.00111372
-2.10665e-05
0.00109634
-7.10252e-05
0.00107491
-0.000120813
0.00104925
-0.00017076
0.00101913
-0.000221183
0.000984256
-0.00027237
0.000944288
-0.00032457
0.000898795
-0.000377965
0.000847261
-0.000432628
0.000789106
-0.00048848
0.000723745
-0.000545244
0.000650702
-0.000602463
0.000569828
-0.000659638
0.000481581
-0.000716671
0.000387343
-0.000774892
0.000289537
-0.000839261
0.000191088
-0.00092315
9.32693e-05
-0.0010587
-8.87032e-06
-0.00131425
-0.000123173
-0.00181398
-0.000147523
-0.00240917
-0.00178706
5.87112e-06
-2.37378e-05
2.80834e-05
6.80115e-06
7.40665e-05
0.000104901
0.000148963
0.000257092
0.000248918
0.00044226
0.000362871
0.000630845
0.00047906
0.000795147
0.000589349
0.000918446
0.000689837
0.000996151
0.000779432
0.00103184
0.000858273
0.00103267
0.000926878
0.00100646
0.000985917
0.000960402
0.00103624
0.000900686
0.00107887
0.000832483
0.00111493
0.000759925
0.00114549
0.000686129
0.00117144
0.000613275
0.00119345
0.000542735
0.00121197
0.000475251
0.00122722
0.000411103
0.00123928
0.00035027
0.00124812
0.000292542
0.00125363
0.000237609
0.0012557
0.000185115
0.00125418
0.000134687
0.0012489
8.59582e-05
0.00123973
3.85737e-05
0.00122649
-7.82305e-06
0.001209
-5.35415e-05
0.00118708
-9.88853e-05
0.00116046
-0.000144146
0.00112887
-0.000189592
0.00109195
-0.000235447
0.00104926
-0.000281882
0.00100029
-0.000328996
0.000944449
-0.000376787
0.000881104
-0.000425135
0.000809668
-0.000473808
0.000729743
-0.000522538
0.000641349
-0.000571245
0.000545215
-0.000620537
0.000443052
-0.000672729
0.000337633
-0.000733842
0.000232259
-0.000817777
0.000128803
-0.000955242
2.35288e-05
-0.00120897
-9.86957e-05
-0.00169175
-0.000151195
-0.00235667
-0.00193826
4.1454e-06
-2.78832e-05
1.80304e-05
-7.08385e-06
4.84794e-05
7.44523e-05
0.000104152
0.000201419
0.000187367
0.000359045
0.000291988
0.000526224
0.000407755
0.00067938
0.000525182
0.000801019
0.000637876
0.000883458
0.000742471
0.000927241
0.000837574
0.000937566
0.000922791
0.000921246
0.000998209
0.000884984
0.00106421
0.000834683
0.00112143
0.000775267
0.00117066
0.000710693
0.00121278
0.000644004
0.00124865
0.000577407
0.001279
0.00051239
0.0013044
0.000449851
0.00132526
0.000390237
0.00134186
0.000333674
0.00135433
0.000280075
0.00136272
0.00022922
0.00136701
0.000180818
0.00136716
0.000134544
0.00136305
9.00657e-05
0.00135456
4.70566e-05
0.00134155
5.19524e-06
0.00132383
-3.58207e-05
0.00130117
-7.62317e-05
0.00127331
-0.000116284
0.0012399
-0.000156185
0.00120054
-0.000196085
0.00115474
-0.000236079
0.00110193
-0.000276188
0.0010415
-0.000316362
0.000972856
-0.000356486
0.000895481
-0.000396433
0.000809148
-0.000436205
0.000714109
-0.000476207
0.000611356
-0.000517784
0.000502819
-0.000564192
0.000391385
-0.000622408
0.000280386
-0.000706778
0.000171915
-0.000846772
6.29226e-05
-0.00109998
-6.31478e-05
-0.00156568
-0.000148255
-0.00227157
-0.00208651
-6.33581e-07
-2.72497e-05
1.48429e-06
-9.20173e-06
1.47754e-05
6.11611e-05
5.02444e-05
0.00016595
0.000114451
0.000294838
0.000205791
0.000434885
0.000316656
0.000568515
0.000437565
0.000680109
0.000560343
0.00076068
0.000679329
0.000808255
0.000791162
0.000825733
0.000894074
0.000818334
0.000987267
0.00079179
0.00107054
0.000751406
0.0011441
0.000701707
0.00120842
0.000646373
0.00126415
0.000588272
0.00131202
0.000529541
0.00135273
0.000471677
0.00138693
0.000415655
0.00141514
0.000362028
0.00143777
0.000311042
0.00145512
0.000262722
0.00146739
0.00021695
0.00147469
0.000173518
0.00147707
0.000132171
0.0014745
9.26356e-05
0.00146692
5.4637e-05
0.0014542
1.79133e-05
0.00143619
-1.78093e-05
0.00141266
-5.27075e-05
0.00138335
-8.69674e-05
0.00134789
-0.000120727
0.00130587
-0.00015407
0.00125682
-0.000187026
0.0012002
-0.00021957
0.00113548
-0.000251643
0.00106219
-0.000283193
0.000980015
-0.00031426
0.000888967
-0.000345157
0.000789535
-0.000376774
0.000682867
-0.000411116
0.000570885
-0.00045221
0.000456229
-0.000507752
0.000341755
-0.000592304
0.000229035
-0.000734051
0.000114906
-0.000985851
-1.34497e-05
-0.00143733
-0.000134051
-0.00215097
-0.00222056
-1.34001e-05
-1.38496e-05
-3.09149e-05
8.31313e-06
-3.76745e-05
6.79206e-05
-2.18593e-05
0.000150135
2.4104e-05
0.000248875
0.00010167
0.000357319
0.00020551
0.000464675
0.000327001
0.000558618
0.000457287
0.000630394
0.000589015
0.000676527
0.000716926
0.000697822
0.000837644
0.000697617
0.000949208
0.000680226
0.00105064
0.000649971
0.00114163
0.00061072
0.00122229
0.000565716
0.00129302
0.000517545
0.00135438
0.000468175
0.00140702
0.000419037
0.00145157
0.000371102
0.00148862
0.000324979
0.00151867
0.00028099
0.00154214
0.000239253
0.00155935
0.000199742
0.00157053
0.000162337
0.00157584
0.000126864
0.00157535
9.31225e-05
0.00156908
6.09073e-05
0.00155697
3.00246e-05
0.00153888
2.77573e-07
0.00151467
-2.84935e-05
0.00148409
-5.63855e-05
0.00144685
-8.34848e-05
0.00140261
-0.000109829
0.001351
-0.000135418
0.00129165
-0.000160227
0.00122425
-0.000184238
0.00114856
-0.000207503
0.00106455
-0.000230248
0.000972452
-0.000253062
0.000872885
-0.000277207
0.000766907
-0.000305138
0.000656066
-0.000341369
0.000542319
-0.000394006
0.000427585
-0.000477569
0.000312276
-0.000618743
0.000192095
-0.000865671
5.64189e-05
-0.00130165
-9.82979e-05
-0.00199625
-0.00231886
-4.09728e-05
2.71231e-05
-9.01807e-05
5.75211e-05
-0.000121106
9.88456e-05
-0.000123159
0.000152189
-9.13533e-05
0.000217069
-2.47108e-05
0.000290676
7.31705e-05
0.000366794
0.000194532
0.000437257
0.000330378
0.000494548
0.000472673
0.000534232
0.000614854
0.000555641
0.000752146
0.000560324
0.000881392
0.00055098
0.00100072
0.000530643
0.00110918
0.000502258
0.00120647
0.000468433
0.00129268
0.000431329
0.00136821
0.000392647
0.00143358
0.000353664
0.00148939
0.000315289
0.00153625
0.000278125
0.0015747
0.000242535
0.00160526
0.000208698
0.00162834
0.000176663
0.00164428
0.00014639
0.00165336
0.000117783
0.00165577
9.07163e-05
0.00165162
6.5055e-05
0.00164098
4.067e-05
0.0016238
1.74514e-05
0.00160001
-4.70161e-06
0.0015695
-2.5873e-05
0.00153214
-4.61246e-05
0.00148779
-6.54767e-05
0.00143631
-8.39382e-05
0.0013776
-0.000101521
0.00131164
-0.000118273
0.00123848
-0.000134344
0.00115831
-0.000150086
0.00107148
-0.000166229
0.000978452
-0.000184177
0.000879815
-0.000206501
0.000776229
-0.000237782
0.000668345
-0.000286122
0.000556553
-0.000365778
0.00043989
-0.00050208
0.000312794
-0.000738574
0.000159768
-0.00114862
-2.67669e-05
-0.00180971
-0.00234563
-9.01041e-05
0.000117227
-0.000183172
0.000150589
-0.000240246
0.000155919
-0.00025748
0.000169423
-0.000234974
0.000194563
-0.000174196
0.000229899
-7.94144e-05
0.000272012
4.25678e-05
0.000315274
0.000183148
0.000353968
0.000333825
0.000383556
0.000487613
0.000401852
0.000638854
0.000409083
0.000783494
0.000406341
0.000918877
0.00039526
0.00104342
0.000377712
0.00115635
0.000355508
0.00125743
0.000330243
0.00134684
0.00030324
0.00142497
0.000275537
0.00149235
0.000247908
0.00154957
0.000220898
0.00159725
0.000194863
0.00163593
0.000170012
0.00166615
0.000146443
0.00168836
0.000124179
0.00170296
0.000103188
0.00171027
8.34094e-05
0.00171055
6.47686e-05
0.00170404
4.71878e-05
0.00169089
3.05975e-05
0.00167126
1.4931e-05
0.00164518
1.99093e-07
0.00161268
-1.36174e-05
0.00157385
-2.66466e-05
0.00152885
-3.89388e-05
0.00147785
-5.05187e-05
0.00142104
-6.14666e-05
0.00135866
-7.19631e-05
0.00129094
-8.23672e-05
0.00121808
-9.33654e-05
0.00114012
-0.000106225
0.00105685
-0.000123228
0.000967513
-0.000148445
0.000870576
-0.000189186
0.000763373
-0.000258574
0.000641553
-0.00038026
0.000497441
-0.000594462
0.000312253
-0.000963435
8.51058e-05
-0.00158257
-0.00226052
-0.000160369
0.000277596
-0.000293327
0.000283548
-0.000362669
0.000225262
-0.00038479
0.000191543
-0.000365753
0.000175525
-0.000308217
0.000172363
-0.00021641
0.000180204
-9.66562e-05
0.00019552
4.42042e-05
0.000213107
0.000198548
0.000229212
0.000358723
0.000241677
0.000518829
0.000248977
0.000674387
0.000250783
0.000822154
0.000247493
0.000959999
0.000239867
0.00108668
0.000228826
0.00120162
0.000215301
0.00130473
0.000200137
0.00139622
0.000184045
0.00147653
0.000167595
0.00154622
0.000151212
0.00160588
0.000135199
0.00165614
0.000119758
0.00169757
0.000105009
0.00173074
9.1012e-05
0.00175614
7.77862e-05
0.00177423
6.53224e-05
0.0017854
5.35957e-05
0.00179001
4.25729e-05
0.00178839
3.22192e-05
0.00178082
2.2501e-05
0.00176764
1.33761e-05
0.00174918
4.84609e-06
0.00172558
-3.04285e-06
0.00169699
-1.03515e-05
0.00166365
-1.7181e-05
0.00162581
-2.36235e-05
0.00158367
-2.98189e-05
0.00153733
-3.60314e-05
0.00148672
-4.27586e-05
0.00143141
-5.09128e-05
0.00137032
-6.21352e-05
0.00130123
-7.9357e-05
0.00121994
-0.000107893
0.00111885
-0.000157488
0.000984959
-0.000246368
0.000799307
-0.00040881
0.000541166
-0.000705295
0.00022944
-0.00127084
-0.00203108
-0.000223968
0.000501564
-0.000284697
0.000344277
-0.000270986
0.000211551
-0.000242539
0.000163096
-0.000199562
0.000132548
-0.000136062
0.000108863
-5.02723e-05
9.44147e-05
5.72695e-05
8.79785e-05
0.000183346
8.70312e-05
0.000323344
8.92131e-05
0.000472371
9.26505e-05
0.00062541
9.5938e-05
0.000778095
9.80978e-05
0.00092694
9.86477e-05
0.00106934
9.74629e-05
0.00120351
9.46632e-05
0.0013283
9.05085e-05
0.00144312
8.5314e-05
0.00154777
7.9394e-05
0.00164234
7.30302e-05
0.00172709
6.6456e-05
0.00180244
5.98541e-05
0.00186884
5.33594e-05
0.00192678
4.70662e-05
0.00197676
4.10355e-05
0.00201924
3.53032e-05
0.00205467
2.98874e-05
0.00208348
2.47943e-05
0.00210603
2.00219e-05
0.00212268
1.55636e-05
0.00213377
1.14109e-05
0.0021396
7.55318e-06
0.00214047
3.9759e-06
0.00213675
6.76322e-07
0.00212874
-2.34233e-06
0.00211665
-5.09712e-06
0.00210067
-7.63793e-06
0.00208089
-1.00459e-05
0.00205732
-1.24611e-05
0.0020297
-1.51359e-05
0.00199731
-1.85216e-05
0.00195859
-2.34099e-05
0.00191041
-3.11802e-05
0.00184674
-4.42274e-05
0.00175609
-6.68393e-05
0.00161637
-0.000106641
0.00138895
-0.000181389
0.00101736
-0.000333709
0.00048956
-0.000743041
-0.00154152
0.000501564
0.000845841
0.00105739
0.00122049
0.00135304
0.0014619
0.00155631
0.00164429
0.00173132
0.00182054
0.00191319
0.00200912
0.00210722
0.00220587
0.00230333
0.002398
0.0024885
0.00257382
0.00265321
0.00272624
0.0027927
0.00285255
0.00290591
0.00295298
0.00299401
0.00302932
0.00305921
0.003084
0.00310402
0.00311958
0.003131
0.00313855
0.00314252
0.0031432
0.00314086
0.00313576
0.00312812
0.00311808
0.00310562
0.00309048
0.00307196
0.00304855
0.00301737
0.00297314
0.0029063
0.00279966
0.00261827
0.00228456
0.00154152
)
;

boundaryField
{
    movingWall
    {
        type            calculated;
        value           uniform 0;
    }
    fixedWalls
    {
        type            calculated;
        value           uniform 0;
    }
    frontAndBack
    {
        type            empty;
        value           nonuniform 0();
    }
}


// ************************************************************************* //
