/*--------------------------------*- C++ -*----------------------------------*\
  =========                 |
  \\      /  F ield         | OpenFOAM: The Open Source CFD Toolbox
   \\    /   O peration     | Website:  https://openfoam.org
    \\  /    A nd           | Version:  7
     \\/     M anipulation  |
\*---------------------------------------------------------------------------*/
FoamFile
{
    version     2.0;
    format      ascii;
    class       volVectorField;
    location    "1300";
    object      U;
}
// * * * * * * * * * * * * * * * * * * * * * * * * * * * * * * * * * * * * * //

dimensions      [0 1 -1 0 0 0 0];

internalField   nonuniform List<vector> 
2500
(
(0.000207648 -0.000201067 0)
(0.00186717 -0.000571321 0)
(0.00447425 -0.000697885 0)
(0.0071632 -0.000600134 0)
(0.00922926 -0.000419009 0)
(0.0104505 -0.00026434 0)
(0.0109303 -0.000188007 0)
(0.0108811 -0.000185882 0)
(0.0104506 -0.000219869 0)
(0.00963414 -0.000245433 0)
(0.00828251 -0.000228684 0)
(0.00616338 -0.000150769 0)
(0.00301946 -2.64362e-06 0)
(-0.00139295 0.00022107 0)
(-0.00727851 0.000523513 0)
(-0.0147697 0.000908229 0)
(-0.0238891 0.00137523 0)
(-0.0345065 0.00191286 0)
(-0.0463042 0.00248793 0)
(-0.058756 0.00303815 0)
(-0.0711337 0.00347375 0)
(-0.0825436 0.00369011 0)
(-0.0919966 0.0035888 0)
(-0.09851 0.00310467 0)
(-0.101219 0.00223197 0)
(-0.0994487 0.00102872 0)
(-0.0929319 -0.000374247 0)
(-0.0817416 -0.00181131 0)
(-0.0663453 -0.00310893 0)
(-0.0475999 -0.00410025 0)
(-0.0267244 -0.00464024 0)
(-0.00520112 -0.00460622 0)
(0.0154444 -0.00393611 0)
(0.0337422 -0.00278487 0)
(0.048385 -0.0013719 0)
(0.0584172 0.000125113 0)
(0.0634586 0.00149638 0)
(0.0637219 0.00253382 0)
(0.0600132 0.00311158 0)
(0.0534981 0.00322468 0)
(0.0454083 0.00298638 0)
(0.0368473 0.0025496 0)
(0.0286521 0.00204874 0)
(0.0213425 0.0015744 0)
(0.0151482 0.00117428 0)
(0.0100804 0.000863465 0)
(0.00602937 0.000631279 0)
(0.00290134 0.000436056 0)
(0.000795427 0.000192817 0)
(-8.20083e-05 -8.74081e-05 0)
(0.000566116 -0.00181754 0)
(0.00437677 -0.0043148 0)
(0.0095832 -0.00511662 0)
(0.0146047 -0.00444064 0)
(0.0181619 -0.00299825 0)
(0.0197684 -0.00145767 0)
(0.0194626 -0.000192313 0)
(0.0174558 0.000765795 0)
(0.0138331 0.00162547 0)
(0.00840557 0.00266545 0)
(0.00073636 0.00410302 0)
(-0.00973078 0.00604411 0)
(-0.0235249 0.0084929 0)
(-0.0410085 0.0113823 0)
(-0.0622617 0.014574 0)
(-0.0869773 0.0178422 0)
(-0.114397 0.0208665 0)
(-0.143328 0.0232547 0)
(-0.172245 0.0245979 0)
(-0.199471 0.0245392 0)
(-0.223347 0.0228314 0)
(-0.242394 0.0193747 0)
(-0.255413 0.0142335 0)
(-0.261546 0.00764047 0)
(-0.26032 -1.47425e-05 0)
(-0.251668 -0.00821596 0)
(-0.235783 -0.0163926 0)
(-0.213113 -0.023991 0)
(-0.184425 -0.0304482 0)
(-0.150808 -0.03523 0)
(-0.113672 -0.0378743 0)
(-0.074713 -0.0380375 0)
(-0.0358425 -0.0355752 0)
(0.00100557 -0.0306701 0)
(0.0339858 -0.0238208 0)
(0.0614217 -0.0157534 0)
(0.081996 -0.00728882 0)
(0.0949872 0.000690197 0)
(0.100261 0.00734035 0)
(0.0984301 0.0120794 0)
(0.090951 0.0147099 0)
(0.0796093 0.0154336 0)
(0.0662311 0.0147149 0)
(0.0524143 0.0131076 0)
(0.0393373 0.0111173 0)
(0.0276943 0.00911054 0)
(0.0177738 0.00724902 0)
(0.00968251 0.00543485 0)
(0.00372636 0.00334338 0)
(0.000329317 0.000918551 0)
(0.000785737 -0.00449556 0)
(0.00568911 -0.00969417 0)
(0.0117185 -0.0109168 0)
(0.016907 -0.00900543 0)
(0.019764 -0.00542359 0)
(0.0197126 -0.00146927 0)
(0.0166704 0.00215319 0)
(0.0106352 0.0054238 0)
(0.00138186 0.00878171 0)
(-0.0116216 0.0127933 0)
(-0.029088 0.0178446 0)
(-0.0516451 0.0240128 0)
(-0.0795983 0.0310863 0)
(-0.112718 0.0386015 0)
(-0.15013 0.0458782 0)
(-0.19036 0.0520975 0)
(-0.231518 0.0564359 0)
(-0.271569 0.0582071 0)
(-0.308589 0.056965 0)
(-0.340952 0.0525437 0)
(-0.367422 0.0450423 0)
(-0.387153 0.0347759 0)
(-0.39963 0.0222172 0)
(-0.404596 0.00794749 0)
(-0.401977 -0.00738302 0)
(-0.391745 -0.0230931 0)
(-0.373938 -0.0384723 0)
(-0.348826 -0.0527309 0)
(-0.316897 -0.0650324 0)
(-0.278917 -0.0745389 0)
(-0.235974 -0.0804785 0)
(-0.189505 -0.0822408 0)
(-0.141273 -0.0794938 0)
(-0.093281 -0.0722933 0)
(-0.04764 -0.0611882 0)
(-0.00634416 -0.0471839 0)
(0.0288826 -0.0315714 0)
(0.0566821 -0.0157979 0)
(0.0763629 -0.00115383 0)
(0.0876516 0.0111644 0)
(0.0908107 0.0202491 0)
(0.087094 0.0257365 0)
(0.0782066 0.027859 0)
(0.0660384 0.0273058 0)
(0.0523896 0.024976 0)
(0.0387214 0.0217248 0)
(0.0260341 0.0181225 0)
(0.0149681 0.0142395 0)
(0.00625657 0.00958336 0)
(0.000705231 0.00358687 0)
(0.000917687 -0.00772717 0)
(0.00606864 -0.0155919 0)
(0.0115465 -0.0165375 0)
(0.0151639 -0.0124512 0)
(0.0154177 -0.00573289 0)
(0.011749 0.00170053 0)
(0.00393357 0.00894362 0)
(-0.0083776 0.0161049 0)
(-0.0258497 0.0239473 0)
(-0.0492981 0.0332216 0)
(-0.0793603 0.044208 0)
(-0.116134 0.0565654 0)
(-0.158951 0.0694179 0)
(-0.206358 0.0815429 0)
(-0.256316 0.0916114 0)
(-0.306542 0.0984379 0)
(-0.354862 0.101174 0)
(-0.399467 0.0993985 0)
(-0.439024 0.0930974 0)
(-0.472658 0.0825736 0)
(-0.499843 0.0683258 0)
(-0.520278 0.0509505 0)
(-0.533772 0.0310796 0)
(-0.540164 0.00935189 0)
(-0.539291 -0.0135753 0)
(-0.530964 -0.0369748 0)
(-0.515058 -0.0599951 0)
(-0.491554 -0.0816668 0)
(-0.460553 -0.100928 0)
(-0.422368 -0.116641 0)
(-0.377624 -0.127669 0)
(-0.32734 -0.133005 0)
(-0.272985 -0.131957 0)
(-0.216493 -0.124323 0)
(-0.160178 -0.110537 0)
(-0.106524 -0.0917075 0)
(-0.0578799 -0.069534 0)
(-0.0161153 -0.0460207 0)
(0.0175763 -0.023082 0)
(0.0426046 -0.00246044 0)
(0.0589072 0.0146073 0)
(0.0667441 0.0271975 0)
(0.0672266 0.0349354 0)
(0.0619102 0.0381625 0)
(0.0525847 0.037783 0)
(0.0410414 0.0349323 0)
(0.0288313 0.030568 0)
(0.0171897 0.025032 0)
(0.00742131 0.0177403 0)
(0.000862112 0.00736609 0)
(0.000999761 -0.0110183 0)
(0.00561098 -0.0208273 0)
(0.00922894 -0.0203479 0)
(0.00967765 -0.0129011 0)
(0.00561894 -0.00193474 0)
(-0.00346597 0.0101283 0)
(-0.0180417 0.0223874 0)
(-0.0388637 0.0352862 0)
(-0.0668659 0.0497645 0)
(-0.1027 0.0663481 0)
(-0.146265 0.0846643 0)
(-0.196485 0.103482 0)
(-0.251421 0.121072 0)
(-0.308626 0.135638 0)
(-0.365593 0.145696 0)
(-0.420145 0.150294 0)
(-0.470635 0.149066 0)
(-0.515979 0.142134 0)
(-0.55555 0.129958 0)
(-0.589021 0.113155 0)
(-0.61623 0.0923917 0)
(-0.637095 0.0683331 0)
(-0.651558 0.0416227 0)
(-0.659535 0.0128799 0)
(-0.660914 -0.0172509 0)
(-0.655568 -0.0480321 0)
(-0.643294 -0.0785959 0)
(-0.623808 -0.10794 0)
(-0.596808 -0.134894 0)
(-0.562069 -0.158096 0)
(-0.51955 -0.176063 0)
(-0.469542 -0.187328 0)
(-0.412849 -0.190649 0)
(-0.350948 -0.18525 0)
(-0.28605 -0.171109 0)
(-0.220993 -0.149153 0)
(-0.158938 -0.12128 0)
(-0.102889 -0.0900924 0)
(-0.0551333 -0.0584426 0)
(-0.0168606 -0.0288478 0)
(0.0118038 -0.00308415 0)
(0.0312401 0.0176464 0)
(0.0420017 0.0326742 0)
(0.0452928 0.0418448 0)
(0.0426327 0.0456968 0)
(0.0357479 0.0452987 0)
(0.0264015 0.0417598 0)
(0.0162516 0.0356003 0)
(0.00711016 0.0261579 0)
(0.000796524 0.0113833 0)
(0.000995744 -0.0139233 0)
(0.00416184 -0.0242943 0)
(0.00458086 -0.0208778 0)
(0.000395328 -0.0087253 0)
(-0.00946779 0.00766138 0)
(-0.0255709 0.0256004 0)
(-0.0486572 0.0444903 0)
(-0.0797068 0.0650042 0)
(-0.119434 0.0877987 0)
(-0.167656 0.11256 0)
(-0.223027 0.137834 0)
(-0.283245 0.161467 0)
(-0.345543 0.181238 0)
(-0.407227 0.19537 0)
(-0.466077 0.202793 0)
(-0.520509 0.20316 0)
(-0.569546 0.196694 0)
(-0.612683 0.183978 0)
(-0.649728 0.165755 0)
(-0.680675 0.142801 0)
(-0.705651 0.11587 0)
(-0.724862 0.0856781 0)
(-0.73853 0.0528677 0)
(-0.746832 0.0180296 0)
(-0.749882 -0.0182341 0)
(-0.747701 -0.0552899 0)
(-0.74008 -0.0924405 0)
(-0.726568 -0.128824 0)
(-0.706552 -0.163326 0)
(-0.679285 -0.194541 0)
(-0.643967 -0.220805 0)
(-0.599939 -0.240264 0)
(-0.546955 -0.251031 0)
(-0.485476 -0.251493 0)
(-0.416918 -0.240724 0)
(-0.343811 -0.218889 0)
(-0.269724 -0.187504 0)
(-0.198851 -0.149419 0)
(-0.135245 -0.108402 0)
(-0.0819083 -0.0683334 0)
(-0.0401295 -0.0323335 0)
(-0.00953368 -0.00226559 0)
(0.0110462 0.0211384 0)
(0.0228009 0.0375974 0)
(0.0271588 0.0473273 0)
(0.0257836 0.0511098 0)
(0.0204656 0.0499392 0)
(0.0130784 0.0443203 0)
(0.00574945 0.033478 0)
(0.00059104 0.0148944 0)
(0.000839891 -0.0158647 0)
(0.00148399 -0.0247697 0)
(-0.00259571 -0.0166937 0)
(-0.0126865 0.00145135 0)
(-0.0295729 0.0244065 0)
(-0.0539294 0.0495747 0)
(-0.0866556 0.0766473 0)
(-0.128511 0.106088 0)
(-0.17937 0.137649 0)
(-0.237803 0.169784 0)
(-0.301286 0.200013 0)
(-0.366784 0.225702 0)
(-0.431384 0.244736 0)
(-0.492722 0.255853 0)
(-0.549141 0.258661 0)
(-0.599644 0.25344 0)
(-0.643755 0.240895 0)
(-0.681376 0.221941 0)
(-0.712686 0.197544 0)
(-0.738067 0.168651 0)
(-0.758057 0.136138 0)
(-0.773248 0.100764 0)
(-0.7842 0.0631387 0)
(-0.791392 0.0237877 0)
(-0.795175 -0.0168206 0)
(-0.795693 -0.0582879 0)
(-0.792829 -0.100201 0)
(-0.786141 -0.141961 0)
(-0.774903 -0.182703 0)
(-0.758035 -0.221246 0)
(-0.734159 -0.256008 0)
(-0.701766 -0.28496 0)
(-0.65946 -0.305726 0)
(-0.606279 -0.315856 0)
(-0.542139 -0.313253 0)
(-0.468299 -0.296703 0)
(-0.387667 -0.266454 0)
(-0.304743 -0.224643 0)
(-0.225057 -0.175292 0)
(-0.154077 -0.123638 0)
(-0.0958038 -0.0748715 0)
(-0.0516992 -0.0327857 0)
(-0.0207491 0.000865804 0)
(-0.000744893 0.0259462 0)
(0.0103088 0.0427876 0)
(0.0143146 0.0520122 0)
(0.0132083 0.0544168 0)
(0.00901358 0.0503545 0)
(0.00400097 0.0389277 0)
(0.000362261 0.0174927 0)
(0.000465104 -0.0160976 0)
(-0.00257312 -0.0209736 0)
(-0.0122844 -0.00661759 0)
(-0.0292331 0.0186591 0)
(-0.0539496 0.0492727 0)
(-0.0871856 0.0828786 0)
(-0.129665 0.119124 0)
(-0.181396 0.157664 0)
(-0.241055 0.196945 0)
(-0.306055 0.234256 0)
(-0.37316 0.266551 0)
(-0.4392 0.291289 0)
(-0.501573 0.306906 0)
(-0.558433 0.312869 0)
(-0.608667 0.309467 0)
(-0.651767 0.297531 0)
(-0.68771 0.278191 0)
(-0.716853 0.25269 0)
(-0.739846 0.222256 0)
(-0.757534 0.188019 0)
(-0.77085 0.150941 0)
(-0.780686 0.111752 0)
(-0.787833 0.0709833 0)
(-0.79295 0.0290218 0)
(-0.7965 -0.0138891 0)
(-0.798719 -0.0576118 0)
(-0.799649 -0.102007 0)
(-0.799007 -0.146807 0)
(-0.796171 -0.191559 0)
(-0.790074 -0.235503 0)
(-0.779209 -0.277393 0)
(-0.761647 -0.315384 0)
(-0.735129 -0.347026 0)
(-0.697345 -0.369377 0)
(-0.646444 -0.379275 0)
(-0.581686 -0.373882 0)
(-0.504098 -0.351475 0)
(-0.416955 -0.312306 0)
(-0.325824 -0.259214 0)
(-0.237864 -0.197623 0)
(-0.160275 -0.134607 0)
(-0.0982374 -0.0770097 0)
(-0.0533134 -0.0293793 0)
(-0.0235782 0.00686649 0)
(-0.0055597 0.0324465 0)
(0.00361529 0.0482918 0)
(0.00645897 0.055247 0)
(0.00528982 0.0535872 0)
(0.00248777 0.0423764 0)
(0.000209263 0.0191571 0)
(-0.000171811 -0.0137878 0)
(-0.00796496 -0.0118319 0)
(-0.0241203 0.0102005 0)
(-0.0484361 0.0435038 0)
(-0.0812303 0.0826389 0)
(-0.123139 0.125388 0)
(-0.1743 0.170822 0)
(-0.233642 0.217344 0)
(-0.298699 0.262102 0)
(-0.366137 0.301645 0)
(-0.432534 0.332912 0)
(-0.494984 0.353888 0)
(-0.551372 0.36377 0)
(-0.600397 0.362779 0)
(-0.641478 0.35186 0)
(-0.674645 0.332388 0)
(-0.70043 0.305938 0)
(-0.719735 0.274096 0)
(-0.73369 0.238317 0)
(-0.743496 0.199821 0)
(-0.750286 0.159529 0)
(-0.75504 0.118057 0)
(-0.758566 0.075789 0)
(-0.761477 0.0329082 0)
(-0.764202 -0.010563 0)
(-0.767038 -0.0546706 0)
(-0.770132 -0.0994831 0)
(-0.77341 -0.14505 0)
(-0.776532 -0.191318 0)
(-0.778808 -0.237985 0)
(-0.779081 -0.284332 0)
(-0.775577 -0.329077 0)
(-0.765826 -0.370213 0)
(-0.746792 -0.404869 0)
(-0.715239 -0.429359 0)
(-0.668328 -0.439568 0)
(-0.604475 -0.431709 0)
(-0.524345 -0.403373 0)
(-0.431628 -0.354716 0)
(-0.333156 -0.289381 0)
(-0.237974 -0.214577 0)
(-0.15522 -0.139718 0)
(-0.0912481 -0.0736273 0)
(-0.047402 -0.0215372 0)
(-0.020429 0.0158022 0)
(-0.00547194 0.0401125 0)
(0.00120511 0.0527778 0)
(0.00267418 0.0543865 0)
(0.00160608 0.0442016 0)
(0.000183942 0.0201681 0)
(-0.0010725 -0.00816725 0)
(-0.0144154 0.00340433 0)
(-0.0373664 0.0341402 0)
(-0.0690413 0.0760425 0)
(-0.109496 0.12413 0)
(-0.158985 0.175942 0)
(-0.216766 0.229508 0)
(-0.280679 0.281867 0)
(-0.347451 0.329208 0)
(-0.413471 0.367863 0)
(-0.475509 0.3952 0)
(-0.531122 0.409972 0)
(-0.578761 0.412212 0)
(-0.617729 0.402921 0)
(-0.64808 0.383722 0)
(-0.670502 0.356559 0)
(-0.686141 0.323433 0)
(-0.696391 0.28618 0)
(-0.702688 0.246323 0)
(-0.706336 0.204992 0)
(-0.708405 0.162924 0)
(-0.709722 0.120533 0)
(-0.710884 0.077995 0)
(-0.712284 0.0353004 0)
(-0.714218 -0.00766482 0)
(-0.716952 -0.0510421 0)
(-0.720633 -0.0950166 0)
(-0.725357 -0.139807 0)
(-0.731129 -0.185593 0)
(-0.737778 -0.232434 0)
(-0.74477 -0.280181 0)
(-0.75098 -0.328306 0)
(-0.754492 -0.375616 0)
(-0.75248 -0.41993 0)
(-0.741225 -0.457879 0)
(-0.716458 -0.484948 0)
(-0.674169 -0.495887 0)
(-0.611825 -0.485654 0)
(-0.529723 -0.450896 0)
(-0.432063 -0.391677 0)
(-0.32716 -0.312798 0)
(-0.226234 -0.22385 0)
(-0.14048 -0.137184 0)
(-0.0771176 -0.0638239 0)
(-0.0365919 -0.00931232 0)
(-0.0137817 0.0268027 0)
(-0.00262667 0.0471475 0)
(0.00130344 0.0532498 0)
(0.00144696 0.045019 0)
(0.000288214 0.0209458 0)
(-0.00217965 0.00131124 0)
(-0.0214263 0.0250232 0)
(-0.0510208 0.065063 0)
(-0.0894993 0.115744 0)
(-0.136548 0.172612 0)
(-0.19181 0.232558 0)
(-0.253588 0.292329 0)
(-0.318876 0.347802 0)
(-0.384005 0.394671 0)
(-0.445456 0.429517 0)
(-0.500424 0.450431 0)
(-0.547051 0.45707 0)
(-0.584456 0.450372 0)
(-0.612665 0.432164 0)
(-0.632478 0.404772 0)
(-0.645256 0.370657 0)
(-0.65265 0.3321 0)
(-0.656318 0.290971 0)
(-0.657715 0.248633 0)
(-0.657965 0.20594 0)
(-0.657852 0.163334 0)
(-0.657876 0.120974 0)
(-0.658312 0.0788299 0)
(-0.659291 0.0367682 0)
(-0.660929 -0.00537448 0)
(-0.663379 -0.0477638 0)
(-0.666732 -0.0905871 0)
(-0.671167 -0.134051 0)
(-0.676912 -0.178377 0)
(-0.684178 -0.223812 0)
(-0.693024 -0.270601 0)
(-0.703168 -0.318852 0)
(-0.713735 -0.36827 0)
(-0.722899 -0.417794 0)
(-0.727564 -0.46518 0)
(-0.7233 -0.506596 0)
(-0.704772 -0.536503 0)
(-0.666736 -0.548157 0)
(-0.605613 -0.534949 0)
(-0.521334 -0.492467 0)
(-0.418857 -0.420875 0)
(-0.308414 -0.326726 0)
(-0.203737 -0.222894 0)
(-0.117978 -0.125405 0)
(-0.058457 -0.0473798 0)
(-0.023645 0.0062399 0)
(-0.00618975 0.0377588 0)
(0.000679311 0.0503893 0)
(0.00180995 0.0453548 0)
(0.000485814 0.0218734 0)
(-0.00335797 0.0148812 0)
(-0.0283506 0.0528233 0)
(-0.0639642 0.102344 0)
(-0.108201 0.161523 0)
(-0.160269 0.226364 0)
(-0.219094 0.292809 0)
(-0.282155 0.356347 0)
(-0.345936 0.412054 0)
(-0.406734 0.455596 0)
(-0.461383 0.484153 0)
(-0.507654 0.496737 0)
(-0.544394 0.494021 0)
(-0.571504 0.477917 0)
(-0.589814 0.451103 0)
(-0.600847 0.416532 0)
(-0.606478 0.376994 0)
(-0.608589 0.334784 0)
(-0.608786 0.291544 0)
(-0.608251 0.248263 0)
(-0.607733 0.205406 0)
(-0.607619 0.163085 0)
(-0.608054 0.121219 0)
(-0.60903 0.07964 0)
(-0.610482 0.0381699 0)
(-0.612373 -0.00334732 0)
(-0.614745 -0.0450418 0)
(-0.617644 -0.0870246 0)
(-0.62122 -0.129399 0)
(-0.62573 -0.172312 0)
(-0.631508 -0.216003 0)
(-0.638938 -0.260818 0)
(-0.648379 -0.30717 0)
(-0.659934 -0.355425 0)
(-0.673072 -0.405641 0)
(-0.686137 -0.457064 0)
(-0.695883 -0.507426 0)
(-0.697258 -0.552292 0)
(-0.68378 -0.584852 0)
(-0.648803 -0.596553 0)
(-0.587675 -0.578882 0)
(-0.500233 -0.526286 0)
(-0.392696 -0.439521 0)
(-0.277802 -0.32802 0)
(-0.172117 -0.209265 0)
(-0.0902952 -0.103566 0)
(-0.0383223 -0.0252738 0)
(-0.0113376 0.0229067 0)
(-0.000154776 0.0453654 0)
(0.00229705 0.0453532 0)
(0.000720632 0.0231559 0)
(-0.00444352 0.0323903 0)
(-0.034536 0.0861401 0)
(-0.0751395 0.144926 0)
(-0.12372 0.211875 0)
(-0.178943 0.28335 0)
(-0.239054 0.354221 0)
(-0.300949 0.41893 0)
(-0.360934 0.472172 0)
(-0.415547 0.509974 0)
(-0.462149 0.530372 0)
(-0.499211 0.533459 0)
(-0.52638 0.521014 0)
(-0.544393 0.495953 0)
(-0.55483 0.461717 0)
(-0.559741 0.421673 0)
(-0.561214 0.37864 0)
(-0.561021 0.33463 0)
(-0.560429 0.290825 0)
(-0.560176 0.247733 0)
(-0.560569 0.205418 0)
(-0.56164 0.16372 0)
(-0.563276 0.122407 0)
(-0.565316 0.0812651 0)
(-0.567608 0.0401293 0)
(-0.57005 -0.00111415 0)
(-0.572636 -0.0425319 0)
(-0.575389 -0.0841523 0)
(-0.578375 -0.125987 0)
(-0.581752 -0.16808 0)
(-0.585778 -0.210546 0)
(-0.590857 -0.253607 0)
(-0.597539 -0.297654 0)
(-0.60644 -0.343287 0)
(-0.618024 -0.391221 0)
(-0.632191 -0.441942 0)
(-0.647609 -0.495034 0)
(-0.660949 -0.548214 0)
(-0.666447 -0.596349 0)
(-0.656333 -0.630995 0)
(-0.622521 -0.641238 0)
(-0.559436 -0.616315 0)
(-0.467275 -0.549794 0)
(-0.354331 -0.444121 0)
(-0.236682 -0.313371 0)
(-0.133895 -0.18126 0)
(-0.0609072 -0.0724243 0)
(-0.0200568 -0.000202139 0)
(-0.0022687 0.0369417 0)
(0.00246979 0.0446288 0)
(0.000940031 0.0247538 0)
(-0.00528796 0.053277 0)
(-0.0394213 0.123915 0)
(-0.0836886 0.191438 0)
(-0.134989 0.265064 0)
(-0.191449 0.341491 0)
(-0.250768 0.414566 0)
(-0.309529 0.477994 0)
(-0.364138 0.52648 0)
(-0.411562 0.556722 0)
(-0.449814 0.567816 0)
(-0.478143 0.561051 0)
(-0.497024 0.539354 0)
(-0.507956 0.506564 0)
(-0.513064 0.466665 0)
(-0.514609 0.423118 0)
(-0.51455 0.378443 0)
(-0.514273 0.334124 0)
(-0.514549 0.290773 0)
(-0.515649 0.248431 0)
(-0.517522 0.206857 0)
(-0.519976 0.165739 0)
(-0.522794 0.124807 0)
(-0.525793 0.0838733 0)
(-0.528834 0.0428214 0)
(-0.531829 0.00159132 0)
(-0.534779 -0.0398312 0)
(-0.537708 -0.0814292 0)
(-0.540605 -0.123174 0)
(-0.543525 -0.165037 0)
(-0.546581 -0.207005 0)
(-0.55 -0.249127 0)
(-0.554179 -0.2916 0)
(-0.559731 -0.334873 0)
(-0.567491 -0.379722 0)
(-0.578319 -0.427202 0)
(-0.592589 -0.478287 0)
(-0.60929 -0.533005 0)
(-0.624979 -0.58902 0)
(-0.633088 -0.640131 0)
(-0.624404 -0.675649 0)
(-0.589311 -0.681713 0)
(-0.521646 -0.645143 0)
(-0.422895 -0.559369 0)
(-0.304678 -0.430476 0)
(-0.187299 -0.279818 0)
(-0.0928417 -0.138949 0)
(-0.0339624 -0.0351858 0)
(-0.0065032 0.0231722 0)
(0.00201247 0.0423119 0)
(0.00111651 0.0264171 0)
(-0.00576999 0.0766355 0)
(-0.0425945 0.164815 0)
(-0.0890381 0.240331 0)
(-0.141393 0.319319 0)
(-0.197307 0.398891 0)
(-0.254117 0.472046 0)
(-0.308348 0.532092 0)
(-0.356702 0.574079 0)
(-0.396705 0.595619 0)
(-0.427085 0.597013 0)
(-0.44788 0.580805 0)
(-0.460316 0.551012 0)
(-0.466451 0.512192 0)
(-0.468653 0.468552 0)
(-0.469067 0.4233 0)
(-0.469252 0.378392 0)
(-0.470074 0.334665 0)
(-0.471815 0.292191 0)
(-0.474383 0.250662 0)
(-0.477529 0.209678 0)
(-0.480992 0.168905 0)
(-0.484574 0.128121 0)
(-0.488153 0.0872019 0)
(-0.491651 0.0460902 0)
(-0.495032 0.00476799 0)
(-0.498328 -0.0367548 0)
(-0.501568 -0.0784533 0)
(-0.504719 -0.1203 0)
(-0.50777 -0.162242 0)
(-0.510723 -0.204212 0)
(-0.513615 -0.246148 0)
(-0.516582 -0.288046 0)
(-0.519961 -0.330062 0)
(-0.524405 -0.372654 0)
(-0.530929 -0.416767 0)
(-0.540746 -0.46386 0)
(-0.554696 -0.515483 0)
(-0.572105 -0.572093 0)
(-0.589296 -0.631067 0)
(-0.598584 -0.684596 0)
(-0.589008 -0.718902 0)
(-0.549542 -0.716429 0)
(-0.474241 -0.661739 0)
(-0.367327 -0.549915 0)
(-0.245328 -0.394015 0)
(-0.133345 -0.226069 0)
(-0.0540409 -0.0858296 0)
(-0.0133501 0.00163933 0)
(0.000773274 0.0372217 0)
(0.00125392 0.0277867 0)
(-0.00581405 0.101332 0)
(-0.0438229 0.207361 0)
(-0.0909242 0.290031 0)
(-0.142762 0.37299 0)
(-0.19661 0.453966 0)
(-0.249632 0.525361 0)
(-0.298493 0.580404 0)
(-0.340329 0.61476 0)
(-0.373289 0.627131 0)
(-0.396815 0.619105 0)
(-0.411659 0.594455 0)
(-0.419617 0.55812 0)
(-0.423034 0.51508 0)
(-0.424213 0.469415 0)
(-0.424928 0.423794 0)
(-0.426217 0.379472 0)
(-0.428441 0.336665 0)
(-0.431516 0.295031 0)
(-0.435159 0.254082 0)
(-0.439074 0.2134 0)
(-0.443045 0.172717 0)
(-0.446955 0.131898 0)
(-0.450762 0.0908895 0)
(-0.454456 0.0496788 0)
(-0.458041 0.00826853 0)
(-0.461579 -0.0333304 0)
(-0.465109 -0.0751036 0)
(-0.468603 -0.117043 0)
(-0.472036 -0.159113 0)
(-0.475358 -0.201254 0)
(-0.478505 -0.243378 0)
(-0.481428 -0.285378 0)
(-0.484172 -0.32718 0)
(-0.486992 -0.368871 0)
(-0.490533 -0.410933 0)
(-0.495961 -0.454504 0)
(-0.504862 -0.501496 0)
(-0.518549 -0.5541 0)
(-0.536546 -0.613167 0)
(-0.554595 -0.675369 0)
(-0.563444 -0.730275 0)
(-0.550126 -0.759745 0)
(-0.5026 -0.741929 0)
(-0.416542 -0.660283 0)
(-0.301065 -0.51503 0)
(-0.179321 -0.331214 0)
(-0.0805165 -0.154852 0)
(-0.0231571 -0.0304571 0)
(-0.0012812 0.0280264 0)
(0.0013717 0.0284858 0)
(-0.00539689 0.126125 0)
(-0.0430505 0.250043 0)
(-0.089366 0.339046 0)
(-0.139307 0.424654 0)
(-0.189888 0.505509 0)
(-0.238273 0.573702 0)
(-0.281411 0.622654 0)
(-0.316946 0.648848 0)
(-0.343648 0.652182 0)
(-0.361611 0.635539 0)
(-0.372146 0.603801 0)
(-0.37738 0.562575 0)
(-0.379671 0.516933 0)
(-0.381017 0.47053 0)
(-0.382699 0.425328 0)
(-0.385251 0.381884 0)
(-0.388654 0.339917 0)
(-0.392626 0.298853 0)
(-0.396843 0.258167 0)
(-0.401068 0.217521 0)
(-0.405176 0.176751 0)
(-0.409138 0.135805 0)
(-0.412979 0.0946822 0)
(-0.416726 0.0533934 0)
(-0.420407 0.0119428 0)
(-0.424093 -0.0296695 0)
(-0.427833 -0.0714431 0)
(-0.431614 -0.113393 0)
(-0.435412 -0.155513 0)
(-0.439183 -0.197778 0)
(-0.442846 -0.240127 0)
(-0.446288 -0.282451 0)
(-0.449384 -0.324593 0)
(-0.452076 -0.366409 0)
(-0.454532 -0.407924 0)
(-0.457394 -0.449632 0)
(-0.462008 -0.49292 0)
(-0.470339 -0.540291 0)
(-0.484115 -0.594695 0)
(-0.502825 -0.657155 0)
(-0.521099 -0.722718 0)
(-0.527427 -0.77675 0)
(-0.506662 -0.795242 0)
(-0.446842 -0.752054 0)
(-0.347698 -0.632529 0)
(-0.225971 -0.448169 0)
(-0.112338 -0.242558 0)
(-0.036402 -0.0761146 0)
(-0.00422491 0.0132247 0)
(0.00146128 0.0281045 0)
(-0.00454321 0.149773 0)
(-0.0403699 0.291425 0)
(-0.0846057 0.386056 0)
(-0.131509 0.473165 0)
(-0.177953 0.552686 0)
(-0.221231 0.616682 0)
(-0.25867 0.658982 0)
(-0.288437 0.677018 0)
(-0.309873 0.671919 0)
(-0.323598 0.647789 0)
(-0.331282 0.610425 0)
(-0.335145 0.565814 0)
(-0.337334 0.518823 0)
(-0.339413 0.472483 0)
(-0.342177 0.428016 0)
(-0.345761 0.385386 0)
(-0.349932 0.343989 0)
(-0.354353 0.303175 0)
(-0.35876 0.262491 0)
(-0.363011 0.221713 0)
(-0.367073 0.180775 0)
(-0.370982 0.139688 0)
(-0.374798 0.0984751 0)
(-0.378565 0.0571505 0)
(-0.382306 0.0157088 0)
(-0.386091 -0.025863 0)
(-0.389978 -0.0675762 0)
(-0.393959 -0.109464 0)
(-0.398017 -0.151543 0)
(-0.402132 -0.193821 0)
(-0.406246 -0.236281 0)
(-0.41026 -0.27886 0)
(-0.414017 -0.321432 0)
(-0.417325 -0.363793 0)
(-0.420039 -0.405717 0)
(-0.422255 -0.447156 0)
(-0.424637 -0.488672 0)
(-0.428753 -0.532044 0)
(-0.437011 -0.580568 0)
(-0.451479 -0.638012 0)
(-0.471129 -0.705027 0)
(-0.488554 -0.773427 0)
(-0.489234 -0.821999 0)
(-0.456284 -0.819391 0)
(-0.380092 -0.73698 0)
(-0.267971 -0.568438 0)
(-0.146937 -0.345997 0)
(-0.0534009 -0.137548 0)
(-0.00822355 -0.0088168 0)
(0.00147461 0.0261867 0)
(-0.00331559 0.171134 0)
(-0.0359831 0.330212 0)
(-0.0770361 0.42995 0)
(-0.120015 0.517665 0)
(-0.161747 0.594993 0)
(-0.199749 0.654242 0)
(-0.231769 0.689803 0)
(-0.256467 0.700115 0)
(-0.273662 0.687504 0)
(-0.284336 0.657155 0)
(-0.290317 0.615546 0)
(-0.293713 0.56877 0)
(-0.296323 0.521271 0)
(-0.29926 0.475379 0)
(-0.302915 0.431643 0)
(-0.307174 0.389592 0)
(-0.311723 0.348466 0)
(-0.31627 0.307649 0)
(-0.320646 0.266807 0)
(-0.324803 0.225829 0)
(-0.328773 0.184721 0)
(-0.332624 0.143522 0)
(-0.336428 0.102261 0)
(-0.340227 0.0609426 0)
(-0.344034 0.0195468 0)
(-0.347906 -0.0219513 0)
(-0.351908 -0.0635705 0)
(-0.356035 -0.105356 0)
(-0.360271 -0.147338 0)
(-0.364611 -0.189545 0)
(-0.369027 -0.231993 0)
(-0.373458 -0.274676 0)
(-0.377787 -0.317531 0)
(-0.381826 -0.360408 0)
(-0.385327 -0.403044 0)
(-0.388063 -0.445126 0)
(-0.390082 -0.486554 0)
(-0.392139 -0.528057 0)
(-0.396148 -0.572035 0)
(-0.405023 -0.622897 0)
(-0.420915 -0.685166 0)
(-0.441432 -0.757842 0)
(-0.455904 -0.826661 0)
(-0.446309 -0.86081 0)
(-0.395685 -0.821464 0)
(-0.300763 -0.683174 0)
(-0.180766 -0.459498 0)
(-0.0736045 -0.215112 0)
(-0.0135233 -0.0398837 0)
(0.00139019 0.0222517 0)
(-0.00180299 0.189228 0)
(-0.0301615 0.365285 0)
(-0.0671304 0.469844 0)
(-0.105534 0.557555 0)
(-0.142226 0.63219 0)
(-0.174997 0.68655 0)
(-0.202021 0.715678 0)
(-0.22239 0.719011 0)
(-0.236277 0.699977 0)
(-0.244861 0.664662 0)
(-0.249942 0.619988 0)
(-0.253379 0.571937 0)
(-0.256575 0.524411 0)
(-0.260244 0.479059 0)
(-0.264492 0.435886 0)
(-0.269089 0.394149 0)
(-0.273736 0.353052 0)
(-0.278224 0.312079 0)
(-0.282478 0.271016 0)
(-0.286518 0.229839 0)
(-0.290409 0.188597 0)
(-0.294229 0.147333 0)
(-0.298045 0.106066 0)
(-0.301895 0.0647865 0)
(-0.305777 0.0234625 0)
(-0.309735 -0.0179419 0)
(-0.313843 -0.0594495 0)
(-0.318098 -0.101115 0)
(-0.322476 -0.142975 0)
(-0.326981 -0.185068 0)
(-0.3316 -0.227432 0)
(-0.336302 -0.270095 0)
(-0.34102 -0.313055 0)
(-0.345626 -0.356248 0)
(-0.3499 -0.399489 0)
(-0.353534 -0.442441 0)
(-0.35624 -0.484686 0)
(-0.358071 -0.526123 0)
(-0.359987 -0.567847 0)
(-0.364407 -0.613312 0)
(-0.374779 -0.668396 0)
(-0.392796 -0.73777 0)
(-0.413267 -0.816111 0)
(-0.420823 -0.878741 0)
(-0.394586 -0.882538 0)
(-0.321458 -0.784873 0)
(-0.210259 -0.575995 0)
(-0.0954159 -0.306766 0)
(-0.0203492 -0.0816525 0)
(0.00125031 0.0158156 0)
(-0.000109562 0.203278 0)
(-0.0232115 0.395721 0)
(-0.0553867 0.505065 0)
(-0.088768 0.592458 0)
(-0.120276 0.664232 0)
(-0.147994 0.713903 0)
(-0.170496 0.737203 0)
(-0.187225 0.734501 0)
(-0.198579 0.710184 0)
(-0.205778 0.671041 0)
(-0.210458 0.624236 0)
(-0.21415 0.575495 0)
(-0.217881 0.528153 0)
(-0.222054 0.483266 0)
(-0.226608 0.440443 0)
(-0.23129 0.398797 0)
(-0.235862 0.357576 0)
(-0.240206 0.31638 0)
(-0.244316 0.275096 0)
(-0.24825 0.233759 0)
(-0.252085 0.192429 0)
(-0.255892 0.151143 0)
(-0.259732 0.109905 0)
(-0.263636 0.0686925 0)
(-0.267595 0.0274612 0)
(-0.271636 -0.0138329 0)
(-0.275847 -0.0552141 0)
(-0.280231 -0.0967472 0)
(-0.28475 -0.138472 0)
(-0.289408 -0.180435 0)
(-0.294198 -0.222681 0)
(-0.299104 -0.265258 0)
(-0.304093 -0.308202 0)
(-0.309089 -0.351518 0)
(-0.313947 -0.395127 0)
(-0.318407 -0.438788 0)
(-0.322105 -0.482056 0)
(-0.324711 -0.524411 0)
(-0.326363 -0.56587 0)
(-0.32842 -0.60829 0)
(-0.334028 -0.656805 0)
(-0.347 -0.718954 0)
(-0.36733 -0.79767 0)
(-0.384948 -0.878285 0)
(-0.379062 -0.920193 0)
(-0.329126 -0.868418 0)
(-0.232664 -0.688474 0)
(-0.116679 -0.408518 0)
(-0.0287015 -0.135272 0)
(0.00111725 0.00636698 0)
(0.00165499 0.212726 0)
(-0.0154495 0.420788 0)
(-0.0422872 0.535121 0)
(-0.0703594 0.622166 0)
(-0.0966682 0.691195 0)
(-0.119574 0.736651 0)
(-0.138011 0.754939 0)
(-0.151687 0.747248 0)
(-0.1611 0.718753 0)
(-0.167386 0.67676 0)
(-0.171925 0.628517 0)
(-0.175902 0.579431 0)
(-0.180015 0.532314 0)
(-0.184453 0.487748 0)
(-0.189083 0.445079 0)
(-0.19368 0.403371 0)
(-0.198086 0.361951 0)
(-0.202253 0.320525 0)
(-0.20622 0.279055 0)
(-0.21006 0.237605 0)
(-0.213846 0.196233 0)
(-0.217641 0.154961 0)
(-0.221498 0.113779 0)
(-0.225447 0.0726558 0)
(-0.229473 0.0315385 0)
(-0.233587 -0.00962568 0)
(-0.237896 -0.0508611 0)
(-0.242416 -0.092245 0)
(-0.247086 -0.133821 0)
(-0.251912 -0.17564 0)
(-0.256885 -0.217751 0)
(-0.261993 -0.260211 0)
(-0.267216 -0.303075 0)
(-0.272515 -0.346391 0)
(-0.277801 -0.390162 0)
(-0.2829 -0.434269 0)
(-0.287504 -0.478383 0)
(-0.291189 -0.52191 0)
(-0.293626 -0.564265 0)
(-0.295194 -0.605858 0)
(-0.297934 -0.650015 0)
(-0.305882 -0.704376 0)
(-0.322494 -0.777429 0)
(-0.34381 -0.865671 0)
(-0.352675 -0.937152 0)
(-0.324572 -0.931421 0)
(-0.24646 -0.791072 0)
(-0.135338 -0.51532 0)
(-0.0381894 -0.200516 0)
(0.000968788 -0.00656366 0)
(0.00338472 0.21726 0)
(-0.00718464 0.4399 0)
(-0.0282805 0.559668 0)
(-0.0508717 0.646591 0)
(-0.0720424 0.713226 0)
(-0.0903875 0.755137 0)
(-0.105156 0.769363 0)
(-0.116235 0.757761 0)
(-0.124125 0.726114 0)
(-0.12978 0.682081 0)
(-0.134277 0.632894 0)
(-0.138466 0.583638 0)
(-0.142782 0.536692 0)
(-0.147283 0.492293 0)
(-0.15182 0.449629 0)
(-0.156228 0.407773 0)
(-0.160418 0.366136 0)
(-0.164395 0.324507 0)
(-0.168217 0.282897 0)
(-0.171962 0.241379 0)
(-0.175692 0.200002 0)
(-0.179461 0.158774 0)
(-0.183315 0.117672 0)
(-0.18729 0.0766607 0)
(-0.19137 0.035682 0)
(-0.19554 -0.00532549 0)
(-0.199939 -0.0463891 0)
(-0.2046 -0.0875985 0)
(-0.209437 -0.129005 0)
(-0.214451 -0.170661 0)
(-0.219633 -0.212621 0)
(-0.22497 -0.254942 0)
(-0.230447 -0.297692 0)
(-0.236038 -0.34094 0)
(-0.241691 -0.384739 0)
(-0.247296 -0.429073 0)
(-0.252635 -0.473752 0)
(-0.25734 -0.518294 0)
(-0.260935 -0.561931 0)
(-0.263189 -0.604155 0)
(-0.264975 -0.646383 0)
(-0.269383 -0.694555 0)
(-0.281199 -0.759349 0)
(-0.301616 -0.846857 0)
(-0.319372 -0.937822 0)
(-0.309818 -0.973964 0)
(-0.251398 -0.879671 0)
(-0.149914 -0.622041 0)
(-0.0480827 -0.27562 0)
(0.000664596 -0.023421 0)
(0.00493814 0.216692 0)
(0.00127799 0.452716 0)
(-0.013766 0.578449 0)
(-0.0307859 0.665719 0)
(-0.0469117 0.730489 0)
(-0.0609222 0.769663 0)
(-0.0723317 0.780845 0)
(-0.0811397 0.766398 0)
(-0.0877691 0.732534 0)
(-0.0929364 0.687122 0)
(-0.0973928 0.637333 0)
(-0.101682 0.587978 0)
(-0.106038 0.54111 0)
(-0.110442 0.496742 0)
(-0.114771 0.453985 0)
(-0.118923 0.411945 0)
(-0.122868 0.370107 0)
(-0.12664 0.328318 0)
(-0.130308 0.286614 0)
(-0.133941 0.245069 0)
(-0.137596 0.203719 0)
(-0.141316 0.162561 0)
(-0.145144 0.121563 0)
(-0.149123 0.0806864 0)
(-0.15324 0.0398766 0)
(-0.15745 -0.000936755 0)
(-0.161923 -0.0417985 0)
(-0.166727 -0.0827978 0)
(-0.171742 -0.124004 0)
(-0.176965 -0.165471 0)
(-0.182384 -0.207255 0)
(-0.187986 -0.249416 0)
(-0.193755 -0.292023 0)
(-0.199672 -0.335159 0)
(-0.2057 -0.378909 0)
(-0.211769 -0.42332 0)
(-0.217731 -0.468323 0)
(-0.223312 -0.513594 0)
(-0.228069 -0.558432 0)
(-0.231524 -0.601928 0)
(-0.233723 -0.644069 0)
(-0.236454 -0.68846 0)
(-0.244158 -0.745158 0)
(-0.261211 -0.826533 0)
(-0.282796 -0.927161 0)
(-0.287524 -0.997972 0)
(-0.248253 -0.952016 0)
(-0.15967 -0.724179 0)
(-0.0575482 -0.357824 0)
(-5.04488e-06 -0.0446307 0)
(0.00616033 0.211253 0)
(0.00957534 0.458792 0)
(0.000931713 0.591372 0)
(-0.0105023 0.67956 0)
(-0.0216826 0.743136 0)
(-0.0315341 0.780458 0)
(-0.0397984 0.789643 0)
(-0.0465368 0.773385 0)
(-0.0520466 0.738149 0)
(-0.0567717 0.691911 0)
(-0.0611373 0.641761 0)
(-0.0654126 0.592316 0)
(-0.0696734 0.545426 0)
(-0.0738664 0.500983 0)
(-0.0779091 0.458074 0)
(-0.0817587 0.415848 0)
(-0.08543 0.373843 0)
(-0.0889777 0.331941 0)
(-0.0924689 0.290188 0)
(-0.0959655 0.248652 0)
(-0.099517 0.20736 0)
(-0.103162 0.166297 0)
(-0.106941 0.125427 0)
(-0.110902 0.0847113 0)
(-0.115037 0.0441025 0)
(-0.119272 0.00352595 0)
(-0.123803 -0.0370964 0)
(-0.128742 -0.0778406 0)
(-0.133945 -0.118807 0)
(-0.139391 -0.160048 0)
(-0.145072 -0.201622 0)
(-0.150973 -0.24359 0)
(-0.157078 -0.286023 0)
(-0.163369 -0.329009 0)
(-0.169817 -0.372651 0)
(-0.176371 -0.417043 0)
(-0.182928 -0.462199 0)
(-0.189288 -0.507935 0)
(-0.195103 -0.553706 0)
(-0.199874 -0.598548 0)
(-0.203227 -0.641637 0)
(-0.205845 -0.684466 0)
(-0.210966 -0.734834 0)
(-0.224078 -0.807655 0)
(-0.245839 -0.909775 0)
(-0.260426 -1.00648 0)
(-0.238443 -1.00752 0)
(-0.164554 -0.818257 0)
(-0.0658597 -0.443974 0)
(-0.00115739 -0.0704339 0)
(0.0069576 0.201441 0)
(0.0173249 0.457718 0)
(0.0154863 0.598288 0)
(0.00966507 0.688214 0)
(0.00332322 0.751292 0)
(-0.00248747 0.78769 0)
(-0.0077203 0.795922 0)
(-0.0124785 0.778844 0)
(-0.0169104 0.743012 0)
(-0.0211748 0.696419 0)
(-0.0253784 0.646092 0)
(-0.02954 0.596542 0)
(-0.0336069 0.549535 0)
(-0.0375097 0.504932 0)
(-0.04121 0.46184 0)
(-0.0447191 0.419443 0)
(-0.0480871 0.377313 0)
(-0.0513804 0.335345 0)
(-0.0546632 0.293586 0)
(-0.0579904 0.252095 0)
(-0.0614067 0.210891 0)
(-0.0649488 0.169953 0)
(-0.0686554 0.129241 0)
(-0.0725777 0.0887114 0)
(-0.076715 0.0483283 0)
(-0.0809666 0.00802071 0)
(-0.0855358 -0.0323141 0)
(-0.0905942 -0.072746 0)
(-0.09599 -0.11342 0)
(-0.101668 -0.154389 0)
(-0.107627 -0.195707 0)
(-0.113856 -0.237435 0)
(-0.120339 -0.279648 0)
(-0.127056 -0.322438 0)
(-0.133982 -0.365919 0)
(-0.141074 -0.410215 0)
(-0.148254 -0.455401 0)
(-0.155375 -0.5014 0)
(-0.162171 -0.547821 0)
(-0.168217 -0.593806 0)
(-0.173015 -0.638208 0)
(-0.176553 -0.681026 0)
(-0.180726 -0.727326 0)
(-0.190595 -0.791521 0)
(-0.210443 -0.88934 0)
(-0.230945 -1.00296 0)
(-0.223651 -1.04686 0)
(-0.165015 -0.901929 0)
(-0.0725425 -0.531078 0)
(-0.00274503 -0.100763 0)
(0.00731619 0.187879 0)
(0.0242031 0.449434 0)
(0.0295286 0.598886 0)
(0.0294439 0.691716 0)
(0.0278619 0.755056 0)
(0.0260216 0.791416 0)
(0.0237917 0.799723 0)
(0.0210192 0.782791 0)
(0.0177032 0.747107 0)
(0.0139633 0.700601 0)
(0.00999881 0.650259 0)
(0.00602777 0.600588 0)
(0.00222187 0.553384 0)
(-0.00133576 0.50856 0)
(-0.00465038 0.465267 0)
(-0.0077821 0.422724 0)
(-0.0108105 0.380511 0)
(-0.0138114 0.338525 0)
(-0.0168465 0.296802 0)
(-0.0199656 0.255392 0)
(-0.0232112 0.214308 0)
(-0.0266206 0.173527 0)
(-0.0302326 0.133001 0)
(-0.0341024 0.092681 0)
(-0.0382443 0.0525419 0)
(-0.0425164 0.0125352 0)
(-0.0470953 -0.027451 0)
(-0.0522417 -0.067509 0)
(-0.0578229 -0.107838 0)
(-0.063732 -0.148486 0)
(-0.0699783 -0.189495 0)
(-0.0765571 -0.230928 0)
(-0.0834533 -0.272862 0)
(-0.0906464 -0.315397 0)
(-0.0981105 -0.358656 0)
(-0.105807 -0.402784 0)
(-0.113673 -0.447899 0)
(-0.121588 -0.494006 0)
(-0.12935 -0.540837 0)
(-0.13662 -0.587681 0)
(-0.14293 -0.633348 0)
(-0.147943 -0.676983 0)
(-0.152494 -0.721234 0)
(-0.160424 -0.77816 0)
(-0.177655 -0.868363 0)
(-0.200988 -0.990717 0)
(-0.205541 -1.07152 0)
(-0.161789 -0.973905 0)
(-0.0774187 -0.61662 0)
(-0.00459669 -0.135221 0)
(0.00726304 0.171316 0)
(0.0299409 0.434086 0)
(0.0426688 0.592866 0)
(0.0485583 0.690002 0)
(0.0517196 0.754485 0)
(0.0538204 0.791648 0)
(0.0546388 0.800992 0)
(0.0539463 0.785134 0)
(0.0518599 0.750327 0)
(0.0487523 0.704355 0)
(0.0451125 0.65418 0)
(0.0413902 0.60439 0)
(0.0378817 0.556923 0)
(0.0346952 0.511818 0)
(0.0317943 0.468311 0)
(0.0290752 0.425645 0)
(0.0264279 0.383397 0)
(0.0237641 0.341442 0)
(0.0210213 0.299804 0)
(0.0181518 0.258523 0)
(0.0151134 0.217612 0)
(0.0118649 0.177047 0)
(0.00836313 0.13678 0)
(0.00455366 0.0967643 0)
(0.000405742 0.0569732 0)
(-0.00390061 0.0173544 0)
(-0.00846729 -0.0222909 0)
(-0.0136532 -0.0620044 0)
(-0.0193913 -0.10198 0)
(-0.025521 -0.142274 0)
(-0.0320533 -0.182928 0)
(-0.0389933 -0.224008 0)
(-0.0463309 -0.265602 0)
(-0.0540455 -0.307818 0)
(-0.0621079 -0.350791 0)
(-0.0704793 -0.39468 0)
(-0.0791015 -0.439635 0)
(-0.087877 -0.48572 0)
(-0.0966417 -0.532768 0)
(-0.10513 -0.580195 0)
(-0.112953 -0.626888 0)
(-0.119689 -0.671608 0)
(-0.125517 -0.715246 0)
(-0.132912 -0.766822 0)
(-0.147833 -0.848197 0)
(-0.17191 -0.972596 0)
(-0.185575 -1.08342 0)
(-0.15573 -1.03376 0)
(-0.0805739 -0.698683 0)
(-0.0064995 -0.173157 0)
(0.00684963 0.152599 0)
(0.0343291 0.412042 0)
(0.0545111 0.579964 0)
(0.0667027 0.682917 0)
(0.0746857 0.749594 0)
(0.0807359 0.788365 0)
(0.0847005 0.799631 0)
(0.0862558 0.785732 0)
(0.0855829 0.752524 0)
(0.0832645 0.707554 0)
(0.0800539 0.657758 0)
(0.0766326 0.60788 0)
(0.0734397 0.560093 0)
(0.0706331 0.514648 0)
(0.0681638 0.470899 0)
(0.0658908 0.428122 0)
(0.0636714 0.385872 0)
(0.0613992 0.343993 0)
(0.0590048 0.302485 0)
(0.0564394 0.26138 0)
(0.0536597 0.22069 0)
(0.0506213 0.180393 0)
(0.0472778 0.140447 0)
(0.0435754 0.100802 0)
(0.0394634 0.0614207 0)
(0.035063 0.0222361 0)
(0.0304148 -0.0169978 0)
(0.0252197 -0.0563246 0)
(0.0193792 -0.0958761 0)
(0.0130468 -0.13573 0)
(0.00623123 -0.175943 0)
(-0.00107997 -0.216594 0)
(-0.00888495 -0.25778 0)
(-0.017163 -0.299613 0)
(-0.0258784 -0.342232 0)
(-0.034989 -0.385808 0)
(-0.0444414 -0.430518 0)
(-0.0541527 -0.476471 0)
(-0.0639873 -0.523573 0)
(-0.0737346 -0.571343 0)
(-0.0830843 -0.61877 0)
(-0.0916484 -0.664498 0)
(-0.0992915 -0.70833 0)
(-0.107358 -0.756413 0)
(-0.120867 -0.829259 0)
(-0.14453 -0.950779 0)
(-0.164916 -1.08456 0)
(-0.147682 -1.08168 0)
(-0.0822895 -0.775939 0)
(-0.00827457 -0.213812 0)
(0.00615126 0.132621 0)
(0.0372239 0.383914 0)
(0.0646576 0.559995 0)
(0.0835142 0.670199 0)
(0.0965194 0.740316 0)
(0.106578 0.781501 0)
(0.113822 0.795487 0)
(0.117852 0.784385 0)
(0.118844 0.753508 0)
(0.117527 0.710058 0)
(0.114885 0.660921 0)
(0.111827 0.611038 0)
(0.108961 0.562904 0)
(0.106529 0.517057 0)
(0.104495 0.473021 0)
(0.102695 0.430121 0)
(0.100951 0.387886 0)
(0.0991299 0.346114 0)
(0.097148 0.304773 0)
(0.0949495 0.263881 0)
(0.0924881 0.223447 0)
(0.0897173 0.183452 0)
(0.086589 0.143852 0)
(0.083053 0.104593 0)
(0.0790583 0.0656158 0)
(0.0746561 0.0268525 0)
(0.069938 -0.0118912 0)
(0.0646825 -0.0506951 0)
(0.0587208 -0.0896929 0)
(0.0521659 -0.128985 0)
(0.0450331 -0.168641 0)
(0.0373047 -0.20875 0)
(0.0289877 -0.249414 0)
(0.0201038 -0.29075 0)
(0.0106848 -0.332908 0)
(0.000772876 -0.376072 0)
(-0.00958275 -0.420443 0)
(-0.0203092 -0.466157 0)
(-0.0312922 -0.513168 0)
(-0.042366 -0.561073 0)
(-0.0532914 -0.608949 0)
(-0.0637478 -0.65544 0)
(-0.0735078 -0.699766 0)
(-0.0831474 -0.745819 0)
(-0.0963667 -0.811314 0)
(-0.119232 -0.926775 0)
(-0.144417 -1.07681 0)
(-0.138404 -1.11825 0)
(-0.082963 -0.847569 0)
(-0.00982388 -0.25647 0)
(0.00526348 0.112261 0)
(0.0385571 0.350579 0)
(0.0727195 0.532935 0)
(0.0985506 0.651505 0)
(0.116911 0.726478 0)
(0.131113 0.770941 0)
(0.1418 0.788362 0)
(0.148573 0.780827 0)
(0.151545 0.753021 0)
(0.15151 0.711676 0)
(0.149629 0.663563 0)
(0.14703 0.613837 0)
(0.144511 0.565371 0)
(0.142441 0.519069 0)
(0.140835 0.474687 0)
(0.139523 0.43163 0)
(0.138296 0.389408 0)
(0.136988 0.347769 0)
(0.135489 0.306635 0)
(0.13373 0.266003 0)
(0.131655 0.225876 0)
(0.129218 0.186233 0)
(0.126367 0.147032 0)
(0.123055 0.108213 0)
(0.119234 0.069703 0)
(0.114898 0.0314226 0)
(0.11014 -0.00678354 0)
(0.104806 -0.0450115 0)
(0.0987056 -0.0833898 0)
(0.091917 -0.122037 0)
(0.0844565 -0.161043 0)
(0.0763013 -0.200501 0)
(0.0674502 -0.240523 0)
(0.057921 -0.281241 0)
(0.0477423 -0.322818 0)
(0.0369542 -0.365453 0)
(0.0256108 -0.409359 0)
(0.0137838 -0.454695 0)
(0.00156537 -0.501454 0)
(-0.0109218 -0.54929 0)
(-0.0235012 -0.597347 0)
(-0.0359246 -0.644296 0)
(-0.0479818 -0.689084 0)
(-0.0598123 -0.734066 0)
(-0.0738539 -0.793735 0)
(-0.0961098 -0.901472 0)
(-0.124668 -1.0618 0)
(-0.128531 -1.14422 0)
(-0.0830369 -0.913154 0)
(-0.0111475 -0.300566 0)
(0.00429171 0.0923305 0)
(0.03835 0.313173 0)
(0.0783444 0.499001 0)
(0.11129 0.626468 0)
(0.135446 0.707789 0)
(0.15404 0.756512 0)
(0.168359 0.778023 0)
(0.178173 0.774738 0)
(0.183497 0.75073 0)
(0.185101 0.712134 0)
(0.184251 0.665513 0)
(0.182265 0.616204 0)
(0.180149 0.567488 0)
(0.178438 0.5207 0)
(0.177244 0.475902 0)
(0.176422 0.432628 0)
(0.175745 0.390395 0)
(0.175008 0.348898 0)
(0.174066 0.308008 0)
(0.172824 0.267687 0)
(0.171215 0.227923 0)
(0.169184 0.188694 0)
(0.166678 0.149956 0)
(0.163647 0.111645 0)
(0.160042 0.0736787 0)
(0.155823 0.0359682 0)
(0.151068 -0.00161578 0)
(0.145666 -0.039195 0)
(0.139431 -0.076877 0)
(0.132406 -0.11479 0)
(0.124606 -0.153047 0)
(0.116006 -0.191754 0)
(0.106596 -0.231034 0)
(0.0963904 -0.27103 0)
(0.0854151 -0.311918 0)
(0.0737091 -0.353908 0)
(0.0613221 -0.397222 0)
(0.0483139 -0.442036 0)
(0.0347556 -0.488368 0)
(0.0207409 -0.535912 0)
(0.00639724 -0.583865 0)
(-0.00809756 -0.63094 0)
(-0.0225931 -0.675966 0)
(-0.0370252 -0.720371 0)
(-0.0528608 -0.775709 0)
(-0.0750671 -0.875255 0)
(-0.106027 -1.0408 0)
(-0.118553 -1.16038 0)
(-0.0829452 -0.972561 0)
(-0.0123418 -0.345764 0)
(0.00333559 0.0735215 0)
(0.0367234 0.273071 0)
(0.0812573 0.458745 0)
(0.121154 0.594798 0)
(0.151574 0.68384 0)
(0.174944 0.737962 0)
(0.193144 0.764217 0)
(0.206303 0.765766 0)
(0.214393 0.746232 0)
(0.218074 0.711073 0)
(0.218624 0.666516 0)
(0.217499 0.617999 0)
(0.21591 0.569207 0)
(0.214592 0.521952 0)
(0.213802 0.476672 0)
(0.213462 0.4331 0)
(0.213351 0.390801 0)
(0.213231 0.349433 0)
(0.212915 0.308807 0)
(0.212272 0.268841 0)
(0.211213 0.2295 0)
(0.209669 0.19075 0)
(0.20758 0.152543 0)
(0.204891 0.114812 0)
(0.201551 0.0774716 0)
(0.197505 0.0404237 0)
(0.192796 0.00355695 0)
(0.187349 -0.0332781 0)
(0.180997 -0.0701701 0)
(0.173744 -0.107251 0)
(0.165602 -0.144652 0)
(0.156546 -0.182494 0)
(0.146561 -0.220911 0)
(0.135656 -0.260062 0)
(0.123852 -0.300136 0)
(0.111186 -0.341353 0)
(0.0977005 -0.383944 0)
(0.0834437 -0.428092 0)
(0.0684634 -0.473822 0)
(0.052815 -0.520847 0)
(0.0365706 -0.568406 0)
(0.0198525 -0.61525 0)
(0.00276406 -0.660184 0)
(-0.0145551 -0.704136 0)
(-0.0329573 -0.756391 0)
(-0.0558707 -0.848137 0)
(-0.0886539 -1.01479 0)
(-0.108805 -1.16744 0)
(-0.0830679 -1.02583 0)
(-0.0135877 -0.391992 0)
(0.00247222 0.0563637 0)
(0.0338983 0.231827 0)
(0.0813106 0.413115 0)
(0.127568 0.556406 0)
(0.164614 0.654156 0)
(0.193269 0.714925 0)
(0.215684 0.746655 0)
(0.23251 0.753543 0)
(0.243797 0.739074 0)
(0.250062 0.70804 0)
(0.252493 0.666204 0)
(0.252604 0.618986 0)
(0.251776 0.570414 0)
(0.25096 0.522795 0)
(0.2506 0.477003 0)
(0.25074 0.433049 0)
(0.251196 0.390602 0)
(0.251721 0.349318 0)
(0.252085 0.308954 0)
(0.252117 0.269378 0)
(0.251693 0.230515 0)
(0.250721 0.192314 0)
(0.249128 0.154716 0)
(0.246853 0.117648 0)
(0.243837 0.081023 0)
(0.240019 0.0447374 0)
(0.235409 0.0086835 0)
(0.22995 -0.0272946 0)
(0.223506 -0.0632863 0)
(0.216042 -0.0994262 0)
(0.207565 -0.135856 0)
(0.198053 -0.172712 0)
(0.187488 -0.210141 0)
(0.175871 -0.248317 0)
(0.16322 -0.287442 0)
(0.149565 -0.327746 0)
(0.134937 -0.369462 0)
(0.119368 -0.41277 0)
(0.102875 -0.457694 0)
(0.0854759 -0.503957 0)
(0.0671892 -0.550825 0)
(0.0480802 -0.597085 0)
(0.0282153 -0.64154 0)
(0.00777308 -0.684922 0)
(-0.0137696 -0.735002 0)
(-0.0382217 -0.819878 0)
(-0.0725718 -0.984473 0)
(-0.0994688 -1.16597 0)
(-0.0836937 -1.07305 0)
(-0.0151326 -0.439443 0)
(0.0017446 0.0412057 0)
(0.0301817 0.191066 0)
(0.0785359 0.363488 0)
(0.13004 0.511555 0)
(0.173788 0.618296 0)
(0.208281 0.686922 0)
(0.235367 0.724981 0)
(0.256216 0.737691 0)
(0.271132 0.728769 0)
(0.280533 0.702495 0)
(0.285436 0.664085 0)
(0.287305 0.618792 0)
(0.287625 0.570882 0)
(0.287546 0.523124 0)
(0.287726 0.476868 0)
(0.288376 0.432474 0)
(0.289405 0.389793 0)
(0.290584 0.348523 0)
(0.291663 0.308394 0)
(0.292427 0.269221 0)
(0.292712 0.230885 0)
(0.292395 0.193302 0)
(0.291382 0.156396 0)
(0.289596 0.120084 0)
(0.286971 0.0842742 0)
(0.283441 0.0488578 0)
(0.278987 0.0137238 0)
(0.273566 -0.0212796 0)
(0.267062 -0.0562526 0)
(0.259415 -0.0913326 0)
(0.250624 -0.12667 0)
(0.240671 -0.162412 0)
(0.229534 -0.198723 0)
(0.21721 -0.235788 0)
(0.203708 -0.273821 0)
(0.189047 -0.313056 0)
(0.173243 -0.353724 0)
(0.1563 -0.395995 0)
(0.138204 -0.439879 0)
(0.118926 -0.485097 0)
(0.0984321 -0.530938 0)
(0.0767349 -0.576242 0)
(0.0538757 -0.619854 0)
(0.0300906 -0.662364 0)
(0.00501205 -0.710863 0)
(-0.0217988 -0.790098 0)
(-0.0577166 -0.950307 0)
(-0.0905812 -1.15635 0)
(-0.0849945 -1.11428 0)
(-0.0172624 -0.488556 0)
(0.00116122 0.0282199 0)
(0.0259348 0.152343 0)
(0.0731851 0.311631 0)
(0.128273 0.461 0)
(0.178314 0.576021 0)
(0.219084 0.653409 0)
(0.251394 0.698748 0)
(0.276695 0.717806 0)
(0.295679 0.71482 0)
(0.30878 0.693832 0)
(0.316827 0.659534 0)
(0.321128 0.616878 0)
(0.323169 0.570218 0)
(0.324241 0.522703 0)
(0.325213 0.476158 0)
(0.326497 0.431345 0)
(0.328143 0.388368 0)
(0.329991 0.347037 0)
(0.331799 0.307094 0)
(0.333329 0.268316 0)
(0.334376 0.230537 0)
(0.334781 0.193634 0)
(0.334421 0.157503 0)
(0.3332 0.122045 0)
(0.331038 0.0871565 0)
(0.327861 0.0527231 0)
(0.323627 0.0186281 0)
(0.318302 -0.0152788 0)
(0.311783 -0.0491087 0)
(0.303994 -0.0830031 0)
(0.294927 -0.117119 0)
(0.284565 -0.151617 0)
(0.272885 -0.186673 0)
(0.259874 -0.222482 0)
(0.245532 -0.259267 0)
(0.22986 -0.297262 0)
(0.212849 -0.336685 0)
(0.194471 -0.377688 0)
(0.17467 -0.42026 0)
(0.153369 -0.464111 0)
(0.130481 -0.508551 0)
(0.105972 -0.552491 0)
(0.0798693 -0.594876 0)
(0.052483 -0.636287 0)
(0.0236227 -0.683309 0)
(-0.00624894 -0.758344 0)
(-0.0439348 -0.912645 0)
(-0.0820224 -1.13881 0)
(-0.0870015 -1.14947 0)
(-0.0202623 -0.539981 0)
(0.000707886 0.0174256 0)
(0.0215272 0.116973 0)
(0.0657432 0.259592 0)
(0.122271 0.406077 0)
(0.177546 0.5275 0)
(0.22468 0.61391 0)
(0.262763 0.667417 0)
(0.293037 0.693433 0)
(0.316555 0.696724 0)
(0.333919 0.681416 0)
(0.345822 0.651824 0)
(0.353353 0.612531 0)
(0.357881 0.567826 0)
(0.36074 0.521107 0)
(0.362963 0.474615 0)
(0.365164 0.429531 0)
(0.367575 0.386278 0)
(0.370156 0.344845 0)
(0.372722 0.305038 0)
(0.375036 0.266631 0)
(0.376874 0.229422 0)
(0.378045 0.193247 0)
(0.378395 0.157966 0)
(0.377802 0.123457 0)
(0.376168 0.0895985 0)
(0.37341 0.0562655 0)
(0.369464 0.0233329 0)
(0.364299 -0.00935095 0)
(0.357824 -0.0419087 0)
(0.349949 -0.0744869 0)
(0.34066 -0.107249 0)
(0.32994 -0.140366 0)
(0.317761 -0.174023 0)
(0.304099 -0.208424 0)
(0.288936 -0.24379 0)
(0.272249 -0.280347 0)
(0.253997 -0.318298 0)
(0.234111 -0.357763 0)
(0.212487 -0.398705 0)
(0.188994 -0.440822 0)
(0.163499 -0.483446 0)
(0.135929 -0.525582 0)
(0.106316 -0.566337 0)
(0.0750594 -0.606408 0)
(0.0422033 -0.652043 0)
(0.00879652 -0.724042 0)
(-0.0309785 -0.871782 0)
(-0.0735021 -1.11346 0)
(-0.0895743 -1.17835 0)
(-0.0243603 -0.594517 0)
(0.000365775 0.00871903 0)
(0.0172911 0.0858913 0)
(0.0568965 0.209511 0)
(0.112415 0.348713 0)
(0.171134 0.473517 0)
(0.224113 0.56823 0)
(0.268302 0.630443 0)
(0.304107 0.664041 0)
(0.332689 0.67396 0)
(0.354883 0.664608 0)
(0.37136 0.640166 0)
(0.38299 0.604894 0)
(0.390932 0.562897 0)
(0.396445 0.517668 0)
(0.400629 0.471758 0)
(0.404268 0.426736 0)
(0.40778 0.383367 0)
(0.411286 0.341877 0)
(0.414703 0.3022 0)
(0.417847 0.26415 0)
(0.420503 0.227517 0)
(0.422466 0.192103 0)
(0.42356 0.157736 0)
(0.42364 0.124262 0)
(0.422587 0.0915364 0)
(0.420304 0.0594189 0)
(0.416712 0.0277711 0)
(0.411773 -0.00356058 0)
(0.405407 -0.0347171 0)
(0.397513 -0.0658472 0)
(0.388068 -0.0971195 0)
(0.37705 -0.128714 0)
(0.364423 -0.16082 0)
(0.350147 -0.193643 0)
(0.33418 -0.227397 0)
(0.316466 -0.262291 0)
(0.296921 -0.298499 0)
(0.275428 -0.336111 0)
(0.251832 -0.375057 0)
(0.22595 -0.415021 0)
(0.197603 -0.455376 0)
(0.166702 -0.495249 0)
(0.133308 -0.53397 0)
(0.0979367 -0.572474 0)
(0.0608785 -0.616877 0)
(0.023686 -0.686664 0)
(-0.0185374 -0.828028 0)
(-0.0645725 -1.08033 0)
(-0.0923724 -1.20033 0)
(-0.0296463 -0.652961 0)
(0.000126998 0.00189411 0)
(0.0134941 0.0595708 0)
(0.0474468 0.163375 0)
(0.0994672 0.291312 0)
(0.15917 0.415613 0)
(0.21666 0.51672 0)
(0.26679 0.587451 0)
(0.308562 0.629063 0)
(0.342782 0.645953 0)
(0.370409 0.642762 0)
(0.392171 0.62376 0)
(0.408786 0.593022 0)
(0.421167 0.554442 0)
(0.430387 0.511474 0)
(0.437504 0.46684 0)
(0.44338 0.422411 0)
(0.448593 0.379275 0)
(0.45343 0.337926 0)
(0.457951 0.298475 0)
(0.462068 0.260826 0)
(0.46562 0.224797 0)
(0.468419 0.190183 0)
(0.47029 0.156786 0)
(0.471074 0.124422 0)
(0.47064 0.0929236 0)
(0.468878 0.0621286 0)
(0.465695 0.0318819 0)
(0.46104 0.00202641 0)
(0.45484 -0.027602 0)
(0.446991 -0.0571518 0)
(0.437452 -0.0867953 0)
(0.426191 -0.116717 0)
(0.413156 -0.147106 0)
(0.398287 -0.178161 0)
(0.381507 -0.210079 0)
(0.36272 -0.243045 0)
(0.341795 -0.277199 0)
(0.31856 -0.312591 0)
(0.292805 -0.349121 0)
(0.2643 -0.38647 0)
(0.232836 -0.424072 0)
(0.198328 -0.461216 0)
(0.160902 -0.497528 0)
(0.121223 -0.534283 0)
(0.0798196 -0.577634 0)
(0.0387841 -0.645911 0)
(-0.00624581 -0.781733 0)
(-0.0546356 -1.03952 0)
(-0.0948266 -1.21448 0)
(-0.0359633 -0.715883 0)
(2.98581e-06 -0.00334807 0)
(0.010337 0.0380387 0)
(0.0381782 0.122782 0)
(0.0844698 0.236527 0)
(0.142233 0.356096 0)
(0.202019 0.460517 0)
(0.257149 0.53851 0)
(0.304944 0.588028 0)
(0.345312 0.612091 0)
(0.379014 0.615209 0)
(0.406787 0.601807 0)
(0.429259 0.575947 0)
(0.447121 0.541368 0)
(0.461206 0.501412 0)
(0.47242 0.458842 0)
(0.481601 0.415711 0)
(0.489408 0.373365 0)
(0.496268 0.332552 0)
(0.502391 0.293583 0)
(0.507817 0.256495 0)
(0.512477 0.221174 0)
(0.516244 0.187438 0)
(0.518971 0.155083 0)
(0.520514 0.123911 0)
(0.52074 0.0937284 0)
(0.519538 0.0643562 0)
(0.516805 0.0356209 0)
(0.512478 0.00735605 0)
(0.506483 -0.0206181 0)
(0.498719 -0.0484533 0)
(0.489121 -0.0763227 0)
(0.477637 -0.104409 0)
(0.464197 -0.132896 0)
(0.448709 -0.161965 0)
(0.431059 -0.19179 0)
(0.411103 -0.222522 0)
(0.388657 -0.254261 0)
(0.363496 -0.287019 0)
(0.335358 -0.320669 0)
(0.303975 -0.354908 0)
(0.269128 -0.389259 0)
(0.23077 -0.423231 0)
(0.189129 -0.456818 0)
(0.145051 -0.491728 0)
(0.0992991 -0.534278 0)
(0.0545272 -0.601791 0)
(0.00638665 -0.733238 0)
(-0.0429298 -0.991411 0)
(-0.0960943 -1.21947 0)
(-0.0427779 -0.783507 0)
(1.66457e-05 -0.00739782 0)
(0.00791761 0.0209729 0)
(0.0296527 0.0888003 0)
(0.0684787 0.186963 0)
(0.121262 0.297879 0)
(0.180394 0.401657 0)
(0.238671 0.484405 0)
(0.291882 0.540805 0)
(0.338628 0.571814 0)
(0.379007 0.581248 0)
(0.413535 0.573511 0)
(0.442723 0.552723 0)
(0.467076 0.522567 0)
(0.487185 0.48627 0)
(0.503744 0.446548 0)
(0.517472 0.405521 0)
(0.529017 0.364695 0)
(0.538879 0.325015 0)
(0.547391 0.286983 0)
(0.554723 0.250785 0)
(0.560925 0.216405 0)
(0.56596 0.183716 0)
(0.569746 0.152536 0)
(0.572181 0.122668 0)
(0.573156 0.0939106 0)
(0.572571 0.0660698 0)
(0.57033 0.0389596 0)
(0.566358 0.0124029 0)
(0.560581 -0.0137867 0)
(0.552902 -0.0397657 0)
(0.543229 -0.0657036 0)
(0.531486 -0.0917748 0)
(0.517579 -0.118148 0)
(0.501381 -0.144982 0)
(0.482735 -0.172419 0)
(0.46145 -0.200572 0)
(0.437291 -0.229497 0)
(0.409981 -0.25917 0)
(0.379219 -0.289452 0)
(0.344718 -0.320076 0)
(0.30628 -0.350704 0)
(0.263932 -0.381124 0)
(0.218046 -0.411764 0)
(0.169654 -0.444842 0)
(0.119758 -0.486914 0)
(0.0714928 -0.554437 0)
(0.0200826 -0.683038 0)
(-0.028607 -0.936883 0)
(-0.0950577 -1.21379 0)
(-0.0490859 -0.855771 0)
(0.000155685 -0.0106756 0)
(0.00603042 0.00788892 0)
(0.0218323 0.0619815 0)
(0.052059 0.144865 0)
(0.0971453 0.244128 0)
(0.152353 0.342946 0)
(0.211145 0.426796 0)
(0.268351 0.487866 0)
(0.321166 0.524821 0)
(0.368602 0.54022 0)
(0.410582 0.538067 0)
(0.447322 0.522435 0)
(0.479117 0.49698 0)
(0.506334 0.464852 0)
(0.529443 0.428682 0)
(0.54899 0.390571 0)
(0.565533 0.352085 0)
(0.579573 0.314292 0)
(0.591505 0.277839 0)
(0.601604 0.243047 0)
(0.610032 0.210009 0)
(0.616859 0.178676 0)
(0.622092 0.148912 0)
(0.625695 0.120541 0)
(0.627609 0.0933718 0)
(0.627765 0.0672105 0)
(0.626086 0.0418674 0)
(0.6225 0.0171615 0)
(0.616937 -0.00709221 0)
(0.609303 -0.0310533 0)
(0.599486 -0.0548792 0)
(0.587386 -0.0787279 0)
(0.572882 -0.102747 0)
(0.555815 -0.127066 0)
(0.535988 -0.151791 0)
(0.513166 -0.176991 0)
(0.487071 -0.202682 0)
(0.457392 -0.228811 0)
(0.423812 -0.255246 0)
(0.386057 -0.281795 0)
(0.343991 -0.308307 0)
(0.297752 -0.334905 0)
(0.247867 -0.362504 0)
(0.195541 -0.393866 0)
(0.141953 -0.435826 0)
(0.0905531 -0.5041 0)
(0.0359397 -0.631419 0)
(-0.0109416 -0.877474 0)
(-0.0904447 -1.19569 0)
(-0.0534011 -0.931909 0)
(0.000279702 -0.0133891 0)
(0.00370914 -0.00145476 0)
(0.0134045 0.0426129 0)
(0.0344447 0.111872 0)
(0.0699459 0.197736 0)
(0.118339 0.287536 0)
(0.17474 0.368089 0)
(0.233861 0.430445 0)
(0.291763 0.471314 0)
(0.346182 0.491692 0)
(0.396084 0.494744 0)
(0.441107 0.484215 0)
(0.481202 0.463639 0)
(0.516484 0.436069 0)
(0.547205 0.404043 0)
(0.573726 0.369593 0)
(0.596474 0.334273 0)
(0.61589 0.299195 0)
(0.632376 0.26509 0)
(0.646261 0.232381 0)
(0.657794 0.201258 0)
(0.667139 0.171749 0)
(0.674397 0.143782 0)
(0.679611 0.117222 0)
(0.682789 0.0919023 0)
(0.683911 0.0676469 0)
(0.682935 0.0442763 0)
(0.679807 0.0216171 0)
(0.674467 -0.000503332 0)
(0.666831 -0.0222438 0)
(0.656778 -0.0437406 0)
(0.644191 -0.065127 0)
(0.628927 -0.0865225 0)
(0.610803 -0.108023 0)
(0.589594 -0.129693 0)
(0.565038 -0.151563 0)
(0.536838 -0.173613 0)
(0.504682 -0.19578 0)
(0.468274 -0.217967 0)
(0.427405 -0.240102 0)
(0.38204 -0.262262 0)
(0.332448 -0.284943 0)
(0.279289 -0.309557 0)
(0.223858 -0.339385 0)
(0.167359 -0.38152 0)
(0.113313 -0.451027 0)
(0.0556958 -0.577938 0)
(0.0107207 -0.81513 0)
(-0.0808233 -1.16266 0)
(-0.0537296 -1.00873 0)
(-4.05467e-05 -0.0148512 0)
(-0.00139971 -0.00616951 0)
(0.00104191 0.031314 0)
(0.0126179 0.088973 0)
(0.0379173 0.160696 0)
(0.0778628 0.238142 0)
(0.129576 0.310908 0)
(0.188427 0.370386 0)
(0.249922 0.412139 0)
(0.310666 0.435692 0)
(0.368509 0.443072 0)
(0.422248 0.43735 0)
(0.471286 0.421709 0)
(0.515389 0.399 0)
(0.554563 0.371618 0)
(0.588981 0.34149 0)
(0.61893 0.310107 0)
(0.644763 0.278568 0)
(0.666843 0.247632 0)
(0.685513 0.217777 0)
(0.701068 0.189263 0)
(0.713743 0.162189 0)
(0.723714 0.136542 0)
(0.731105 0.112238 0)
(0.73599 0.0891501 0)
(0.738409 0.0671328 0)
(0.738367 0.0460312 0)
(0.735842 0.0256924 0)
(0.730797 0.00596847 0)
(0.723156 -0.0132866 0)
(0.712816 -0.0321858 0)
(0.69965 -0.0508316 0)
(0.683511 -0.069309 0)
(0.66421 -0.0876763 0)
(0.641523 -0.105962 0)
(0.615195 -0.124162 0)
(0.584954 -0.142244 0)
(0.550539 -0.160158 0)
(0.511737 -0.177879 0)
(0.468452 -0.195483 0)
(0.420774 -0.213305 0)
(0.369085 -0.232204 0)
(0.314092 -0.254037 0)
(0.257034 -0.282523 0)
(0.198909 -0.324929 0)
(0.143035 -0.395663 0)
(0.082616 -0.522226 0)
(0.0379939 -0.751311 0)
(-0.0637471 -1.11114 0)
(-0.0473454 -1.07929 0)
(-0.00177927 -0.0122125 0)
(-0.0131618 -0.00306602 0)
(-0.0205139 0.029545 0)
(-0.0187393 0.0765322 0)
(-0.00296435 0.133648 0)
(0.028838 0.196232 0)
(0.0751484 0.257234 0)
(0.132299 0.309588 0)
(0.195885 0.348633 0)
(0.261848 0.372839 0)
(0.327065 0.383072 0)
(0.389418 0.38148 0)
(0.447607 0.370626 0)
(0.500921 0.352969 0)
(0.54905 0.330651 0)
(0.591952 0.305431 0)
(0.629767 0.278691 0)
(0.662744 0.25147 0)
(0.691192 0.224512 0)
(0.715435 0.198312 0)
(0.735783 0.173167 0)
(0.752513 0.149227 0)
(0.765855 0.126531 0)
(0.775996 0.105044 0)
(0.783073 0.0846855 0)
(0.787183 0.0653471 0)
(0.788385 0.0469097 0)
(0.7867 0.0292517 0)
(0.782122 0.012258 0)
(0.774606 -0.0041864 0)
(0.764072 -0.020173 0)
(0.750412 -0.0357758 0)
(0.733502 -0.0510462 0)
(0.713187 -0.0660075 0)
(0.689287 -0.0806594 0)
(0.661614 -0.0949848 0)
(0.629988 -0.108961 0)
(0.594261 -0.122586 0)
(0.554359 -0.135928 0)
(0.510315 -0.149221 0)
(0.462321 -0.163027 0)
(0.410782 -0.178498 0)
(0.356299 -0.197827 0)
(0.299845 -0.225045 0)
(0.241973 -0.267505 0)
(0.18558 -0.338956 0)
(0.122627 -0.464516 0)
(0.0759959 -0.687063 0)
(-0.0344694 -1.03968 0)
(-0.030867 -1.13657 0)
(-0.00667951 0.000520286 0)
(-0.0363392 0.0133043 0)
(-0.0570929 0.0395348 0)
(-0.0654767 0.0742188 0)
(-0.0576504 0.115534 0)
(-0.0321053 0.161295 0)
(0.0100934 0.207582 0)
(0.0656519 0.249278 0)
(0.130502 0.282202 0)
(0.200528 0.304267 0)
(0.272068 0.315433 0)
(0.342269 0.316889 0)
(0.409147 0.310383 0)
(0.471452 0.297783 0)
(0.528496 0.280825 0)
(0.579977 0.261004 0)
(0.625859 0.239527 0)
(0.666274 0.217329 0)
(0.701461 0.195098 0)
(0.731709 0.173315 0)
(0.757324 0.152289 0)
(0.7786 0.132199 0)
(0.795806 0.113121 0)
(0.809174 0.0950651 0)
(0.818898 0.0779927 0)
(0.82513 0.0618372 0)
(0.827985 0.0465176 0)
(0.827542 0.0319485 0)
(0.823843 0.0180494 0)
(0.816903 0.00474665 0)
(0.806698 -0.00802003 0)
(0.793146 -0.0202959 0)
(0.776199 -0.0321249 0)
(0.755797 -0.0435236 0)
(0.731868 -0.0544855 0)
(0.704348 -0.0649986 0)
(0.673197 -0.0750689 0)
(0.63842 -0.084751 0)
(0.600076 -0.0942005 0)
(0.55829 -0.103766 0)
(0.513255 -0.114145 0)
(0.465238 -0.12664 0)
(0.414512 -0.143594 0)
(0.361512 -0.169172 0)
(0.306046 -0.210742 0)
(0.250316 -0.28156 0)
(0.18468 -0.404753 0)
(0.135497 -0.619137 0)
(0.01156 -0.956689 0)
(-0.00181292 -1.17904 0)
(-0.017122 0.0329586 0)
(-0.0747977 0.0490823 0)
(-0.111649 0.0626576 0)
(-0.129679 0.080463 0)
(-0.127653 0.10346 0)
(-0.105832 0.130868 0)
(-0.06576 0.160507 0)
(-0.0106699 0.189184 0)
(0.0554295 0.213577 0)
(0.128564 0.231186 0)
(0.205114 0.241322 0)
(0.281804 0.244477 0)
(0.356136 0.241584 0)
(0.426408 0.233796 0)
(0.491569 0.222317 0)
(0.551046 0.208262 0)
(0.604602 0.192583 0)
(0.652236 0.176046 0)
(0.694101 0.159241 0)
(0.73044 0.142596 0)
(0.761543 0.126407 0)
(0.787714 0.110858 0)
(0.809249 0.0960514 0)
(0.826425 0.0820276 0)
(0.839486 0.0687846 0)
(0.848648 0.056293 0)
(0.854091 0.0445078 0)
(0.855963 0.0333778 0)
(0.854385 0.0228521 0)
(0.849455 0.0128873 0)
(0.841239 0.00344802 0)
(0.829855 -0.0054862 0)
(0.815206 -0.0139259 0)
(0.797357 -0.0219096 0)
(0.776388 -0.0294671 0)
(0.752377 -0.0366144 0)
(0.725411 -0.0433845 0)
(0.695592 -0.0498638 0)
(0.663039 -0.0562411 0)
(0.627861 -0.0628885 0)
(0.590122 -0.0705001 0)
(0.549791 -0.0803289 0)
(0.506607 -0.0945974 0)
(0.460156 -0.117265 0)
(0.40899 -0.155388 0)
(0.353782 -0.22166 0)
(0.283182 -0.337855 0)
(0.228212 -0.539201 0)
(0.0731117 -0.870497 0)
(0.0414342 -1.19749 0)
(-0.03534 0.0984088 0)
(-0.125184 0.109847 0)
(-0.171081 0.0979098 0)
(-0.192306 0.0923215 0)
(-0.192199 0.0943342 0)
(-0.17209 0.102265 0)
(-0.133628 0.114675 0)
(-0.0797196 0.129305 0)
(-0.0140788 0.143488 0)
(0.0597367 0.155024 0)
(0.138539 0.162761 0)
(0.219094 0.166432 0)
(0.298495 0.166227 0)
(0.374703 0.162642 0)
(0.446378 0.156331 0)
(0.512693 0.14798 0)
(0.573209 0.138229 0)
(0.627773 0.127627 0)
(0.67643 0.116619 0)
(0.71936 0.105544 0)
(0.756818 0.0946501 0)
(0.789102 0.0841037 0)
(0.816523 0.074009 0)
(0.839386 0.0644216 0)
(0.857979 0.0553624 0)
(0.872569 0.0468284 0)
(0.883393 0.0388018 0)
(0.890665 0.0312572 0)
(0.894575 0.0241664 0)
(0.89529 0.0175028 0)
(0.892968 0.0112404 0)
(0.887719 0.00537148 0)
(0.879806 -0.000109594 0)
(0.869297 -0.00521802 0)
(0.856223 -0.00998369 0)
(0.840713 -0.0144481 0)
(0.822893 -0.0186657 0)
(0.802872 -0.0227256 0)
(0.780731 -0.0267908 0)
(0.756481 -0.0311648 0)
(0.730002 -0.0364028 0)
(0.700941 -0.043502 0)
(0.668479 -0.0542347 0)
(0.631228 -0.0717937 0)
(0.585986 -0.101974 0)
(0.530374 -0.155477 0)
(0.44971 -0.251638 0)
(0.373005 -0.423767 0)
(0.152648 -0.740853 0)
(0.118102 -1.13973 0)
(-0.0728656 0.213873 0)
(-0.144653 0.159819 0)
(-0.141806 0.103312 0)
(-0.13067 0.0842212 0)
(-0.112598 0.0722561 0)
(-0.0852817 0.0637098 0)
(-0.0474322 0.0605279 0)
(0.000916015 0.0620113 0)
(0.0589011 0.0662193 0)
(0.125195 0.0716799 0)
(0.197662 0.0770777 0)
(0.273627 0.0812833 0)
(0.350544 0.0837681 0)
(0.426354 0.0844132 0)
(0.499512 0.0833385 0)
(0.568914 0.0807976 0)
(0.633836 0.0771021 0)
(0.693855 0.0725664 0)
(0.748784 0.0674752 0)
(0.798608 0.062068 0)
(0.843429 0.0565344 0)
(0.883424 0.0510168 0)
(0.918818 0.0456164 0)
(0.949855 0.0404011 0)
(0.976784 0.0354127 0)
(0.999848 0.0306736 0)
(1.01928 0.0261932 0)
(1.03529 0.0219717 0)
(1.04809 0.0180044 0)
(1.05785 0.0142838 0)
(1.06475 0.0108022 0)
(1.06895 0.0075469 0)
(1.07059 0.00451072 0)
(1.06983 0.00170176 0)
(1.06688 -0.000885118 0)
(1.06184 -0.00327403 0)
(1.0548 -0.00550265 0)
(1.04584 -0.00762998 0)
(1.03499 -0.00975924 0)
(1.02219 -0.0120779 0)
(1.00721 -0.0149258 0)
(0.989513 -0.0189084 0)
(0.967947 -0.0250878 0)
(0.940462 -0.0353455 0)
(0.90251 -0.0530654 0)
(0.848361 -0.084443 0)
(0.757977 -0.141985 0)
(0.641513 -0.25206 0)
(0.335989 -0.495528 0)
(0.327936 -0.862148 0)
(0.238782 0.159771 0)
(0.357182 0.17261 0)
(0.470705 0.127629 0)
(0.571648 0.0910139 0)
(0.648 0.0667749 0)
(0.706936 0.0498577 0)
(0.75634 0.0374316 0)
(0.801027 0.0282424 0)
(0.844106 0.0216317 0)
(0.887698 0.0171792 0)
(0.932939 0.0144524 0)
(0.980068 0.0129751 0)
(1.0287 0.0123011 0)
(1.07808 0.0120602 0)
(1.12733 0.0119753 0)
(1.17557 0.0118642 0)
(1.22204 0.011627 0)
(1.26613 0.0112252 0)
(1.30741 0.0106599 0)
(1.34558 0.00995484 0)
(1.38048 0.00914333 0)
(1.41207 0.00826034 0)
(1.44037 0.0073379 0)
(1.46545 0.00640304 0)
(1.48745 0.00547721 0)
(1.5065 0.0045766 0)
(1.52277 0.00371296 0)
(1.5364 0.00289436 0)
(1.54757 0.00212615 0)
(1.55643 0.00141174 0)
(1.56314 0.000753093 0)
(1.56785 0.000150594 0)
(1.5707 -0.000396028 0)
(1.57183 -0.00088721 0)
(1.57138 -0.00132235 0)
(1.56949 -0.00170466 0)
(1.56628 -0.00204238 0)
(1.56184 -0.00235075 0)
(1.5562 -0.00265746 0)
(1.54931 -0.00301244 0)
(1.54093 -0.00350466 0)
(1.53054 -0.00428851 0)
(1.51707 -0.00563281 0)
(1.49862 -0.00798371 0)
(1.47129 -0.012169 0)
(1.42964 -0.0194054 0)
(1.35664 -0.0331337 0)
(1.24349 -0.0573427 0)
(0.972342 -0.130188 0)
(0.997205 -0.29961 0)
)
;

boundaryField
{
    movingWall
    {
        type            fixedValue;
        value           uniform (2 0 0);
    }
    fixedWalls
    {
        type            fixedValue;
        value           uniform (0 0 0);
    }
    frontAndBack
    {
        type            empty;
    }
}


// ************************************************************************* //
