/*--------------------------------*- C++ -*----------------------------------*\
  =========                 |
  \\      /  F ield         | OpenFOAM: The Open Source CFD Toolbox
   \\    /   O peration     | Website:  https://openfoam.org
    \\  /    A nd           | Version:  7
     \\/     M anipulation  |
\*---------------------------------------------------------------------------*/
FoamFile
{
    version     2.0;
    format      ascii;
    class       surfaceScalarField;
    location    "1350";
    object      phi;
}
// * * * * * * * * * * * * * * * * * * * * * * * * * * * * * * * * * * * * * //

dimensions      [0 3 -1 0 0 0 0];

internalField   nonuniform List<scalar> 
4900
(
1.70216e-06
-1.70154e-06
6.2243e-06
-4.52213e-06
1.17167e-05
-5.49253e-06
1.65026e-05
-4.78609e-06
1.97499e-05
-3.24742e-06
2.13888e-05
-1.63904e-06
2.17672e-05
-3.78438e-07
2.12615e-05
5.05609e-07
2.0015e-05
1.24646e-06
1.78636e-05
2.15133e-06
1.44141e-05
3.44942e-06
9.17969e-06
5.23439e-06
1.66915e-06
7.51049e-06
-8.5695e-06
1.02386e-05
-2.18857e-05
1.33161e-05
-3.84422e-05
1.65564e-05
-5.81431e-05
1.97009e-05
-8.05528e-05
2.24097e-05
-0.000104833
2.42799e-05
-0.000129726
2.4893e-05
-0.000153604
2.38786e-05
-0.000174582
2.09775e-05
-0.000190677
1.60946e-05
-0.000200013
9.33685e-06
-0.000201072
1.05874e-06
-0.000192912
-8.15998e-06
-0.00017529
-1.76227e-05
-0.000148725
-2.65641e-05
-0.000114514
-3.4211e-05
-7.46829e-05
-3.98316e-05
-3.18829e-05
-4.28e-05
1.07703e-05
-4.26532e-05
5.002e-05
-3.92498e-05
8.30151e-05
-3.29951e-05
0.00010758
-2.45649e-05
0.000122451
-1.4871e-05
0.000127514
-5.06338e-06
0.000123852
3.66194e-06
0.000113463
1.03893e-05
9.87382e-05
1.47248e-05
8.20209e-05
1.67173e-05
6.52485e-05
1.67723e-05
4.97665e-05
1.5482e-05
3.63086e-05
1.34579e-05
2.51021e-05
1.12065e-05
1.60391e-05
9.06297e-06
8.89284e-06
7.14627e-06
3.59398e-06
5.29885e-06
5.05075e-07
3.08889e-06
5.05073e-07
4.47729e-06
-6.17874e-06
1.38514e-05
-1.38964e-05
2.43126e-05
-1.59542e-05
3.29001e-05
-1.33739e-05
3.8002e-05
-8.34963e-06
3.92279e-05
-2.86516e-06
3.68595e-05
1.98978e-06
3.12035e-05
6.16139e-06
2.21519e-05
1.02979e-05
9.07657e-06
1.52265e-05
-9.01956e-06
2.15454e-05
-3.32373e-05
2.9452e-05
-6.44763e-05
3.87494e-05
-0.000103176
4.89382e-05
-0.000149107
5.92468e-05
-0.000201208
6.86579e-05
-0.000257534
7.60262e-05
-0.000315373
8.02486e-05
-0.000371528
8.04348e-05
-0.000422663
7.60286e-05
-0.000465642
6.68573e-05
-0.000497785
5.31201e-05
-0.000517037
3.53468e-05
-0.000522058
1.43576e-05
-0.000512304
-8.69541e-06
-0.000487867
-3.25966e-05
-0.000449383
-5.61068e-05
-0.000398055
-7.78917e-05
-0.000335715
-9.65511e-05
-0.000264837
-0.00011071
-0.000188509
-0.000119128
-0.000110308
-0.000120855
-3.41147e-05
-0.000115443
3.59959e-05
-0.000103106
9.63339e-05
-8.4903e-05
0.000144084
-6.26216e-05
0.000177325
-3.83038e-05
0.000195266
-1.4279e-05
0.000198501
7.15361e-06
0.00018913
2.40961e-05
0.000170301
3.55468e-05
0.000145604
4.1469e-05
0.00011845
4.26365e-05
9.16027e-05
4.03047e-05
6.69302e-05
3.58789e-05
4.5419e-05
3.05741e-05
2.74592e-05
2.51061e-05
1.33349e-05
1.94231e-05
3.75535e-06
1.26684e-05
4.26042e-06
5.98767e-06
-1.21664e-05
1.73382e-05
-2.52471e-05
2.88023e-05
-2.74185e-05
3.68224e-05
-2.13942e-05
3.95369e-05
-1.10644e-05
3.63573e-05
3.14266e-07
2.72204e-05
1.11265e-05
1.1919e-05
2.14626e-05
-1.03119e-05
3.25286e-05
-4.07491e-05
4.56636e-05
-8.07524e-05
6.15485e-05
-0.000131245
7.99444e-05
-0.000192292
9.97961e-05
-0.000262789
0.000119435
-0.000340389
0.000136848
-0.000421737
0.000150006
-0.000502916
0.000157205
-0.000579972
0.000157305
-0.00064936
0.000149823
-0.000708219
0.000134887
-0.000754463
0.000113102
-0.000786735
8.53923e-05
-0.000804272
5.28837e-05
-0.000806726
1.68116e-05
-0.000793962
-2.14601e-05
-0.000765989
-6.05689e-05
-0.000723121
-9.89749e-05
-0.000666097
-0.000134916
-0.000596154
-0.000166494
-0.000515134
-0.00019173
-0.000425558
-0.000208703
-0.000330629
-0.000215784
-0.000234131
-0.000211941
-0.000140196
-0.00019704
-5.30565e-05
-0.000172043
2.33247e-05
-0.000139003
8.59752e-05
-0.000100954
0.000133104
-6.14079e-05
0.000163745
-2.3487e-05
0.00017804
9.80061e-06
0.000177529
3.60582e-05
0.000165013
5.39843e-05
0.000144042
6.36074e-05
0.000118298
6.60493e-05
9.10397e-05
6.31369e-05
6.47423e-05
5.68715e-05
4.10643e-05
4.8784e-05
2.12073e-05
3.92801e-05
6.607e-06
2.72687e-05
1.08674e-05
6.50873e-06
-1.86751e-05
1.75975e-05
-3.63359e-05
2.69525e-05
-3.67736e-05
3.07591e-05
-2.52011e-05
2.72115e-05
-7.51707e-06
1.56166e-05
1.1909e-05
-4.56115e-06
3.1304e-05
-3.43356e-05
5.12369e-05
-7.52297e-05
7.34225e-05
-0.00012872
9.9154e-05
-0.000195537
0.000128366
-0.000275101
0.000159508
-0.000365285
0.00018998
-0.000462602
0.000216752
-0.000562738
0.000236984
-0.000661246
0.000248514
-0.000754149
0.000250108
-0.000838307
0.000241462
-0.000911512
0.000223028
-0.000972361
0.000195737
-0.00102002
0.000160763
-0.001054
0.000119371
-0.00107396
7.28409e-05
-0.00107957
2.24258e-05
-0.00107044
-3.05896e-05
-0.00104626
-8.47485e-05
-0.00100689
-0.000138345
-0.000952404
-0.000189407
-0.000883195
-0.000235702
-0.000800199
-0.000274726
-0.000705057
-0.000303846
-0.00060026
-0.000320582
-0.000489219
-0.000322982
-0.000376208
-0.000310051
-0.000266064
-0.000282187
-0.000163641
-0.000241426
-7.32541e-05
-0.000191342
1.82497e-06
-0.000136487
6.00217e-05
-8.16837e-05
0.000101033
-3.12105e-05
0.000125113
1.19776e-05
0.000133554
4.55433e-05
0.000128862
6.83002e-05
0.000114331
8.05797e-05
9.35462e-05
8.39219e-05
6.98687e-05
8.05489e-05
4.61152e-05
7.25376e-05
2.46357e-05
6.07596e-05
7.92811e-06
4.39763e-05
1.87955e-05
6.20556e-06
-2.48807e-05
1.48966e-05
-4.50271e-05
1.92079e-05
-4.1085e-05
1.54786e-05
-2.1472e-05
2.16197e-06
5.79934e-06
-2.16259e-05
3.56967e-05
-5.70619e-05
6.67398e-05
-0.000105872
0.000100047
-0.000169681
0.000137231
-0.00024905
0.000178523
-0.000342796
0.000222112
-0.000447902
0.000264614
-0.000559987
0.000302064
-0.000674106
0.000330871
-0.000785586
0.000348463
-0.000890605
0.000353533
-0.000986433
0.000345935
-0.00107136
0.000326384
-0.00114442
0.00029609
-0.00120513
0.000256447
-0.00125324
0.000208871
-0.0012886
0.000154738
-0.0013111
9.53338e-05
-0.00132053
3.18611e-05
-0.00131663
-3.44878e-05
-0.00129906
-0.000102322
-0.00126733
-0.000170071
-0.00122087
-0.000235875
-0.00115912
-0.000297449
-0.00108183
-0.00035202
-0.000989228
-0.000396443
-0.000882416
-0.000427394
-0.000763682
-0.000441715
-0.000636736
-0.000436997
-0.000506643
-0.00041228
-0.000379425
-0.000368644
-0.000261284
-0.000309482
-0.000157523
-0.000240248
-7.16664e-05
-0.00016754
-5.15267e-06
-9.77242e-05
4.25601e-05
-3.57352e-05
7.27167e-05
1.53867e-05
8.69207e-05
5.40962e-05
8.77001e-05
7.98003e-05
7.82636e-05
9.33583e-05
6.21235e-05
9.6689e-05
4.27403e-05
9.19207e-05
2.34083e-05
8.00916e-05
7.60322e-06
5.97813e-05
2.63987e-05
4.89897e-06
-2.97797e-05
8.88246e-06
-4.90107e-05
5.29336e-06
-3.74961e-05
-8.91833e-06
-7.26047e-06
-3.5097e-05
3.19778e-05
-7.44053e-05
7.50048e-05
-0.000128562
0.000120896
-0.000199314
0.0001708
-0.000287222
0.000225138
-0.00039076
0.000282062
-0.000506285
0.000337637
-0.000628734
0.000387063
-0.000752658
0.000425989
-0.000873151
0.000451364
-0.00098641
0.000461722
-0.00108987
0.000456996
-0.00118205
0.000438116
-0.00126225
0.000406581
-0.00133027
0.000364105
-0.00138622
0.000312397
-0.00143043
0.000253088
-0.00146335
0.000187652
-0.00148536
0.000117344
-0.00149677
4.32724e-05
-0.00149771
-3.3548e-05
-0.00148795
-0.00011208
-0.00146684
-0.000191179
-0.00143333
-0.000269385
-0.00138606
-0.000344722
-0.00132346
-0.000414615
-0.00124408
-0.000475831
-0.001147
-0.000524473
-0.00103245
-0.000556262
-0.00090231
-0.000567138
-0.000760526
-0.000554063
-0.000613228
-0.000515942
-0.000468208
-0.000454502
-0.000333723
-0.000374733
-0.000216835
-0.000284429
-0.000121848
-0.000192711
-4.97203e-05
-0.000107863
1.18377e-06
-3.55174e-05
3.34664e-05
2.18135e-05
4.9679e-05
6.35876e-05
5.27808e-05
9.02565e-05
4.61859e-05
0.000103284
3.3597e-05
0.00010451
1.88751e-05
9.48135e-05
6.11455e-06
7.25419e-05
3.25133e-05
2.27564e-06
-3.20554e-05
-9.11016e-07
-4.58241e-05
-1.49991e-05
-2.34081e-05
-4.21811e-05
1.99213e-05
-8.36398e-05
7.34365e-05
-0.00014081
0.000132174
-0.000215391
0.000195477
-0.000308062
0.000263471
-0.000417288
0.000334364
-0.000539124
0.000403898
-0.000668024
0.000466537
-0.000798055
0.000517094
-0.000923946
0.000551879
-0.00104168
0.000569096
-0.00114859
0.000568638
-0.00124321
0.000551616
-0.00132496
0.000519863
-0.00139391
0.000475535
-0.00145063
0.000420822
-0.00149603
0.000357794
-0.00153124
0.000288297
-0.00155741
0.000213826
-0.00157559
0.00013552
-0.00158661
5.42917e-05
-0.00159097
-2.91814e-05
-0.00158866
-0.000114391
-0.00157913
-0.000200716
-0.00156122
-0.000287289
-0.00153313
-0.000372812
-0.00149239
-0.000455361
-0.00143611
-0.000532111
-0.00136139
-0.000599185
-0.00126587
-0.000651783
-0.00114848
-0.00068453
-0.00101041
-0.000692133
-0.000855855
-0.000670498
-0.000692226
-0.000618131
-0.00052956
-0.000537399
-0.000378872
-0.000435117
-0.000249648
-0.000321935
-0.000147363
-0.000210147
-7.2476e-05
-0.000110404
-2.16825e-05
-2.898e-05
9.3396e-06
3.25655e-05
2.44482e-05
7.51479e-05
2.74272e-05
0.000100305
2.2234e-05
0.000109703
1.30485e-05
0.000103999
4.21362e-06
8.13768e-05
3.67269e-05
-1.91548e-06
-3.01399e-05
-1.46489e-05
-3.30909e-05
-4.13161e-05
3.25898e-06
-8.32083e-05
6.18134e-05
-0.000141338
0.000131566
-0.000217102
0.000207939
-0.000311285
0.00028966
-0.000422606
0.000374791
-0.000547172
0.00045893
-0.000679181
0.000535907
-0.000812245
0.000599601
-0.000940601
0.00064545
-0.0010598
0.000671082
-0.00116689
0.000676182
-0.00126023
0.00066198
-0.00133929
0.000630677
-0.00140441
0.000584975
-0.00145657
0.000527701
-0.00149728
0.000461533
-0.00152832
0.000388827
-0.00155149
0.000311475
-0.0015685
0.000230833
-0.00158079
0.000147813
-0.0015895
6.29972e-05
-0.00159532
-2.33642e-05
-0.00159849
-0.000111219
-0.00159879
-0.000200418
-0.00159532
-0.000290755
-0.00158639
-0.000381742
-0.00156943
-0.000472317
-0.00154103
-0.000560516
-0.00149697
-0.000643246
-0.00143266
-0.000716094
-0.00134395
-0.000773239
-0.00122826
-0.000807816
-0.00108588
-0.000812886
-0.000921068
-0.00078294
-0.0007427
-0.000715768
-0.000563528
-0.000614288
-0.000397929
-0.000487535
-0.000258291
-0.000349786
-0.000151381
-0.000217314
-7.68442e-05
-0.000103517
-2.92139e-05
-1.50648e-05
-2.06204e-06
4.79961e-05
9.9819e-06
8.82609e-05
1.17354e-05
0.000107949
7.79403e-06
0.00010794
2.60174e-06
8.65691e-05
3.93286e-05
-7.74226e-06
-2.23977e-05
-3.18927e-05
-8.94057e-06
-7.24879e-05
4.38541e-05
-0.000129786
0.000119112
-0.00020461
0.000206389
-0.000297689
0.000301018
-0.000408133
0.000400103
-0.000532433
0.000499092
-0.000664818
0.000591315
-0.000798555
0.000669644
-0.000927333
0.000728378
-0.00104613
0.000764249
-0.00115153
0.000776483
-0.00124165
0.000766297
-0.00131592
0.000736252
-0.0013749
0.000689662
-0.00142003
0.000630103
-0.00145333
0.000560999
-0.00147712
0.000485327
-0.00149375
0.000405452
-0.00150531
0.000323039
-0.0015136
0.000239125
-0.00152007
0.000154275
-0.00152574
6.86732e-05
-0.00153134
-1.77721e-05
-0.00153728
-0.000105275
-0.00154365
-0.000194045
-0.00155004
-0.000284363
-0.00155544
-0.000376349
-0.001558
-0.000469749
-0.0015548
-0.00056372
-0.00154156
-0.00065649
-0.00151279
-0.000744864
-0.00146224
-0.000823785
-0.00138382
-0.000886242
-0.00127305
-0.000923653
-0.00112902
-0.000926968
-0.000956103
-0.000888685
-0.000764813
-0.000805577
-0.000571031
-0.000681316
-0.000392976
-0.000527841
-0.000246184
-0.000364106
-0.000138394
-0.000211307
-6.76995e-05
-8.57593e-05
-2.58916e-05
6.18816e-06
-4.30755e-06
6.66769e-05
3.87312e-06
9.97686e-05
4.28381e-06
0.00010753
1.71522e-06
8.91377e-05
4.10439e-05
-1.49324e-05
-7.4653e-06
-5.16608e-05
2.77877e-05
-0.000106482
9.86749e-05
-0.000178721
0.000191351
-0.000268729
0.000296398
-0.000375966
0.000408255
-0.000497566
0.000521703
-0.000628131
0.000629657
-0.000760809
0.000723993
-0.00088878
0.000797615
-0.00100638
0.000845977
-0.00110961
0.000867483
-0.00119623
0.000863099
-0.00126558
0.000835646
-0.00131839
0.000789067
-0.0013565
0.000727769
-0.00138244
0.000656038
-0.00139902
0.000577586
-0.001409
0.000495305
-0.00141474
0.000411193
-0.00141814
0.000326436
-0.00142062
0.000241606
-0.0014232
0.000156858
-0.00142658
7.20514e-05
-0.00143127
-1.30798e-05
-0.00143769
-9.88592e-05
-0.00144608
-0.000185654
-0.00145656
-0.000273882
-0.00146898
-0.000363927
-0.00148263
-0.000456101
-0.00149583
-0.000550521
-0.00150556
-0.000646762
-0.00150711
-0.000743317
-0.00149391
-0.000836981
-0.00145794
-0.000922207
-0.00139093
-0.000990667
-0.00128634
-0.00103156
-0.0011419
-0.00103312
-0.000962059
-0.000985418
-0.000759329
-0.000884047
-0.000553292
-0.000733879
-0.00036642
-0.000550977
-0.000217191
-0.000360536
-0.000113335
-0.000189615
-5.01832e-05
-5.6964e-05
-1.6334e-05
3.28277e-05
-1.28682e-06
8.47215e-05
2.74996e-06
0.000103493
1.64879e-06
9.02388e-05
4.26926e-05
-2.29873e-05
1.55219e-05
-7.24438e-05
7.72441e-05
-0.000140705
0.000166936
-0.000226259
0.000276904
-0.000328581
0.00039872
-0.000445546
0.000525221
-0.000572489
0.000648646
-0.000702775
0.000759943
-0.000829247
0.000850465
-0.000945598
0.000913966
-0.00104717
0.000947545
-0.00113121
0.000951524
-0.00119686
0.000928749
-0.00124493
0.00088372
-0.00127758
0.000821717
-0.00129781
0.000747998
-0.00130892
0.000667148
-0.00131402
0.000582687
-0.00131569
0.000496977
-0.00131585
0.000411346
-0.00131576
0.00032635
-0.00131622
0.000242061
-0.00131764
0.000158286
-0.00132031
7.4715e-05
-0.00132442
-8.96778e-06
-0.00133021
-9.30647e-05
-0.00133799
-0.000177881
-0.00134816
-0.000263711
-0.00136116
-0.000350923
-0.00137725
-0.00044001
-0.00139622
-0.000531552
-0.00141695
-0.000626038
-0.00143672
-0.000723545
-0.00145059
-0.00082311
-0.00145105
-0.000921749
-0.00142836
-0.00101335
-0.00137193
-0.001088
-0.00127285
-0.0011322
-0.00112743
-0.00113083
-0.000940565
-0.00107092
-0.000727422
-0.000947022
-0.000511999
-0.000766401
-0.000321271
-0.000551264
-0.000175843
-0.000335043
-8.16131e-05
-0.000151194
-2.96142e-05
-1.91712e-05
-5.39204e-06
6.04993e-05
2.49391e-06
9.56068e-05
2.18158e-06
9.05512e-05
4.48742e-05
-3.11648e-05
4.66867e-05
-9.24291e-05
0.000138508
-0.000172423
0.00024693
-0.000268676
0.000373157
-0.000379531
0.000509574
-0.000501303
0.000646994
-0.000628003
0.000775345
-0.000752452
0.000884392
-0.000867809
0.000965822
-0.000968686
0.00101484
-0.0010517
0.00103056
-0.00111559
0.00101541
-0.00116107
0.000974232
-0.00119049
0.000913136
-0.00120722
0.000838452
-0.00121502
0.000755799
-0.00121737
0.000669497
-0.00121706
0.000582376
-0.00121602
0.00049594
-0.0012154
0.000410721
-0.00121572
0.000326668
-0.00121712
0.000243462
-0.00121955
0.000160722
-0.00122294
7.80994e-05
-0.00122723
-4.67532e-06
-0.0012325
-8.77972e-05
-0.00123897
-0.000171413
-0.00124704
-0.000255633
-0.00125731
-0.000340658
-0.00127049
-0.00042683
-0.00128735
-0.000514694
-0.00130834
-0.000605044
-0.00133303
-0.000698857
-0.00135924
-0.000796899
-0.00138212
-0.000898872
-0.00139337
-0.0010021
-0.00138141
-0.00109995
-0.00133309
-0.00118052
-0.0012371
-0.00122682
-0.00108855
-0.00121946
-0.000893419
-0.00114216
-0.000670642
-0.000989178
-0.000449611
-0.000772294
-0.000261708
-0.000522947
-0.000127795
-0.000285107
-4.91529e-05
-9.7813e-05
-1.12741e-05
2.26204e-05
2.15935e-06
8.21734e-05
2.88128e-06
8.98292e-05
4.77555e-05
-3.859e-05
8.52767e-05
-0.000109888
0.000209806
-0.00019915
0.000336192
-0.000302834
0.000476841
-0.000418085
0.000624825
-0.000539945
0.000768854
-0.000661674
0.000897073
-0.000776154
0.000998872
-0.000877303
0.00106697
-0.000960957
0.0010985
-0.00102523
0.00109483
-0.00107048
0.00106067
-0.00109902
0.00100277
-0.00111445
0.000928572
-0.00112091
0.000844908
-0.00112224
0.00075713
-0.00112149
0.000668742
-0.00112065
0.000581544
-0.0011208
0.000496084
-0.00112226
0.000412185
-0.00112496
0.000329367
-0.00112862
0.000247126
-0.00113296
0.000165055
-0.00113773
8.28693e-05
-0.0011428
3.93817e-07
-0.00114815
-8.24489e-05
-0.00115388
-0.00016568
-0.00116023
-0.000249284
-0.00116761
-0.000333274
-0.0011767
-0.00041774
-0.00118845
-0.000502948
-0.001204
-0.000589491
-0.00122445
-0.000678406
-0.0012502
-0.00077115
-0.00127983
-0.000869246
-0.00130866
-0.000973274
-0.00132762
-0.001081
-0.00132319
-0.00118494
-0.0012795
-0.00127051
-0.00118277
-0.0013162
-0.00102751
-0.00129742
-0.000822138
-0.00119455
-0.000591041
-0.00100339
-0.000369981
-0.000744008
-0.000193734
-0.000461354
-7.99923e-05
-0.000211554
-2.1948e-05
-3.5424e-05
2.48205e-07
5.99772e-05
3.27328e-06
8.68041e-05
5.10288e-05
-4.44955e-05
0.000129772
-0.000123391
0.000288702
-0.000218969
0.00043177
-0.000326553
0.000584426
-0.000442206
0.000740478
-0.000560117
0.000886765
-0.000673337
0.00101029
-0.000775273
0.00110081
-0.000860917
0.00115262
-0.000927526
0.00116511
-0.000974813
0.00114211
-0.00100473
0.00109058
-0.00102088
0.00101892
-0.00102762
0.000935315
-0.00102917
0.000846457
-0.00102887
0.000756829
-0.00102888
0.000668755
-0.00103026
0.00058292
-0.00103322
0.000499052
-0.00103755
0.000416506
-0.00104281
0.000334631
-0.00104861
0.000252932
-0.00105465
0.000171093
-0.00106072
8.89387e-05
-0.00106672
6.3918e-06
-0.00107262
-7.65531e-05
-0.00107843
-0.000159864
-0.00108424
-0.000243478
-0.0010902
-0.000327308
-0.00109667
-0.000411275
-0.00110425
-0.000495372
-0.00111394
-0.000579793
-0.00112723
-0.000665122
-0.0011458
-0.00075258
-0.00117088
-0.000844164
-0.00120186
-0.000942296
-0.00123433
-0.00104852
-0.00125833
-0.00116095
-0.00125803
-0.00127082
-0.00121452
-0.0013597
-0.00111194
-0.0014
-0.000945469
-0.00136102
-0.000728085
-0.00122077
-0.000491741
-0.000980351
-0.000279066
-0.000674029
-0.000125359
-0.000365262
-3.96786e-05
-0.000121104
-4.39196e-06
2.46905e-05
3.03183e-06
7.93803e-05
5.40606e-05
-4.83102e-05
0.000178082
-0.000131953
0.000372344
-0.000230698
0.000530515
-0.000338744
0.000692471
-0.000451308
0.000853042
-0.000562165
0.000997623
-0.00066461
0.00111274
-0.000752897
0.00118909
-0.000823287
0.00122301
-0.000874533
0.00121635
-0.000907877
0.00117546
-0.000926574
0.00110928
-0.000935025
0.00102737
-0.000937723
0.000938013
-0.00093837
0.000847104
-0.000939395
0.000757855
-0.000941956
0.000671316
-0.000946254
0.000587218
-0.000951957
0.000504755
-0.000958559
0.000423107
-0.000965597
0.00034167
-0.000972747
0.000260082
-0.000979821
0.000178166
-0.000986734
9.58525e-05
-0.000993469
1.31265e-05
-0.00100003
-6.99954e-05
-0.00100641
-0.000153482
-0.0010126
-0.000237282
-0.0010186
-0.000321309
-0.00102444
-0.000405441
-0.00103028
-0.00048953
-0.00103661
-0.000573464
-0.00104441
-0.00065732
-0.00105534
-0.00074165
-0.00107163
-0.000827873
-0.00109537
-0.000918555
-0.00112676
-0.00101713
-0.00116148
-0.00112623
-0.00118818
-0.00124411
-0.00118824
-0.00135964
-0.00113957
-0.00144867
-0.001025
-0.00147559
-0.000842583
-0.00140319
-0.00061297
-0.00120996
-0.000377909
-0.000909091
-0.000185669
-0.000557501
-6.59166e-05
-0.000240856
-1.2336e-05
-2.88901e-05
2.04132e-06
6.5003e-05
5.61019e-05
-4.97046e-05
0.000227787
-0.000135084
0.000457723
-0.000233915
0.000629346
-0.000339338
0.000797894
-0.000446018
0.000959723
-0.000547712
0.00109932
-0.000638287
0.00120331
-0.000713047
0.00126385
-0.000769581
0.00127954
-0.000808064
0.00125484
-0.000831009
0.0011984
-0.000842525
0.0011208
-0.00084723
0.00103207
-0.000849189
0.000939973
-0.00085122
0.000849134
-0.000854733
0.000761368
-0.000860019
0.000676602
-0.00086672
0.00059392
-0.000874267
0.000512301
-0.000882147
0.000430987
-0.000890023
0.000349546
-0.000897729
0.000267788
-0.000905226
0.000185663
-0.000912541
0.000103167
-0.000919725
2.03101e-05
-0.000926819
-6.29009e-05
-0.000933839
-0.000146462
-0.000940759
-0.000230362
-0.000947506
-0.000314562
-0.000953966
-0.00039898
-0.00096003
-0.000483466
-0.00096569
-0.000567805
-0.000971236
-0.000651774
-0.000977562
-0.000735324
-0.000986487
-0.000818949
-0.00100077
-0.000904271
-0.00102332
-0.000994576
-0.00105502
-0.00109454
-0.00109121
-0.00120792
-0.00111844
-0.00133241
-0.00111444
-0.00145267
-0.00105402
-0.00153601
-0.000920551
-0.00153666
-0.000718559
-0.00141196
-0.000480222
-0.00114743
-0.000258226
-0.000779497
-0.000101483
-0.0003976
-2.37474e-05
-0.000106625
3.08552e-07
4.09471e-05
5.64105e-05
-4.85921e-05
0.000276379
-0.000132754
0.000541885
-0.000228853
0.000725445
-0.000329082
0.000898123
-0.000427836
0.00105848
-0.000519172
0.00119065
-0.000597746
0.00128189
-0.000659984
0.00132609
-0.00070474
0.0013243
-0.000733387
0.00128348
-0.000749321
0.00121434
-0.000756989
0.00112846
-0.00076072
0.0010358
-0.000763792
0.000943045
-0.000768032
0.000853374
-0.000773973
0.000767308
-0.000781328
0.000683958
-0.000789501
0.000602093
-0.000797934
0.000520733
-0.000806263
0.000439317
-0.000814331
0.000357613
-0.000822123
0.00027558
-0.000829705
0.000193245
-0.000837169
0.000110632
-0.000844599
2.77404e-05
-0.000852059
-5.54412e-05
-0.000859577
-0.000138944
-0.000867146
-0.000222793
-0.000874707
-0.000307002
-0.000882136
-0.000391552
-0.000889237
-0.000476364
-0.00089577
-0.000561272
-0.000901548
-0.000645996
-0.000906679
-0.000730193
-0.000911969
-0.000813659
-0.000919392
-0.000896848
-0.000932261
-0.000981707
-0.000954312
-0.00107249
-0.000986838
-0.0011754
-0.00102404
-0.0012952
-0.00104909
-0.00142762
-0.00103524
-0.00154986
-0.000955119
-0.00161678
-0.000796083
-0.00157099
-0.000574281
-0.00136923
-0.000337198
-0.00101658
-0.000146111
-0.000588687
-3.90022e-05
-0.000213734
-2.30632e-06
4.25112e-06
5.41041e-05
-4.5092e-05
0.000321471
-0.000125305
0.000622098
-0.000216242
0.000816382
-0.000309276
0.000991157
-0.00039877
0.00114797
-0.000479306
0.00127119
-0.000546439
0.00134902
-0.000597681
0.00137733
-0.000632973
0.00135959
-0.000654561
0.00130507
-0.000666285
0.00122606
-0.000672471
0.00113465
-0.000676812
0.00104014
-0.000681676
0.000947909
-0.000688013
0.000859711
-0.000695746
0.000775041
-0.000704317
0.000692529
-0.000713131
0.000610906
-0.000721782
0.000529385
-0.000730095
0.00044763
-0.000738065
0.000365583
-0.00074578
0.000283295
-0.000753353
0.000200819
-0.000760895
0.000118174
-0.000768492
3.53368e-05
-0.000776206
-4.7727e-05
-0.000784072
-0.000131078
-0.000792099
-0.000214766
-0.000800263
-0.000298837
-0.000808486
-0.000383329
-0.000816608
-0.000468242
-0.000824375
-0.000553506
-0.000831438
-0.000638933
-0.000837457
-0.000724174
-0.000842371
-0.000808744
-0.000846928
-0.000892291
-0.000853357
-0.000975278
-0.000865645
-0.0010602
-0.000888308
-0.00115273
-0.000922486
-0.00126103
-0.000959887
-0.00139022
-0.000978632
-0.00153112
-0.0009471
-0.00164832
-0.000838327
-0.00167977
-0.000649477
-0.00155808
-0.000414607
-0.00125145
-0.000197757
-0.000805537
-5.87605e-05
-0.00035273
-5.87533e-06
-4.86342e-05
4.82288e-05
-3.9477e-05
0.000360948
-0.000113337
0.000695957
-0.000197125
0.000900171
-0.000281512
0.00107554
-0.000361006
0.00122746
-0.000430858
0.00134104
-0.000487531
0.00140569
-0.000529499
0.0014193
-0.000557533
0.00138762
-0.000574388
0.00132192
-0.000583942
0.00123562
-0.000590066
0.00114077
-0.000595665
0.00104574
-0.000602259
0.000954502
-0.000610149
0.000867601
-0.000618931
0.000783822
-0.000628008
0.000701606
-0.000636921
0.00061982
-0.000645451
0.000537915
-0.000653579
0.000455758
-0.0006614
0.000373405
-0.000669045
0.000290939
-0.000676635
0.000208409
-0.000684271
0.00012581
-0.000692026
4.3092e-05
-0.000699954
-3.97997e-05
-0.000708084
-0.000122948
-0.000716433
-0.000206416
-0.000724999
-0.000290271
-0.000733747
-0.000374582
-0.000742587
-0.000459402
-0.000751342
-0.00054475
-0.00075971
-0.000630566
-0.00076725
-0.000716633
-0.000773482
-0.000802512
-0.000778221
-0.000887552
-0.000782255
-0.000971245
-0.000788233
-0.00105422
-0.000800994
-0.00113997
-0.000825688
-0.00123633
-0.00086225
-0.00135366
-0.000897777
-0.00149559
-0.00090352
-0.00164257
-0.000844086
-0.0017392
-0.000698551
-0.00170361
-0.000482222
-0.00146778
-0.000252333
-0.00103543
-8.31692e-05
-0.000521894
-1.03786e-05
-0.000121425
3.78502e-05
-3.21189e-05
0.000393067
-9.75967e-05
0.000761435
-0.000172687
0.000975261
-0.000247458
0.00115031
-0.000316674
0.00129668
-0.00037631
0.00140068
-0.000423685
0.00145307
-0.000458049
0.00145367
-0.000480712
0.00141028
-0.000494588
0.0013358
-0.000503277
0.0012443
-0.000510009
0.0011475
-0.000516904
0.00105264
-0.000524807
0.000962405
-0.000533623
0.000876417
-0.00054284
0.00079304
-0.00055196
0.000710726
-0.000560696
0.000628556
-0.000568989
0.000546207
-0.000576922
0.000463691
-0.000584633
0.000381116
-0.000592258
0.000298564
-0.000599907
0.000216058
-0.000607664
0.000133567
-0.000615587
5.10155e-05
-0.000623721
-3.16656e-05
-0.00063209
-0.000114579
-0.000640708
-0.000197798
-0.000649579
-0.000281399
-0.000658692
-0.000365469
-0.000668004
-0.00045009
-0.000677418
-0.000535336
-0.00068674
-0.000621244
-0.00069562
-0.000707753
-0.000703532
-0.0007946
-0.000709873
-0.00088121
-0.000714391
-0.000966727
-0.000718072
-0.00105054
-0.000724285
-0.00113376
-0.000738932
-0.00122169
-0.000767284
-0.0013253
-0.000806088
-0.00145678
-0.00083495
-0.00161371
-0.000817369
-0.00175678
-0.000718612
-0.00180237
-0.000533429
-0.00165296
-0.000304557
-0.0012643
-0.000111217
-0.000715235
-1.58193e-05
-0.000216823
2.20309e-05
-2.34415e-05
0.000416508
-7.88902e-05
0.000816884
-0.000144126
0.0010405
-0.000208702
0.00121489
-0.000267677
0.00135566
-0.00031775
0.00145075
-0.000356988
0.00149231
-0.000385206
0.00148189
-0.00040397
0.00142905
-0.000416063
0.00134789
-0.000424596
0.00125284
-0.000432099
0.00115501
-0.000440014
0.00106055
-0.000448716
0.000971107
-0.00045792
0.000885621
-0.00046715
0.00080227
-0.000476056
0.000719631
-0.000484507
0.000637007
-0.00049255
0.000554251
-0.00050032
0.000471461
-0.000507962
0.000388758
-0.000515598
0.0003062
-0.00052332
0.000223781
-0.000531201
0.000141448
-0.000539291
5.91057e-05
-0.000547631
-2.33259e-05
-0.000556237
-0.000105973
-0.000565121
-0.000188914
-0.000574285
-0.000272235
-0.000583721
-0.000356032
-0.000593408
-0.000440403
-0.000603295
-0.000525449
-0.000613274
-0.000611265
-0.000623126
-0.000697901
-0.000632448
-0.000785279
-0.000640614
-0.000873044
-0.000646918
-0.000960423
-0.000651147
-0.00104631
-0.000654766
-0.00113014
-0.000662265
-0.00121419
-0.000680669
-0.0013069
-0.000714037
-0.00142342
-0.000752638
-0.00157511
-0.000765606
-0.00174381
-0.000710924
-0.00185705
-0.000564386
-0.0017995
-0.000349388
-0.0014793
-0.000140908
-0.000923714
-2.20952e-05
-0.000335636
-6.4318e-08
-1.38857e-05
0.000430394
-5.80155e-05
0.000861014
-0.000112568
0.00109505
-0.00016666
0.00126898
-0.00021562
0.00140462
-0.000256827
0.00149196
-0.000288965
0.00152444
-0.000312209
0.00150513
-0.000328131
0.00144497
-0.00033917
0.00135893
-0.000347833
0.0012615
-0.000355986
0.00116316
-0.000364535
0.0010691
-0.000373571
0.000980144
-0.000382765
0.000894815
-0.000391748
0.000811253
-0.000400313
0.000728196
-0.000408446
0.00064514
-0.000416253
0.000562058
-0.000423879
0.000479088
-0.00043146
0.000396339
-0.0004391
0.00031384
-0.000446879
0.00023156
-0.000454861
0.000149431
-0.0004631
6.73448e-05
-0.000471637
-1.47889e-05
-0.000480485
-9.71247e-05
-0.000489652
-0.000179747
-0.000499134
-0.000262753
-0.000508919
-0.000346247
-0.000518988
-0.000430334
-0.00052931
-0.000515127
-0.000539825
-0.00060075
-0.000550405
-0.000687321
-0.00056079
-0.000774893
-0.0005705
-0.000863334
-0.0005788
-0.000952122
-0.000584922
-0.00104019
-0.000588879
-0.00112618
-0.000593046
-0.00121002
-0.000603505
-0.00129644
-0.000627921
-0.001399
-0.000666206
-0.00153682
-0.000697548
-0.00171247
-0.000679834
-0.00187477
-0.000574261
-0.00190507
-0.000383111
-0.00167045
-0.000169666
-0.00113716
-2.94169e-05
-0.000475885
-2.94812e-05
-3.87154e-06
0.000434266
-3.57371e-05
0.000892879
-7.90213e-05
0.00113833
-0.000122532
0.00131249
-0.000161791
0.00144388
-0.000194777
0.00152494
-0.000220663
0.00155033
-0.0002398
0.00152427
-0.000253575
0.00145875
-0.000263938
0.0013693
-0.000272759
0.00127032
-0.000281313
0.00117172
-0.000290118
0.00107791
-0.000299119
0.000989145
-0.000308032
0.000903728
-0.000316613
0.000819833
-0.000324774
0.000736358
-0.000332574
0.000652939
-0.00034014
0.000569625
-0.000347613
0.000486561
-0.00035511
0.000403835
-0.000362722
0.000321451
-0.000370519
0.000239357
-0.000378566
0.000157478
-0.000386925
7.57039e-05
-0.000395642
-6.07197e-06
-0.000404732
-8.80342e-05
-0.0004142
-0.00017028
-0.000424033
-0.00025292
-0.000434214
-0.000336065
-0.000444721
-0.000419827
-0.000455524
-0.000504324
-0.000466582
-0.000589692
-0.000477819
-0.000676084
-0.000489074
-0.000763639
-0.000500022
-0.000852386
-0.000510078
-0.000942066
-0.000518393
-0.00103187
-0.00052423
-0.00112035
-0.000528179
-0.00120607
-0.00053416
-0.00129046
-0.000550108
-0.00138305
-0.000582375
-0.00150456
-0.000621458
-0.00167339
-0.000631375
-0.00186485
-0.000564776
-0.00197167
-0.000403842
-0.00183138
-0.000195047
-0.00134596
-3.78477e-05
-0.000633084
-6.7329e-05
6.06383e-06
0.000428202
-1.27237e-05
0.000911667
-4.43774e-05
0.00116999
-7.73106e-05
0.00134543
-0.000107188
0.00147375
-0.000132484
0.00155024
-0.000152748
0.00157059
-0.000168362
0.00153988
-0.000180393
0.00147078
-0.000190223
0.00137913
-0.000199094
0.00127919
-0.000207777
0.0011804
-0.000216517
0.00108665
-0.000225213
0.000997841
-0.000233663
0.000912179
-0.000241744
0.000827914
-0.000249456
0.000744071
-0.000256897
0.00066038
-0.000264197
0.000576924
-0.00027148
0.000493844
-0.00027885
0.000411205
-0.000286387
0.000328989
-0.000294158
0.000247129
-0.000302228
0.000165548
-0.000310672
8.41472e-05
-0.000319543
2.79999e-06
-0.00032887
-7.87079e-05
-0.00033865
-0.000160499
-0.000348864
-0.000242706
-0.000359489
-0.000325441
-0.000370496
-0.00040882
-0.000381855
-0.000492965
-0.00039353
-0.000578017
-0.000405466
-0.000664149
-0.000417557
-0.000751548
-0.000429588
-0.000840355
-0.000441141
-0.000930514
-0.000451497
-0.00102152
-0.000459722
-0.00111212
-0.000465337
-0.00120046
-0.000470105
-0.00128569
-0.000480224
-0.00137293
-0.000504756
-0.00148003
-0.000543938
-0.00163421
-0.00057193
-0.00183686
-0.00053935
-0.00200425
-0.000411477
-0.00195925
-0.000215288
-0.00154214
-4.69635e-05
-0.000801408
-0.000114292
1.53121e-05
0.00041289
1.03849e-05
0.000916594
-9.37177e-06
0.00118974
-3.18074e-05
0.00136786
-5.25705e-05
0.00149452
-7.05639e-05
0.00156823
-8.56147e-05
0.00158565
-9.80432e-05
0.00155231
-0.000108513
0.00148125
-0.000117806
0.00138842
-0.000126566
0.00128795
-0.000135133
0.00118897
-0.000143563
0.00109508
-0.000151759
0.00100604
-0.000159621
0.000920041
-0.000167127
0.00083542
-0.000174342
0.000751286
-0.00018138
0.000667418
-0.000188365
0.000583909
-0.000195405
0.000500885
-0.000202594
0.000418394
-0.000210006
0.000336401
-0.000217707
0.00025483
-0.000225761
0.000173601
-0.000234249
9.26355e-05
-0.000243247
1.17981e-05
-0.000252795
-6.91589e-05
-0.000262894
-0.000150401
-0.000273511
-0.000232088
-0.000284617
-0.000314335
-0.000296182
-0.000397255
-0.000308174
-0.000480972
-0.000320558
-0.000565633
-0.000333286
-0.000651421
-0.000346279
-0.000738554
-0.000359387
-0.000827247
-0.00037231
-0.00091759
-0.000384503
-0.00100932
-0.000395113
-0.00110151
-0.000403236
-0.00119233
-0.000409107
-0.00127982
-0.000416563
-0.00136548
-0.00043442
-0.00146217
-0.000469435
-0.00159919
-0.000507218
-0.00179908
-0.000502172
-0.0020093
-0.000407285
-0.00205414
-0.000229522
-0.00171991
-5.62242e-05
-0.000974706
-0.000170517
2.34518e-05
0.000389438
3.2852e-05
0.000907194
2.54003e-05
0.0011972
1.33074e-05
0.00137995
1.45442e-06
0.00150637
-9.44275e-06
0.00157913
-1.94761e-05
0.00159568
-2.88462e-05
0.00156168
-3.77768e-05
0.00149018
-4.64461e-05
0.00139709
-5.49268e-05
0.00129643
-6.31834e-05
0.00119722
-7.11271e-05
0.00110302
-7.86898e-05
0.0010136
-8.58683e-05
0.000927219
-9.27298e-05
0.000842282
-9.93858e-05
0.000757942
-0.000105959
0.000673992
-0.000112564
0.000590514
-0.000119297
0.000507619
-0.000126244
0.00042534
-0.000133478
0.000343636
-0.000141066
0.000262419
-0.000149069
0.000181605
-0.000157569
0.000101135
-0.000166664
2.08932e-05
-0.000176419
-5.94028e-05
-0.000186831
-0.000139989
-0.000197859
-0.00022106
-0.00020947
-0.000302724
-0.000221637
-0.000385087
-0.000234331
-0.000468278
-0.000247517
-0.000552448
-0.000261147
-0.000637791
-0.000275154
-0.000724547
-0.000289421
-0.00081298
-0.000303724
-0.000903287
-0.000317654
-0.000995394
-0.000330522
-0.00108864
-0.000341387
-0.00118147
-0.00034968
-0.00127153
-0.000357176
-0.00135798
-0.000370797
-0.00144855
-0.000400304
-0.00156968
-0.000441696
-0.00175769
-0.000457415
-0.00199358
-0.000393362
-0.00211819
-0.000237672
-0.0018756
-6.49479e-05
-0.00114743
-0.000235465
3.02035e-05
0.000359234
5.38834e-05
0.000883514
5.93533e-05
0.00119173
5.76107e-05
0.0013817
5.44549e-05
0.00150952
5.05328e-05
0.00158305
4.5504e-05
0.00160071
3.92553e-05
0.00156793
3.19808e-05
0.00149745
2.4084e-05
0.00140499
1.60358e-05
0.00130448
8.22998e-06
0.00120503
8.90081e-07
0.00111036
-5.94326e-06
0.00102043
-1.23579e-05
0.000933634
-1.85004e-05
0.000848424
-2.45221e-05
0.000763964
-3.05528e-05
0.000680022
-3.66988e-05
0.00059666
-4.30498e-05
0.00051397
-4.96873e-05
0.000431978
-5.66885e-05
0.000350637
-6.41268e-05
0.000269857
-7.20665e-05
0.000189544
-8.05781e-05
0.000109647
-8.97509e-05
3.00663e-05
-9.96808e-05
-4.94726e-05
-0.000110373
-0.000129297
-0.000121793
-0.000209639
-0.000133911
-0.000290606
-0.00014671
-0.000372288
-0.000160164
-0.000454823
-0.000174236
-0.000538376
-0.000188878
-0.000623149
-0.000204026
-0.000709398
-0.00021958
-0.000797427
-0.000235359
-0.000887507
-0.000251047
-0.000979706
-0.000266102
-0.00107359
-0.000279713
-0.00116786
-0.000291032
-0.00126021
-0.000300455
-0.00134856
-0.000312548
-0.00143645
-0.000337263
-0.00154497
-0.000378403
-0.00171655
-0.000408733
-0.00196325
-0.000372122
-0.0021548
-0.000240241
-0.00200748
-7.25563e-05
-0.00131512
-0.000308021
3.53557e-05
0.000323879
7.27952e-05
0.000846075
9.17563e-05
0.00117276
0.000100586
0.00137287
0.00010607
0.00150404
0.000109137
0.00157998
0.000109245
0.0016006
0.00010632
0.00157085
0.000100922
0.00150285
9.39923e-05
0.00141192
8.652e-05
0.00131195
7.92589e-05
0.00121229
7.25855e-05
0.00111703
6.65374e-05
0.00102648
6.09511e-05
0.00093922
5.56052e-05
0.00085377
5.03055e-05
0.000769263
4.49089e-05
0.000685419
3.93107e-05
0.000602258
3.34242e-05
0.000519856
2.71672e-05
0.000438235
2.04572e-05
0.000357347
1.32116e-05
0.000277103
5.35239e-06
0.000197404
-3.18896e-06
0.000118189
-1.24659e-05
3.93435e-05
-2.25378e-05
-3.94005e-05
-3.34473e-05
-0.000118387
-4.52082e-05
-0.000197878
-5.78127e-05
-0.000278002
-7.12509e-05
-0.00035885
-8.55028e-05
-0.000440571
-0.000100532
-0.000523346
-0.000116289
-0.000607392
-0.000132707
-0.00069298
-0.000149691
-0.000780443
-0.000167085
-0.000870113
-0.000184632
-0.000962159
-0.000201906
-0.00105631
-0.00021825
-0.00115151
-0.000232829
-0.00124563
-0.000245314
-0.00133607
-0.000258224
-0.00142354
-0.000279983
-0.00152321
-0.000319091
-0.00167744
-0.000359008
-0.00192333
-0.000345929
-0.00216788
-0.000238104
-0.0021153
-7.87223e-05
-0.0014745
-0.000386743
3.87701e-05
0.000285109
8.89854e-05
0.000795859
0.000121891
0.00113986
0.000141722
0.00135304
0.000155912
0.00148985
0.000166073
0.00156982
0.000171586
0.00159509
0.00017234
0.0015701
0.000169161
0.00150603
0.000163458
0.00141762
0.000156716
0.0013187
0.000150066
0.00121894
0.000144082
0.00112302
0.000138841
0.00103172
0.000134131
0.00094393
0.000129659
0.000858242
0.000125179
0.000773744
0.000120521
0.000690077
0.000115572
0.000607207
0.000110243
0.000525186
0.000104447
0.000444031
9.80944e-05
0.0003637
9.10926e-05
0.000284105
8.33593e-05
0.000205137
7.48512e-05
0.000126697
6.55435e-05
4.86514e-05
5.53874e-05
-2.92441e-05
4.42859e-05
-0.000107285
3.21865e-05
-0.000185779
1.90722e-05
-0.000264887
4.94959e-06
-0.000344727
-1.01611e-05
-0.00042546
-2.62264e-05
-0.000507281
-4.31964e-05
-0.000590421
-6.10031e-05
-0.000675173
-7.95542e-05
-0.000761892
-9.87115e-05
-0.000850956
-0.000118261
-0.00094261
-0.000137863
-0.00103671
-0.000156991
-0.00113238
-0.000174935
-0.00122769
-0.000191105
-0.0013199
-0.000206587
-0.00140806
-0.000227595
-0.0015022
-0.000264483
-0.00164055
-0.000310292
-0.00187752
-0.000316866
-0.00216131
-0.000232335
-0.00219983
-8.3406e-05
-0.00162343
-0.000470149
4.04124e-05
0.000244696
0.000101915
0.000734356
0.000148976
0.0010928
0.000180416
0.0013216
0.000203554
0.00146671
0.000220995
0.00155238
0.000232275
0.00158381
0.000237187
0.00156519
0.000236692
0.00150652
0.000232568
0.00142174
0.000226757
0.00132451
0.00022079
0.00122491
0.0002155
0.00112831
0.000211065
0.00103616
0.000207261
0.000947734
0.000203738
0.000861766
0.000200185
0.000777296
0.000196391
0.000693871
0.00019222
0.000611378
0.000187573
0.000529833
0.000182357
0.000449247
0.000176479
0.000369578
0.000169844
0.000290741
0.000162365
0.000212616
0.000153993
0.000135069
0.000144704
5.79413e-05
0.000134456
-1.89966e-05
0.000123147
-9.5976e-05
0.000110687
-0.000173318
9.70331e-05
-0.000251233
8.21822e-05
-0.000329876
6.61465e-05
-0.000409424
4.89556e-05
-0.00049009
3.06592e-05
-0.000572125
1.13288e-05
-0.000655843
-8.93924e-06
-0.000741624
-3.00199e-05
-0.000829875
-5.1734e-05
-0.000920895
-7.38099e-05
-0.00101464
-9.58391e-05
-0.00111035
-0.000117255
-0.00120627
-0.000137458
-0.0012997
-0.000156704
-0.00138881
-0.000179053
-0.00147985
-0.000214582
-0.00160502
-0.000263887
-0.00182822
-0.000286628
-0.00213857
-0.000224059
-0.0022624
-8.6815e-05
-0.00176067
-0.000556964
4.03584e-05
0.000204338
0.000111135
0.000663579
0.000172155
0.00103178
0.000215912
0.00127784
0.000248461
0.00143416
0.000273466
0.00152738
0.000290944
0.00156633
0.000300602
0.00155553
0.000303387
0.00150374
0.000301316
0.00142382
0.000296723
0.0013291
0.000291554
0.00123008
0.000286964
0.0011329
0.000283313
0.00103981
0.000280424
0.000950623
0.000277907
0.000864283
0.000275387
0.000779817
0.00027259
0.000696668
0.000269339
0.000614629
0.000265515
0.000533658
0.000261016
0.000453746
0.000255744
0.00037485
0.000249602
0.000296883
0.000242502
0.000219717
0.000234376
0.000143195
0.000225176
6.71413e-05
0.000214845
-8.66575e-06
0.000203301
-8.44319e-05
0.000190454
-0.000160471
0.000176236
-0.000237015
0.000160626
-0.000314266
0.000143624
-0.000392422
0.000125249
-0.000471715
0.000105547
-0.000552422
8.45839e-05
-0.00063488
6.24544e-05
-0.000719494
3.92787e-05
-0.000806699
1.52161e-05
-0.000896833
-9.51537e-06
-0.000989905
-3.46141e-05
-0.00108526
-5.96568e-05
-0.00118123
-8.41353e-05
-0.00127522
-0.000107925
-0.00136502
-0.000133369
-0.00145441
-0.000168976
-0.00156941
-0.000220495
-0.0017767
-0.000256499
-0.00210256
-0.000214345
-0.00230456
-8.93337e-05
-0.00188568
-0.000646298
3.87923e-05
0.000165546
0.000116326
0.000586046
0.000190532
0.000957572
0.00024726
0.00122111
0.000289918
0.00139151
0.000322913
0.00149438
0.000347071
0.00154217
0.000362143
0.00154046
0.000368942
0.00149694
0.000369552
0.00142321
0.000366603
0.00133205
0.000362442
0.00123424
0.000358604
0.00113674
0.000355717
0.0010427
0.000353727
0.000952612
0.000352252
0.000865758
0.000350854
0.000781214
0.000349186
0.000698336
0.00034701
0.000616805
0.000344167
0.000536501
0.000340537
0.000457377
0.000336012
0.000379376
0.00033049
0.000302405
0.000323875
0.000226332
0.000316083
0.000150987
0.000307043
7.61813e-05
0.000296682
1.69489e-06
0.000284929
-7.26781e-05
0.000271694
-0.000147236
0.000256898
-0.00022222
0.000240502
-0.000297869
0.000222491
-0.000374412
0.000202878
-0.000452102
0.000181699
-0.000531243
0.000159019
-0.0006122
0.000134925
-0.0006954
0.000109523
-0.000781297
8.29399e-05
-0.00087025
5.53361e-05
-0.000962301
2.6934e-05
-0.00105685
-1.94601e-06
-0.00115235
-3.09342e-05
-0.00124624
-5.98055e-05
-0.00133615
-8.9719e-05
-0.00142449
-0.000127051
-0.00153208
-0.000180379
-0.00172337
-0.000227374
-0.00205557
-0.000204134
-0.0023278
-9.14505e-05
-0.00199837
-0.000737748
3.5994e-05
0.000129552
0.000117351
0.000504689
0.00020324
0.000871683
0.000273315
0.00115104
0.000326965
0.00133785
0.000368569
0.00145278
0.00039995
0.00151079
0.000421156
0.00151925
0.000432822
0.00148527
0.000436923
0.0014191
0.000436237
0.00133273
0.000433457
0.00123702
0.000430528
0.00113966
0.000428429
0.00104479
0.000427322
0.00095372
0.000426895
0.000866186
0.000426682
0.000781428
0.000426258
0.00069876
0.000425308
0.000617754
0.000423614
0.000538195
0.000421018
0.000459972
0.000417394
0.000383
0.000412628
0.000307171
0.000406613
0.000232346
0.000399252
0.000158349
0.000390456
8.49774e-05
0.000380137
1.2014e-05
0.000368222
-6.07635e-05
0.000354622
-0.000133635
0.000339251
-0.000206849
0.000322056
-0.000280674
0.000303012
-0.000355368
0.000282121
-0.00043121
0.000259411
-0.000508533
0.000234939
-0.000587728
0.000208783
-0.000669244
0.000181031
-0.000753545
0.000151774
-0.000840993
0.000121112
-0.000931638
8.91749e-05
-0.00102492
5.61599e-05
-0.00111933
2.23464e-05
-0.00121242
-1.20214e-05
-0.00130179
-4.74366e-05
-0.00138908
-8.812e-05
-0.0014914
-0.000143477
-0.00166801
-0.000199792
-0.00199925
-0.000194188
-0.0023334
-9.36943e-05
-0.00209886
-0.000831443
3.23086e-05
9.72431e-05
0.000114307
0.000422691
0.000209553
0.000776437
0.000292797
0.00106779
0.000358354
0.0012723
0.00040941
0.00140172
0.000448659
0.00147154
0.000476744
0.00149117
0.000494218
0.0014678
0.000502804
0.00141052
0.000505242
0.0013303
0.000504452
0.00123781
0.000502776
0.00114134
0.0005016
0.00104597
0.000501397
0.000953923
0.000502015
0.000865568
0.000503015
0.000780428
0.000503918
0.000697857
0.000504325
0.000617348
0.00050394
0.00053858
0.00050255
0.000461362
0.000499993
0.000385557
0.000496133
0.000311031
0.000490851
0.000237628
0.000484034
0.000165166
0.000475579
9.34322e-05
0.000465387
2.2206e-05
0.000453376
-4.87524e-05
0.000439451
-0.00011971
0.000423528
-0.000190925
0.000405543
-0.000262689
0.000385461
-0.000335286
0.000363274
-0.000409024
0.000339003
-0.000484262
0.000312693
-0.000561418
0.000284402
-0.000640954
0.000254191
-0.000723333
0.000222105
-0.000808906
0.000188175
-0.000897709
0.000152441
-0.000989183
0.000114991
-0.00108188
7.60079e-05
-0.00117344
3.57165e-05
-0.00126149
-5.99819e-06
-0.00134736
-5.14996e-05
-0.0014459
-0.000109509
-0.00161
-0.000173974
-0.00193479
-0.000185049
-0.00232233
-9.65805e-05
-0.00218733
-0.000928023
2.81022e-05
6.91409e-05
0.000107564
0.00034323
0.000209025
0.000674976
0.00030442
0.000972398
0.00038256
0.00119416
0.000444089
0.00134019
0.000492009
0.00142362
0.000527756
0.00145542
0.00055202
0.00144354
0.000566238
0.0013963
0.000572917
0.00132362
0.000575033
0.00123569
0.000575233
0.00114114
0.000575324
0.00104588
0.000576164
0.000953082
0.000577861
0.00086387
0.000580088
0.000778201
0.000582361
0.000695584
0.000584215
0.000615494
0.000585272
0.000537524
0.000585245
0.000461389
0.00058392
0.000386882
0.000581126
0.000313824
0.000576722
0.000242033
0.000570578
0.00017131
0.000562577
0.000101433
0.00055261
3.21729e-05
0.000540585
-3.67271e-05
0.000526401
-0.000105526
0.000509974
-0.000174498
0.000491235
-0.00024395
0.000470139
-0.000314191
0.000446672
-0.000385556
0.00042084
-0.00045843
0.00039267
-0.000533248
0.000362193
-0.000610477
0.000329427
-0.000690567
0.000294359
-0.000773838
0.000256942
-0.000860292
0.000217116
-0.000949358
0.000174867
-0.00103963
0.000130301
-0.00112887
8.36708e-05
-0.00121486
3.50809e-05
-0.00129877
-1.65676e-05
-0.00139425
-7.80651e-05
-0.00154851
-0.000149868
-0.00186299
-0.000177005
-0.00229519
-0.00010056
-0.00226377
-0.00102858
2.37147e-05
4.54262e-05
9.77769e-05
0.000269167
0.000201641
0.000571112
0.000307094
0.000866944
0.000397884
0.00110337
0.000470902
0.00126717
0.000528478
0.00136605
0.000572745
0.00141115
0.000604799
0.00141148
0.000625888
0.00137521
0.000638162
0.00131134
0.000644436
0.00122942
0.000647502
0.00113807
0.000649526
0.00104386
0.000651782
0.000950827
0.000654723
0.000860929
0.000658233
0.000774691
0.000661905
0.000691912
0.000665255
0.000612144
0.000667839
0.00053494
0.000669296
0.000459932
0.000669346
0.000386833
0.00066777
0.000315401
0.00066439
0.000245413
0.000659056
0.000176644
0.000651636
0.000108854
0.000642009
4.18e-05
0.000630071
-2.47898e-05
0.00061572
-9.11753e-05
0.00059887
-0.000157648
0.000579446
-0.000224526
0.000557399
-0.000292143
0.000532699
-0.000360857
0.000505338
-0.000431069
0.000475313
-0.000503223
0.000442613
-0.000577777
0.0004072
-0.000655154
0.000368986
-0.000735624
0.000327835
-0.000819141
0.000283587
-0.00090511
0.000236129
-0.000992175
0.000185506
-0.00107825
0.000132028
-0.00116139
7.61106e-05
-0.00124286
1.73615e-05
-0.0013355
-4.86705e-05
-0.00148248
-0.00012717
-0.00178449
-0.000170046
-0.00225231
-0.000105963
-0.00232785
-0.00113455
1.9427e-05
2.59991e-05
8.58457e-05
0.000202749
0.000187931
0.000469027
0.000300182
0.000754693
0.000402663
0.00100089
0.000487837
0.001182
0.000556147
0.00129774
0.00060992
0.00135738
0.000650789
0.00137061
0.000680024
0.00134597
0.000699407
0.00129196
0.00071141
0.00121742
0.00071875
0.00113073
0.000723803
0.0010388
0.000728217
0.000946413
0.000732833
0.000856313
0.000737837
0.000769687
0.000742996
0.000686753
0.000747886
0.000607254
0.000752046
0.00053078
0.000755061
0.000456918
0.000756585
0.000385308
0.000756345
0.000315641
0.00075412
0.000247638
0.00074973
0.000181034
0.000743021
0.000115562
0.000733861
5.09597e-05
0.000722135
-1.30631e-05
0.000707734
-7.6775e-05
0.000690572
-0.000140485
0.000670568
-0.000204522
0.000647663
-0.000269237
0.000621811
-0.000335005
0.000592975
-0.000402233
0.000561112
-0.000471359
0.000526153
-0.000542818
0.000487984
-0.000616985
0.000446432
-0.000694071
0.000401259
-0.000773968
0.000352206
-0.000856057
0.000299075
-0.000939045
0.000241882
-0.00102106
0.000181028
-0.00110053
0.000117271
-0.0011791
5.08902e-05
-0.00126912
-2.07553e-05
-0.00141083
-0.000105329
-0.00169991
-0.000163806
-0.00219384
-0.000112935
-0.00237873
-0.00124748
1.54565e-05
1.05426e-05
7.28258e-05
0.00014538
0.000169011
0.000372841
0.000283733
0.000639971
0.000395579
0.000889042
0.000492743
0.00108484
0.0005727
0.00121778
0.000637073
0.00129301
0.000687851
0.00131983
0.000726517
0.00130731
0.0007546
0.00126388
0.000774134
0.00119788
0.000787548
0.00111732
0.000797212
0.00102914
0.000805016
0.000938609
0.000812161
0.000849167
0.000819183
0.000762665
0.000826114
0.000679823
0.000832683
0.000600685
0.000838489
0.000524973
0.000843112
0.000452294
0.000846171
0.000382249
0.000847346
0.000314467
0.000846373
0.000248611
0.000843038
0.000184369
0.000837163
0.000121438
0.000828599
5.95238e-05
0.000817212
-1.67659e-06
0.000802897
-6.24603e-05
0.000785556
-0.000123144
0.000765098
-0.000184064
0.000741447
-0.000245586
0.000714533
-0.00030809
0.000684276
-0.000371977
0.000650578
-0.000437661
0.000613293
-0.000505534
0.00057222
-0.000575912
0.000527082
-0.000648933
0.000477539
-0.000724425
0.000423238
-0.000801756
0.000363921
-0.000879728
0.000299617
-0.000956753
0.000230873
-0.00103179
0.000158813
-0.00110704
8.44561e-05
-0.00119476
6.40515e-06
-0.00133278
-8.35935e-05
-0.00160991
-0.00015752
-0.00211991
-0.000121349
-0.0024149
-0.00136883
1.19842e-05
-1.44158e-06
5.97981e-05
9.75657e-05
0.000146501
0.000286139
0.000258638
0.000527834
0.000375996
0.000771683
0.000483654
0.000977178
0.000575554
0.00112588
0.000651555
0.001217
0.000713426
0.00125796
0.000762838
0.0012579
0.000801219
0.0012255
0.000830199
0.0011689
0.00085177
0.00109575
0.000868074
0.00101283
0.00088104
0.000925642
0.000892114
0.000838094
0.000902157
0.000752622
0.000911515
0.000670465
0.000920157
0.000592044
0.000927829
0.000517301
0.000934182
0.000445941
0.000938853
0.000377578
0.000941507
0.000311813
0.000941857
0.000248262
0.00093966
0.000186565
0.000934715
0.000126382
0.000926855
6.73838e-05
0.00091593
9.24797e-06
0.000901827
-4.83571e-05
0.00088443
-0.000105747
0.000863633
-0.000163267
0.000839332
-0.000221285
0.000811416
-0.000280174
0.000779751
-0.000340312
0.000744164
-0.000402073
0.000704422
-0.000465792
0.000660219
-0.00053171
0.000611173
-0.000599886
0.000556841
-0.000670093
0.000496792
-0.000741708
0.000430748
-0.000813683
0.000358808
-0.000884813
0.000281731
-0.000954712
0.000201053
-0.00102636
0.00011851
-0.00111222
3.36992e-05
-0.00124797
-6.10616e-05
-0.00151515
-0.000149962
-0.00203101
-0.000130701
-0.00243416
-0.00149953
9.2001e-06
-1.06417e-05
4.77273e-05
5.90386e-05
0.000122266
0.0002116
0.000226554
0.000423546
0.000344199
0.000654038
0.000459171
0.000862206
0.000562149
0.0010229
0.000650373
0.00112878
0.000724506
0.00118383
0.000786035
0.00119637
0.000836315
0.00117522
0.000876658
0.00112856
0.00090859
0.00106382
0.000933861
0.000987564
0.000954225
0.000905278
0.000971187
0.000821131
0.000985837
0.000737972
0.000998811
0.000657491
0.00101036
0.000580499
0.00102044
0.000507217
0.00102887
0.000437515
0.00103536
0.000371085
0.00103963
0.000307545
0.00104139
0.000246494
0.00104041
0.000187544
0.00103648
0.000130319
0.0010294
7.44594e-05
0.00101903
1.96226e-05
0.00100522
-3.45469e-05
0.000987839
-8.83679e-05
0.000966757
-0.000142185
0.000941829
-0.000196357
0.000912888
-0.000251234
0.000879732
-0.000307157
0.000842102
-0.000364443
0.000799667
-0.000423357
0.000752012
-0.000484055
0.000698649
-0.000546523
0.000639048
-0.000610493
0.000572733
-0.000675393
0.000499453
-0.000740403
0.000419451
-0.000804812
0.000333772
-0.000869033
0.000244394
-0.000936981
0.000153699
-0.00102153
6.21941e-05
-0.00115646
-3.66017e-05
-0.00141636
-0.000139333
-0.00192828
-0.000139975
-0.00243352
-0.00163951
7.22088e-06
-1.78626e-05
3.72381e-05
2.90213e-05
9.7948e-05
0.00015089
0.000189507
0.000331986
0.000301345
0.000542201
0.000418781
0.00074477
0.000530388
0.000911294
0.000630488
0.00102868
0.000717741
0.00109658
0.000792749
0.00112136
0.000856534
0.00111143
0.000910109
0.00107498
0.000954572
0.00101935
0.000991219
0.000950917
0.00102147
0.000875024
0.00104671
0.000795893
0.00106809
0.000716593
0.00108644
0.000639137
0.00110227
0.000564669
0.0011158
0.000493693
0.00112703
0.000426285
0.00113585
0.000362269
0.00114206
0.000301327
0.00114547
0.000243087
0.00114586
0.000187156
0.00114303
0.000133147
0.0011368
8.0684e-05
0.00112702
2.94088e-05
0.00111352
-2.10443e-05
0.00109614
-7.09909e-05
0.00107472
-0.000120767
0.00104907
-0.000170703
0.00101895
-0.000221116
0.000984086
-0.000272294
0.000944129
-0.000324486
0.000898647
-0.000377874
0.000847125
-0.000432533
0.000788983
-0.000488381
0.000723634
-0.000545144
0.000650605
-0.000602364
0.000569743
-0.000659541
0.00048151
-0.000716579
0.000387286
-0.000774808
0.000289492
-0.000839187
0.000191054
-0.000923088
9.32436e-05
-0.00105865
-8.8919e-06
-0.00131422
-0.000123194
-0.00181398
-0.000147535
-0.00240917
-0.00178704
5.87077e-06
-2.37333e-05
2.80816e-05
6.81052e-06
7.40612e-05
0.000104911
0.000148952
0.000257096
0.000248897
0.000442255
0.00036284
0.000630827
0.000479018
0.000795116
0.000589296
0.000918403
0.000689775
0.000996098
0.00077936
0.00103177
0.000858191
0.0010326
0.000926786
0.00100639
0.000985816
0.000960324
0.00103613
0.000900606
0.00107875
0.000832402
0.0011148
0.000759844
0.00114534
0.00068605
0.00117128
0.000613198
0.00119329
0.000542663
0.0012118
0.000475184
0.00122704
0.000411043
0.00123909
0.000350218
0.00124792
0.000292499
0.00125343
0.000237575
0.0012555
0.000185091
0.00125397
0.000134674
0.0012487
8.59557e-05
0.00123952
3.85823e-05
0.00122628
-7.80358e-06
0.0012088
-5.35114e-05
0.00118688
-9.8845e-05
0.00116028
-0.000144096
0.00112869
-0.000189533
0.00109178
-0.00023538
0.0010491
-0.000281809
0.00100014
-0.000328917
0.000944314
-0.000376703
0.000880982
-0.000425049
0.000809559
-0.000473721
0.000729647
-0.000522452
0.000641267
-0.000571162
0.000545147
-0.000620459
0.000442997
-0.000672658
0.000337591
-0.00073378
0.000232228
-0.000817726
0.000128781
-0.000955205
2.35121e-05
-0.00120895
-9.87112e-05
-0.00169175
-0.000151205
-0.00235668
-0.00193825
4.14458e-06
-2.78779e-05
1.80281e-05
-7.07298e-06
4.84747e-05
7.44641e-05
0.000104143
0.000201428
0.000187351
0.000359046
0.000291963
0.000526215
0.00040772
0.000679359
0.000525137
0.000800986
0.00063782
0.000883414
0.000742405
0.000927189
0.000837498
0.000937508
0.000922705
0.000921182
0.000998112
0.000884917
0.00106411
0.000834613
0.00112131
0.000775196
0.00117053
0.000710623
0.00121265
0.000643935
0.0012485
0.000577341
0.00127884
0.000512328
0.00130423
0.000449793
0.00132509
0.000390185
0.00134167
0.000333629
0.00135414
0.000280038
0.00136252
0.000229191
0.00136681
0.000180797
0.00136695
0.000134533
0.00136285
9.00638e-05
0.00135436
4.70642e-05
0.00134135
5.21225e-06
0.00132363
-3.57945e-05
0.00130098
-7.61967e-05
0.00127313
-0.000116241
0.00123973
-0.000156134
0.00120038
-0.000196028
0.00115458
-0.000236015
0.00110179
-0.00027612
0.00104137
-0.000316291
0.000972737
-0.000356412
0.000895376
-0.000396359
0.000809056
-0.000436132
0.000714032
-0.000476137
0.000611292
-0.00051772
0.000502768
-0.000564134
0.000391346
-0.000622358
0.000280358
-0.000706738
0.000171896
-0.000846743
6.29077e-05
-0.00109996
-6.31622e-05
-0.00156568
-0.000148264
-0.00227158
-0.00208651
-6.34831e-07
-2.72431e-05
1.48156e-06
-9.18935e-06
1.47712e-05
6.11745e-05
5.02377e-05
0.000165962
0.00011444
0.000294844
0.000205772
0.000434883
0.000316629
0.000568503
0.000437528
0.000680086
0.000560296
0.000760646
0.000679271
0.000808214
0.000791094
0.000825685
0.000893995
0.000818281
0.000987178
0.000791734
0.00107044
0.000751347
0.00114399
0.000701648
0.0012083
0.000646313
0.00126402
0.000588214
0.00131188
0.000529485
0.00135258
0.000471625
0.00138677
0.000415606
0.00141497
0.000361984
0.0014376
0.000311004
0.00145494
0.000262691
0.00146721
0.000216926
0.0014745
0.000173501
0.00147687
0.000132162
0.0014743
9.26344e-05
0.00146672
5.46438e-05
0.00145401
1.7928e-05
0.001436
-1.77868e-05
0.00141248
-5.26777e-05
0.00138317
-8.69306e-05
0.00134772
-0.000120683
0.00130571
-0.000154021
0.00125667
-0.000186972
0.00120006
-0.000219513
0.00113536
-0.000251584
0.00106208
-0.000283132
0.000979917
-0.0003142
0.000888882
-0.000345098
0.000789464
-0.000376719
0.000682809
-0.000411065
0.00057084
-0.000452165
0.000456195
-0.000507714
0.000341731
-0.000592274
0.000229018
-0.00073403
0.000114894
-0.00098584
-1.34622e-05
-0.00143733
-0.00013406
-0.00215098
-0.00222057
-1.34012e-05
-1.38418e-05
-3.09171e-05
8.3265e-06
-3.76772e-05
6.79345e-05
-2.18629e-05
0.000150147
2.40979e-05
0.000248883
0.000101659
0.000357321
0.000205492
0.00046467
0.000326975
0.000558604
0.000457251
0.000630371
0.000588969
0.000676496
0.000716869
0.000697784
0.000837576
0.000697574
0.000949129
0.00068018
0.00105055
0.000649923
0.00114153
0.000610671
0.00122218
0.000565667
0.00129289
0.000517497
0.00135425
0.000468129
0.00140688
0.000418993
0.00145142
0.000371062
0.00148846
0.000324943
0.00151851
0.000280959
0.00154197
0.000239228
0.00155917
0.000199723
0.00157035
0.000162324
0.00157566
0.000126857
0.00157517
9.31221e-05
0.0015689
6.09135e-05
0.00155679
3.00372e-05
0.00153871
2.96387e-07
0.0015145
-2.84688e-05
0.00148392
-5.63553e-05
0.00144669
-8.34495e-05
0.00140246
-0.00010979
0.00135086
-0.000135375
0.00129153
-0.000160181
0.00122413
-0.000184191
0.00114846
-0.000207455
0.00106446
-0.000230201
0.000972377
-0.000253017
0.000872823
-0.000277165
0.000766857
-0.0003051
0.000656027
-0.000341335
0.000542291
-0.000393978
0.000427565
-0.000477547
0.000312263
-0.000618728
0.000192087
-0.000865665
5.64138e-05
-0.00130165
-9.83038e-05
-0.00199626
-0.00231887
-4.0973e-05
2.71312e-05
-9.01803e-05
5.75338e-05
-0.000121104
9.88586e-05
-0.000123158
0.000152201
-9.13524e-05
0.000217078
-2.47127e-05
0.000290682
7.31636e-05
0.000366793
0.000194518
0.000437249
0.000330355
0.000494534
0.00047264
0.000534211
0.00061481
0.000555614
0.000752091
0.000560293
0.000881325
0.000550946
0.00100064
0.000530606
0.00110909
0.00050222
0.00120637
0.000468395
0.00129257
0.000431292
0.00136809
0.000392611
0.00143345
0.000353631
0.00148925
0.000315259
0.0015361
0.000278098
0.00157455
0.000242512
0.0016051
0.000208679
0.00162817
0.000176649
0.00164411
0.00014638
0.00165319
0.000117778
0.0016556
9.07166e-05
0.00165145
6.50604e-05
0.00164081
4.06803e-05
0.00162364
1.74663e-05
0.00159985
-4.68231e-06
0.00156934
-2.58494e-05
0.00153199
-4.60974e-05
0.00148765
-6.54466e-05
0.00143618
-8.3906e-05
0.00137749
-0.000101487
0.00131153
-0.000118238
0.00123839
-0.000134309
0.00115824
-0.000150052
0.00107142
-0.000166197
0.000978401
-0.000184147
0.000879775
-0.000206474
0.000776198
-0.000237758
0.000668323
-0.000286103
0.000556539
-0.000365764
0.000439882
-0.00050207
0.00031279
-0.000738573
0.000159768
-0.00114863
-2.67671e-05
-0.00180973
-0.00234564
-9.01021e-05
0.000117233
-0.000183167
0.000150599
-0.000240238
0.00015593
-0.00025747
0.000169433
-0.000234963
0.000194572
-0.000174187
0.000229905
-7.94088e-05
0.000272015
4.25676e-05
0.000315273
0.00018314
0.000353961
0.000333807
0.000383544
0.000487585
0.000401836
0.000638815
0.000409063
0.000783444
0.000406318
0.000918814
0.000395235
0.00104335
0.000377686
0.00115626
0.000355482
0.00125734
0.000330217
0.00134673
0.000303215
0.00142485
0.000275514
0.00149222
0.000247887
0.00154944
0.000220879
0.00159711
0.000194847
0.00163579
0.000169999
0.001666
0.000146434
0.00168821
0.000124172
0.0017028
0.000103185
0.00171011
8.34101e-05
0.0017104
6.47729e-05
0.00170388
4.71954e-05
0.00169074
3.06081e-05
0.00167111
1.49446e-05
0.00164505
2.1562e-07
0.00161255
-1.35984e-05
0.00157373
-2.66261e-05
0.00152874
-3.89175e-05
0.00147775
-5.04961e-05
0.00142095
-6.14428e-05
0.00135858
-7.19395e-05
0.00129088
-8.23454e-05
0.00121803
-9.33452e-05
0.00114008
-0.000106205
0.00105682
-0.00012321
0.00096749
-0.000148429
0.000870562
-0.000189174
0.000763365
-0.000258567
0.000641551
-0.000380256
0.00049744
-0.000594463
0.000312253
-0.000963445
8.51069e-05
-0.00158258
-0.00226053
-0.000160365
0.000277598
-0.000293318
0.000283552
-0.000362655
0.000225267
-0.000384772
0.00019155
-0.000365732
0.000175532
-0.000308196
0.00017237
-0.000216391
0.00018021
-9.66412e-05
0.000195523
4.42129e-05
0.000213107
0.000198548
0.000229208
0.000358714
0.00024167
0.000518809
0.000248968
0.000674356
0.000250771
0.000822111
0.00024748
0.000959945
0.000239853
0.00108662
0.000228812
0.00120155
0.000215286
0.00130464
0.000200122
0.00139612
0.000184032
0.00147643
0.000167582
0.0015461
0.0001512
0.00160576
0.00013519
0.00165601
0.00011975
0.00169744
0.000105003
0.00173061
9.10081e-05
0.00175601
7.77844e-05
0.00177409
6.5323e-05
0.00178527
5.35984e-05
0.00178988
4.25775e-05
0.00178827
3.22254e-05
0.0017807
2.25087e-05
0.00176753
1.33859e-05
0.00174908
4.85754e-06
0.00172548
-3.03119e-06
0.0016969
-1.03401e-05
0.00166358
-1.71687e-05
0.00162574
-2.36096e-05
0.00158361
-2.98053e-05
0.00153728
-3.60199e-05
0.00148669
-4.27482e-05
0.00143138
-5.09025e-05
0.0013703
-6.21252e-05
0.00130122
-7.93486e-05
0.00121993
-0.000107888
0.00111885
-0.000157486
0.000984964
-0.000246369
0.000799314
-0.000408812
0.00054117
-0.000705302
0.000229441
-0.00127085
-0.00203109
-0.000223965
0.000501563
-0.00028469
0.000344277
-0.000270975
0.000211552
-0.000242523
0.000163098
-0.000199542
0.00013255
-0.000136038
0.000108866
-5.02458e-05
9.44176e-05
5.7296e-05
8.79813e-05
0.00018337
8.70335e-05
0.000323364
8.92144e-05
0.000472384
9.26504e-05
0.000625415
9.59365e-05
0.000778091
9.80951e-05
0.000926926
9.8644e-05
0.00106932
9.74585e-05
0.00120347
9.46581e-05
0.00132826
9.0503e-05
0.00144307
8.53085e-05
0.00154771
7.93889e-05
0.00164227
7.30252e-05
0.00172702
6.64514e-05
0.00180236
5.98502e-05
0.00186875
5.33565e-05
0.00192669
4.7064e-05
0.00197667
4.10339e-05
0.00201915
3.53025e-05
0.00205458
2.98878e-05
0.00208339
2.47957e-05
0.00210594
2.00239e-05
0.0021226
1.5566e-05
0.00213369
1.1414e-05
0.00213952
7.55727e-06
0.0021404
3.98086e-06
0.00213669
6.81161e-07
0.00212868
-2.33804e-06
0.00211661
-5.09241e-06
0.00210063
-7.63227e-06
0.00208087
-1.00405e-05
0.0020573
-1.24571e-05
0.00202969
-1.51327e-05
0.0019973
-1.85182e-05
0.00195858
-2.34066e-05
0.00191041
-3.11777e-05
0.00184675
-4.42264e-05
0.00175611
-6.68406e-05
0.00161638
-0.000106644
0.00138896
-0.000181392
0.00101737
-0.000333712
0.000489565
-0.000743046
-0.00154153
0.000501563
0.00084584
0.00105739
0.00122049
0.00135304
0.00146191
0.00155632
0.0016443
0.00173134
0.00182055
0.0019132
0.00200914
0.00210723
0.00220588
0.00230334
0.00239799
0.0024885
0.00257381
0.0026532
0.00272622
0.00279267
0.00285252
0.00290588
0.00295294
0.00299398
0.00302928
0.00305917
0.00308396
0.00310399
0.00311955
0.00313097
0.00313852
0.0031425
0.00314319
0.00314085
0.00313576
0.00312812
0.00311808
0.00310563
0.00309049
0.00307197
0.00304857
0.00301739
0.00297316
0.00290632
0.00279968
0.00261829
0.00228458
0.00154153
)
;

boundaryField
{
    movingWall
    {
        type            calculated;
        value           uniform 0;
    }
    fixedWalls
    {
        type            calculated;
        value           uniform 0;
    }
    frontAndBack
    {
        type            empty;
        value           nonuniform 0();
    }
}


// ************************************************************************* //
