/*--------------------------------*- C++ -*----------------------------------*\
  =========                 |
  \\      /  F ield         | OpenFOAM: The Open Source CFD Toolbox
   \\    /   O peration     | Website:  https://openfoam.org
    \\  /    A nd           | Version:  7
     \\/     M anipulation  |
\*---------------------------------------------------------------------------*/
FoamFile
{
    version     2.0;
    format      ascii;
    class       surfaceScalarField;
    location    "1100";
    object      phi;
}
// * * * * * * * * * * * * * * * * * * * * * * * * * * * * * * * * * * * * * //

dimensions      [0 3 -1 0 0 0 0];

internalField   nonuniform List<scalar> 
4900
(
1.69749e-06
-1.70639e-06
6.22352e-06
-4.52611e-06
1.17166e-05
-5.49312e-06
1.65025e-05
-4.78599e-06
1.97498e-05
-3.24732e-06
2.13887e-05
-1.63894e-06
2.1767e-05
-3.78351e-07
2.12612e-05
5.05689e-07
2.00145e-05
1.2466e-06
1.78628e-05
2.15162e-06
1.44128e-05
3.44993e-06
9.17751e-06
5.23519e-06
1.6658e-06
7.51163e-06
-8.5744e-06
1.02401e-05
-2.18926e-05
1.33181e-05
-3.84514e-05
1.65588e-05
-5.81552e-05
1.97037e-05
-8.05683e-05
2.2413e-05
-0.000104852
2.42837e-05
-0.000129749
2.48973e-05
-0.000153633
2.38832e-05
-0.000174615
2.09824e-05
-0.000190715
1.60997e-05
-0.000200057
9.34204e-06
-0.000201121
1.06381e-06
-0.000192965
-8.15543e-06
-0.000175346
-1.76191e-05
-0.000148785
-2.65615e-05
-0.000114575
-3.42095e-05
-7.47435e-05
-3.98317e-05
-3.19412e-05
-4.28023e-05
1.07161e-05
-4.26574e-05
4.99715e-05
-3.92555e-05
8.29735e-05
-3.3002e-05
0.000107546
-2.45727e-05
0.000122425
-1.4879e-05
0.000127496
-5.07096e-06
0.000123841
3.65539e-06
0.000113456
1.03842e-05
9.87353e-05
1.47211e-05
8.20204e-05
1.67149e-05
6.52494e-05
1.6771e-05
4.97679e-05
1.54814e-05
3.63101e-05
1.34577e-05
2.51035e-05
1.12066e-05
1.60402e-05
9.06323e-06
8.89358e-06
7.14656e-06
3.5944e-06
5.29913e-06
5.05226e-07
3.08913e-06
5.05217e-07
4.47364e-06
-6.18012e-06
1.38476e-05
-1.39003e-05
2.43099e-05
-1.59555e-05
3.2898e-05
-1.33742e-05
3.79999e-05
-8.34941e-06
3.92255e-05
-2.86465e-06
3.68564e-05
1.99047e-06
3.11996e-05
6.16233e-06
2.21467e-05
1.02993e-05
9.06945e-06
1.52286e-05
-9.02931e-06
2.15485e-05
-3.32505e-05
2.94562e-05
-6.44937e-05
3.87547e-05
-0.000103199
4.89448e-05
-0.000149135
5.92545e-05
-0.000201243
6.86665e-05
-0.000257575
7.60355e-05
-0.00031542
8.02584e-05
-0.000371582
8.04451e-05
-0.000422724
7.60391e-05
-0.000465708
6.68674e-05
-0.000497855
5.31297e-05
-0.000517112
3.53566e-05
-0.000522138
1.43681e-05
-0.000512389
-8.68618e-06
-0.000487954
-3.25901e-05
-0.000449472
-5.61014e-05
-0.000398147
-7.78861e-05
-0.000335809
-9.65479e-05
-0.000264929
-0.000110712
-0.000188598
-0.000119133
-0.000110393
-0.000120863
-3.41942e-05
-0.000115454
3.59243e-05
-0.000103121
9.62713e-05
-8.49199e-05
0.000144032
-6.26393e-05
0.000177282
-3.83215e-05
0.000195233
-1.42956e-05
0.000198478
7.13907e-06
0.000189115
2.40843e-05
0.000170291
3.55379e-05
0.000145599
4.14629e-05
0.000118448
4.26328e-05
9.16029e-05
4.03027e-05
6.69313e-05
3.58781e-05
4.54203e-05
3.05741e-05
2.74602e-05
2.51065e-05
1.33355e-05
1.94237e-05
3.75559e-06
1.2669e-05
4.2608e-06
5.98702e-06
-1.21672e-05
1.73364e-05
-2.52499e-05
2.88e-05
-2.74193e-05
3.68196e-05
-2.13939e-05
3.95332e-05
-1.10632e-05
3.63524e-05
3.16032e-07
2.72139e-05
1.11288e-05
1.19103e-05
2.14657e-05
-1.03235e-05
3.25329e-05
-4.07647e-05
4.56696e-05
-8.07729e-05
6.15566e-05
-0.000131271
7.99545e-05
-0.000192325
9.98081e-05
-0.000262829
0.000119449
-0.000340437
0.000136862
-0.000421791
0.000150021
-0.000502974
0.000157219
-0.000580034
0.000157318
-0.000649426
0.000149837
-0.000708287
0.0001349
-0.000754531
0.000113111
-0.000786803
8.54015e-05
-0.000804344
5.28977e-05
-0.000806801
1.68253e-05
-0.000794034
-2.14531e-05
-0.000766061
-6.05638e-05
-0.000723198
-9.89643e-05
-0.000666179
-0.000134905
-0.000596236
-0.000166491
-0.000515214
-0.000191734
-0.000425639
-0.000208708
-0.00033071
-0.000215792
-0.000234208
-0.000211956
-0.000140269
-0.00019706
-5.31225e-05
-0.000172066
2.32659e-05
-0.000139028
8.59245e-05
-0.00010098
0.000133062
-6.14328e-05
0.00016371
-2.35099e-05
0.000178014
9.78063e-06
0.00017751
3.60419e-05
0.000165001
5.39719e-05
0.000144035
6.35987e-05
0.000118294
6.60437e-05
9.10379e-05
6.31338e-05
6.47417e-05
5.68701e-05
4.10644e-05
4.87838e-05
2.12075e-05
3.92805e-05
6.60709e-06
2.72692e-05
1.08679e-05
6.50836e-06
-1.86757e-05
1.75956e-05
-3.63373e-05
2.69493e-05
-3.67732e-05
3.07545e-05
-2.51992e-05
2.72051e-05
-7.51405e-06
1.56079e-05
1.1913e-05
-4.57264e-06
3.13092e-05
-3.43508e-05
5.12437e-05
-7.52497e-05
7.34317e-05
-0.000128746
9.91659e-05
-0.00019557
0.00012838
-0.000275141
0.000159525
-0.000365331
0.000189998
-0.000462653
0.00021677
-0.000562793
0.000237002
-0.000661302
0.00024853
-0.000754203
0.00025012
-0.000838361
0.000241476
-0.000911565
0.000223041
-0.000972408
0.000195743
-0.00102006
0.000160765
-0.00105404
0.000119383
-0.001074
7.28585e-05
-0.00107961
2.24311e-05
-0.00107047
-3.05901e-05
-0.0010463
-8.47352e-05
-0.00100694
-0.000138323
-0.000952452
-0.000189397
-0.00088324
-0.000235703
-0.00080025
-0.000274723
-0.000705117
-0.000303841
-0.000600321
-0.000320588
-0.000489279
-0.000322998
-0.000376268
-0.000310072
-0.000266123
-0.000282211
-0.000163695
-0.000241455
-7.33021e-05
-0.000191373
1.78309e-06
-0.000136518
5.99859e-05
-8.17128e-05
0.000101003
-3.12367e-05
0.00012509
1.1955e-05
0.000133537
4.5525e-05
0.000128849
6.82863e-05
0.000114323
8.05698e-05
9.35411e-05
8.39155e-05
6.98659e-05
8.05453e-05
4.61137e-05
7.25358e-05
2.46351e-05
6.0759e-05
7.92793e-06
4.39763e-05
1.87958e-05
6.20509e-06
-2.48808e-05
1.48943e-05
-4.50267e-05
1.92035e-05
-4.10826e-05
1.54718e-05
-2.14677e-05
2.15244e-06
5.80517e-06
-2.16388e-05
3.57041e-05
-5.70789e-05
6.67491e-05
-0.000105894
0.000100059
-0.000169709
0.000137246
-0.000249085
0.000178542
-0.000342837
0.000222133
-0.000447947
0.000264635
-0.000560034
0.000302085
-0.000674154
0.000330891
-0.000785631
0.000348479
-0.000890643
0.000353542
-0.000986465
0.000345942
-0.00107138
0.000326393
-0.00114443
0.000296091
-0.00120513
0.000256438
-0.00125324
0.000208873
-0.00128861
0.000154756
-0.00131109
9.5337e-05
-0.00132051
3.18496e-05
-0.00131662
-3.44782e-05
-0.00129906
-0.000102291
-0.00126733
-0.000170054
-0.00122085
-0.000235875
-0.00115912
-0.000297438
-0.00108184
-0.000351998
-0.000989252
-0.000396433
-0.000882441
-0.000427399
-0.000763715
-0.000441724
-0.000636778
-0.000437009
-0.000506687
-0.000412302
-0.000379468
-0.000368674
-0.000261325
-0.000309516
-0.000157561
-0.000240283
-7.16992e-05
-0.000167574
-5.18065e-06
-9.77553e-05
4.25365e-05
-3.57623e-05
7.26976e-05
1.53639e-05
8.69059e-05
5.40778e-05
8.76892e-05
7.97864e-05
7.82562e-05
9.33484e-05
6.21187e-05
9.66826e-05
4.27375e-05
9.19169e-05
2.34069e-05
8.00895e-05
7.60276e-06
5.97804e-05
2.63985e-05
4.89817e-06
-2.97791e-05
8.87933e-06
-4.90081e-05
5.28741e-06
-3.74908e-05
-8.92746e-06
-7.25302e-06
-3.51098e-05
3.19873e-05
-7.44223e-05
7.50165e-05
-0.000128584
0.00012091
-0.000199342
0.000170817
-0.000287255
0.000225159
-0.000390798
0.000282085
-0.000506325
0.000337659
-0.000628774
0.000387083
-0.000752694
0.000426006
-0.00087318
0.000451376
-0.000986427
0.000461726
-0.00108988
0.000456992
-0.00118205
0.000438113
-0.00126223
0.000406576
-0.00133023
0.000364085
-0.00138617
0.00031238
-0.00143039
0.000253094
-0.00146329
0.000187653
-0.00148527
0.00011732
-0.00149669
4.32691e-05
-0.00149765
-3.35156e-05
-0.00148789
-0.000112057
-0.00146676
-0.00019118
-0.00143326
-0.000269372
-0.00138602
-0.000344684
-0.00132343
-0.000414586
-0.00124404
-0.000475821
-0.00114698
-0.000524463
-0.00103245
-0.00055625
-0.000902322
-0.00056714
-0.000760545
-0.00055408
-0.000613254
-0.000515965
-0.000468239
-0.000454531
-0.000333754
-0.000374768
-0.000216863
-0.000284466
-0.000121873
-0.000192746
-4.97417e-05
-0.000107894
1.16584e-06
-3.55438e-05
3.34517e-05
2.17918e-05
4.96676e-05
6.35704e-05
5.27723e-05
9.02436e-05
4.618e-05
0.000103275
3.35934e-05
0.000104503
1.88733e-05
9.48096e-05
6.11392e-06
7.25396e-05
3.25124e-05
2.27444e-06
-3.20536e-05
-9.15157e-07
-4.58186e-05
-1.50067e-05
-2.33994e-05
-4.21924e-05
1.99325e-05
-8.36553e-05
7.34501e-05
-0.00014083
0.000132191
-0.000215416
0.000195496
-0.000308091
0.000263493
-0.00041732
0.000334388
-0.000539156
0.000403921
-0.000668053
0.000466556
-0.000798077
0.000517107
-0.000923957
0.000551886
-0.00104167
0.000569093
-0.00114857
0.000568624
-0.00124318
0.000551598
-0.00132491
0.000519845
-0.00139384
0.000475507
-0.00145054
0.000420787
-0.00149594
0.000357778
-0.00153113
0.00028829
-0.00155728
0.000213796
-0.00157545
0.000135496
-0.0015865
5.43126e-05
-0.00159085
-2.91591e-05
-0.00158851
-0.000114396
-0.00157899
-0.000200706
-0.00156111
-0.000287245
-0.00153303
-0.000372769
-0.00149228
-0.000455338
-0.00143602
-0.000532084
-0.00136133
-0.000599147
-0.00126583
-0.000651756
-0.00114845
-0.000684521
-0.0010104
-0.000692131
-0.000855858
-0.000670503
-0.000692238
-0.00061815
-0.000529577
-0.000537428
-0.000378894
-0.00043515
-0.00024967
-0.00032197
-0.000147382
-0.000210181
-7.24921e-05
-0.000110434
-2.16957e-05
-2.90047e-05
9.32889e-06
3.25457e-05
2.444e-05
7.51324e-05
2.74214e-05
0.000100293
2.22302e-05
0.000109694
1.30466e-05
0.000103993
4.21297e-06
8.13731e-05
3.67254e-05
-1.91713e-06
-3.01365e-05
-1.4654e-05
-3.3082e-05
-4.13249e-05
3.27136e-06
-8.3221e-05
6.18285e-05
-0.000141354
0.000131583
-0.000217123
0.000207959
-0.00031131
0.000289683
-0.000422631
0.000374815
-0.000547196
0.000458952
-0.000679199
0.000535924
-0.000812253
0.00059961
-0.000940596
0.000645449
-0.00105978
0.000671071
-0.00116685
0.00067616
-0.00126017
0.000661947
-0.00133921
0.000630641
-0.0014043
0.000584935
-0.00145645
0.000527651
-0.00149715
0.000461488
-0.00152817
0.000388799
-0.00155132
0.000311439
-0.00156831
0.000230791
-0.00158062
0.000147808
-0.00158932
6.30102e-05
-0.00159511
-2.33732e-05
-0.00159828
-0.000111219
-0.00159861
-0.000200378
-0.00159515
-0.000290706
-0.00158621
-0.00038171
-0.00156927
-0.000472279
-0.0015409
-0.000560458
-0.00149685
-0.000643193
-0.00143255
-0.000716057
-0.00134387
-0.000773205
-0.00122821
-0.000807785
-0.00108584
-0.000812872
-0.000921049
-0.000782943
-0.000742697
-0.00071578
-0.000563539
-0.000614308
-0.000397944
-0.000487564
-0.000258306
-0.000349819
-0.000151395
-0.000217345
-7.68561e-05
-0.000103544
-2.92233e-05
-1.50872e-05
-2.06932e-06
4.79783e-05
9.97666e-06
8.82472e-05
1.1732e-05
0.000107939
7.7923e-06
0.000107933
2.60118e-06
8.65641e-05
3.93266e-05
-7.74426e-06
-2.23923e-05
-3.18982e-05
-8.9281e-06
-7.24971e-05
4.38701e-05
-0.000129799
0.00011913
-0.000204626
0.00020641
-0.000297707
0.000301041
-0.000408151
0.000400126
-0.000532448
0.000499112
-0.000664826
0.00059133
-0.000798552
0.00066965
-0.000927313
0.000728371
-0.00104609
0.000764229
-0.00115147
0.00077645
-0.00124156
0.000766251
-0.00131581
0.000736197
-0.00137478
0.000689603
-0.00141988
0.000630038
-0.00145316
0.000560931
-0.00147694
0.00048527
-0.00149354
0.000405401
-0.00150509
0.000322983
-0.00151339
0.000239088
-0.00151985
0.000154266
-0.00152549
6.86578e-05
-0.00153108
-1.77843e-05
-0.00153705
-0.000105251
-0.00154343
-0.000194002
-0.0015498
-0.000284328
-0.00155521
-0.000376306
-0.0015578
-0.000469683
-0.00155461
-0.000563648
-0.00154138
-0.00065643
-0.00151263
-0.000744802
-0.00146212
-0.00082372
-0.00138371
-0.00088619
-0.00127296
-0.000923619
-0.00112896
-0.000926943
-0.000956073
-0.000888671
-0.0007648
-0.000805581
-0.00057103
-0.000681334
-0.000392984
-0.000527866
-0.000246196
-0.000364134
-0.000138405
-0.000211335
-6.7708e-05
-8.5784e-05
-2.5898e-05
6.16807e-06
-4.31199e-06
6.66611e-05
3.87037e-06
9.97565e-05
4.28244e-06
0.000107521
1.7148e-06
8.91317e-05
4.10414e-05
-1.49346e-05
-7.4578e-06
-5.16662e-05
2.78034e-05
-0.00010649
9.86938e-05
-0.000178731
0.000191372
-0.000268741
0.00029642
-0.000375978
0.000408277
-0.000497573
0.000521722
-0.000628131
0.00062967
-0.000760796
0.000723995
-0.00088875
0.000797604
-0.00100633
0.00084595
-0.00110954
0.000867441
-0.00119613
0.000863042
-0.00126546
0.000835575
-0.00131825
0.000788989
-0.00135633
0.000727687
-0.00138225
0.000655951
-0.00139882
0.000577501
-0.00140878
0.00049523
-0.0014145
0.000411122
-0.00141789
0.000326372
-0.00142036
0.000241565
-0.00142292
0.000156828
-0.00142629
7.20259e-05
-0.001431
-1.30779e-05
-0.00143742
-9.88324e-05
-0.0014458
-0.000185624
-0.00145628
-0.000273842
-0.00146873
-0.000363862
-0.00148239
-0.000456023
-0.00149559
-0.000550447
-0.00150534
-0.000646682
-0.00150691
-0.000743226
-0.00149374
-0.000836897
-0.00145779
-0.000922137
-0.00139081
-0.000990602
-0.00128625
-0.0010315
-0.00114183
-0.00103309
-0.000962012
-0.0009854
-0.000759305
-0.000884041
-0.000553286
-0.000733885
-0.000366424
-0.000550995
-0.000217199
-0.00036056
-0.000113343
-0.00018964
-5.01888e-05
-5.69859e-05
-1.63378e-05
3.281e-05
-1.2891e-06
8.47077e-05
2.74891e-06
0.000103482
1.64847e-06
9.0232e-05
4.26898e-05
-2.29892e-05
1.55314e-05
-7.24481e-05
7.72622e-05
-0.000140711
0.000166957
-0.000226265
0.000276926
-0.000328586
0.000398741
-0.000445548
0.000525239
-0.000572483
0.000648657
-0.000702756
0.000759943
-0.000829211
0.00085045
-0.00094554
0.000913933
-0.00104708
0.000947494
-0.0011311
0.000951456
-0.00119672
0.000928666
-0.00124477
0.000883625
-0.0012774
0.000821615
-0.00129761
0.000747892
-0.00130869
0.000667041
-0.00131378
0.000582585
-0.00131543
0.000496883
-0.00131557
0.000411259
-0.00131547
0.000326277
-0.00131591
0.000242006
-0.00131733
0.000158243
-0.00132
7.46921e-05
-0.00132411
-8.96503e-06
-0.00132989
-9.30479e-05
-0.00133767
-0.00017785
-0.00134785
-0.000263655
-0.00136087
-0.000350849
-0.00137696
-0.000439929
-0.00139595
-0.000531461
-0.0014167
-0.000625932
-0.00143649
-0.000723438
-0.00145037
-0.00082301
-0.00145086
-0.000921649
-0.00142821
-0.00101326
-0.00137179
-0.00108792
-0.00127274
-0.00113214
-0.00112735
-0.00113078
-0.000940514
-0.00107088
-0.000727393
-0.000947006
-0.000511986
-0.000766402
-0.00032127
-0.000551276
-0.000175847
-0.000335063
-8.1618e-05
-0.000151215
-2.96178e-05
-1.91903e-05
-5.39419e-06
6.04839e-05
2.49289e-06
9.55952e-05
2.18125e-06
9.05436e-05
4.4871e-05
-3.11661e-05
4.66975e-05
-9.24314e-05
0.000138528
-0.000172425
0.000246951
-0.000268677
0.000373177
-0.000379527
0.000509591
-0.000501292
0.000647004
-0.000627979
0.000775344
-0.000752412
0.000884376
-0.000867748
0.000965787
-0.000968603
0.00101479
-0.00105159
0.00103048
-0.00111545
0.00101532
-0.00116091
0.000974124
-0.0011903
0.000913016
-0.00120701
0.000838326
-0.00121479
0.000755671
-0.00121712
0.000669369
-0.00121679
0.000582254
-0.00121573
0.000495827
-0.00121509
0.000410619
-0.0012154
0.000326582
-0.00121679
0.000243394
-0.00121922
0.000160672
-0.0012226
7.80734e-05
-0.00122688
-4.68044e-06
-0.00123215
-8.77827e-05
-0.00123862
-0.000171373
-0.00124671
-0.000255571
-0.00125698
-0.000340581
-0.00127017
-0.000426737
-0.00128705
-0.000514582
-0.00130806
-0.000604923
-0.00133276
-0.000698736
-0.001359
-0.000796773
-0.0013819
-0.000898743
-0.00139317
-0.00100199
-0.00138124
-0.00109985
-0.00133295
-0.00118043
-0.00123699
-0.00122674
-0.00108847
-0.0012194
-0.00089336
-0.00114212
-0.000670607
-0.000989155
-0.000449597
-0.000772287
-0.000261705
-0.000522954
-0.000127797
-0.000285123
-4.91562e-05
-9.78316e-05
-1.12764e-05
2.2604e-05
2.15813e-06
8.21605e-05
2.88082e-06
8.98207e-05
4.77518e-05
-3.85903e-05
8.52877e-05
-0.000109888
0.000209825
-0.000199148
0.000336211
-0.000302828
0.000476857
-0.000418071
0.000624834
-0.00053992
0.000768853
-0.000661633
0.000897057
-0.000776094
0.000998836
-0.000877221
0.00106691
-0.000960851
0.00109842
-0.00102509
0.00109473
-0.00107032
0.00106055
-0.00109884
0.00100264
-0.00111425
0.000928428
-0.00112068
0.000844758
-0.00112199
0.000756979
-0.00112121
0.000668593
-0.00112036
0.000581402
-0.00112049
0.000495953
-0.00112194
0.000412067
-0.00112462
0.000329267
-0.00112827
0.000247047
-0.0011326
0.000164998
-0.00113736
8.28357e-05
-0.00114243
3.84128e-07
-0.00114778
-8.24323e-05
-0.00115351
-0.000165638
-0.00115986
-0.00024922
-0.00116726
-0.000333189
-0.00117636
-0.000417632
-0.00118812
-0.000502823
-0.00120369
-0.000589356
-0.00122416
-0.000678261
-0.00124994
-0.000770997
-0.00127958
-0.000869097
-0.00130844
-0.000973135
-0.00132742
-0.00108086
-0.00132303
-0.00118482
-0.00127937
-0.00127041
-0.00118266
-0.00131611
-0.00102742
-0.00129735
-0.00082208
-0.0011945
-0.000591007
-0.00100336
-0.000369965
-0.000743996
-0.000193731
-0.000461358
-7.99941e-05
-0.000211568
-2.19502e-05
-3.544e-05
2.46664e-07
5.99635e-05
3.27262e-06
8.67947e-05
5.10245e-05
-4.44943e-05
0.000129782
-0.000123387
0.000288718
-0.000218961
0.000431784
-0.000326539
0.000584435
-0.000442182
0.000740478
-0.000560079
0.00088675
-0.000673281
0.00101026
-0.000775195
0.00110075
-0.000860816
0.00115253
-0.000927401
0.001165
-0.000974664
0.00114199
-0.00100456
0.00109044
-0.00102068
0.00101876
-0.0010274
0.000935148
-0.00102892
0.000846285
-0.0010286
0.000756656
-0.00102859
0.000668585
-0.00102995
0.000582758
-0.0010329
0.000498902
-0.0010372
0.000416372
-0.00104245
0.000334517
-0.00104825
0.000252841
-0.00105428
0.000171027
-0.00106034
8.88985e-05
-0.00106634
6.37963e-06
-0.00107223
-7.6537e-05
-0.00107805
-0.000159821
-0.00108386
-0.000243409
-0.00108983
-0.000327213
-0.00109631
-0.000411157
-0.0011039
-0.000495236
-0.00111361
-0.00057964
-0.00112692
-0.000664955
-0.00114551
-0.000752407
-0.00117061
-0.000843993
-0.00120162
-0.000942127
-0.00123413
-0.00104836
-0.00125815
-0.0011608
-0.00125786
-0.00127069
-0.00121439
-0.00135959
-0.00111184
-0.00139991
-0.000945386
-0.00136095
-0.000728028
-0.00122072
-0.000491709
-0.000980315
-0.000279052
-0.000674014
-0.000125356
-0.000365264
-3.968e-05
-0.000121116
-4.39357e-06
2.4677e-05
3.03099e-06
7.937e-05
5.40554e-05
-4.83075e-05
0.000178089
-0.000131946
0.000372356
-0.000230685
0.000530524
-0.000338721
0.000692471
-0.000451273
0.000853029
-0.000562115
0.000997592
-0.00066454
0.00111268
-0.000752805
0.00118902
-0.000823172
0.0012229
-0.000874394
0.00121623
-0.000907714
0.00117531
-0.000926388
0.00110911
-0.000934815
0.00102719
-0.000937491
0.000937823
-0.000938114
0.000846909
-0.000939117
0.000757659
-0.000941657
0.000671125
-0.000945936
0.000587037
-0.000951621
0.000504588
-0.000958208
0.000422958
-0.000965234
0.000341543
-0.000972373
0.00025998
-0.000979438
0.000178092
-0.000986346
9.58067e-05
-0.000993077
1.3111e-05
-0.000999634
-6.9981e-05
-0.00100602
-0.000153437
-0.00101222
-0.000237209
-0.00101822
-0.000321208
-0.00102406
-0.000405315
-0.00102992
-0.000489381
-0.00103626
-0.000573295
-0.00104408
-0.000657136
-0.00105503
-0.000741458
-0.00107135
-0.000827676
-0.00109512
-0.000918357
-0.00112654
-0.00101694
-0.00116128
-0.00112606
-0.00118801
-0.00124396
-0.00118809
-0.0013595
-0.00113945
-0.00144855
-0.0010249
-0.0014755
-0.000842505
-0.00140311
-0.000612917
-0.0012099
-0.00037788
-0.000909052
-0.000185659
-0.000557486
-6.59157e-05
-0.000240859
-1.23372e-05
-2.89017e-05
2.04039e-06
6.49923e-05
5.60958e-05
-4.97003e-05
0.00022779
-0.000135073
0.000457729
-0.000233896
0.000629347
-0.000339308
0.000797883
-0.000445974
0.000959696
-0.00054765
0.00109927
-0.000638206
0.00120324
-0.000712945
0.00126375
-0.000769457
0.00127941
-0.000807917
0.00125469
-0.00083084
0.00119823
-0.000842332
0.00112061
-0.000847014
0.00103187
-0.000848951
0.00093976
-0.000850959
0.000848916
-0.00085445
0.00076115
-0.000859716
0.000676391
-0.000866399
0.00059372
-0.000873929
0.000512117
-0.000881795
0.000430824
-0.000889659
0.000349407
-0.000897355
0.000267677
-0.000904844
0.000185581
-0.000912154
0.000103116
-0.000919334
2.0291e-05
-0.000926427
-6.28876e-05
-0.000933448
-0.000146417
-0.000940371
-0.000230285
-0.000947123
-0.000314456
-0.000953592
-0.000398846
-0.000959667
-0.000483306
-0.000965339
-0.000567623
-0.000970899
-0.000651575
-0.000977246
-0.000735111
-0.000986195
-0.000818727
-0.0010005
-0.000904048
-0.00102308
-0.000994361
-0.00105481
-0.00109434
-0.00109103
-0.00120774
-0.00111828
-0.00133225
-0.00111431
-0.00145253
-0.00105391
-0.0015359
-0.000920457
-0.00153656
-0.000718487
-0.00141187
-0.000480177
-0.00114736
-0.000258205
-0.000779457
-0.000101477
-0.000397587
-2.37475e-05
-0.000106631
3.07613e-07
4.0937e-05
5.64034e-05
-4.85864e-05
0.000276376
-0.00013274
0.000541883
-0.000228829
0.000725436
-0.000329046
0.000898101
-0.000427785
0.00105843
-0.000519103
0.00119059
-0.000597658
0.00128179
-0.000659875
0.00132597
-0.00070461
0.00132415
-0.000733236
0.00128331
-0.000749149
0.00121414
-0.000756795
0.00112825
-0.000760504
0.00103558
-0.000763553
0.00094281
-0.000767771
0.000853135
-0.000773691
0.00076707
-0.000781028
0.000683728
-0.000789183
0.000601876
-0.000797601
0.000520535
-0.000805917
0.000439141
-0.000813973
0.000357463
-0.000821756
0.00027546
-0.000829331
0.000193156
-0.00083679
0.000110575
-0.000844217
2.77178e-05
-0.000851675
-5.54292e-05
-0.000859194
-0.000138898
-0.000866765
-0.000222714
-0.000874331
-0.000306891
-0.000881766
-0.00039141
-0.000888877
-0.000476196
-0.000895421
-0.00056108
-0.000901212
-0.000645784
-0.000906361
-0.000729963
-0.00091167
-0.000813418
-0.000919114
-0.000896604
-0.000932011
-0.000981464
-0.000954093
-0.00107225
-0.00098665
-0.00117518
-0.00102388
-0.00129502
-0.00104895
-0.00142746
-0.00103512
-0.00154973
-0.000955015
-0.00161667
-0.000795999
-0.00157089
-0.000574221
-0.00136914
-0.000337164
-0.00101651
-0.000146098
-0.000588653
-3.90005e-05
-0.00021373
-2.30708e-06
4.24351e-06
5.40963e-05
-4.50852e-05
0.000321462
-0.000125289
0.000622086
-0.000216215
0.000816363
-0.000309236
0.000991121
-0.000398713
0.00114791
-0.000479232
0.0012711
-0.000546347
0.00134891
-0.000597569
0.00137719
-0.000632842
0.00135942
-0.00065441
0.00130488
-0.000666113
0.00122585
-0.000672278
0.00113442
-0.000676599
0.0010399
-0.000681442
0.000947652
-0.000687758
0.000859451
-0.000695472
0.000774784
-0.000704025
0.000692281
-0.000712823
0.000610674
-0.00072146
0.000529172
-0.000729761
0.000447441
-0.000737721
0.000365423
-0.000745427
0.000283165
-0.000752993
0.000200722
-0.00076053
0.000118112
-0.000768123
3.53107e-05
-0.000775836
-4.77169e-05
-0.000783702
-0.000131032
-0.000791731
-0.000214684
-0.000799899
-0.000298722
-0.000808127
-0.000383183
-0.000816258
-0.000468066
-0.000824034
-0.000553303
-0.000831109
-0.000638708
-0.000837142
-0.00072393
-0.000842073
-0.000808488
-0.000846651
-0.000892026
-0.000853104
-0.000975011
-0.000865419
-0.00105994
-0.000888111
-0.00115249
-0.000922318
-0.00126081
-0.000959746
-0.00139003
-0.000978512
-0.00153096
-0.000946995
-0.00164818
-0.000838236
-0.00167965
-0.000649404
-0.00155797
-0.000414558
-0.00125136
-0.000197734
-0.000805477
-5.87556e-05
-0.000352708
-5.8756e-06
-4.86367e-05
4.82207e-05
-3.94695e-05
0.000360931
-0.000113319
0.000695936
-0.000197096
0.000900139
-0.000281468
0.00107549
-0.000360948
0.00122739
-0.000430782
0.00134094
-0.000487437
0.00140556
-0.000529388
0.00141915
-0.000557404
0.00138744
-0.000574241
0.00132172
-0.000583776
0.00123538
-0.000589881
0.00114052
-0.00059546
0.00104548
-0.000602033
0.000954226
-0.000609904
0.000867322
-0.000618668
0.000783548
-0.00062773
0.000701342
-0.000636629
0.000619572
-0.000645146
0.000537689
-0.000653263
0.000455559
-0.000661075
0.000373235
-0.000668711
0.000290801
-0.000676294
0.000208306
-0.000683926
0.000125743
-0.000691677
4.30623e-05
-0.000699602
-3.97915e-05
-0.000707732
-0.000122902
-0.000716083
-0.000206333
-0.000724652
-0.000290153
-0.000733405
-0.00037443
-0.000742252
-0.000459219
-0.000751016
-0.000544539
-0.000759394
-0.00063033
-0.000766946
-0.000716378
-0.000773193
-0.000802241
-0.000777949
-0.00088727
-0.000782002
-0.000970958
-0.000788003
-0.00105394
-0.000800792
-0.0011397
-0.000825517
-0.00123608
-0.000862108
-0.00135344
-0.000897659
-0.00149541
-0.000903416
-0.00164243
-0.000843992
-0.00173907
-0.00069847
-0.00170349
-0.000482162
-0.00146767
-0.000252301
-0.00103534
-8.31602e-05
-0.000521849
-1.03783e-05
-0.000121419
3.78424e-05
-3.21111e-05
0.000393042
-9.75779e-05
0.000761403
-0.000172656
0.000975218
-0.000247413
0.00115025
-0.000316614
0.00129659
-0.000376235
0.00140056
-0.000423594
0.00145292
-0.000457942
0.00145349
-0.000480588
0.00141008
-0.000494448
0.00133558
-0.000503119
0.00124406
-0.000509833
0.00114724
-0.00051671
0.00105235
-0.000524595
0.000962111
-0.000533394
0.000876121
-0.000542596
0.000792749
-0.000551701
0.000710447
-0.000560424
0.000628296
-0.000568705
0.000545971
-0.000576628
0.000463482
-0.000584331
0.000380937
-0.000591948
0.000298419
-0.000599591
0.000215949
-0.000607343
0.000133495
-0.000615263
5.09822e-05
-0.000623395
-3.16596e-05
-0.000631762
-0.000114534
-0.00064038
-0.000197715
-0.000649254
-0.000281279
-0.000658371
-0.000365313
-0.000667689
-0.000449901
-0.000677111
-0.000535118
-0.000686441
-0.000621
-0.000695332
-0.000707487
-0.000703256
-0.000794316
-0.000709612
-0.000880914
-0.000714145
-0.000966424
-0.000717847
-0.00105024
-0.000724084
-0.00113346
-0.000738759
-0.00122141
-0.000767141
-0.00132506
-0.000805971
-0.00145658
-0.000834849
-0.00161355
-0.000817278
-0.00175664
-0.000718531
-0.00180224
-0.000533363
-0.00165283
-0.000304516
-0.00126418
-0.000111202
-0.000715163
-1.58181e-05
-0.000216803
2.20243e-05
-2.34339e-05
0.000416476
-7.88714e-05
0.000816841
-0.000144095
0.00104044
-0.000208658
0.00121481
-0.000267619
0.00135555
-0.000317678
0.00145062
-0.000356901
0.00149215
-0.000385105
0.0014817
-0.000403854
0.00142883
-0.000415933
0.00134765
-0.00042445
0.00125257
-0.000431937
0.00115472
-0.000439836
0.00106025
-0.000448522
0.000970798
-0.00045771
0.00088531
-0.000466927
0.000801966
-0.00047582
0.00071934
-0.000484259
0.000636736
-0.000492293
0.000554004
-0.000500054
0.000471243
-0.000507688
0.000388571
-0.000515316
0.000306048
-0.000523033
0.000223666
-0.000530909
0.000141371
-0.000538995
5.90687e-05
-0.000547332
-2.33224e-05
-0.000555937
-0.000105929
-0.000564821
-0.000188831
-0.000573987
-0.000272113
-0.000583426
-0.000355874
-0.000593117
-0.00044021
-0.00060301
-0.000525225
-0.000612997
-0.000611013
-0.000622858
-0.000697625
-0.00063219
-0.000784984
-0.000640368
-0.000872736
-0.000646687
-0.000960106
-0.000650932
-0.00104599
-0.000654571
-0.00112982
-0.000662093
-0.00121389
-0.000680525
-0.00130663
-0.000713921
-0.00142318
-0.000752544
-0.00157492
-0.000765526
-0.00174366
-0.000710848
-0.00185692
-0.000564317
-0.00179937
-0.000349338
-0.00147916
-0.000140887
-0.000923615
-2.20928e-05
-0.000335596
-6.85034e-08
-1.38789e-05
0.000430355
-5.79976e-05
0.000860959
-0.000112538
0.00109498
-0.000166618
0.00126889
-0.000215566
0.0014045
-0.00025676
0.00149181
-0.000288886
0.00152427
-0.000312117
0.00150493
-0.000328027
0.00144474
-0.000339053
0.00135868
-0.000347702
0.00126122
-0.000355841
0.00116286
-0.000364375
0.00106879
-0.000373398
0.00097982
-0.000382579
0.000894491
-0.00039155
0.000810937
-0.000400104
0.000727895
-0.000408227
0.000644859
-0.000416025
0.000561802
-0.000423643
0.000478861
-0.000431217
0.000396145
-0.000438851
0.000313681
-0.000446624
0.000231439
-0.000454602
0.00014935
-0.000462837
6.73043e-05
-0.000471371
-1.4788e-05
-0.000480218
-9.70827e-05
-0.000489384
-0.000179665
-0.000498866
-0.000262631
-0.000508653
-0.000346086
-0.000518726
-0.000430137
-0.000529052
-0.000514898
-0.000539573
-0.000600492
-0.000550161
-0.000687038
-0.000560555
-0.00077459
-0.000570275
-0.000863016
-0.000578587
-0.000951794
-0.000584721
-0.00103986
-0.000588694
-0.00112585
-0.00059288
-0.0012097
-0.000603364
-0.00129614
-0.000627809
-0.00139874
-0.00066612
-0.00153661
-0.000697475
-0.00171231
-0.000679763
-0.00187463
-0.000574192
-0.00190494
-0.000383057
-0.0016703
-0.000169638
-0.00113703
-2.94127e-05
-0.000475821
-2.94812e-05
-3.86586e-06
0.000434221
-3.57211e-05
0.000892815
-7.89946e-05
0.00113826
-0.000122494
0.00131239
-0.000161742
0.00144375
-0.000194717
0.00152479
-0.000220593
0.00155015
-0.000239719
0.00152406
-0.000253484
0.00145851
-0.000263836
0.00136903
-0.000272645
0.00127003
-0.000281188
0.0011714
-0.00028998
0.00107758
-0.00029897
0.00098881
-0.000307873
0.000903394
-0.000316443
0.000819507
-0.000324595
0.000736047
-0.000332386
0.00065265
-0.000339945
0.000569361
-0.000347411
0.000486327
-0.000354902
0.000403635
-0.000362508
0.000321288
-0.0003703
0.000239232
-0.000378343
0.000157393
-0.000386699
7.56599e-05
-0.000395413
-6.07387e-06
-0.000404501
-8.79943e-05
-0.000413967
-0.000170198
-0.0004238
-0.000252798
-0.000433982
-0.000335904
-0.00044449
-0.000419629
-0.000455296
-0.000504092
-0.000466359
-0.000589429
-0.000477602
-0.000675795
-0.000488864
-0.000763328
-0.00049982
-0.000852059
-0.000509886
-0.000941728
-0.000518211
-0.00103153
-0.000524061
-0.00112
-0.000528026
-0.00120573
-0.000534026
-0.00129014
-0.000549999
-0.00138277
-0.000582291
-0.00150432
-0.00062139
-0.00167321
-0.000631312
-0.00186471
-0.000564714
-0.00197153
-0.000403787
-0.00183123
-0.000195014
-0.00134581
-3.78412e-05
-0.000632994
-6.73224e-05
6.0678e-06
0.000428153
-1.27103e-05
0.000911593
-4.43544e-05
0.0011699
-7.72781e-05
0.00134532
-0.000107146
0.00147362
-0.000132433
0.00155007
-0.000152688
0.0015704
-0.000168294
0.00153966
-0.000180316
0.00147053
-0.000190138
0.00137885
-0.000199
0.00127889
-0.000207674
0.00118008
-0.000216404
0.00108631
-0.000225091
0.000997497
-0.000233532
0.000911836
-0.000241605
0.00082758
-0.00024931
0.000743753
-0.000256744
0.000660084
-0.000264037
0.000576655
-0.000271314
0.000493605
-0.000278678
0.000411
-0.000286211
0.00032882
-0.000293978
0.000246999
-0.000302044
0.000165459
-0.000310484
8.41e-05
-0.000319353
2.79523e-06
-0.000328677
-7.86704e-05
-0.000338455
-0.00016042
-0.000348668
-0.000242585
-0.000359293
-0.00032528
-0.0003703
-0.000408621
-0.000381661
-0.000492731
-0.000393339
-0.000577751
-0.000405278
-0.000663855
-0.000417375
-0.000751231
-0.000429413
-0.000840021
-0.000440973
-0.000930168
-0.000451338
-0.00102117
-0.000459572
-0.00111177
-0.000465199
-0.00120011
-0.000469982
-0.00128536
-0.000480121
-0.00137263
-0.000504677
-0.00147976
-0.000543881
-0.001634
-0.000571882
-0.00183671
-0.000539299
-0.00200412
-0.000411425
-0.0019591
-0.000215252
-0.00154198
-4.69539e-05
-0.000801292
-0.000114276
1.5314e-05
0.000412839
1.03949e-05
0.000916512
-9.35339e-06
0.00118965
-3.17811e-05
0.00136775
-5.25365e-05
0.00149437
-7.05227e-05
0.00156806
-8.55667e-05
0.00158545
-9.79889e-05
0.00155208
-0.000108452
0.00148099
-0.00011774
0.00138814
-0.000126492
0.00128765
-0.000135053
0.00118864
-0.000143476
0.00109473
-0.000151666
0.00100569
-0.000159521
0.000919691
-0.000167021
0.00083508
-0.00017423
0.000750962
-0.000181263
0.000667116
-0.000188242
0.000583634
-0.000195278
0.000500641
-0.000202462
0.000418184
-0.00020987
0.000336229
-0.000217568
0.000254697
-0.000225618
0.000173509
-0.000234103
9.25853e-05
-0.000243097
1.17904e-05
-0.000252643
-6.91241e-05
-0.000262739
-0.000150324
-0.000273355
-0.000231969
-0.000284459
-0.000314175
-0.000296023
-0.000397057
-0.000308016
-0.000480738
-0.000320401
-0.000565366
-0.000333131
-0.000651125
-0.000346128
-0.000738234
-0.00035924
-0.000826909
-0.000372169
-0.000917239
-0.000384368
-0.00100897
-0.000394985
-0.00110115
-0.000403117
-0.00119198
-0.000408999
-0.00127948
-0.000416471
-0.00136516
-0.000434351
-0.00146188
-0.000469388
-0.00159897
-0.00050718
-0.00179892
-0.000502129
-0.00200917
-0.000407237
-0.00205399
-0.000229485
-0.00171973
-5.62115e-05
-0.000974566
-0.000170488
2.34516e-05
0.000389388
3.28579e-05
0.000907106
2.54134e-05
0.00119709
1.33268e-05
0.00137983
1.47948e-06
0.00150622
-9.4124e-06
0.00157895
-1.94409e-05
0.00159548
-2.88067e-05
0.00156145
-3.77334e-05
0.00148992
-4.63989e-05
0.00139681
-5.48759e-05
0.00129612
-6.31285e-05
0.00119689
-7.10681e-05
0.00110267
-7.86267e-05
0.00101325
-8.58009e-05
0.000926866
-9.26583e-05
0.000841938
-9.93102e-05
0.000757614
-0.00010588
0.000673686
-0.00011248
0.000590235
-0.00011921
0.000507371
-0.000126153
0.000425127
-0.000133384
0.00034346
-0.000140969
0.000262283
-0.000148968
0.00018151
-0.000157465
0.000101082
-0.000166557
2.08826e-05
-0.00017631
-5.93709e-05
-0.000186718
-0.000139915
-0.000197744
-0.000220944
-0.000209352
-0.000302567
-0.000221517
-0.000384891
-0.000234211
-0.000468044
-0.000247396
-0.000552181
-0.000261026
-0.000637494
-0.000275035
-0.000724225
-0.000289305
-0.000812639
-0.000303611
-0.000902932
-0.000317546
-0.000995031
-0.000330418
-0.00108828
-0.000341289
-0.00118111
-0.000349589
-0.00127118
-0.000357096
-0.00135765
-0.000370734
-0.00144825
-0.00040026
-0.00156944
-0.000441664
-0.00175751
-0.000457381
-0.00199345
-0.000393321
-0.00211805
-0.000237636
-0.00187542
-6.49327e-05
-0.00114727
-0.00023542
3.02013e-05
0.000359187
5.38849e-05
0.000883423
5.93606e-05
0.00119162
5.76225e-05
0.00138157
5.44705e-05
0.00150937
5.05517e-05
0.00158287
4.55257e-05
0.0016005
3.92792e-05
0.0015677
3.20064e-05
0.00149719
2.41109e-05
0.0014047
1.60639e-05
0.00130417
8.25926e-06
0.0012047
9.20726e-07
0.00111001
-5.91098e-06
0.00102008
-1.23237e-05
0.000933279
-1.8464e-05
0.000848078
-2.44833e-05
0.000763633
-3.05115e-05
0.000679714
-3.66548e-05
0.000596378
-4.30032e-05
0.000513719
-4.96379e-05
0.000431762
-5.66363e-05
0.000350459
-6.40719e-05
0.000269718
-7.20087e-05
0.000189447
-8.05175e-05
0.000109591
-8.96873e-05
3.00528e-05
-9.96141e-05
-4.94437e-05
-0.000110303
-0.000129226
-0.00012172
-0.000209526
-0.000133835
-0.000290452
-0.000146631
-0.000372095
-0.000160083
-0.000454592
-0.000174153
-0.000538111
-0.000188794
-0.000622853
-0.000203942
-0.000709077
-0.000219495
-0.000797085
-0.000235276
-0.000887151
-0.000250966
-0.000979342
-0.000266024
-0.00107322
-0.000279638
-0.00116749
-0.000290961
-0.00125985
-0.000300391
-0.00134822
-0.000312495
-0.00143614
-0.000337227
-0.00154471
-0.000378382
-0.00171636
-0.000408713
-0.00196312
-0.000372092
-0.00215467
-0.000240208
-0.0020073
-7.25394e-05
-0.00131494
-0.00030796
3.53516e-05
0.000323835
7.27922e-05
0.000845982
9.17572e-05
0.00117265
0.00010059
0.00137274
0.000106076
0.00150389
0.000109145
0.0015798
0.000109253
0.00160039
0.000106328
0.00157062
0.00010093
0.00150259
9.39987e-05
0.00141163
8.6525e-05
0.00131164
7.92623e-05
0.00121196
7.25876e-05
0.00111669
6.65385e-05
0.00102613
6.09519e-05
0.000938865
5.56061e-05
0.000853424
5.0307e-05
0.000768933
4.49114e-05
0.00068511
3.93145e-05
0.000601975
3.34296e-05
0.000519604
2.71744e-05
0.000438017
2.04666e-05
0.000357167
1.32233e-05
0.000276962
5.36672e-06
0.000197304
-3.17182e-06
0.00011813
-1.24457e-05
3.93271e-05
-2.25143e-05
-3.93747e-05
-3.34204e-05
-0.000118319
-4.51778e-05
-0.000197769
-5.77787e-05
-0.000277851
-7.12134e-05
-0.00035866
-8.5462e-05
-0.000440343
-0.000100488
-0.000523084
-0.000116242
-0.000607099
-0.000132658
-0.000692661
-0.00014964
-0.000780103
-0.000167033
-0.000869758
-0.00018458
-0.000961795
-0.000201854
-0.00105595
-0.000218199
-0.00115115
-0.000232779
-0.00124527
-0.000245267
-0.00133573
-0.000258185
-0.00142322
-0.000279959
-0.00152293
-0.000319083
-0.00167724
-0.000359001
-0.0019232
-0.00034591
-0.00216776
-0.000238075
-0.00211514
-7.87046e-05
-0.00147431
-0.000386664
3.87646e-05
0.000285071
8.8978e-05
0.000795769
0.000121886
0.00113975
0.000141718
0.00135291
0.000155908
0.0014897
0.000166068
0.00156964
0.00017158
0.00159488
0.000172332
0.00156987
0.00016915
0.00150577
0.000163444
0.00141734
0.000156698
0.00131839
0.000150044
0.00121861
0.000144055
0.00112268
0.000138812
0.00103137
0.000134099
0.000943578
0.000129625
0.000857898
0.000125143
0.000773414
0.000120485
0.000689769
0.000115536
0.000606924
0.000110207
0.000524933
0.000104412
0.000443813
9.80609e-05
0.000363518
9.1061e-05
0.000283962
8.33301e-05
0.000205035
7.48247e-05
0.000126636
6.55201e-05
4.86321e-05
5.53673e-05
-2.92215e-05
4.42694e-05
-0.000107221
3.21738e-05
-0.000185673
1.90636e-05
-0.00026474
4.94527e-06
-0.000344541
-1.0161e-05
-0.000425237
-2.6222e-05
-0.000507023
-4.31877e-05
-0.000590133
-6.09904e-05
-0.000674858
-7.95378e-05
-0.000761556
-9.86918e-05
-0.000850604
-0.000118239
-0.000942248
-0.000137838
-0.00103635
-0.000156965
-0.00113202
-0.000174907
-0.00122733
-0.000191077
-0.00131956
-0.000206563
-0.00140774
-0.00022758
-0.00150192
-0.00026448
-0.00164034
-0.000310292
-0.00187739
-0.000316855
-0.0021612
-0.000232312
-0.00219968
-8.33888e-05
-0.00162323
-0.000470053
4.04059e-05
0.000244665
0.000101904
0.000734271
0.000148964
0.00109269
0.000180404
0.00132147
0.00020354
0.00146656
0.000220978
0.0015522
0.000232256
0.0015836
0.000237164
0.00156496
0.000236664
0.00150627
0.000232534
0.00142147
0.000226717
0.00132421
0.000220743
0.00122459
0.000215446
0.00112797
0.000211005
0.00103581
0.000207197
0.000947387
0.000203669
0.000861426
0.000200113
0.00077697
0.000196317
0.000693565
0.000192144
0.000611097
0.000187496
0.000529582
0.00018228
0.000449028
0.000176403
0.000369396
0.000169769
0.000290596
0.000162292
0.000212512
0.000153923
0.000135005
0.000144636
5.79191e-05
0.000134392
-1.89773e-05
0.000123087
-9.59151e-05
0.000110631
-0.000173216
9.69818e-05
-0.000251091
8.2136e-05
-0.000329695
6.61057e-05
-0.000409206
4.89204e-05
-0.000489838
3.06298e-05
-0.000571842
1.13053e-05
-0.000655533
-8.95708e-06
-0.000741293
-3.00323e-05
-0.000829529
-5.17413e-05
-0.000920539
-7.38126e-05
-0.00101428
-9.58376e-05
-0.00111
-0.00011725
-0.00120592
-0.000137449
-0.00129936
-0.000156694
-0.00138849
-0.000179046
-0.00147957
-0.000214584
-0.0016048
-0.000263894
-0.00182808
-0.000286627
-0.00213847
-0.000224043
-0.00226226
-8.67993e-05
-0.00176047
-0.000556852
4.03514e-05
0.000204314
0.000111121
0.000663502
0.000172137
0.00103167
0.000215892
0.00127771
0.000248438
0.00143402
0.000273438
0.0015272
0.000290911
0.00156613
0.000300564
0.00155531
0.000303343
0.00150349
0.000301263
0.00142355
0.000296662
0.00132881
0.000291484
0.00122977
0.000286885
0.00113257
0.000283224
0.00103947
0.000280327
0.000950284
0.000277804
0.000863949
0.000275279
0.000779496
0.000272478
0.000696366
0.000269225
0.000614351
0.000265398
0.000533409
0.000260898
0.000453529
0.000255626
0.000374668
0.000249484
0.000296738
0.000242386
0.000219611
0.000234262
0.000143129
0.000225065
6.71164e-05
0.000214738
-8.64977e-06
0.000203198
-8.43748e-05
0.000190355
-0.000160373
0.000176142
-0.000236878
0.000160538
-0.000314091
0.000143542
-0.00039221
0.000125175
-0.00047147
0.000105479
-0.000552146
8.45243e-05
-0.000634578
6.24025e-05
-0.000719171
3.92344e-05
-0.00080636
1.51793e-05
-0.000896484
-9.54512e-06
-0.000989551
-3.46373e-05
-0.0010849
-5.96738e-05
-0.00118088
-8.41469e-05
-0.00127489
-0.000107932
-0.00136471
-0.000133376
-0.00145412
-0.00016899
-0.00156918
-0.000220516
-0.00177655
-0.00025651
-0.00210247
-0.000214337
-0.00230444
-8.93205e-05
-0.00188549
-0.000646173
3.87855e-05
0.000165528
0.000116309
0.000585978
0.000190508
0.00095747
0.000247232
0.00122099
0.000289886
0.00139136
0.000322875
0.00149422
0.000347026
0.00154198
0.000362091
0.00154024
0.000368882
0.0014967
0.000369482
0.00142295
0.000366523
0.00133177
0.00036235
0.00123394
0.000358501
0.00113642
0.000355602
0.00104237
0.000353603
0.000952284
0.000352118
0.000865434
0.000350713
0.000780901
0.000349039
0.00069804
0.000346859
0.000616531
0.000344012
0.000536255
0.00034038
0.000457162
0.000335853
0.000379195
0.000330331
0.00030226
0.000323717
0.000226225
0.000315927
0.00015092
0.000306889
7.61538e-05
0.000296532
1.70753e-06
0.000284783
-7.26251e-05
0.000271553
-0.000147143
0.000256763
-0.000222088
0.000240373
-0.0002977
0.00022237
-0.000374207
0.000202765
-0.000451865
0.000181595
-0.000530976
0.000158924
-0.000611907
0.00013484
-0.000695087
0.000109447
-0.000780968
8.28741e-05
-0.00086991
5.52798e-05
-0.000961956
2.68867e-05
-0.00105651
-1.98483e-06
-0.00115201
-3.09653e-05
-0.00124591
-5.983e-05
-0.00133584
-8.974e-05
-0.00142421
-0.000127074
-0.00153185
-0.000180408
-0.00172322
-0.000227394
-0.00205549
-0.000204134
-0.00232769
-9.14406e-05
-0.00199818
-0.000737613
3.59877e-05
0.000129541
0.000117333
0.000504633
0.000203212
0.000871591
0.000273281
0.00115092
0.000326925
0.00133772
0.000368521
0.00145262
0.000399894
0.00151061
0.000421091
0.00151905
0.000432747
0.00148505
0.000436838
0.00141886
0.00043614
0.00133247
0.000433346
0.00123673
0.000430404
0.00113936
0.000428291
0.00104448
0.000427171
0.000953404
0.000426733
0.000865872
0.00042651
0.000781124
0.000426078
0.000698472
0.000425122
0.000617488
0.000423423
0.000537954
0.000420823
0.000459761
0.000417197
0.000382821
0.000412429
0.000307028
0.000406415
0.000232239
0.000399054
0.00015828
0.000390261
8.49477e-05
0.000379945
1.20233e-05
0.000368035
-6.07148e-05
0.00035444
-0.000133548
0.000339075
-0.000206724
0.000321888
-0.000280513
0.000302852
-0.000355172
0.00028197
-0.000430983
0.000259271
-0.000508277
0.00023481
-0.000587447
0.000208666
-0.000668942
0.000180926
-0.000753227
0.00015168
-0.000840665
0.00012103
-0.000931306
8.91044e-05
-0.00102458
5.61003e-05
-0.00111901
2.22972e-05
-0.0012121
-1.2061e-05
-0.00130149
-4.74683e-05
-0.0013888
-8.81482e-05
-0.00149117
-0.000143507
-0.00166786
-0.000199817
-0.00199918
-0.000194196
-0.00233332
-9.36883e-05
-0.00209869
-0.000831302
3.23031e-05
9.72375e-05
0.000114289
0.000422648
0.000209523
0.000776357
0.000292757
0.00106768
0.000358306
0.00127217
0.000409354
0.00140157
0.000448593
0.00147137
0.000476668
0.00149097
0.00049413
0.00146759
0.000502705
0.00141028
0.000505129
0.00133004
0.000504324
0.00123754
0.000502633
0.00114106
0.000501442
0.00104567
0.000501224
0.000953622
0.000501828
0.000865268
0.000502816
0.000780136
0.000503709
0.000697579
0.000504107
0.00061709
0.000503715
0.000538346
0.00050232
0.000461156
0.000499759
0.000385383
0.000495897
0.00031089
0.000490614
0.000237523
0.000483798
0.000165097
0.000475345
9.34005e-05
0.000465156
2.22122e-05
0.00045315
-4.87081e-05
0.00043923
-0.000119628
0.000423314
-0.000190807
0.000405337
-0.000262536
0.000385264
-0.000335099
0.000363089
-0.000408807
0.000338829
-0.000484018
0.000312532
-0.000561149
0.000284255
-0.000640665
0.000254057
-0.00072303
0.000221985
-0.000808593
0.000188069
-0.00089739
0.000152349
-0.000988863
0.000114912
-0.00108157
7.59414e-05
-0.00117313
3.56621e-05
-0.00126121
-6.04187e-06
-0.0013471
-5.15369e-05
-0.00144567
-0.000109548
-0.00160985
-0.00017401
-0.00193472
-0.000185066
-0.00232226
-9.6579e-05
-0.00218718
-0.000927881
2.80979e-05
6.91396e-05
0.000107547
0.000343199
0.000208994
0.00067491
0.000304376
0.000972302
0.000382506
0.00119404
0.000444025
0.00134005
0.000491934
0.00142346
0.00052767
0.00145524
0.000551921
0.00144333
0.000566126
0.00139608
0.000572791
0.00132338
0.000574891
0.00123544
0.000575074
0.00114087
0.000575147
0.0010456
0.000575971
0.000952798
0.000577652
0.000863587
0.000579865
0.000777923
0.000582125
0.000695319
0.000583969
0.000615247
0.000585016
0.000537299
0.000584983
0.00046119
0.000583653
0.000386713
0.000580856
0.000313687
0.00057645
0.000241929
0.000570306
0.000171241
0.000562306
0.0001014
0.000552343
3.21761e-05
0.000540322
-3.66874e-05
0.000526144
-0.00010545
0.000509725
-0.000174388
0.000490994
-0.000243806
0.00046991
-0.000314015
0.000446454
-0.000385351
0.000420635
-0.000458199
0.000392479
-0.000532993
0.000362018
-0.000610203
0.000329267
-0.000690279
0.000294215
-0.00077354
0.000256813
-0.000859989
0.000217004
-0.000949054
0.00017477
-0.00103933
0.000130219
-0.00112858
8.36024e-05
-0.00121459
3.5025e-05
-0.00129852
-1.66149e-05
-0.00139403
-7.81118e-05
-0.00154835
-0.000149912
-0.00186292
-0.00017703
-0.00229514
-0.000100563
-0.00226365
-0.00102844
2.37114e-05
4.54282e-05
9.77618e-05
0.000269149
0.00020161
0.000571061
0.000307049
0.000866863
0.000397826
0.00110326
0.000470833
0.00126705
0.000528396
0.0013659
0.000572651
0.00141098
0.000604691
0.00141129
0.000625766
0.001375
0.000638024
0.00131112
0.000644281
0.00122918
0.00064733
0.00113782
0.000649336
0.0010436
0.000651573
0.000950561
0.000654497
0.000860663
0.00065799
0.00077443
0.000661648
0.000691662
0.000664985
0.00061191
0.000667558
0.000534725
0.000669007
0.000459741
0.00066905
0.000386669
0.000667469
0.000315268
0.000664087
0.000245312
0.000658752
0.000176575
0.000651333
0.000108819
0.000641708
4.18004e-05
0.000629776
-2.47546e-05
0.000615431
-9.11058e-05
0.000598589
-0.000157545
0.000579175
-0.000224392
0.000557139
-0.000291978
0.000532452
-0.000360664
0.000505105
-0.000430852
0.000475096
-0.000502984
0.000442413
-0.00057752
0.000407017
-0.000654883
0.00036882
-0.000735344
0.000327687
-0.000818855
0.000283457
-0.000904824
0.000236016
-0.000991893
0.00018541
-0.00107798
0.000131948
-0.00116113
7.60458e-05
-0.00124262
1.73095e-05
-0.0013353
-4.87165e-05
-0.00148233
-0.000127214
-0.00178442
-0.000170076
-0.00225228
-0.000105971
-0.00232775
-0.00113441
1.94248e-05
2.60035e-05
8.58332e-05
0.00020274
0.000187902
0.000468992
0.000300137
0.000754628
0.000402603
0.0010008
0.000487763
0.00118188
0.00055606
0.0012976
0.000609819
0.00135722
0.000650674
0.00137044
0.000679894
0.00134578
0.000699261
0.00129175
0.000711246
0.00121719
0.000718568
0.0011305
0.000723602
0.00103856
0.000727996
0.000946167
0.000732594
0.000856066
0.00073758
0.000769444
0.000742722
0.000686519
0.000747598
0.000607034
0.000751745
0.000530578
0.000754749
0.000456737
0.000756265
0.000385153
0.000756019
0.000315514
0.00075379
0.00024754
0.000749399
0.000180967
0.000742691
0.000115528
0.000733533
5.09577e-05
0.000721811
-1.30324e-05
0.000707417
-7.67119e-05
0.000690263
-0.000140391
0.00067027
-0.000204398
0.000647377
-0.000269085
0.000621538
-0.000334826
0.000592718
-0.000402032
0.000560872
-0.000471137
0.000525931
-0.000542579
0.000487781
-0.000616733
0.000446247
-0.00069381
0.000401094
-0.000773702
0.00035206
-0.00085579
0.000298948
-0.000938781
0.000241774
-0.0010208
0.000180939
-0.00110029
0.000117199
-0.00117888
5.08338e-05
-0.00126893
-2.0802e-05
-0.00141069
-0.000105375
-0.00169985
-0.000163841
-0.00219381
-0.000112946
-0.00237865
-0.00124736
1.54551e-05
1.05483e-05
7.28162e-05
0.000145379
0.000168987
0.000372822
0.000283691
0.000639924
0.000395519
0.000888967
0.000492668
0.00108474
0.000572611
0.00121766
0.000636968
0.00129287
0.000687732
0.00131968
0.000726382
0.00130713
0.000754447
0.00126369
0.000773964
0.00119768
0.000787359
0.00111711
0.000797004
0.00102892
0.000804788
0.000938383
0.000811914
0.00084894
0.000818916
0.000762442
0.000825829
0.000679607
0.000832381
0.000600482
0.000838173
0.000524786
0.000842784
0.000452126
0.000845834
0.000382103
0.000847002
0.000314347
0.000846024
0.000248518
0.000842686
0.000184305
0.00083681
0.000121403
0.000828248
5.95198e-05
0.000816866
-1.65023e-06
0.000802558
-6.24038e-05
0.000785225
-0.000123058
0.000764778
-0.000183951
0.00074114
-0.000245447
0.00071424
-0.000307926
0.000684
-0.000371792
0.000650319
-0.000437456
0.000613054
-0.000505314
0.000572
-0.00057568
0.000526882
-0.000648692
0.00047736
-0.00072418
0.00042308
-0.00080151
0.000363783
-0.000879485
0.0002995
-0.000956519
0.000230776
-0.00103157
0.000158734
-0.00110684
8.4394e-05
-0.00119459
6.35331e-06
-0.00133265
-8.36444e-05
-0.00160985
-0.000157561
-0.0021199
-0.000121365
-0.00241484
-0.00136873
1.19834e-05
-1.43509e-06
5.97911e-05
9.75712e-05
0.000146481
0.000286132
0.0002586
0.000527805
0.00037594
0.000771627
0.00048358
0.000977096
0.000575464
0.00112577
0.000651449
0.00121688
0.000713305
0.00125782
0.0007627
0.00125774
0.000801064
0.00122532
0.000830026
0.00116872
0.000851578
0.00109555
0.000867862
0.00101263
0.000880809
0.000925436
0.000891862
0.000837887
0.000901885
0.000752418
0.000911225
0.000670267
0.000919849
0.000591857
0.000927506
0.000517129
0.000933845
0.000445787
0.000938505
0.000377444
0.000941151
0.000311701
0.000941494
0.000248175
0.000939293
0.000186505
0.000934347
0.000126349
0.000926489
6.73783e-05
0.000915568
9.27038e-06
0.000901471
-4.8307e-05
0.000884083
-0.00010567
0.000863297
-0.000163165
0.000839009
-0.000221159
0.000811108
-0.000280025
0.00077946
-0.000340144
0.000743891
-0.000401887
0.000704169
-0.000465592
0.000659987
-0.000531498
0.000610961
-0.000599666
0.000556651
-0.000669869
0.000496625
-0.000741484
0.000430602
-0.000813462
0.000358684
-0.000884601
0.000281629
-0.000954513
0.000200971
-0.00102618
0.000118446
-0.00111207
3.36478e-05
-0.00124785
-6.11098e-05
-0.00151509
-0.000150003
-0.002031
-0.000130721
-0.00243412
-0.00149945
9.1997e-06
-1.06349e-05
4.77225e-05
5.90483e-05
0.00012225
0.000211604
0.000226522
0.000423532
0.000344149
0.000654001
0.000459101
0.000862143
0.000562062
0.00102281
0.000650269
0.00112867
0.000724385
0.0011837
0.000785898
0.00119623
0.00083616
0.00117506
0.000876485
0.00112839
0.000908398
0.00106364
0.000933649
0.000987381
0.000953993
0.000905092
0.000970936
0.000820945
0.000985566
0.000737788
0.00099852
0.000657313
0.00101005
0.000580331
0.00102011
0.000507061
0.00102853
0.000437375
0.00103501
0.000370963
0.00103926
0.000307443
0.00104102
0.000246415
0.00104004
0.000187488
0.0010361
0.000130287
0.00102903
7.44531e-05
0.00101866
1.96415e-05
0.00100485
-3.45029e-05
0.000987483
-8.82996e-05
0.000966412
-0.000142094
0.000941497
-0.000196244
0.000912571
-0.0002511
0.000879432
-0.000307005
0.000841821
-0.000364276
0.000799405
-0.000423176
0.000751772
-0.000483864
0.00069843
-0.000546325
0.000638852
-0.000610291
0.000572559
-0.000675191
0.000499302
-0.000740205
0.000419324
-0.000804623
0.000333668
-0.000868857
0.000244312
-0.000936824
0.000153637
-0.00102139
6.21476e-05
-0.00115636
-3.66418e-05
-0.0014163
-0.000139369
-0.00192828
-0.000139994
-0.0024335
-0.00163944
7.22057e-06
-1.78555e-05
3.72346e-05
2.90342e-05
9.79364e-05
0.000150902
0.000189482
0.000331987
0.000301301
0.000542181
0.000418719
0.000744726
0.000530306
0.000911226
0.000630389
0.00102859
0.000717624
0.00109647
0.000792615
0.00112123
0.000856383
0.00111129
0.000909939
0.00107484
0.000954383
0.0010192
0.000991011
0.000950754
0.00102125
0.000874857
0.00104646
0.000795726
0.00106782
0.000716429
0.00108616
0.000638979
0.00110197
0.000564519
0.00111548
0.000493554
0.00112669
0.00042616
0.0011355
0.000362159
0.0011417
0.000301236
0.0011451
0.000243016
0.00114548
0.000187106
0.00114265
0.000133118
0.00113643
8.06776e-05
0.00112665
2.94248e-05
0.00111315
-2.10059e-05
0.00109578
-7.09307e-05
0.00107437
-0.000120686
0.00104873
-0.000170603
0.00101863
-0.000220997
0.000983782
-0.000272159
0.000943844
-0.000324337
0.000898382
-0.000377714
0.000846881
-0.000432363
0.000788761
-0.000488205
0.000723435
-0.000544965
0.000650429
-0.000602185
0.000569592
-0.000659368
0.000481383
-0.000716414
0.000387182
-0.000774656
0.00028941
-0.000839052
0.000190993
-0.000922976
9.31986e-05
-0.00105857
-8.93025e-06
-0.00131417
-0.00012323
-0.00181398
-0.000147555
-0.00240917
-0.001787
5.87003e-06
-2.37256e-05
2.8078e-05
6.82601e-06
7.40519e-05
0.000104928
0.000148932
0.000257107
0.000248862
0.000442251
0.000362787
0.000630801
0.000478946
0.000795067
0.000589206
0.000918332
0.000689666
0.000996007
0.000779233
0.00103167
0.000858047
0.00103248
0.000926623
0.00100626
0.000985633
0.000960185
0.00103593
0.000900461
0.00107853
0.000832255
0.00111456
0.000759696
0.00114508
0.000685905
0.001171
0.000613058
0.00119299
0.00054253
0.00121148
0.000475061
0.00122671
0.000410933
0.00123875
0.000350121
0.00124757
0.000292418
0.00125307
0.000237512
0.00125513
0.000185046
0.0012536
0.000134648
0.00124833
8.59497e-05
0.00123916
3.85961e-05
0.00122592
-7.77019e-06
0.00120845
-5.34589e-05
0.00118654
-9.87742e-05
0.00115994
-0.000144008
0.00112837
-0.000189429
0.00109148
-0.000235262
0.00104882
-0.000281678
0.000999879
-0.000328776
0.000944071
-0.000376555
0.000880761
-0.000424895
0.000809361
-0.000473565
0.000729474
-0.000522298
0.000641119
-0.000571013
0.000545023
-0.000620319
0.000442897
-0.00067253
0.000337513
-0.000733668
0.00023217
-0.000817633
0.000128737
-0.000955135
2.34757e-05
-0.00120891
-9.87478e-05
-0.00169175
-0.000151228
-0.00235669
-0.00193822
4.143e-06
-2.78687e-05
1.80235e-05
-7.05468e-06
4.84662e-05
7.44853e-05
0.000104127
0.000201446
0.000187324
0.000359053
0.00029192
0.000526205
0.00040766
0.000679327
0.000525058
0.000800933
0.000637723
0.000883342
0.00074229
0.000927101
0.000837364
0.000937406
0.000922553
0.00092107
0.000997941
0.000884797
0.00106391
0.000834488
0.0011211
0.000775069
0.0011703
0.000710495
0.0012124
0.000643809
0.00124824
0.000577219
0.00127855
0.000512213
0.00130393
0.000449687
0.00132477
0.00039009
0.00134134
0.000333546
0.00135379
0.000279968
0.00136217
0.000229136
0.00136646
0.000180759
0.00136659
0.000134511
0.00136249
9.00587e-05
0.001354
4.70762e-05
0.00134099
5.2412e-06
0.00132328
-3.5749e-05
0.00130064
-7.61354e-05
0.0012728
-0.000116165
0.00123942
-0.000156044
0.00120008
-0.000195926
0.0011543
-0.000235903
0.00110153
-0.000275999
0.00104114
-0.000316164
0.000972523
-0.000356282
0.000895185
-0.000396228
0.00080889
-0.000436003
0.00071389
-0.000476013
0.000611176
-0.000517604
0.000502675
-0.00056403
0.000391275
-0.000622268
0.000280305
-0.000706663
0.000171858
-0.000846687
6.28812e-05
-0.00109993
-6.31879e-05
-0.00156568
-0.000148284
-0.0022716
-0.00208651
-6.3723e-07
-2.72315e-05
1.47611e-06
-9.16822e-06
1.47631e-05
6.11982e-05
5.02257e-05
0.000165983
0.00011442
0.000294858
0.000205742
0.000434883
0.000316583
0.000568486
0.000437466
0.00068005
0.000560215
0.000760592
0.000679172
0.000808144
0.000790976
0.000825602
0.000893858
0.000818188
0.000987021
0.000791634
0.00107027
0.000751242
0.0011438
0.00070154
0.00120809
0.000646205
0.00126379
0.000588108
0.00131163
0.000529382
0.00135231
0.000471528
0.00138648
0.000415516
0.00141467
0.000361903
0.00143728
0.000310934
0.00145462
0.000262633
0.00146687
0.00021688
0.00147416
0.000173469
0.00147653
0.000132144
0.00147396
9.26306e-05
0.00146638
5.46545e-05
0.00145367
1.7953e-05
0.00143566
-1.77479e-05
0.00141215
-5.26255e-05
0.00138286
-8.68661e-05
0.00134742
-0.000120607
0.00130543
-0.000153935
0.0012564
-0.000186878
0.00119982
-0.000219412
0.00113513
-0.000251478
0.00106187
-0.000283024
0.000979738
-0.000314092
0.000888728
-0.000344993
0.000789334
-0.000376619
0.000682703
-0.000410973
0.000570757
-0.000452083
0.000456132
-0.000507644
0.000341686
-0.000592217
0.000228987
-0.000733989
0.000114875
-0.000985821
-1.34756e-05
-0.00143733
-0.000134071
-0.002151
-0.00222058
-1.34035e-05
-1.38281e-05
-3.09214e-05
8.34953e-06
-3.76825e-05
6.79592e-05
-2.18696e-05
0.00015017
2.40876e-05
0.000248901
0.000101642
0.000357329
0.000205463
0.000464664
0.000326931
0.000558582
0.00045719
0.000630333
0.00058889
0.000676444
0.000716771
0.000697721
0.000837458
0.000697501
0.000948992
0.0006801
0.0010504
0.000649838
0.00114135
0.000610584
0.00122198
0.000565579
0.00129268
0.00051741
0.00135401
0.000468045
0.00140663
0.000418914
0.00145115
0.000370989
0.00148818
0.000324877
0.00151821
0.000280902
0.00154166
0.000239181
0.00155886
0.000199686
0.00157003
0.000162298
0.00157533
0.000126843
0.00157484
9.31199e-05
0.00156857
6.09231e-05
0.00155646
3.00584e-05
0.00153839
3.28858e-07
0.00151419
-2.84256e-05
0.00148362
-5.63021e-05
0.0014464
-8.33875e-05
0.00140219
-0.00010972
0.00135061
-0.000135299
0.0012913
-0.0001601
0.00122392
-0.000184107
0.00114827
-0.00020737
0.0010643
-0.000230118
0.000972239
-0.000252936
0.000872708
-0.000277088
0.000766765
-0.00030503
0.000655956
-0.000341274
0.000542238
-0.000393926
0.000427528
-0.000477506
0.000312238
-0.000618699
0.00019207
-0.000865653
5.64009e-05
-0.00130166
-9.83125e-05
-0.00199629
-0.00231889
-4.09734e-05
2.71453e-05
-9.01798e-05
5.75558e-05
-0.000121102
9.88814e-05
-0.000123155
0.000152222
-9.13503e-05
0.000217097
-2.47147e-05
0.000290694
7.31535e-05
0.000366796
0.000194496
0.00043724
0.000330318
0.000494512
0.000472585
0.000534177
0.000614737
0.000555569
0.000751998
0.00056024
0.000881212
0.000550886
0.00100051
0.000530542
0.00110894
0.000502153
0.00120619
0.000468327
0.00129237
0.000431225
0.00136787
0.000392547
0.00143322
0.00035357
0.00148901
0.000315202
0.00153583
0.000278048
0.00157427
0.000242468
0.00160481
0.000208643
0.00162787
0.000176621
0.00164381
0.000146361
0.00165288
0.000117768
0.00165529
9.07159e-05
0.00165114
6.50688e-05
0.0016405
4.06975e-05
0.00162334
1.7492e-05
0.00159956
-4.64846e-06
0.00156907
-2.58082e-05
0.00153173
-4.60497e-05
0.0014874
-6.53937e-05
0.00143595
-8.38486e-05
0.00137728
-0.000101426
0.00131135
-0.000118176
0.00123822
-0.000134247
0.0011581
-0.000149992
0.0010713
-0.000166138
0.000978304
-0.000184092
0.000879699
-0.000206425
0.000776141
-0.000237716
0.000668281
-0.000286067
0.00055651
-0.000365735
0.000439864
-0.000502053
0.000312779
-0.000738569
0.000159758
-0.00114864
-2.6777e-05
-0.00180975
-0.00234567
-9.00985e-05
0.000117244
-0.000183158
0.000150615
-0.000240224
0.000155947
-0.000257452
0.00016945
-0.000234944
0.000194588
-0.00017417
0.000229919
-7.93966e-05
0.000272023
4.25702e-05
0.000315273
0.00018313
0.000353952
0.000333781
0.000383526
0.00048754
0.00040181
0.000638751
0.00040903
0.000783358
0.000406279
0.000918708
0.000395192
0.00104322
0.000377641
0.00115611
0.000355435
0.00125717
0.000330171
0.00134654
0.00030317
0.00142464
0.000275471
0.001492
0.000247847
0.0015492
0.000220844
0.00159685
0.000194816
0.00163552
0.000169974
0.00166573
0.000146415
0.00168793
0.00012416
0.00170252
0.000103179
0.00170982
8.34104e-05
0.00171011
6.47795e-05
0.0017036
4.7208e-05
0.00169047
3.06266e-05
0.00167085
1.49688e-05
0.0016448
2.44662e-07
0.00161231
-1.35657e-05
0.00157351
-2.65906e-05
0.00152854
-3.8879e-05
0.00147757
-5.04547e-05
0.0014208
-6.14009e-05
0.00135845
-7.18998e-05
0.00129076
-8.23069e-05
0.00121793
-9.33057e-05
0.00114001
-0.000106168
0.00105676
-0.00012318
0.00096745
-0.000148405
0.000870534
-0.000189151
0.000763347
-0.000258548
0.000641542
-0.000380249
0.000497442
-0.000594468
0.000312257
-0.000963459
8.51063e-05
-0.0015826
-0.00226056
-0.000160357
0.000277601
-0.000293301
0.000283559
-0.00036263
0.000225276
-0.00038474
0.00019156
-0.000365695
0.000175543
-0.000308158
0.000172382
-0.000216355
0.00018022
-9.66117e-05
0.000195529
4.42321e-05
0.000213108
0.000198554
0.000229204
0.000358702
0.00024166
0.000518779
0.000248953
0.000674306
0.000250752
0.000822041
0.000247457
0.000959854
0.000239828
0.0010865
0.000228785
0.00120141
0.00021526
0.00130449
0.000200096
0.00139595
0.000184006
0.00147624
0.000167559
0.0015459
0.00015118
0.00160555
0.000135172
0.00165579
0.000119736
0.00169721
0.000104992
0.00173037
9.10005e-05
0.00175577
7.77809e-05
0.00177385
6.53234e-05
0.00178503
5.36024e-05
0.00178965
4.25847e-05
0.00178804
3.22361e-05
0.00178049
2.25229e-05
0.00176733
1.34033e-05
0.00174889
4.87669e-06
0.00172531
-3.01174e-06
0.00169675
-1.03191e-05
0.00166344
-1.71443e-05
0.00162562
-2.35847e-05
0.00158351
-2.97845e-05
0.0015372
-3.60009e-05
0.00148662
-4.27256e-05
0.00143133
-5.08793e-05
0.00137026
-6.211e-05
0.0013012
-7.93403e-05
0.00121992
-0.000107877
0.00111885
-0.000157474
0.000984969
-0.000246367
0.000799325
-0.000408824
0.000541186
-0.00070532
0.000229451
-0.00127087
-0.00203111
-0.000223961
0.000501562
-0.000284679
0.000344277
-0.000270956
0.000211553
-0.000242496
0.0001631
-0.000199507
0.000132554
-0.000135996
0.000108871
-5.01994e-05
9.44231e-05
5.73433e-05
8.79865e-05
0.000183414
8.70377e-05
0.000323401
8.92169e-05
0.00047241
9.26508e-05
0.000625428
9.59347e-05
0.000778089
9.8091e-05
0.000926908
9.86378e-05
0.00106928
9.74506e-05
0.00120342
9.46492e-05
0.00132819
9.04936e-05
0.00144298
8.52988e-05
0.00154761
7.93791e-05
0.00164215
7.30161e-05
0.00172689
6.64433e-05
0.00180222
5.98433e-05
0.0018686
5.33507e-05
0.00192653
4.70594e-05
0.0019765
4.10308e-05
0.00201898
3.53013e-05
0.00205442
2.98884e-05
0.00208322
2.47975e-05
0.00210578
2.00269e-05
0.00212245
1.55704e-05
0.00213355
1.142e-05
0.00213939
7.56474e-06
0.00214028
3.98895e-06
0.00213658
6.8881e-07
0.00212859
-2.33004e-06
0.00211652
-5.08231e-06
0.00210056
-7.62179e-06
0.00208081
-1.00332e-05
0.00205726
-1.24516e-05
0.00202966
-1.51243e-05
0.00199729
-1.85086e-05
0.00195858
-2.34022e-05
0.00191042
-3.11783e-05
0.00184677
-4.42253e-05
0.00175613
-6.68367e-05
0.00161641
-0.000106644
0.00138898
-0.000181401
0.00101739
-0.000333726
0.000489577
-0.000743056
-0.00154153
0.000501562
0.000845839
0.00105739
0.00122049
0.00135305
0.00146192
0.00155634
0.00164433
0.00173136
0.00182058
0.00191323
0.00200917
0.00210726
0.00220589
0.00230335
0.00239799
0.00248849
0.00257379
0.00265317
0.00272618
0.00279263
0.00285247
0.00290582
0.00295288
0.00299391
0.00302921
0.0030591
0.0030839
0.00310392
0.00311949
0.00313091
0.00313848
0.00314247
0.00314316
0.00314083
0.00313574
0.00312812
0.00311809
0.00310564
0.00309051
0.003072
0.0030486
0.00301742
0.0029732
0.00290636
0.00279972
0.00261832
0.00228459
0.00154153
)
;

boundaryField
{
    movingWall
    {
        type            calculated;
        value           uniform 0;
    }
    fixedWalls
    {
        type            calculated;
        value           uniform 0;
    }
    frontAndBack
    {
        type            empty;
        value           nonuniform 0();
    }
}


// ************************************************************************* //
