/*--------------------------------*- C++ -*----------------------------------*\
  =========                 |
  \\      /  F ield         | OpenFOAM: The Open Source CFD Toolbox
   \\    /   O peration     | Website:  https://openfoam.org
    \\  /    A nd           | Version:  7
     \\/     M anipulation  |
\*---------------------------------------------------------------------------*/
FoamFile
{
    version     2.0;
    format      ascii;
    class       volVectorField;
    location    "1100";
    object      U;
}
// * * * * * * * * * * * * * * * * * * * * * * * * * * * * * * * * * * * * * //

dimensions      [0 1 -1 0 0 0 0];

internalField   nonuniform List<vector> 
2500
(
(0.000207163 -0.000201497 0)
(0.00186566 -0.000571131 0)
(0.00447425 -0.000697859 0)
(0.0071632 -0.000600092 0)
(0.00922929 -0.000419017 0)
(0.0104505 -0.000264365 0)
(0.0109302 -0.000188045 0)
(0.0108811 -0.000185932 0)
(0.0104505 -0.000219926 0)
(0.0096339 -0.000245487 0)
(0.00828209 -0.000228726 0)
(0.00616267 -0.000150791 0)
(0.00301833 -2.63942e-06 0)
(-0.00139467 0.000221108 0)
(-0.00728098 0.000523594 0)
(-0.0147732 0.000908363 0)
(-0.0238936 0.00137542 0)
(-0.0345124 0.00191315 0)
(-0.0463116 0.00248832 0)
(-0.0587651 0.00303867 0)
(-0.0711447 0.00347439 0)
(-0.0825566 0.00369087 0)
(-0.0920117 0.00358967 0)
(-0.0985272 0.00310562 0)
(-0.101238 0.00223297 0)
(-0.09947 0.0010297 0)
(-0.0929549 -0.000373404 0)
(-0.0817658 -0.00181065 0)
(-0.0663703 -0.00310846 0)
(-0.0476253 -0.00410001 0)
(-0.0267493 -0.00464035 0)
(-0.00522454 -0.00460677 0)
(0.015423 -0.00393699 0)
(0.0337232 -0.00278587 0)
(0.048369 -0.00137295 0)
(0.0584045 0.000124053 0)
(0.0634491 0.00149542 0)
(0.0637154 0.00253306 0)
(0.0600092 0.00311107 0)
(0.053496 0.00322439 0)
(0.0454076 0.00298627 0)
(0.0368474 0.0025496 0)
(0.0286525 0.00204879 0)
(0.0213431 0.00157448 0)
(0.0151488 0.00117436 0)
(0.0100809 0.000863534 0)
(0.00602975 0.000631338 0)
(0.00290159 0.000436105 0)
(0.000795551 0.000192858 0)
(-8.19835e-05 -8.73832e-05 0)
(0.000566482 -0.00181926 0)
(0.00437397 -0.00431755 0)
(0.00958184 -0.0051172 0)
(0.0146035 -0.00444072 0)
(0.0181609 -0.00299822 0)
(0.0197674 -0.00145759 0)
(0.0194614 -0.000192202 0)
(0.0174543 0.000765931 0)
(0.0138312 0.00162568 0)
(0.00840292 0.0026658 0)
(0.000732723 0.00410358 0)
(-0.00973572 0.00604492 0)
(-0.0235315 0.00849402 0)
(-0.0410171 0.0113838 0)
(-0.0622727 0.0145758 0)
(-0.0869909 0.0178444 0)
(-0.114414 0.020869 0)
(-0.143347 0.0232575 0)
(-0.172267 0.024601 0)
(-0.199495 0.0245425 0)
(-0.223374 0.0228347 0)
(-0.242423 0.019378 0)
(-0.255443 0.0142368 0)
(-0.261579 0.00764371 0)
(-0.260355 -1.157e-05 0)
(-0.251705 -0.00821333 0)
(-0.23582 -0.0163909 0)
(-0.21315 -0.0239898 0)
(-0.184464 -0.0304474 0)
(-0.150847 -0.0352302 0)
(-0.113709 -0.037876 0)
(-0.0747489 -0.0380405 0)
(-0.0358767 -0.0355791 0)
(0.000973819 -0.0306747 0)
(0.0339576 -0.0238261 0)
(0.0613973 -0.0157588 0)
(0.0819756 -0.00729418 0)
(0.094971 0.000685298 0)
(0.100248 0.00733622 0)
(0.0984217 0.0120762 0)
(0.0909457 0.0147077 0)
(0.0796064 0.0154321 0)
(0.0662298 0.0147141 0)
(0.0524141 0.0131073 0)
(0.0393376 0.0111173 0)
(0.0276948 0.00911065 0)
(0.0177743 0.0072492 0)
(0.00968289 0.00543506 0)
(0.00372657 0.00334356 0)
(0.000329351 0.000918669 0)
(0.000785617 -0.004496 0)
(0.00568857 -0.00969583 0)
(0.0117177 -0.0109174 0)
(0.016906 -0.00900548 0)
(0.0197627 -0.00542335 0)
(0.0197108 -0.00146884 0)
(0.016668 0.00215375 0)
(0.010632 0.00542455 0)
(0.00137752 0.00878278 0)
(-0.0116274 0.0127948 0)
(-0.0290958 0.0178468 0)
(-0.0516553 0.0240157 0)
(-0.0796113 0.0310899 0)
(-0.112734 0.0386058 0)
(-0.150149 0.045883 0)
(-0.190382 0.0521028 0)
(-0.231542 0.0564413 0)
(-0.271595 0.0582125 0)
(-0.308616 0.0569704 0)
(-0.340981 0.052549 0)
(-0.367452 0.045047 0)
(-0.387181 0.0347798 0)
(-0.399659 0.0222217 0)
(-0.404628 0.00795279 0)
(-0.402009 -0.00737897 0)
(-0.391774 -0.0230912 0)
(-0.373967 -0.0384703 0)
(-0.34886 -0.0527275 0)
(-0.316932 -0.0650303 0)
(-0.27895 -0.0745404 0)
(-0.236006 -0.0804819 0)
(-0.189539 -0.0822444 0)
(-0.141307 -0.0794987 0)
(-0.0933123 -0.0723007 0)
(-0.0476685 -0.061197 0)
(-0.00637022 -0.0471931 0)
(0.0288595 -0.0315804 0)
(0.0566624 -0.0158067 0)
(0.0763465 -0.00116179 0)
(0.0876387 0.0111576 0)
(0.0908012 0.0202437 0)
(0.0870874 0.0257326 0)
(0.0782024 0.0278563 0)
(0.066036 0.0273042 0)
(0.0523885 0.0249752 0)
(0.038721 0.0217245 0)
(0.0260341 0.0181225 0)
(0.0149682 0.0142398 0)
(0.00625665 0.00958364 0)
(0.000705249 0.00358706 0)
(0.000917703 -0.00772745 0)
(0.00606814 -0.0155931 0)
(0.0115455 -0.0165377 0)
(0.0151624 -0.0124508 0)
(0.0154154 -0.00573206 0)
(0.0117459 0.00170172 0)
(0.00392932 0.00894518 0)
(-0.0083833 0.016107 0)
(-0.0258573 0.0239501 0)
(-0.0493081 0.0332254 0)
(-0.0793731 0.0442128 0)
(-0.11615 0.0565713 0)
(-0.15897 0.0694247 0)
(-0.206379 0.0815502 0)
(-0.25634 0.091619 0)
(-0.306567 0.0984452 0)
(-0.354886 0.10118 0)
(-0.39949 0.0994044 0)
(-0.439048 0.0931039 0)
(-0.472681 0.0825785 0)
(-0.499861 0.0683279 0)
(-0.520294 0.0509538 0)
(-0.533792 0.0310868 0)
(-0.540184 0.00935722 0)
(-0.539304 -0.0135754 0)
(-0.530976 -0.0369736 0)
(-0.515078 -0.0599878 0)
(-0.491577 -0.0816604 0)
(-0.460571 -0.100928 0)
(-0.422385 -0.116645 0)
(-0.377648 -0.12767 0)
(-0.327367 -0.133006 0)
(-0.27301 -0.131963 0)
(-0.216516 -0.124334 0)
(-0.160202 -0.110548 0)
(-0.106548 -0.0917185 0)
(-0.0579016 -0.0695459 0)
(-0.016134 -0.0460326 0)
(0.0175601 -0.023093 0)
(0.0425908 -0.00247026 0)
(0.058896 0.0145989 0)
(0.0667354 0.0271908 0)
(0.0672203 0.0349304 0)
(0.0619059 0.0381591 0)
(0.0525819 0.0377809 0)
(0.0410398 0.0349312 0)
(0.0288305 0.0305676 0)
(0.0171893 0.0250319 0)
(0.00742119 0.0177405 0)
(0.000862098 0.00736626 0)
(0.000999765 -0.0110185 0)
(0.00561045 -0.0208278 0)
(0.00922764 -0.0203475 0)
(0.00967539 -0.0129 0)
(0.00561553 -0.0019329 0)
(-0.00347069 0.0101307 0)
(-0.018048 0.0223905 0)
(-0.0388721 0.0352903 0)
(-0.0668769 0.0497699 0)
(-0.102714 0.0663548 0)
(-0.146282 0.0846723 0)
(-0.196504 0.103491 0)
(-0.251442 0.121081 0)
(-0.308647 0.135647 0)
(-0.365615 0.145704 0)
(-0.420164 0.1503 0)
(-0.47065 0.14907 0)
(-0.515993 0.14214 0)
(-0.555562 0.129962 0)
(-0.589025 0.113154 0)
(-0.616227 0.0923907 0)
(-0.637099 0.0683401 0)
(-0.651562 0.0416291 0)
(-0.659526 0.0128761 0)
(-0.6609 -0.0172531 0)
(-0.655568 -0.0480214 0)
(-0.643299 -0.078584 0)
(-0.623803 -0.10794 0)
(-0.5968 -0.134897 0)
(-0.562073 -0.158091 0)
(-0.519563 -0.176056 0)
(-0.469552 -0.187331 0)
(-0.412858 -0.190658 0)
(-0.350963 -0.185259 0)
(-0.28607 -0.171117 0)
(-0.221011 -0.149165 0)
(-0.158955 -0.121294 0)
(-0.102905 -0.0901068 0)
(-0.055148 -0.0584558 0)
(-0.0168734 -0.0288599 0)
(0.011793 -0.00309475 0)
(0.0312312 0.0176376 0)
(0.0419947 0.0326671 0)
(0.0452875 0.0418396 0)
(0.042629 0.0456933 0)
(0.0357455 0.0452965 0)
(0.0264 0.0417586 0)
(0.0162508 0.0355998 0)
(0.00710984 0.0261578 0)
(0.000796483 0.0113833 0)
(0.000995713 -0.0139233 0)
(0.0041611 -0.0242939 0)
(0.00457905 -0.0208764 0)
(0.000392187 -0.00872289 0)
(-0.00947241 0.00766466 0)
(-0.0255773 0.0256046 0)
(-0.0486656 0.0444956 0)
(-0.0797177 0.0650109 0)
(-0.119448 0.0878069 0)
(-0.167672 0.11257 0)
(-0.223045 0.137845 0)
(-0.283263 0.161477 0)
(-0.34556 0.181247 0)
(-0.407243 0.195378 0)
(-0.466089 0.202798 0)
(-0.520514 0.203162 0)
(-0.569547 0.196696 0)
(-0.612682 0.18398 0)
(-0.649717 0.165751 0)
(-0.680654 0.142793 0)
(-0.705633 0.115872 0)
(-0.724848 0.0856842 0)
(-0.738499 0.0528605 0)
(-0.74679 0.0180216 0)
(-0.749858 -0.0182226 0)
(-0.747685 -0.0552735 0)
(-0.740048 -0.0924403 0)
(-0.726528 -0.128828 0)
(-0.70653 -0.163315 0)
(-0.679277 -0.194524 0)
(-0.643953 -0.220801 0)
(-0.599921 -0.24027 0)
(-0.54695 -0.251032 0)
(-0.485483 -0.251491 0)
(-0.416926 -0.240731 0)
(-0.343818 -0.218904 0)
(-0.269734 -0.187519 0)
(-0.198864 -0.149433 0)
(-0.135258 -0.108417 0)
(-0.0819196 -0.0683474 0)
(-0.040139 -0.0323459 0)
(-0.00954166 -0.00227609 0)
(0.0110396 0.0211298 0)
(0.0227956 0.0375907 0)
(0.0271548 0.0473223 0)
(0.0257808 0.0511065 0)
(0.0204638 0.0499371 0)
(0.0130774 0.0443191 0)
(0.00574902 0.0334774 0)
(0.000590986 0.0148942 0)
(0.000839801 -0.0158643 0)
(0.00148295 -0.0247683 0)
(-0.00259813 -0.0166909 0)
(-0.0126905 0.0014553 0)
(-0.0295786 0.0244116 0)
(-0.0539371 0.049581 0)
(-0.0866655 0.076655 0)
(-0.128523 0.106097 0)
(-0.179384 0.137659 0)
(-0.237818 0.169795 0)
(-0.3013 0.200023 0)
(-0.366796 0.22571 0)
(-0.431393 0.244742 0)
(-0.492725 0.255856 0)
(-0.549137 0.25866 0)
(-0.599633 0.253436 0)
(-0.643738 0.240892 0)
(-0.681352 0.221934 0)
(-0.712649 0.197531 0)
(-0.738028 0.168644 0)
(-0.758022 0.13614 0)
(-0.773199 0.100755 0)
(-0.784134 0.0631242 0)
(-0.791341 0.0237943 0)
(-0.795137 -0.0168033 0)
(-0.795635 -0.0582881 0)
(-0.792758 -0.100208 0)
(-0.786089 -0.141947 0)
(-0.77487 -0.182678 0)
(-0.757993 -0.221236 0)
(-0.734108 -0.256009 0)
(-0.701732 -0.284953 0)
(-0.659445 -0.30571 0)
(-0.606265 -0.315851 0)
(-0.542123 -0.313261 0)
(-0.468292 -0.296713 0)
(-0.387672 -0.266462 0)
(-0.304752 -0.224654 0)
(-0.225066 -0.175307 0)
(-0.154085 -0.123654 0)
(-0.095812 -0.0748854 0)
(-0.0517064 -0.0327975 0)
(-0.0207549 0.000855931 0)
(-0.000749592 0.0259382 0)
(0.0103052 0.0427815 0)
(0.0143119 0.0520078 0)
(0.0132064 0.0544138 0)
(0.00901252 0.0503525 0)
(0.00400053 0.0389265 0)
(0.000362212 0.0174922 0)
(0.000464945 -0.0160967 0)
(-0.00257448 -0.0209707 0)
(-0.0122874 -0.0066132 0)
(-0.0292378 0.0186648 0)
(-0.0539561 0.0492796 0)
(-0.0871939 0.082887 0)
(-0.129675 0.119134 0)
(-0.181407 0.157675 0)
(-0.241067 0.196956 0)
(-0.306066 0.234266 0)
(-0.373167 0.266558 0)
(-0.439202 0.291293 0)
(-0.501568 0.306907 0)
(-0.558421 0.312865 0)
(-0.608646 0.309458 0)
(-0.651738 0.29752 0)
(-0.687673 0.278179 0)
(-0.716805 0.252673 0)
(-0.739789 0.222238 0)
(-0.757478 0.188011 0)
(-0.770786 0.15093 0)
(-0.780603 0.111733 0)
(-0.787757 0.0709789 0)
(-0.792889 0.0290338 0)
(-0.796421 -0.0138901 0)
(-0.798622 -0.0576211 0)
(-0.799569 -0.101995 0)
(-0.798947 -0.146779 0)
(-0.796101 -0.191544 0)
(-0.789991 -0.2355 0)
(-0.779143 -0.277377 0)
(-0.761604 -0.315355 0)
(-0.735086 -0.347009 0)
(-0.697297 -0.369376 0)
(-0.64641 -0.379274 0)
(-0.581672 -0.373876 0)
(-0.504091 -0.351475 0)
(-0.416949 -0.312317 0)
(-0.325823 -0.259229 0)
(-0.237869 -0.197637 0)
(-0.160282 -0.134621 0)
(-0.098244 -0.0770227 0)
(-0.0533186 -0.0293905 0)
(-0.0235823 0.00685752 0)
(-0.00556284 0.0324395 0)
(0.00361297 0.0482865 0)
(0.00645739 0.0552431 0)
(0.00528892 0.0535845 0)
(0.00248742 0.0423747 0)
(0.000209231 0.0191564 0)
(-0.000172041 -0.0137861 0)
(-0.00796656 -0.0118275 0)
(-0.0241236 0.0102066 0)
(-0.048441 0.0435111 0)
(-0.0812367 0.0826476 0)
(-0.123147 0.125398 0)
(-0.174309 0.170833 0)
(-0.233651 0.217354 0)
(-0.298706 0.262111 0)
(-0.36614 0.301652 0)
(-0.432531 0.332914 0)
(-0.494973 0.353885 0)
(-0.551353 0.363761 0)
(-0.600368 0.362765 0)
(-0.641438 0.351842 0)
(-0.674597 0.332368 0)
(-0.700372 0.305915 0)
(-0.719667 0.274071 0)
(-0.733617 0.238296 0)
(-0.743418 0.199804 0)
(-0.750194 0.159507 0)
(-0.754944 0.118041 0)
(-0.75848 0.0757893 0)
(-0.761381 0.0329053 0)
(-0.764087 -0.0105744 0)
(-0.766934 -0.0546647 0)
(-0.770047 -0.0994585 0)
(-0.773316 -0.145033 0)
(-0.776423 -0.191312 0)
(-0.778713 -0.237965 0)
(-0.779011 -0.284296 0)
(-0.775506 -0.329049 0)
(-0.765746 -0.370201 0)
(-0.746726 -0.404855 0)
(-0.715198 -0.429335 0)
(-0.668296 -0.439551 0)
(-0.604442 -0.431708 0)
(-0.524321 -0.40338 0)
(-0.431619 -0.354721 0)
(-0.333156 -0.289388 0)
(-0.237977 -0.214589 0)
(-0.155224 -0.139732 0)
(-0.0912522 -0.0736397 0)
(-0.0474055 -0.0215473 0)
(-0.0204316 0.0157943 0)
(-0.00547386 0.0401064 0)
(0.00120385 0.0527732 0)
(0.00267349 0.0543832 0)
(0.00160584 0.0441994 0)
(0.000183926 0.0201672 0)
(-0.00107278 -0.00816462 0)
(-0.0144171 0.0034103 0)
(-0.0373695 0.0341478 0)
(-0.0690457 0.0760513 0)
(-0.109502 0.124139 0)
(-0.158991 0.175953 0)
(-0.216771 0.229518 0)
(-0.280682 0.281876 0)
(-0.34745 0.329213 0)
(-0.413464 0.367863 0)
(-0.475494 0.395194 0)
(-0.531097 0.409959 0)
(-0.578726 0.412194 0)
(-0.617683 0.402897 0)
(-0.648024 0.383694 0)
(-0.670437 0.356529 0)
(-0.686065 0.3234 0)
(-0.696307 0.286148 0)
(-0.702598 0.246295 0)
(-0.706237 0.204965 0)
(-0.708297 0.162898 0)
(-0.709616 0.120518 0)
(-0.710775 0.077986 0)
(-0.712159 0.0352872 0)
(-0.714096 -0.00766696 0)
(-0.716844 -0.0510261 0)
(-0.72052 -0.0950012 0)
(-0.72523 -0.139799 0)
(-0.731011 -0.185573 0)
(-0.737681 -0.232397 0)
(-0.744674 -0.280147 0)
(-0.750874 -0.328285 0)
(-0.754397 -0.37559 0)
(-0.752411 -0.419891 0)
(-0.741165 -0.457846 0)
(-0.716395 -0.484932 0)
(-0.674115 -0.495879 0)
(-0.611792 -0.485642 0)
(-0.529705 -0.450886 0)
(-0.432049 -0.391678 0)
(-0.327152 -0.312809 0)
(-0.226233 -0.223862 0)
(-0.140483 -0.137196 0)
(-0.0771209 -0.0638345 0)
(-0.0365944 -0.0093211 0)
(-0.0137834 0.0267959 0)
(-0.00262772 0.0471423 0)
(0.00130291 0.053246 0)
(0.0014468 0.0450166 0)
(0.000288205 0.0209448 0)
(-0.00217994 0.00131481 0)
(-0.0214278 0.0250305 0)
(-0.0510233 0.0650717 0)
(-0.0895026 0.115753 0)
(-0.136552 0.172622 0)
(-0.191813 0.232567 0)
(-0.253588 0.292337 0)
(-0.318872 0.347806 0)
(-0.383994 0.39467 0)
(-0.445437 0.429509 0)
(-0.500396 0.450415 0)
(-0.547012 0.457048 0)
(-0.584406 0.450343 0)
(-0.612604 0.432129 0)
(-0.632407 0.404734 0)
(-0.645175 0.370617 0)
(-0.652559 0.332059 0)
(-0.65622 0.290932 0)
(-0.657609 0.248596 0)
(-0.65785 0.205905 0)
(-0.657733 0.163306 0)
(-0.657754 0.120954 0)
(-0.658181 0.078812 0)
(-0.659157 0.0367573 0)
(-0.660802 -0.00537046 0)
(-0.663249 -0.0477545 0)
(-0.666593 -0.0905793 0)
(-0.671032 -0.134033 0)
(-0.676792 -0.178343 0)
(-0.684061 -0.223776 0)
(-0.692898 -0.270573 0)
(-0.703051 -0.318819 0)
(-0.71364 -0.368222 0)
(-0.722814 -0.417748 0)
(-0.727473 -0.46515 0)
(-0.723218 -0.506571 0)
(-0.704713 -0.536471 0)
(-0.666694 -0.548128 0)
(-0.605573 -0.534934 0)
(-0.521301 -0.492464 0)
(-0.418837 -0.420876 0)
(-0.308408 -0.326729 0)
(-0.203736 -0.222902 0)
(-0.117979 -0.125415 0)
(-0.0584589 -0.0473893 0)
(-0.0236465 0.00623236 0)
(-0.00619076 0.037753 0)
(0.000678783 0.050385 0)
(0.00180978 0.0453521 0)
(0.000485796 0.0218723 0)
(-0.00335819 0.0148855 0)
(-0.0283516 0.0528315 0)
(-0.0639656 0.102353 0)
(-0.108203 0.161532 0)
(-0.160269 0.226373 0)
(-0.219092 0.292816 0)
(-0.282149 0.356351 0)
(-0.345924 0.412052 0)
(-0.406714 0.455587 0)
(-0.461354 0.484135 0)
(-0.507615 0.496711 0)
(-0.544343 0.493987 0)
(-0.571442 0.477877 0)
(-0.589742 0.451058 0)
(-0.600764 0.416484 0)
(-0.606386 0.376944 0)
(-0.608488 0.334735 0)
(-0.608676 0.291496 0)
(-0.608133 0.248218 0)
(-0.607608 0.205366 0)
(-0.607489 0.163052 0)
(-0.607918 0.121192 0)
(-0.608888 0.0796194 0)
(-0.610341 0.0381607 0)
(-0.612231 -0.00334761 0)
(-0.614596 -0.0450383 0)
(-0.617496 -0.0870116 0)
(-0.621082 -0.129371 0)
(-0.625594 -0.172278 0)
(-0.631366 -0.215971 0)
(-0.638803 -0.26078 0)
(-0.648261 -0.307118 0)
(-0.659825 -0.355372 0)
(-0.67296 -0.405598 0)
(-0.686033 -0.457025 0)
(-0.695801 -0.507378 0)
(-0.697192 -0.552245 0)
(-0.683715 -0.58482 0)
(-0.648743 -0.596533 0)
(-0.587632 -0.578865 0)
(-0.500207 -0.526269 0)
(-0.39268 -0.439514 0)
(-0.277792 -0.328023 0)
(-0.172112 -0.209273 0)
(-0.0902952 -0.103575 0)
(-0.0383235 -0.0252817 0)
(-0.0113387 0.0229004 0)
(-0.000155457 0.0453606 0)
(0.00229677 0.0453501 0)
(0.000720589 0.0231546 0)
(-0.0044436 0.0323952 0)
(-0.0345362 0.0861486 0)
(-0.0751395 0.144936 0)
(-0.123719 0.211883 0)
(-0.17894 0.283357 0)
(-0.239048 0.354224 0)
(-0.300937 0.418928 0)
(-0.360914 0.472163 0)
(-0.415518 0.509955 0)
(-0.46211 0.530344 0)
(-0.499161 0.533422 0)
(-0.526319 0.520969 0)
(-0.544321 0.495902 0)
(-0.554749 0.461661 0)
(-0.55965 0.421615 0)
(-0.561112 0.378581 0)
(-0.56091 0.334572 0)
(-0.56031 0.290769 0)
(-0.560049 0.247681 0)
(-0.560436 0.205372 0)
(-0.5615 0.16368 0)
(-0.56313 0.122375 0)
(-0.565167 0.0812427 0)
(-0.567457 0.0401168 0)
(-0.569894 -0.00111884 0)
(-0.572479 -0.0425266 0)
(-0.575237 -0.084134 0)
(-0.578224 -0.125959 0)
(-0.581598 -0.168049 0)
(-0.585629 -0.210507 0)
(-0.59072 -0.253555 0)
(-0.59741 -0.297597 0)
(-0.60631 -0.343234 0)
(-0.617902 -0.391169 0)
(-0.632088 -0.441882 0)
(-0.64752 -0.494973 0)
(-0.660862 -0.548166 0)
(-0.666364 -0.596313 0)
(-0.656269 -0.630958 0)
(-0.622476 -0.641201 0)
(-0.559398 -0.616289 0)
(-0.467241 -0.549781 0)
(-0.354308 -0.444116 0)
(-0.236672 -0.313371 0)
(-0.133892 -0.181265 0)
(-0.0609078 -0.0724311 0)
(-0.0200579 -0.00020868 0)
(-0.0022696 0.0369364 0)
(0.00246935 0.0446254 0)
(0.000939949 0.0247523 0)
(-0.00528785 0.0532818 0)
(-0.0394207 0.123923 0)
(-0.0836869 0.191446 0)
(-0.134985 0.26507 0)
(-0.191442 0.341495 0)
(-0.250755 0.414564 0)
(-0.30951 0.477985 0)
(-0.36411 0.526461 0)
(-0.411525 0.556694 0)
(-0.449767 0.567778 0)
(-0.478085 0.561004 0)
(-0.496956 0.539299 0)
(-0.507878 0.506503 0)
(-0.512975 0.4666 0)
(-0.514511 0.42305 0)
(-0.514442 0.378375 0)
(-0.514156 0.334056 0)
(-0.514424 0.290709 0)
(-0.515516 0.248372 0)
(-0.517382 0.206804 0)
(-0.519829 0.165694 0)
(-0.522642 0.124771 0)
(-0.525638 0.0838473 0)
(-0.528675 0.0428051 0)
(-0.531667 0.0015859 0)
(-0.534619 -0.039824 0)
(-0.537548 -0.0814108 0)
(-0.540444 -0.123148 0)
(-0.543366 -0.165001 0)
(-0.546429 -0.206957 0)
(-0.549854 -0.249071 0)
(-0.554034 -0.291542 0)
(-0.559593 -0.334811 0)
(-0.567367 -0.379653 0)
(-0.578209 -0.42713 0)
(-0.592482 -0.478224 0)
(-0.60919 -0.532951 0)
(-0.624897 -0.588965 0)
(-0.633024 -0.640077 0)
(-0.624346 -0.675606 0)
(-0.589255 -0.681684 0)
(-0.521601 -0.64512 0)
(-0.422866 -0.55935 0)
(-0.304662 -0.430463 0)
(-0.187291 -0.279816 0)
(-0.0928391 -0.138953 0)
(-0.0339627 -0.0351917 0)
(-0.00650402 0.0231668 0)
(0.00201192 0.042308 0)
(0.00111639 0.0264152 0)
(-0.00576965 0.0766397 0)
(-0.0425927 0.164822 0)
(-0.0890345 0.240338 0)
(-0.141386 0.319322 0)
(-0.197296 0.398889 0)
(-0.2541 0.472037 0)
(-0.308323 0.532074 0)
(-0.356668 0.574051 0)
(-0.396662 0.595581 0)
(-0.427032 0.596964 0)
(-0.447817 0.580747 0)
(-0.460242 0.550946 0)
(-0.466367 0.512121 0)
(-0.46856 0.468477 0)
(-0.468964 0.423223 0)
(-0.46914 0.378314 0)
(-0.469953 0.334589 0)
(-0.471685 0.292119 0)
(-0.474245 0.250595 0)
(-0.477384 0.209618 0)
(-0.480841 0.168854 0)
(-0.484419 0.12808 0)
(-0.487994 0.0871719 0)
(-0.491489 0.0460715 0)
(-0.494869 0.00476211 0)
(-0.498164 -0.0367483 0)
(-0.501403 -0.0784357 0)
(-0.504554 -0.120271 0)
(-0.50761 -0.162201 0)
(-0.510566 -0.20416 0)
(-0.51346 -0.246089 0)
(-0.516432 -0.287981 0)
(-0.519822 -0.329987 0)
(-0.524276 -0.372574 0)
(-0.530804 -0.416691 0)
(-0.540629 -0.463788 0)
(-0.554596 -0.515411 0)
(-0.572023 -0.572021 0)
(-0.589221 -0.631007 0)
(-0.598512 -0.684551 0)
(-0.588948 -0.718862 0)
(-0.549498 -0.71639 0)
(-0.474207 -0.661706 0)
(-0.367299 -0.549894 0)
(-0.24531 -0.394005 0)
(-0.133337 -0.226067 0)
(-0.0540391 -0.085833 0)
(-0.0133504 0.00163428 0)
(0.000772707 0.0372175 0)
(0.00125377 0.0277845 0)
(-0.00581347 0.101335 0)
(-0.0438201 0.207365 0)
(-0.0909187 0.290034 0)
(-0.142753 0.372989 0)
(-0.196595 0.453959 0)
(-0.24961 0.525346 0)
(-0.298463 0.580378 0)
(-0.340291 0.614723 0)
(-0.373241 0.627083 0)
(-0.396758 0.619046 0)
(-0.411592 0.594387 0)
(-0.41954 0.558045 0)
(-0.422948 0.514999 0)
(-0.424117 0.46933 0)
(-0.424823 0.423707 0)
(-0.426102 0.379386 0)
(-0.428318 0.33658 0)
(-0.431385 0.294951 0)
(-0.43502 0.254008 0)
(-0.438929 0.213334 0)
(-0.442894 0.172661 0)
(-0.4468 0.131853 0)
(-0.450603 0.0908562 0)
(-0.454294 0.0496581 0)
(-0.457878 0.00826115 0)
(-0.461415 -0.033325 0)
(-0.464944 -0.0750854 0)
(-0.46844 -0.117012 0)
(-0.471875 -0.159069 0)
(-0.475199 -0.2012 0)
(-0.478349 -0.243315 0)
(-0.481279 -0.285304 0)
(-0.48403 -0.327098 0)
(-0.486855 -0.368787 0)
(-0.490403 -0.410847 0)
(-0.495844 -0.454416 0)
(-0.50476 -0.501408 0)
(-0.518456 -0.554021 0)
(-0.536459 -0.613101 0)
(-0.554522 -0.675309 0)
(-0.563389 -0.730218 0)
(-0.550079 -0.759697 0)
(-0.502555 -0.741893 0)
(-0.416503 -0.660255 0)
(-0.30104 -0.515008 0)
(-0.179308 -0.331202 0)
(-0.0805123 -0.15485 0)
(-0.023157 -0.0304606 0)
(-0.00128175 0.0280222 0)
(0.0013715 0.0284831 0)
(-0.00539611 0.126126 0)
(-0.0430467 0.250045 0)
(-0.0893588 0.339046 0)
(-0.139295 0.424648 0)
(-0.189871 0.505495 0)
(-0.238248 0.573679 0)
(-0.281379 0.62262 0)
(-0.316904 0.648802 0)
(-0.343598 0.652125 0)
(-0.361552 0.635471 0)
(-0.372077 0.603724 0)
(-0.377303 0.56249 0)
(-0.379585 0.516843 0)
(-0.380921 0.470436 0)
(-0.382594 0.425232 0)
(-0.385137 0.381788 0)
(-0.388532 0.339824 0)
(-0.392496 0.298765 0)
(-0.396706 0.258086 0)
(-0.400925 0.217449 0)
(-0.405028 0.17669 0)
(-0.408986 0.135756 0)
(-0.412823 0.0946458 0)
(-0.416568 0.0533705 0)
(-0.420247 0.0119338 0)
(-0.423931 -0.0296646 0)
(-0.427672 -0.0714241 0)
(-0.431454 -0.11336 0)
(-0.435253 -0.155468 0)
(-0.439026 -0.197721 0)
(-0.442694 -0.240059 0)
(-0.44614 -0.282372 0)
(-0.44924 -0.324507 0)
(-0.451938 -0.366318 0)
(-0.454402 -0.407827 0)
(-0.457276 -0.449532 0)
(-0.461897 -0.492824 0)
(-0.470237 -0.540203 0)
(-0.484028 -0.594613 0)
(-0.502756 -0.657078 0)
(-0.52104 -0.722654 0)
(-0.52737 -0.776701 0)
(-0.506611 -0.7952 0)
(-0.446803 -0.752014 0)
(-0.347669 -0.632493 0)
(-0.225952 -0.448146 0)
(-0.112329 -0.242548 0)
(-0.0364002 -0.076115 0)
(-0.00422523 0.0132212 0)
(0.00146102 0.0281014 0)
(-0.00454226 0.149771 0)
(-0.0403653 0.291424 0)
(-0.0845971 0.386051 0)
(-0.131496 0.473154 0)
(-0.177933 0.552666 0)
(-0.221204 0.616651 0)
(-0.258635 0.65894 0)
(-0.288393 0.676963 0)
(-0.309822 0.671853 0)
(-0.323538 0.647712 0)
(-0.331214 0.610339 0)
(-0.335069 0.565721 0)
(-0.337248 0.518724 0)
(-0.339319 0.47238 0)
(-0.342073 0.427911 0)
(-0.34565 0.385281 0)
(-0.349813 0.343888 0)
(-0.354227 0.30308 0)
(-0.358627 0.262404 0)
(-0.362873 0.221636 0)
(-0.366931 0.18071 0)
(-0.370836 0.139635 0)
(-0.374648 0.0984359 0)
(-0.378412 0.0571254 0)
(-0.382152 0.0156984 0)
(-0.385936 -0.0258586 0)
(-0.389823 -0.067557 0)
(-0.393804 -0.10943 0)
(-0.397864 -0.151496 0)
(-0.40198 -0.193761 0)
(-0.406098 -0.236208 0)
(-0.410115 -0.278778 0)
(-0.413876 -0.321341 0)
(-0.417191 -0.363694 0)
(-0.419912 -0.405612 0)
(-0.422134 -0.447049 0)
(-0.424523 -0.488567 0)
(-0.428651 -0.531941 0)
(-0.436925 -0.58047 0)
(-0.451405 -0.637926 0)
(-0.471061 -0.704958 0)
(-0.488496 -0.77337 0)
(-0.489189 -0.821945 0)
(-0.456247 -0.819341 0)
(-0.380058 -0.736938 0)
(-0.267943 -0.568406 0)
(-0.146922 -0.345978 0)
(-0.0533961 -0.137543 0)
(-0.00822332 -0.00881879 0)
(0.00147436 0.0261834 0)
(-0.00331457 0.171129 0)
(-0.0359779 0.330206 0)
(-0.0770264 0.42994 0)
(-0.12 0.517648 0)
(-0.161726 0.594966 0)
(-0.199721 0.654204 0)
(-0.231733 0.689753 0)
(-0.256423 0.700052 0)
(-0.273611 0.68743 0)
(-0.284278 0.65707 0)
(-0.290251 0.615452 0)
(-0.293638 0.568668 0)
(-0.29624 0.521164 0)
(-0.299169 0.475267 0)
(-0.302815 0.43153 0)
(-0.307067 0.38948 0)
(-0.311609 0.348358 0)
(-0.31615 0.307548 0)
(-0.32052 0.266715 0)
(-0.324672 0.225747 0)
(-0.328638 0.184651 0)
(-0.332486 0.143466 0)
(-0.336286 0.102219 0)
(-0.340083 0.0609153 0)
(-0.343888 0.0195349 0)
(-0.347759 -0.0219476 0)
(-0.351761 -0.0635514 0)
(-0.355888 -0.105322 0)
(-0.360125 -0.147289 0)
(-0.364467 -0.189482 0)
(-0.368885 -0.231918 0)
(-0.373319 -0.274589 0)
(-0.377652 -0.317434 0)
(-0.381697 -0.360303 0)
(-0.385202 -0.402934 0)
(-0.387944 -0.445012 0)
(-0.389971 -0.486438 0)
(-0.39204 -0.527941 0)
(-0.396059 -0.571927 0)
(-0.404942 -0.622802 0)
(-0.420848 -0.685084 0)
(-0.441382 -0.75777 0)
(-0.455863 -0.8266 0)
(-0.446267 -0.86076 0)
(-0.395645 -0.821419 0)
(-0.300732 -0.683132 0)
(-0.180746 -0.459466 0)
(-0.0735969 -0.215098 0)
(-0.0135227 -0.0398829 0)
(0.00138992 0.0222483 0)
(-0.00180198 0.18922 0)
(-0.0301559 0.365275 0)
(-0.0671202 0.469829 0)
(-0.105519 0.557533 0)
(-0.142204 0.632157 0)
(-0.174969 0.686504 0)
(-0.201985 0.71562 0)
(-0.222347 0.718941 0)
(-0.236228 0.699896 0)
(-0.244805 0.66457 0)
(-0.249879 0.619887 0)
(-0.253308 0.571827 0)
(-0.256497 0.524295 0)
(-0.260158 0.478939 0)
(-0.264399 0.435765 0)
(-0.268989 0.39403 0)
(-0.273629 0.352938 0)
(-0.278112 0.311972 0)
(-0.282361 0.270919 0)
(-0.286396 0.229754 0)
(-0.290284 0.188524 0)
(-0.2941 0.147273 0)
(-0.297914 0.106021 0)
(-0.301761 0.0647572 0)
(-0.305641 0.0234491 0)
(-0.309599 -0.017939 0)
(-0.313706 -0.0594305 0)
(-0.317961 -0.10108 0)
(-0.32234 -0.142925 0)
(-0.326846 -0.185004 0)
(-0.331466 -0.227355 0)
(-0.336171 -0.270005 0)
(-0.340893 -0.312955 0)
(-0.345503 -0.356139 0)
(-0.349782 -0.399373 0)
(-0.353422 -0.442319 0)
(-0.356135 -0.484562 0)
(-0.357972 -0.525999 0)
(-0.359896 -0.567729 0)
(-0.364327 -0.613202 0)
(-0.374716 -0.668298 0)
(-0.392744 -0.737689 0)
(-0.413221 -0.816049 0)
(-0.42078 -0.878689 0)
(-0.394549 -0.882486 0)
(-0.321428 -0.784821 0)
(-0.210236 -0.575951 0)
(-0.0954047 -0.306741 0)
(-0.0203475 -0.0816471 0)
(0.00124993 0.0158126 0)
(-0.000108676 0.203267 0)
(-0.0232059 0.395706 0)
(-0.0553764 0.505045 0)
(-0.0887523 0.59243 0)
(-0.120254 0.664192 0)
(-0.147966 0.713851 0)
(-0.170462 0.737139 0)
(-0.187185 0.734425 0)
(-0.198533 0.710096 0)
(-0.205726 0.670943 0)
(-0.210399 0.624127 0)
(-0.214085 0.575378 0)
(-0.217809 0.52803 0)
(-0.221975 0.483139 0)
(-0.226523 0.440316 0)
(-0.231198 0.398672 0)
(-0.235765 0.357457 0)
(-0.240105 0.316268 0)
(-0.24421 0.274995 0)
(-0.24814 0.233669 0)
(-0.251971 0.192353 0)
(-0.255775 0.151081 0)
(-0.259613 0.109858 0)
(-0.263514 0.0686612 0)
(-0.267471 0.0274463 0)
(-0.271511 -0.0138309 0)
(-0.275721 -0.0551956 0)
(-0.280105 -0.0967122 0)
(-0.284624 -0.138421 0)
(-0.289283 -0.180369 0)
(-0.294075 -0.222601 0)
(-0.298983 -0.265165 0)
(-0.303975 -0.308098 0)
(-0.308975 -0.351405 0)
(-0.313837 -0.395006 0)
(-0.318302 -0.438661 0)
(-0.322005 -0.481926 0)
(-0.324617 -0.524281 0)
(-0.326277 -0.565742 0)
(-0.328344 -0.608168 0)
(-0.333963 -0.656696 0)
(-0.346944 -0.718865 0)
(-0.367285 -0.797599 0)
(-0.384914 -0.878224 0)
(-0.379033 -0.920135 0)
(-0.329096 -0.868361 0)
(-0.232637 -0.688423 0)
(-0.116663 -0.408482 0)
(-0.0286978 -0.13526 0)
(0.00111684 0.00636469 0)
(0.00165565 0.212711 0)
(-0.0154442 0.420769 0)
(-0.0422772 0.535097 0)
(-0.0703443 0.622132 0)
(-0.0966477 0.69115 0)
(-0.119548 0.736593 0)
(-0.13798 0.754869 0)
(-0.15165 0.747166 0)
(-0.161058 0.71866 0)
(-0.167338 0.676656 0)
(-0.171872 0.628403 0)
(-0.175843 0.579308 0)
(-0.17995 0.532184 0)
(-0.184382 0.487615 0)
(-0.189007 0.444945 0)
(-0.193599 0.403241 0)
(-0.198 0.361827 0)
(-0.202163 0.320409 0)
(-0.206126 0.27895 0)
(-0.209962 0.237511 0)
(-0.213745 0.196153 0)
(-0.217538 0.154896 0)
(-0.221392 0.11373 0)
(-0.225338 0.0726227 0)
(-0.229363 0.0315222 0)
(-0.233476 -0.00962475 0)
(-0.237784 -0.0508432 0)
(-0.242303 -0.0922102 0)
(-0.246974 -0.13377 0)
(-0.2518 -0.175573 0)
(-0.256774 -0.21767 0)
(-0.261884 -0.260116 0)
(-0.267109 -0.302968 0)
(-0.272411 -0.346274 0)
(-0.277701 -0.390036 0)
(-0.282803 -0.434138 0)
(-0.287412 -0.478248 0)
(-0.291102 -0.521774 0)
(-0.293546 -0.564129 0)
(-0.295121 -0.605728 0)
(-0.297869 -0.649896 0)
(-0.305828 -0.704273 0)
(-0.322455 -0.777345 0)
(-0.343781 -0.865604 0)
(-0.352645 -0.937097 0)
(-0.32454 -0.931365 0)
(-0.246432 -0.791014 0)
(-0.13532 -0.515272 0)
(-0.0381838 -0.200494 0)
(0.000968348 -0.00656448 0)
(0.00338507 0.217242 0)
(-0.00717989 0.439876 0)
(-0.0282713 0.559639 0)
(-0.0508578 0.646552 0)
(-0.0720236 0.713176 0)
(-0.0903639 0.755075 0)
(-0.105128 0.769288 0)
(-0.116203 0.757674 0)
(-0.124088 0.726016 0)
(-0.129738 0.681972 0)
(-0.134231 0.632774 0)
(-0.138415 0.58351 0)
(-0.142727 0.536557 0)
(-0.147222 0.492154 0)
(-0.151755 0.449491 0)
(-0.156158 0.407638 0)
(-0.160344 0.366008 0)
(-0.164317 0.324388 0)
(-0.168137 0.282788 0)
(-0.171878 0.241282 0)
(-0.175606 0.199919 0)
(-0.179372 0.158706 0)
(-0.183224 0.117621 0)
(-0.187197 0.0766258 0)
(-0.191275 0.0356642 0)
(-0.195445 -0.00532564 0)
(-0.199842 -0.0463719 0)
(-0.204503 -0.087564 0)
(-0.209339 -0.128954 0)
(-0.214354 -0.170594 0)
(-0.219536 -0.212538 0)
(-0.224874 -0.254846 0)
(-0.230353 -0.297583 0)
(-0.235946 -0.34082 0)
(-0.241601 -0.384611 0)
(-0.247209 -0.428938 0)
(-0.252553 -0.473612 0)
(-0.257262 -0.518152 0)
(-0.260862 -0.56179 0)
(-0.26312 -0.604018 0)
(-0.264914 -0.646254 0)
(-0.269333 -0.694439 0)
(-0.28116 -0.759254 0)
(-0.301584 -0.846788 0)
(-0.319343 -0.937767 0)
(-0.309792 -0.973906 0)
(-0.251373 -0.879606 0)
(-0.149895 -0.621982 0)
(-0.048075 -0.275588 0)
(0.00066417 -0.0234195 0)
(0.00493809 0.216673 0)
(0.00128186 0.452687 0)
(-0.0137579 0.578416 0)
(-0.0307737 0.665676 0)
(-0.0468953 0.730434 0)
(-0.0609018 0.769596 0)
(-0.0723075 0.780766 0)
(-0.0811118 0.766308 0)
(-0.0877378 0.732432 0)
(-0.0929016 0.687009 0)
(-0.0973544 0.63721 0)
(-0.10164 0.587845 0)
(-0.105992 0.54097 0)
(-0.110392 0.496599 0)
(-0.114718 0.453843 0)
(-0.118866 0.411807 0)
(-0.122807 0.369975 0)
(-0.126577 0.328195 0)
(-0.130242 0.286502 0)
(-0.133873 0.24497 0)
(-0.137525 0.203634 0)
(-0.141242 0.162491 0)
(-0.145069 0.121509 0)
(-0.149047 0.0806499 0)
(-0.153162 0.0398575 0)
(-0.157371 -0.000938035 0)
(-0.161843 -0.0417821 0)
(-0.166646 -0.0827639 0)
(-0.17166 -0.123953 0)
(-0.176882 -0.165403 0)
(-0.182302 -0.207172 0)
(-0.187904 -0.249318 0)
(-0.193674 -0.291912 0)
(-0.199592 -0.335037 0)
(-0.205623 -0.378777 0)
(-0.211694 -0.423182 0)
(-0.21766 -0.46818 0)
(-0.223243 -0.513448 0)
(-0.228005 -0.558287 0)
(-0.231463 -0.601785 0)
(-0.233668 -0.643932 0)
(-0.236407 -0.688335 0)
(-0.244119 -0.745055 0)
(-0.261182 -0.826455 0)
(-0.282776 -0.9271 0)
(-0.287506 -0.997913 0)
(-0.248231 -0.951951 0)
(-0.159649 -0.724113 0)
(-0.0575383 -0.35778 0)
(-5.14975e-06 -0.0446259 0)
(0.00615984 0.211232 0)
(0.00957802 0.45876 0)
(0.000938212 0.591335 0)
(-0.0104922 0.679514 0)
(-0.0216691 0.743078 0)
(-0.0315173 0.780388 0)
(-0.0397786 0.789561 0)
(-0.0465143 0.773292 0)
(-0.0520215 0.738045 0)
(-0.0567442 0.691794 0)
(-0.0611072 0.641634 0)
(-0.0653797 0.59218 0)
(-0.0696377 0.545284 0)
(-0.073828 0.500837 0)
(-0.077868 0.457929 0)
(-0.0817149 0.415707 0)
(-0.0853838 0.373708 0)
(-0.0889291 0.331815 0)
(-0.0924181 0.290074 0)
(-0.0959127 0.248551 0)
(-0.0994621 0.207273 0)
(-0.103105 0.166225 0)
(-0.106882 0.125372 0)
(-0.110842 0.0846735 0)
(-0.114976 0.0440822 0)
(-0.11921 0.00352349 0)
(-0.12374 -0.0370811 0)
(-0.128678 -0.0778076 0)
(-0.133879 -0.118756 0)
(-0.139325 -0.159981 0)
(-0.145005 -0.201539 0)
(-0.150906 -0.243492 0)
(-0.157012 -0.285911 0)
(-0.163303 -0.328885 0)
(-0.169753 -0.372518 0)
(-0.176308 -0.416902 0)
(-0.182867 -0.462053 0)
(-0.189231 -0.507786 0)
(-0.195049 -0.553557 0)
(-0.199823 -0.598401 0)
(-0.20318 -0.641495 0)
(-0.205803 -0.684334 0)
(-0.210932 -0.73472 0)
(-0.224056 -0.807566 0)
(-0.245825 -0.909709 0)
(-0.260411 -1.00643 0)
(-0.238422 -1.00746 0)
(-0.164534 -0.818185 0)
(-0.0658481 -0.44392 0)
(-0.00115687 -0.0704244 0)
(0.00695671 0.201419 0)
(0.0173262 0.457683 0)
(0.0154909 0.598247 0)
(0.0096727 0.688164 0)
(0.00333353 0.751231 0)
(-0.00247472 0.787617 0)
(-0.00770542 0.795838 0)
(-0.0124618 0.778748 0)
(-0.0168921 0.742905 0)
(-0.0211549 0.6963 0)
(-0.025357 0.645963 0)
(-0.0295169 0.596404 0)
(-0.0335822 0.549391 0)
(-0.0374833 0.504784 0)
(-0.0411819 0.461693 0)
(-0.0446893 0.4193 0)
(-0.0480556 0.377176 0)
(-0.0513472 0.335218 0)
(-0.0546284 0.29347 0)
(-0.0579539 0.251992 0)
(-0.0613688 0.210802 0)
(-0.0649094 0.16988 0)
(-0.0686146 0.129184 0)
(-0.0725356 0.0886722 0)
(-0.0766716 0.0483068 0)
(-0.0809222 0.00801708 0)
(-0.0854903 -0.0322999 0)
(-0.0905474 -0.072714 0)
(-0.095942 -0.113371 0)
(-0.101619 -0.154322 0)
(-0.107577 -0.195624 0)
(-0.113806 -0.237337 0)
(-0.120288 -0.279536 0)
(-0.127006 -0.322313 0)
(-0.133931 -0.365785 0)
(-0.141025 -0.410073 0)
(-0.148206 -0.455253 0)
(-0.155329 -0.501248 0)
(-0.162126 -0.547669 0)
(-0.168174 -0.593656 0)
(-0.172976 -0.638062 0)
(-0.176517 -0.680888 0)
(-0.180696 -0.727203 0)
(-0.190574 -0.791423 0)
(-0.210428 -0.889272 0)
(-0.230931 -1.0029 0)
(-0.223635 -1.0468 0)
(-0.164998 -0.901854 0)
(-0.0725301 -0.531013 0)
(-0.00274376 -0.100748 0)
(0.00731501 0.187858 0)
(0.0242028 0.449396 0)
(0.0295311 0.598842 0)
(0.0294488 0.691664 0)
(0.0278686 0.754993 0)
(0.0260299 0.791341 0)
(0.0238013 0.799637 0)
(0.0210299 0.782694 0)
(0.0177146 0.746999 0)
(0.0139752 0.700482 0)
(0.0100112 0.650129 0)
(0.0060406 0.600449 0)
(0.00223519 0.553239 0)
(-0.00132183 0.508411 0)
(-0.00463574 0.465119 0)
(-0.00776662 0.422579 0)
(-0.0107941 0.380373 0)
(-0.0137939 0.338396 0)
(-0.016828 0.296684 0)
(-0.0199461 0.255287 0)
(-0.0231906 0.214218 0)
(-0.0265988 0.173453 0)
(-0.0302097 0.132943 0)
(-0.0340783 0.0926408 0)
(-0.038219 0.0525193 0)
(-0.0424901 0.0125305 0)
(-0.0470679 -0.0274379 0)
(-0.052213 -0.0674782 0)
(-0.0577928 -0.10779 0)
(-0.0637006 -0.14842 0)
(-0.0699457 -0.189413 0)
(-0.0765235 -0.23083 0)
(-0.0834188 -0.27275 0)
(-0.0906114 -0.315272 0)
(-0.0980752 -0.358521 0)
(-0.105772 -0.402641 0)
(-0.113638 -0.44775 0)
(-0.121554 -0.493853 0)
(-0.129316 -0.540684 0)
(-0.136588 -0.587529 0)
(-0.142899 -0.633199 0)
(-0.147914 -0.676841 0)
(-0.152469 -0.721106 0)
(-0.160405 -0.778056 0)
(-0.177643 -0.868289 0)
(-0.200983 -0.990663 0)
(-0.205533 -1.07146 0)
(-0.161775 -0.973829 0)
(-0.0774062 -0.616548 0)
(-0.00459456 -0.135199 0)
(0.00726168 0.171296 0)
(0.0299392 0.434047 0)
(0.042669 0.59282 0)
(0.0485602 0.689948 0)
(0.0517227 0.754421 0)
(0.0538243 0.791572 0)
(0.0546431 0.800905 0)
(0.0539508 0.785037 0)
(0.0518642 0.750219 0)
(0.0487562 0.704236 0)
(0.0451157 0.65405 0)
(0.0413928 0.604251 0)
(0.0378836 0.556777 0)
(0.0346965 0.511669 0)
(0.0317953 0.468162 0)
(0.0290762 0.4255 0)
(0.026429 0.383258 0)
(0.0237655 0.341313 0)
(0.0210232 0.299685 0)
(0.0181543 0.258418 0)
(0.0151166 0.217522 0)
(0.0118688 0.176972 0)
(0.00836801 0.136722 0)
(0.00455958 0.0967229 0)
(0.000412816 0.0569494 0)
(-0.00389248 0.0173482 0)
(-0.00845816 -0.0222792 0)
(-0.0136428 -0.061975 0)
(-0.0193793 -0.101933 0)
(-0.0255076 -0.14221 0)
(-0.0320384 -0.182847 0)
(-0.038977 -0.223912 0)
(-0.0463132 -0.265491 0)
(-0.0540266 -0.307695 0)
(-0.062088 -0.350657 0)
(-0.0704586 -0.394537 0)
(-0.0790803 -0.439486 0)
(-0.0878554 -0.485568 0)
(-0.09662 -0.532614 0)
(-0.105109 -0.580042 0)
(-0.112932 -0.626738 0)
(-0.119669 -0.671464 0)
(-0.125499 -0.715114 0)
(-0.132899 -0.766709 0)
(-0.147828 -0.848114 0)
(-0.17191 -0.97254 0)
(-0.185571 -1.08337 0)
(-0.155718 -1.03369 0)
(-0.0805622 -0.698606 0)
(-0.00649653 -0.173127 0)
(0.00684824 0.152582 0)
(0.034326 0.412003 0)
(0.0545088 0.579916 0)
(0.0667016 0.682862 0)
(0.074685 0.749529 0)
(0.0807352 0.788289 0)
(0.0846994 0.799544 0)
(0.086254 0.785635 0)
(0.0855802 0.752416 0)
(0.0832604 0.707436 0)
(0.0800482 0.65763 0)
(0.076625 0.607743 0)
(0.0734302 0.559949 0)
(0.070622 0.5145 0)
(0.0681513 0.470751 0)
(0.0658774 0.427977 0)
(0.0636572 0.385734 0)
(0.0613846 0.343864 0)
(0.0589901 0.302366 0)
(0.0564247 0.261274 0)
(0.0536452 0.220599 0)
(0.0506073 0.180317 0)
(0.0472645 0.140387 0)
(0.043563 0.100759 0)
(0.0394521 0.0613956 0)
(0.0350529 0.0222284 0)
(0.0304057 -0.0169878 0)
(0.0252119 -0.0562969 0)
(0.019373 -0.0958307 0)
(0.0130423 -0.135668 0)
(0.00622839 -0.175864 0)
(-0.00108102 -0.216499 0)
(-0.00888419 -0.257671 0)
(-0.0171604 -0.299491 0)
(-0.0258741 -0.342099 0)
(-0.0349831 -0.385666 0)
(-0.0444341 -0.430369 0)
(-0.054144 -0.476319 0)
(-0.0639777 -0.523419 0)
(-0.0737241 -0.57119 0)
(-0.0830731 -0.61862 0)
(-0.0916369 -0.664354 0)
(-0.0992803 -0.708195 0)
(-0.107349 -0.756296 0)
(-0.120862 -0.829171 0)
(-0.144528 -0.950724 0)
(-0.164912 -1.08451 0)
(-0.147673 -1.08161 0)
(-0.0822789 -0.775858 0)
(-0.00827099 -0.213775 0)
(0.00614996 0.132606 0)
(0.0372197 0.383876 0)
(0.0646529 0.559947 0)
(0.0835099 0.670144 0)
(0.0965149 0.740251 0)
(0.106572 0.781425 0)
(0.113816 0.795402 0)
(0.117844 0.784289 0)
(0.118834 0.753402 0)
(0.117515 0.709942 0)
(0.11487 0.660795 0)
(0.11181 0.610903 0)
(0.108941 0.562762 0)
(0.106506 0.516911 0)
(0.10447 0.472875 0)
(0.102667 0.429978 0)
(0.100921 0.387748 0)
(0.0990995 0.345985 0)
(0.0971169 0.304655 0)
(0.0949178 0.263775 0)
(0.0924562 0.223356 0)
(0.0896855 0.183375 0)
(0.0865576 0.143792 0)
(0.0830223 0.104549 0)
(0.0790286 0.0655896 0)
(0.0746276 0.0268437 0)
(0.0699105 -0.0118824 0)
(0.0646563 -0.0506687 0)
(0.0586962 -0.0896492 0)
(0.0521433 -0.128924 0)
(0.0450125 -0.168564 0)
(0.0372862 -0.208657 0)
(0.0289715 -0.249307 0)
(0.0200901 -0.29063 0)
(0.0106735 -0.332777 0)
(0.00076396 -0.375932 0)
(-0.00958933 -0.420296 0)
(-0.0203135 -0.466006 0)
(-0.0312945 -0.513016 0)
(-0.0423664 -0.560921 0)
(-0.0532901 -0.6088 0)
(-0.063745 -0.655297 0)
(-0.0735039 -0.699632 0)
(-0.0831433 -0.7457 0)
(-0.0963645 -0.811223 0)
(-0.119234 -0.926718 0)
(-0.14442 -1.07677 0)
(-0.138401 -1.11818 0)
(-0.0829538 -0.847486 0)
(-0.00981995 -0.256426 0)
(0.00526237 0.112248 0)
(0.0385522 0.350543 0)
(0.0727127 0.532887 0)
(0.0985432 0.65145 0)
(0.116903 0.726414 0)
(0.131104 0.770867 0)
(0.141788 0.788278 0)
(0.14856 0.780733 0)
(0.151529 0.752918 0)
(0.151491 0.711562 0)
(0.149606 0.66344 0)
(0.147003 0.613706 0)
(0.14448 0.565233 0)
(0.142406 0.518926 0)
(0.140797 0.474544 0)
(0.139481 0.431489 0)
(0.138252 0.389273 0)
(0.136943 0.347642 0)
(0.135442 0.306518 0)
(0.133681 0.265898 0)
(0.131606 0.225784 0)
(0.129169 0.186157 0)
(0.126318 0.146972 0)
(0.123007 0.108169 0)
(0.119186 0.0696759 0)
(0.114851 0.0314128 0)
(0.110095 -0.00677611 0)
(0.104761 -0.0449866 0)
(0.098663 -0.0833478 0)
(0.0918763 -0.121978 0)
(0.0844182 -0.160968 0)
(0.0762656 -0.200411 0)
(0.0674172 -0.240419 0)
(0.057891 -0.281124 0)
(0.0477154 -0.322689 0)
(0.0369305 -0.365315 0)
(0.0255904 -0.409215 0)
(0.0137666 -0.454547 0)
(0.00155119 -0.501304 0)
(-0.0109331 -0.549141 0)
(-0.0235099 -0.5972 0)
(-0.0359309 -0.644154 0)
(-0.0479861 -0.68895 0)
(-0.0598157 -0.733947 0)
(-0.0738595 -0.79364 0)
(-0.0961213 -0.901411 0)
(-0.12468 -1.06176 0)
(-0.128533 -1.14416 0)
(-0.0830307 -0.913073 0)
(-0.0111434 -0.300516 0)
(0.00429086 0.0923212 0)
(0.0383447 0.313141 0)
(0.0783359 0.498955 0)
(0.11128 0.626414 0)
(0.135434 0.707726 0)
(0.154026 0.756441 0)
(0.168343 0.777941 0)
(0.178153 0.774647 0)
(0.183474 0.75063 0)
(0.185075 0.712024 0)
(0.18422 0.665395 0)
(0.182229 0.616077 0)
(0.180109 0.567354 0)
(0.178393 0.520562 0)
(0.177194 0.475762 0)
(0.176368 0.43249 0)
(0.175688 0.390262 0)
(0.174948 0.348773 0)
(0.174004 0.307893 0)
(0.17276 0.267583 0)
(0.17115 0.227833 0)
(0.169118 0.188618 0)
(0.166611 0.149896 0)
(0.16358 0.1116 0)
(0.159976 0.0736509 0)
(0.155758 0.0359573 0)
(0.151004 -0.0016097 0)
(0.145604 -0.0391718 0)
(0.13937 -0.076837 0)
(0.132348 -0.114734 0)
(0.124551 -0.152975 0)
(0.115953 -0.191667 0)
(0.106547 -0.230932 0)
(0.0963446 -0.270916 0)
(0.0853731 -0.311794 0)
(0.073671 -0.353775 0)
(0.0612882 -0.397082 0)
(0.0482841 -0.441891 0)
(0.0347298 -0.488222 0)
(0.020719 -0.535766 0)
(0.00637898 -0.583721 0)
(-0.00811242 -0.630801 0)
(-0.022605 -0.675835 0)
(-0.0370348 -0.720251 0)
(-0.05287 -0.775611 0)
(-0.0750785 -0.875192 0)
(-0.106038 -1.04076 0)
(-0.118558 -1.16033 0)
(-0.0829423 -0.972484 0)
(-0.0123378 -0.34571 0)
(0.00333501 0.0735151 0)
(0.0367181 0.273044 0)
(0.0812475 0.458702 0)
(0.121142 0.594746 0)
(0.151559 0.68378 0)
(0.174927 0.737893 0)
(0.193123 0.764138 0)
(0.206279 0.765678 0)
(0.214365 0.746136 0)
(0.218041 0.710968 0)
(0.218586 0.666402 0)
(0.217456 0.617877 0)
(0.215861 0.569078 0)
(0.214538 0.521819 0)
(0.213742 0.476537 0)
(0.213397 0.432967 0)
(0.213281 0.390672 0)
(0.213157 0.349311 0)
(0.212838 0.308694 0)
(0.212193 0.268739 0)
(0.211132 0.229411 0)
(0.209587 0.190675 0)
(0.207497 0.152483 0)
(0.204808 0.114768 0)
(0.201468 0.0774433 0)
(0.197422 0.0404118 0)
(0.192715 0.00356168 0)
(0.187269 -0.0332566 0)
(0.180919 -0.0701321 0)
(0.173669 -0.107197 0)
(0.16553 -0.144583 0)
(0.156477 -0.18241 0)
(0.146496 -0.220813 0)
(0.135594 -0.259952 0)
(0.123795 -0.300015 0)
(0.111134 -0.341224 0)
(0.0976535 -0.383809 0)
(0.0834017 -0.427952 0)
(0.0684264 -0.47368 0)
(0.0527829 -0.520705 0)
(0.0365432 -0.568267 0)
(0.0198296 -0.615114 0)
(0.00274558 -0.660056 0)
(-0.0145693 -0.704019 0)
(-0.0329676 -0.756293 0)
(-0.0558797 -0.848073 0)
(-0.0886634 -1.01476 0)
(-0.108813 -1.1674 0)
(-0.0830671 -1.02575 0)
(-0.0135841 -0.391934 0)
(0.00247187 0.0563598 0)
(0.0338934 0.231805 0)
(0.0813002 0.413077 0)
(0.127554 0.556357 0)
(0.164596 0.654099 0)
(0.193248 0.714859 0)
(0.215659 0.74658 0)
(0.232481 0.753459 0)
(0.243763 0.738982 0)
(0.250024 0.70794 0)
(0.25245 0.666096 0)
(0.252554 0.61887 0)
(0.251719 0.570292 0)
(0.250897 0.522668 0)
(0.250531 0.476874 0)
(0.250664 0.43292 0)
(0.251115 0.390478 0)
(0.251635 0.349199 0)
(0.251996 0.308845 0)
(0.252024 0.269279 0)
(0.251597 0.230428 0)
(0.250623 0.19224 0)
(0.24903 0.154656 0)
(0.246754 0.117604 0)
(0.243738 0.0809943 0)
(0.23992 0.0447247 0)
(0.235311 0.00868693 0)
(0.229854 -0.0272748 0)
(0.223411 -0.0632506 0)
(0.215951 -0.0993749 0)
(0.207476 -0.13579 0)
(0.197969 -0.172631 0)
(0.187407 -0.210048 0)
(0.175795 -0.248212 0)
(0.163149 -0.287327 0)
(0.1495 -0.327622 0)
(0.134878 -0.369332 0)
(0.119314 -0.412635 0)
(0.102828 -0.457558 0)
(0.0854342 -0.503821 0)
(0.0671531 -0.55069 0)
(0.0480496 -0.596955 0)
(0.0281899 -0.641416 0)
(0.00775259 -0.68481 0)
(-0.0137859 -0.734908 0)
(-0.0382375 -0.819814 0)
(-0.0725896 -0.984441 0)
(-0.099483 -1.16594 0)
(-0.0836954 -1.07298 0)
(-0.0151297 -0.439384 0)
(0.00174444 0.0412039 0)
(0.0301775 0.19105 0)
(0.0785255 0.363455 0)
(0.130024 0.511511 0)
(0.173767 0.618243 0)
(0.208257 0.68686 0)
(0.235338 0.724911 0)
(0.256183 0.737612 0)
(0.271094 0.728682 0)
(0.28049 0.7024 0)
(0.285387 0.663982 0)
(0.287249 0.618683 0)
(0.287562 0.570767 0)
(0.287476 0.523004 0)
(0.287649 0.476746 0)
(0.288292 0.432353 0)
(0.289315 0.389674 0)
(0.290488 0.348409 0)
(0.291562 0.308289 0)
(0.292322 0.269125 0)
(0.292603 0.230801 0)
(0.292284 0.19323 0)
(0.291269 0.156337 0)
(0.289482 0.120041 0)
(0.286857 0.0842454 0)
(0.283327 0.0488444 0)
(0.278874 0.013726 0)
(0.273455 -0.0212617 0)
(0.266952 -0.0562193 0)
(0.259308 -0.0912843 0)
(0.250521 -0.126607 0)
(0.240572 -0.162336 0)
(0.22944 -0.198634 0)
(0.217121 -0.235688 0)
(0.203625 -0.273711 0)
(0.18897 -0.312938 0)
(0.173172 -0.3536 0)
(0.156236 -0.395866 0)
(0.138147 -0.439749 0)
(0.118875 -0.484966 0)
(0.0983879 -0.530809 0)
(0.076697 -0.576117 0)
(0.0538438 -0.619736 0)
(0.0300641 -0.662256 0)
(0.0049897 -0.710771 0)
(-0.0218203 -0.790032 0)
(-0.0577395 -0.950278 0)
(-0.0905991 -1.15633 0)
(-0.0850003 -1.11422 0)
(-0.0172606 -0.488496 0)
(0.00116118 0.0282198 0)
(0.0259314 0.152331 0)
(0.0731754 0.311605 0)
(0.128257 0.460961 0)
(0.178292 0.575972 0)
(0.219057 0.653351 0)
(0.251362 0.698682 0)
(0.276659 0.717732 0)
(0.295637 0.714738 0)
(0.308733 0.693743 0)
(0.316773 0.659438 0)
(0.321068 0.616775 0)
(0.323101 0.57011 0)
(0.324166 0.522591 0)
(0.32513 0.476044 0)
(0.326406 0.43123 0)
(0.328044 0.388255 0)
(0.329886 0.346929 0)
(0.331689 0.306993 0)
(0.333213 0.268224 0)
(0.334256 0.230456 0)
(0.334658 0.193564 0)
(0.334296 0.157447 0)
(0.333074 0.122003 0)
(0.33091 0.087128 0)
(0.327733 0.0527092 0)
(0.3235 0.0186291 0)
(0.318176 -0.0152629 0)
(0.31166 -0.0490779 0)
(0.303874 -0.0829581 0)
(0.29481 -0.11706 0)
(0.284453 -0.151545 0)
(0.272779 -0.186589 0)
(0.259773 -0.222388 0)
(0.245437 -0.259164 0)
(0.229772 -0.29715 0)
(0.212768 -0.336568 0)
(0.194397 -0.377567 0)
(0.174604 -0.420137 0)
(0.15331 -0.463988 0)
(0.13043 -0.508429 0)
(0.105928 -0.552373 0)
(0.0798322 -0.594765 0)
(0.0524526 -0.636185 0)
(0.0235985 -0.683221 0)
(-0.00626799 -0.758279 0)
(-0.0439522 -0.912617 0)
(-0.0820385 -1.1388 0)
(-0.0870102 -1.14942 0)
(-0.0202614 -0.539924 0)
(0.000707926 0.0174267 0)
(0.0215247 0.116966 0)
(0.0657348 0.259573 0)
(0.122255 0.406044 0)
(0.177523 0.527456 0)
(0.224652 0.613858 0)
(0.262729 0.667357 0)
(0.292998 0.693365 0)
(0.31651 0.696649 0)
(0.333868 0.681333 0)
(0.345765 0.651734 0)
(0.353289 0.612436 0)
(0.357809 0.567726 0)
(0.360661 0.521003 0)
(0.362875 0.474508 0)
(0.365068 0.429425 0)
(0.367471 0.386173 0)
(0.370045 0.344744 0)
(0.372604 0.304943 0)
(0.374912 0.266544 0)
(0.376745 0.229345 0)
(0.377912 0.19318 0)
(0.37826 0.157912 0)
(0.377665 0.123416 0)
(0.37603 0.0895705 0)
(0.373271 0.0562513 0)
(0.369326 0.0233329 0)
(0.364162 -0.00933686 0)
(0.357689 -0.0418805 0)
(0.349818 -0.0744453 0)
(0.340532 -0.107194 0)
(0.329817 -0.140299 0)
(0.317643 -0.173945 0)
(0.303987 -0.208336 0)
(0.288831 -0.243693 0)
(0.272152 -0.280243 0)
(0.253908 -0.318188 0)
(0.234029 -0.357649 0)
(0.212413 -0.39859 0)
(0.188929 -0.440706 0)
(0.163441 -0.483332 0)
(0.13588 -0.525472 0)
(0.106275 -0.566233 0)
(0.0750258 -0.606313 0)
(0.0421773 -0.651961 0)
(0.00877755 -0.723982 0)
(-0.0309946 -0.871754 0)
(-0.0735196 -1.11345 0)
(-0.0895839 -1.17831 0)
(-0.02436 -0.594465 0)
(0.000365862 0.00872095 0)
(0.0172894 0.0858887 0)
(0.0568896 0.209499 0)
(0.1124 0.348687 0)
(0.171112 0.47348 0)
(0.224084 0.568183 0)
(0.268268 0.630388 0)
(0.304067 0.663979 0)
(0.332642 0.67389 0)
(0.35483 0.664531 0)
(0.3713 0.640084 0)
(0.382923 0.604806 0)
(0.390858 0.562805 0)
(0.396362 0.517572 0)
(0.400539 0.47166 0)
(0.404168 0.426638 0)
(0.407673 0.38327 0)
(0.411171 0.341783 0)
(0.41458 0.302112 0)
(0.417718 0.264069 0)
(0.420368 0.227444 0)
(0.422327 0.19204 0)
(0.423417 0.157685 0)
(0.423494 0.124222 0)
(0.422439 0.0915093 0)
(0.420156 0.0594047 0)
(0.416565 0.0277702 0)
(0.411627 -0.00354834 0)
(0.405262 -0.0346917 0)
(0.397372 -0.0658092 0)
(0.387931 -0.0970695 0)
(0.376918 -0.128652 0)
(0.364297 -0.160748 0)
(0.350028 -0.193561 0)
(0.334068 -0.227307 0)
(0.316361 -0.262194 0)
(0.296824 -0.298398 0)
(0.27534 -0.336006 0)
(0.251752 -0.374949 0)
(0.225879 -0.414913 0)
(0.197541 -0.455271 0)
(0.166648 -0.495147 0)
(0.133263 -0.533874 0)
(0.0978999 -0.572387 0)
(0.0608493 -0.616802 0)
(0.0236625 -0.686609 0)
(-0.0185593 -0.828 0)
(-0.0645956 -1.08032 0)
(-0.0923845 -1.20031 0)
(-0.0296478 -0.652914 0)
(0.000127117 0.00189651 0)
(0.013493 0.0595712 0)
(0.0474416 0.163368 0)
(0.0994551 0.291294 0)
(0.15915 0.415584 0)
(0.216632 0.51668 0)
(0.266755 0.587403 0)
(0.308521 0.629007 0)
(0.342734 0.645889 0)
(0.370355 0.642692 0)
(0.39211 0.623684 0)
(0.408718 0.592941 0)
(0.421091 0.554358 0)
(0.430303 0.511386 0)
(0.437411 0.46675 0)
(0.443279 0.422321 0)
(0.448483 0.379186 0)
(0.453312 0.33784 0)
(0.457826 0.298393 0)
(0.461936 0.260751 0)
(0.465481 0.22473 0)
(0.468276 0.190125 0)
(0.470142 0.156737 0)
(0.470923 0.124385 0)
(0.470486 0.0928978 0)
(0.468724 0.0621147 0)
(0.465541 0.0318803 0)
(0.460887 0.00203692 0)
(0.454689 -0.0275793 0)
(0.446843 -0.0571175 0)
(0.437308 -0.0867498 0)
(0.426052 -0.116661 0)
(0.413024 -0.147041 0)
(0.398161 -0.178087 0)
(0.381389 -0.209997 0)
(0.36261 -0.242957 0)
(0.341693 -0.277106 0)
(0.318467 -0.312494 0)
(0.292721 -0.349022 0)
(0.264225 -0.386372 0)
(0.23277 -0.423975 0)
(0.198271 -0.461122 0)
(0.160854 -0.49744 0)
(0.121185 -0.534204 0)
(0.0797889 -0.577567 0)
(0.0387595 -0.64586 0)
(-0.00626731 -0.781707 0)
(-0.0546575 -1.03952 0)
(-0.094841 -1.21446 0)
(-0.0359666 -0.715843 0)
(3.10849e-06 -0.00334545 0)
(0.0103363 0.0380413 0)
(0.0381745 0.122781 0)
(0.0844601 0.236517 0)
(0.142215 0.356075 0)
(0.201993 0.460485 0)
(0.257115 0.538468 0)
(0.304903 0.587979 0)
(0.345265 0.612034 0)
(0.37896 0.615146 0)
(0.406726 0.601739 0)
(0.42919 0.575874 0)
(0.447045 0.541291 0)
(0.461122 0.501333 0)
(0.472327 0.45876 0)
(0.4815 0.415629 0)
(0.489299 0.373284 0)
(0.496151 0.332474 0)
(0.502266 0.29351 0)
(0.507684 0.256427 0)
(0.512338 0.221113 0)
(0.516099 0.187384 0)
(0.518822 0.155039 0)
(0.520361 0.123876 0)
(0.520585 0.0937044 0)
(0.519381 0.064343 0)
(0.516648 0.0356187 0)
(0.512321 0.00736499 0)
(0.506328 -0.0205981 0)
(0.498568 -0.0484226 0)
(0.488974 -0.0762818 0)
(0.477495 -0.104359 0)
(0.464061 -0.132837 0)
(0.44858 -0.161898 0)
(0.430937 -0.191716 0)
(0.410989 -0.222442 0)
(0.388552 -0.254177 0)
(0.3634 -0.286931 0)
(0.335271 -0.32058 0)
(0.303898 -0.354818 0)
(0.26906 -0.389171 0)
(0.230711 -0.423147 0)
(0.189081 -0.45674 0)
(0.145012 -0.491658 0)
(0.0992691 -0.534218 0)
(0.0545052 -0.601746 0)
(0.00637067 -0.733213 0)
(-0.0429455 -0.99141 0)
(-0.0961072 -1.21946 0)
(-0.0427811 -0.783477 0)
(1.67326e-05 -0.00739511 0)
(0.00791706 0.020977 0)
(0.0296499 0.0888028 0)
(0.0684713 0.18696 0)
(0.121247 0.297865 0)
(0.180371 0.401633 0)
(0.23864 0.484371 0)
(0.291844 0.540762 0)
(0.338582 0.571764 0)
(0.378954 0.581192 0)
(0.413475 0.573449 0)
(0.442656 0.552657 0)
(0.467 0.522497 0)
(0.487102 0.486198 0)
(0.503653 0.446475 0)
(0.517373 0.405448 0)
(0.528909 0.364622 0)
(0.538763 0.324945 0)
(0.547267 0.286917 0)
(0.554592 0.250724 0)
(0.560787 0.21635 0)
(0.565816 0.183668 0)
(0.569597 0.152496 0)
(0.572028 0.122637 0)
(0.573001 0.0938886 0)
(0.572414 0.0660575 0)
(0.570172 0.0389572 0)
(0.5662 0.0124105 0)
(0.560426 -0.0137692 0)
(0.55275 -0.0397385 0)
(0.54308 -0.0656672 0)
(0.531342 -0.0917299 0)
(0.517441 -0.118095 0)
(0.50125 -0.144922 0)
(0.482612 -0.172353 0)
(0.461335 -0.2005 0)
(0.437184 -0.229422 0)
(0.409883 -0.259092 0)
(0.37913 -0.289372 0)
(0.344639 -0.319996 0)
(0.306211 -0.350626 0)
(0.263874 -0.38105 0)
(0.217997 -0.411696 0)
(0.169616 -0.444781 0)
(0.119729 -0.486863 0)
(0.0714717 -0.554399 0)
(0.0200677 -0.683016 0)
(-0.0286226 -0.936882 0)
(-0.0950696 -1.21378 0)
(-0.0490891 -0.855749 0)
(0.00015567 -0.0106727 0)
(0.00602962 0.0078943 0)
(0.0218299 0.0619869 0)
(0.0520532 0.144867 0)
(0.0971337 0.244122 0)
(0.152334 0.342931 0)
(0.211118 0.42677 0)
(0.268316 0.487831 0)
(0.321123 0.524779 0)
(0.368552 0.540171 0)
(0.410524 0.538013 0)
(0.447257 0.522376 0)
(0.479044 0.496919 0)
(0.506254 0.464788 0)
(0.529355 0.428617 0)
(0.548894 0.390506 0)
(0.565428 0.352021 0)
(0.57946 0.31423 0)
(0.591384 0.27778 0)
(0.601476 0.242993 0)
(0.609897 0.209961 0)
(0.616719 0.178633 0)
(0.621946 0.148876 0)
(0.625545 0.120513 0)
(0.627457 0.0933522 0)
(0.62761 0.0671995 0)
(0.625931 0.0418651 0)
(0.622345 0.017168 0)
(0.616783 -0.00707694 0)
(0.609152 -0.0310295 0)
(0.599338 -0.0548472 0)
(0.587243 -0.0786883 0)
(0.572745 -0.1027 0)
(0.555685 -0.127013 0)
(0.535865 -0.151733 0)
(0.513051 -0.176928 0)
(0.486965 -0.202616 0)
(0.457295 -0.228742 0)
(0.423724 -0.255176 0)
(0.38598 -0.281725 0)
(0.343924 -0.308239 0)
(0.297695 -0.334841 0)
(0.24782 -0.362446 0)
(0.195504 -0.393814 0)
(0.141925 -0.435784 0)
(0.0905323 -0.504069 0)
(0.035924 -0.631401 0)
(-0.0109584 -0.877474 0)
(-0.0904581 -1.19569 0)
(-0.0534065 -0.931895 0)
(0.000279511 -0.0133858 0)
(0.00370779 -0.00144818 0)
(0.013402 0.0426204 0)
(0.0344399 0.111878 0)
(0.0699371 0.197736 0)
(0.118324 0.287528 0)
(0.174718 0.368071 0)
(0.233832 0.430418 0)
(0.291726 0.471279 0)
(0.346136 0.491651 0)
(0.396031 0.494698 0)
(0.441047 0.484165 0)
(0.481133 0.463585 0)
(0.516408 0.436013 0)
(0.547121 0.403986 0)
(0.573633 0.369536 0)
(0.596374 0.334217 0)
(0.615782 0.299141 0)
(0.63226 0.265039 0)
(0.646138 0.232334 0)
(0.657664 0.201215 0)
(0.667004 0.171712 0)
(0.674256 0.143751 0)
(0.679466 0.117197 0)
(0.682641 0.0918853 0)
(0.68376 0.0676373 0)
(0.682783 0.0442743 0)
(0.679656 0.0216227 0)
(0.674318 -0.000490042 0)
(0.666683 -0.0222231 0)
(0.656634 -0.0437127 0)
(0.644052 -0.0650924 0)
(0.628793 -0.0864818 0)
(0.610675 -0.107977 0)
(0.589474 -0.129642 0)
(0.564926 -0.151508 0)
(0.536735 -0.173555 0)
(0.504587 -0.195721 0)
(0.468189 -0.217907 0)
(0.42733 -0.240042 0)
(0.381976 -0.262204 0)
(0.332394 -0.28489 0)
(0.279245 -0.309509 0)
(0.223824 -0.339343 0)
(0.167334 -0.381486 0)
(0.113295 -0.451001 0)
(0.0556826 -0.577923 0)
(0.0107098 -0.815131 0)
(-0.0808338 -1.16267 0)
(-0.053735 -1.00872 0)
(-4.09536e-05 -0.0148471 0)
(-0.00140149 -0.0061616 0)
(0.00103913 0.031323 0)
(0.0126138 0.0889807 0)
(0.0379107 0.1607 0)
(0.0778521 0.23814 0)
(0.129559 0.310897 0)
(0.188404 0.370367 0)
(0.249891 0.412113 0)
(0.310628 0.435659 0)
(0.368463 0.443033 0)
(0.422194 0.437308 0)
(0.471223 0.421663 0)
(0.515319 0.398952 0)
(0.554484 0.371569 0)
(0.588894 0.341441 0)
(0.618836 0.310059 0)
(0.64466 0.278522 0)
(0.666732 0.247588 0)
(0.685396 0.217737 0)
(0.700944 0.189227 0)
(0.713613 0.162158 0)
(0.72358 0.136516 0)
(0.730966 0.112217 0)
(0.735848 0.0891357 0)
(0.738264 0.0671247 0)
(0.738221 0.0460297 0)
(0.735696 0.0256974 0)
(0.730653 0.00598 0)
(0.723014 -0.0132687 0)
(0.712677 -0.0321618 0)
(0.699516 -0.050802 0)
(0.683381 -0.0692741 0)
(0.664087 -0.0876368 0)
(0.641408 -0.105918 0)
(0.615087 -0.124115 0)
(0.584855 -0.142195 0)
(0.550449 -0.160108 0)
(0.511658 -0.177829 0)
(0.468383 -0.195434 0)
(0.420715 -0.213258 0)
(0.369036 -0.23216 0)
(0.314053 -0.253998 0)
(0.257003 -0.28249 0)
(0.198887 -0.324902 0)
(0.14302 -0.395643 0)
(0.0826061 -0.522216 0)
(0.0379882 -0.751312 0)
(-0.0637516 -1.11115 0)
(-0.0473472 -1.07929 0)
(-0.00177979 -0.0122073 0)
(-0.0131633 -0.00305698 0)
(-0.0205159 0.0295549 0)
(-0.0187419 0.0765411 0)
(-0.00296806 0.133654 0)
(0.0288318 0.196233 0)
(0.0751381 0.257229 0)
(0.132283 0.309576 0)
(0.195862 0.348613 0)
(0.261818 0.372814 0)
(0.327027 0.383041 0)
(0.389372 0.381446 0)
(0.447553 0.370588 0)
(0.500859 0.352929 0)
(0.548979 0.33061 0)
(0.591873 0.30539 0)
(0.62968 0.278651 0)
(0.662649 0.251432 0)
(0.691089 0.224476 0)
(0.715325 0.198278 0)
(0.735666 0.173137 0)
(0.75239 0.149201 0)
(0.765728 0.126509 0)
(0.775864 0.105027 0)
(0.782938 0.0846737 0)
(0.787046 0.0653407 0)
(0.788247 0.0469088 0)
(0.786562 0.0292562 0)
(0.781984 0.0122679 0)
(0.774471 -0.00417126 0)
(0.76394 -0.0201528 0)
(0.750284 -0.035751 0)
(0.733379 -0.0510171 0)
(0.713071 -0.0659747 0)
(0.689179 -0.0806236 0)
(0.661514 -0.0949467 0)
(0.629895 -0.108921 0)
(0.594179 -0.122546 0)
(0.554286 -0.135888 0)
(0.510252 -0.149183 0)
(0.462268 -0.16299 0)
(0.410739 -0.178464 0)
(0.356265 -0.197798 0)
(0.29982 -0.22502 0)
(0.241954 -0.267485 0)
(0.185568 -0.338942 0)
(0.122619 -0.46451 0)
(0.0759903 -0.687067 0)
(-0.0344734 -1.03969 0)
(-0.0308681 -1.13658 0)
(-0.00667986 0.000526091 0)
(-0.0363392 0.0133137 0)
(-0.0570923 0.0395445 0)
(-0.0654757 0.0742277 0)
(-0.0576495 0.115541 0)
(-0.0321058 0.161299 0)
(0.0100902 0.207581 0)
(0.0656443 0.249272 0)
(0.130488 0.28219 0)
(0.200508 0.304248 0)
(0.27204 0.31541 0)
(0.342233 0.316862 0)
(0.409102 0.310354 0)
(0.471399 0.297751 0)
(0.528434 0.280793 0)
(0.579907 0.260972 0)
(0.62578 0.239495 0)
(0.666188 0.217298 0)
(0.701367 0.195069 0)
(0.731608 0.173289 0)
(0.757216 0.152266 0)
(0.778486 0.132178 0)
(0.795687 0.113104 0)
(0.809051 0.0950519 0)
(0.818771 0.0779837 0)
(0.825001 0.0618325 0)
(0.827855 0.0465172 0)
(0.827412 0.0319526 0)
(0.823714 0.0180577 0)
(0.816777 0.00475905 0)
(0.806575 -0.00800374 0)
(0.793027 -0.0202759 0)
(0.776085 -0.0321017 0)
(0.75569 -0.0434977 0)
(0.731769 -0.0544575 0)
(0.704257 -0.0649689 0)
(0.673115 -0.0750382 0)
(0.638347 -0.0847203 0)
(0.600013 -0.0941704 0)
(0.558236 -0.103737 0)
(0.51321 -0.114118 0)
(0.465202 -0.126615 0)
(0.414485 -0.143573 0)
(0.361492 -0.169154 0)
(0.306031 -0.210728 0)
(0.250307 -0.281551 0)
(0.184675 -0.404751 0)
(0.135494 -0.619143 0)
(0.0115557 -0.956701 0)
(-0.0018158 -1.17905 0)
(-0.0171217 0.0329638 0)
(-0.074795 0.0490902 0)
(-0.111644 0.0626658 0)
(-0.129672 0.080471 0)
(-0.127645 0.103467 0)
(-0.105824 0.130873 0)
(-0.0657544 0.160509 0)
(-0.0106677 0.189182 0)
(0.0554268 0.21357 0)
(0.128556 0.231175 0)
(0.205098 0.241307 0)
(0.28178 0.244459 0)
(0.356103 0.241563 0)
(0.426367 0.233773 0)
(0.491519 0.222294 0)
(0.550987 0.208239 0)
(0.604534 0.192559 0)
(0.652161 0.176023 0)
(0.694018 0.159219 0)
(0.730349 0.142577 0)
(0.761446 0.126389 0)
(0.78761 0.110843 0)
(0.809141 0.096039 0)
(0.826312 0.0820181 0)
(0.839371 0.0687782 0)
(0.848531 0.0562898 0)
(0.853972 0.044508 0)
(0.855844 0.0333812 0)
(0.854268 0.0228586 0)
(0.84934 0.0128967 0)
(0.841127 0.00346027 0)
(0.829748 -0.00547133 0)
(0.815105 -0.0139089 0)
(0.797263 -0.021891 0)
(0.776302 -0.0294471 0)
(0.752299 -0.0365931 0)
(0.72534 -0.0433627 0)
(0.695531 -0.0498427 0)
(0.662987 -0.0562206 0)
(0.627818 -0.0628683 0)
(0.590086 -0.0704813 0)
(0.549763 -0.0803127 0)
(0.506587 -0.0945836 0)
(0.460143 -0.117253 0)
(0.408981 -0.155379 0)
(0.353777 -0.221655 0)
(0.283181 -0.337855 0)
(0.228215 -0.539207 0)
(0.0731128 -0.870507 0)
(0.0414332 -1.1975 0)
(-0.0353387 0.0984116 0)
(-0.125178 0.109852 0)
(-0.171072 0.0979154 0)
(-0.192295 0.0923275 0)
(-0.192185 0.0943402 0)
(-0.172075 0.10227 0)
(-0.133613 0.114679 0)
(-0.0797067 0.129306 0)
(-0.0140698 0.143486 0)
(0.0597406 0.155019 0)
(0.138537 0.162753 0)
(0.219084 0.166421 0)
(0.298477 0.166215 0)
(0.374677 0.162628 0)
(0.446343 0.156316 0)
(0.512649 0.147965 0)
(0.573157 0.138214 0)
(0.627712 0.127612 0)
(0.676362 0.116605 0)
(0.719285 0.105531 0)
(0.756737 0.0946387 0)
(0.789015 0.084094 0)
(0.816432 0.0740011 0)
(0.839291 0.0644156 0)
(0.857881 0.0553585 0)
(0.872469 0.0468266 0)
(0.883292 0.0388023 0)
(0.890565 0.0312597 0)
(0.894477 0.0241708 0)
(0.895194 0.0175091 0)
(0.892876 0.0112484 0)
(0.887632 0.00538127 0)
(0.879724 -9.85319e-05 0)
(0.869221 -0.00520663 0)
(0.856155 -0.00997174 0)
(0.840653 -0.0144346 0)
(0.822839 -0.0186518 0)
(0.802826 -0.0227133 0)
(0.780693 -0.0267793 0)
(0.756451 -0.031152 0)
(0.729978 -0.0363905 0)
(0.700923 -0.043493 0)
(0.668467 -0.0542278 0)
(0.631222 -0.0717866 0)
(0.585984 -0.101968 0)
(0.530375 -0.155476 0)
(0.449713 -0.251641 0)
(0.373011 -0.423774 0)
(0.152655 -0.740861 0)
(0.118104 -1.13974 0)
(-0.0728647 0.213873 0)
(-0.14465 0.15982 0)
(-0.1418 0.103314 0)
(-0.130661 0.0842243 0)
(-0.112585 0.0722601 0)
(-0.0852657 0.0637143 0)
(-0.0474141 0.0605323 0)
(0.000934828 0.0620151 0)
(0.0589193 0.0662218 0)
(0.125211 0.0716809 0)
(0.197675 0.077077 0)
(0.273634 0.0812809 0)
(0.350545 0.0837641 0)
(0.426349 0.0844078 0)
(0.499499 0.0833321 0)
(0.568895 0.0807908 0)
(0.633809 0.077095 0)
(0.693821 0.0725592 0)
(0.748743 0.0674683 0)
(0.798561 0.0620615 0)
(0.843376 0.0565286 0)
(0.883367 0.0510118 0)
(0.918757 0.0456124 0)
(0.949791 0.0403979 0)
(0.976717 0.0354105 0)
(0.99978 0.0306727 0)
(1.01921 0.0261934 0)
(1.03522 0.0219729 0)
(1.04802 0.0180065 0)
(1.05779 0.0142868 0)
(1.06469 0.010806 0)
(1.06889 0.00755195 0)
(1.07053 0.00451655 0)
(1.06979 0.00170714 0)
(1.06684 -0.000879867 0)
(1.0618 -0.00326713 0)
(1.05477 -0.00549501 0)
(1.04581 -0.00762458 0)
(1.03497 -0.00975513 0)
(1.02217 -0.0120716 0)
(1.0072 -0.0149189 0)
(0.989511 -0.0189051 0)
(0.967947 -0.0250868 0)
(0.940465 -0.0353429 0)
(0.902518 -0.0530626 0)
(0.848373 -0.0844438 0)
(0.757988 -0.141989 0)
(0.641522 -0.252066 0)
(0.335996 -0.495534 0)
(0.327939 -0.862152 0)
(0.238782 0.15977 0)
(0.357182 0.172609 0)
(0.470704 0.127628 0)
(0.571648 0.0910132 0)
(0.648001 0.0667745 0)
(0.706939 0.0498577 0)
(0.756345 0.037432 0)
(0.801035 0.0282432 0)
(0.844116 0.0216329 0)
(0.887709 0.0171805 0)
(0.93295 0.0144538 0)
(0.98008 0.0129763 0)
(1.02871 0.0123021 0)
(1.07809 0.0120609 0)
(1.12733 0.0119756 0)
(1.17557 0.0118642 0)
(1.22203 0.0116268 0)
(1.26612 0.0112248 0)
(1.3074 0.0106594 0)
(1.34556 0.00995425 0)
(1.38047 0.00914277 0)
(1.41205 0.0082599 0)
(1.44034 0.00733759 0)
(1.46543 0.00640282 0)
(1.48742 0.00547713 0)
(1.50647 0.00457679 0)
(1.52274 0.00371339 0)
(1.53637 0.00289495 0)
(1.54754 0.0021269 0)
(1.5564 0.00141264 0)
(1.56311 0.000754112 0)
(1.56783 0.000151861 0)
(1.57068 -0.000394537 0)
(1.57182 -0.000885916 0)
(1.57137 -0.00132129 0)
(1.56949 -0.00170322 0)
(1.56628 -0.00204065 0)
(1.56184 -0.00234968 0)
(1.5562 -0.00265703 0)
(1.54931 -0.0030115 0)
(1.54094 -0.00350337 0)
(1.53056 -0.00428821 0)
(1.51709 -0.00563336 0)
(1.49864 -0.00798388 0)
(1.47131 -0.012169 0)
(1.42965 -0.0194063 0)
(1.35666 -0.0331356 0)
(1.2435 -0.057345 0)
(0.972347 -0.130191 0)
(0.997207 -0.299612 0)
)
;

boundaryField
{
    movingWall
    {
        type            fixedValue;
        value           uniform (2 0 0);
    }
    fixedWalls
    {
        type            fixedValue;
        value           uniform (0 0 0);
    }
    frontAndBack
    {
        type            empty;
    }
}


// ************************************************************************* //
