/*--------------------------------*- C++ -*----------------------------------*\
  =========                 |
  \\      /  F ield         | OpenFOAM: The Open Source CFD Toolbox
   \\    /   O peration     | Website:  https://openfoam.org
    \\  /    A nd           | Version:  7
     \\/     M anipulation  |
\*---------------------------------------------------------------------------*/
FoamFile
{
    version     2.0;
    format      ascii;
    class       volVectorField;
    location    "100";
    object      U;
}
// * * * * * * * * * * * * * * * * * * * * * * * * * * * * * * * * * * * * * //

dimensions      [0 1 -1 0 0 0 0];

internalField   nonuniform List<vector> 
2500
(
(0.000177832 -0.000247977 0)
(0.00182669 -0.000598811 0)
(0.004436 -0.000708307 0)
(0.00708644 -0.000606167 0)
(0.00910144 -0.000425143 0)
(0.0102806 -0.000271136 0)
(0.010728 -0.000194935 0)
(0.0106471 -0.00019123 0)
(0.0101747 -0.000222011 0)
(0.0092978 -0.000243138 0)
(0.00786408 -0.000221362 0)
(0.00564143 -0.000138082 0)
(0.00237271 1.59334e-05 0)
(-0.00218691 0.000245679 0)
(-0.00824471 0.000554599 0)
(-0.0159382 0.000947319 0)
(-0.0252984 0.00142488 0)
(-0.0362096 0.00197735 0)
(-0.0483746 0.00257431 0)
(-0.0612935 0.00315692 0)
(-0.0742664 0.00363854 0)
(-0.0864265 0.0039162 0)
(-0.0968023 0.00389043 0)
(-0.104409 0.00348923 0)
(-0.108354 0.00269121 0)
(-0.107914 0.00153618 0)
(-0.102704 0.000136806 0)
(-0.0927172 -0.00134222 0)
(-0.0783144 -0.00272988 0)
(-0.060244 -0.00385636 0)
(-0.0396185 -0.00457215 0)
(-0.017866 -0.00475769 0)
(0.00346663 -0.0043222 0)
(0.0228784 -0.00331857 0)
(0.0390354 -0.00199063 0)
(0.0508559 -0.000528824 0)
(0.0577704 0.00088506 0)
(0.0598262 0.00203665 0)
(0.0576316 0.00277356 0)
(0.0522876 0.00304004 0)
(0.0450138 0.00291784 0)
(0.0369522 0.00255258 0)
(0.0290094 0.00208718 0)
(0.0217827 0.00162502 0)
(0.0155694 0.00122433 0)
(0.0104307 0.000907374 0)
(0.00628855 0.000667932 0)
(0.00306582 0.000466778 0)
(0.000873702 0.000218232 0)
(-6.76318e-05 -7.24089e-05 0)
(0.000554325 -0.00189126 0)
(0.00433552 -0.00434257 0)
(0.00944969 -0.0051006 0)
(0.0143402 -0.00439634 0)
(0.0177576 -0.00295314 0)
(0.0192348 -0.00142119 0)
(0.0188087 -0.000158285 0)
(0.016674 0.000813416 0)
(0.0128951 0.00170293 0)
(0.00726722 0.00278369 0)
(-0.00065279 0.0042674 0)
(-0.0114236 0.00625698 0)
(-0.0255698 0.00875655 0)
(-0.0434515 0.0117012 0)
(-0.0651469 0.0149553 0)
(-0.0903522 0.0182977 0)
(-0.118319 0.0214142 0)
(-0.147867 0.0239208 0)
(-0.177499 0.0254173 0)
(-0.205554 0.0255506 0)
(-0.230397 0.0240703 0)
(-0.250555 0.0208639 0)
(-0.264823 0.015971 0)
(-0.272321 0.00958759 0)
(-0.272526 0.00206042 0)
(-0.265292 -0.00613565 0)
(-0.250814 -0.0144314 0)
(-0.229448 -0.0222901 0)
(-0.201876 -0.0291573 0)
(-0.169087 -0.0344926 0)
(-0.132396 -0.0378121 0)
(-0.0934212 -0.0387376 0)
(-0.0540193 -0.0370484 0)
(-0.0161748 -0.0328217 0)
(0.018226 -0.0264708 0)
(0.047452 -0.018704 0)
(0.0701826 -0.0103255 0)
(0.0854747 -0.00218575 0)
(0.0931524 0.0048554 0)
(0.0935109 0.0101344 0)
(0.0878705 0.0133442 0)
(0.0779474 0.0145894 0)
(0.0655601 0.0142801 0)
(0.0523527 0.0129569 0)
(0.0395852 0.0111398 0)
(0.0280442 0.00922313 0)
(0.0180994 0.00739857 0)
(0.0099172 0.00559131 0)
(0.0038478 0.00348265 0)
(0.000351699 0.000996373 0)
(0.000783525 -0.00452939 0)
(0.00559313 -0.0096565 0)
(0.0114503 -0.0107939 0)
(0.0164148 -0.00883963 0)
(0.0190426 -0.00525472 0)
(0.0187727 -0.00130993 0)
(0.0155131 0.0023208 0)
(0.00923688 0.0056358 0)
(-0.000303212 0.00907399 0)
(-0.0136523 0.0131906 0)
(-0.0315134 0.0183532 0)
(-0.0544954 0.0246285 0)
(-0.0828768 0.0317997 0)
(-0.1164 0.039403 0)
(-0.154168 0.0467627 0)
(-0.1947 0.0530722 0)
(-0.236115 0.0575258 0)
(-0.276399 0.0594554 0)
(-0.313657 0.0584263 0)
(-0.346295 0.0542739 0)
(-0.373107 0.0470867 0)
(-0.39328 0.0371586 0)
(-0.40633 0.0249315 0)
(-0.412021 0.0109463 0)
(-0.410293 -0.00418961 0)
(-0.401155 -0.0198279 0)
(-0.384594 -0.0353029 0)
(-0.360824 -0.0498725 0)
(-0.330246 -0.062728 0)
(-0.293522 -0.0730341 0)
(-0.251628 -0.0799906 0)
(-0.205883 -0.0829252 0)
(-0.157949 -0.081411 0)
(-0.109761 -0.0753851 0)
(-0.0634114 -0.0652373 0)
(-0.0209716 -0.0518908 0)
(0.0157747 -0.0365847 0)
(0.0453412 -0.0207897 0)
(0.066889 -0.0058186 0)
(0.0802402 0.00711312 0)
(0.0853589 0.017014 0)
(0.083365 0.0233825 0)
(0.0758861 0.026321 0)
(0.0647726 0.026436 0)
(0.0518314 0.0245955 0)
(0.0385746 0.0216639 0)
(0.0260785 0.0182449 0)
(0.0150611 0.0144485 0)
(0.00632193 0.00980417 0)
(0.000720223 0.00372234 0)
(0.000910895 -0.00769826 0)
(0.00589057 -0.0153948 0)
(0.0110899 -0.016201 0)
(0.0143874 -0.012058 0)
(0.014332 -0.00534196 0)
(0.0103692 0.00208216 0)
(0.00225303 0.00935417 0)
(-0.0103922 0.0166074 0)
(-0.0282355 0.0245899 0)
(-0.0520688 0.034017 0)
(-0.0824803 0.0451306 0)
(-0.119507 0.057566 0)
(-0.162423 0.07044 0)
(-0.209734 0.0825408 0)
(-0.25939 0.0925651 0)
(-0.309121 0.0993625 0)
(-0.356791 0.10212 0)
(-0.400645 0.100447 0)
(-0.439418 0.094347 0)
(-0.472307 0.08413 0)
(-0.49887 0.0702919 0)
(-0.518887 0.0534131 0)
(-0.53224 0.0340908 0)
(-0.538823 0.0129131 0)
(-0.538507 -0.00952882 0)
(-0.53112 -0.0325812 0)
(-0.516497 -0.0554696 0)
(-0.494569 -0.0773009 0)
(-0.465364 -0.0970629 0)
(-0.429096 -0.113643 0)
(-0.386254 -0.125891 0)
(-0.337699 -0.132742 0)
(-0.284744 -0.13338 0)
(-0.229182 -0.127433 0)
(-0.173227 -0.115146 0)
(-0.119336 -0.0974632 0)
(-0.0699165 -0.0759556 0)
(-0.0270018 -0.0526197 0)
(0.00804475 -0.0294429 0)
(0.0344999 -0.0082314 0)
(0.0523911 0.00966569 0)
(0.0617581 0.0232571 0)
(0.0636285 0.0320508 0)
(0.0594946 0.0362529 0)
(0.0510972 0.0366778 0)
(0.0402132 0.0344236 0)
(0.0284225 0.0304535 0)
(0.0170184 0.0251424 0)
(0.00736749 0.0179394 0)
(0.000859147 0.00750968 0)
(0.000974676 -0.0108773 0)
(0.00530734 -0.0203658 0)
(0.00853899 -0.0196879 0)
(0.00858586 -0.0121873 0)
(0.00416221 -0.00124309 0)
(-0.00526049 0.0108061 0)
(-0.0201747 0.0231179 0)
(-0.0413342 0.0361391 0)
(-0.0696286 0.0507564 0)
(-0.105627 0.0674246 0)
(-0.149132 0.0857179 0)
(-0.198987 0.104389 0)
(-0.253208 0.121727 0)
(-0.309341 0.135982 0)
(-0.364916 0.145731 0)
(-0.41782 0.150083 0)
(-0.466498 0.148729 0)
(-0.509973 0.141839 0)
(-0.547728 0.1299 0)
(-0.579553 0.113545 0)
(-0.605391 0.0934367 0)
(-0.625241 0.0702044 0)
(-0.639099 0.044431 0)
(-0.64693 0.0166702 0)
(-0.648648 -0.0125235 0)
(-0.644121 -0.0425215 0)
(-0.63314 -0.0725512 0)
(-0.615406 -0.101701 0)
(-0.590584 -0.128876 0)
(-0.558367 -0.152783 0)
(-0.518591 -0.171968 0)
(-0.471393 -0.184926 0)
(-0.417388 -0.190292 0)
(-0.357836 -0.187108 0)
(-0.294729 -0.175113 0)
(-0.230746 -0.154974 0)
(-0.168994 -0.128363 0)
(-0.112552 -0.0977713 0)
(-0.0639093 -0.0660672 0)
(-0.0245248 -0.0359236 0)
(0.00527639 -0.00931979 0)
(0.0259178 0.0124281 0)
(0.0378465 0.028573 0)
(0.0422051 0.0388646 0)
(0.0404779 0.0437302 0)
(0.03435 0.0441569 0)
(0.0255692 0.0412183 0)
(0.0158148 0.0354425 0)
(0.00693246 0.0262002 0)
(0.000776065 0.0114627 0)
(0.000942917 -0.0135941 0)
(0.00371142 -0.0234512 0)
(0.00365021 -0.0197948 0)
(-0.000981681 -0.00762459 0)
(-0.0112217 0.00868736 0)
(-0.0276443 0.0265897 0)
(-0.0509945 0.0455152 0)
(-0.0821956 0.066083 0)
(-0.12185 0.0888483 0)
(-0.169649 0.113411 0)
(-0.224149 0.138284 0)
(-0.283003 0.161343 0)
(-0.343458 0.180436 0)
(-0.402884 0.193877 0)
(-0.459159 0.200692 0)
(-0.51083 0.200624 0)
(-0.557062 0.193972 0)
(-0.597484 0.181366 0)
(-0.632025 0.163574 0)
(-0.660783 0.141373 0)
(-0.683953 0.115483 0)
(-0.701781 0.0865498 0)
(-0.714522 0.0551503 0)
(-0.722394 0.0218048 0)
(-0.725527 -0.0130026 0)
(-0.723929 -0.0487627 0)
(-0.717439 -0.0848526 0)
(-0.705632 -0.120512 0)
(-0.687893 -0.154747 0)
(-0.663431 -0.186267 0)
(-0.631391 -0.213474 0)
(-0.591014 -0.234513 0)
(-0.54188 -0.247438 0)
(-0.484196 -0.250494 0)
(-0.41909 -0.242507 0)
(-0.348797 -0.22331 0)
(-0.276643 -0.194074 0)
(-0.206697 -0.157376 0)
(-0.143076 -0.116864 0)
(-0.0890457 -0.0765039 0)
(-0.0462669 -0.0396597 0)
(-0.0146602 -0.00849121 0)
(0.00687591 0.0160609 0)
(0.0195352 0.0336892 0)
(0.0247228 0.0445298 0)
(0.0240795 0.0492778 0)
(0.0193721 0.0488618 0)
(0.0124673 0.0437681 0)
(0.00549176 0.0332516 0)
(0.000561801 0.0148497 0)
(0.00075068 -0.0152566 0)
(0.000892952 -0.0234387 0)
(-0.0037143 -0.0151332 0)
(-0.0142415 0.00293209 0)
(-0.0314382 0.0257284 0)
(-0.055978 0.0507763 0)
(-0.0887062 0.0777432 0)
(-0.130256 0.106975 0)
(-0.180352 0.138102 0)
(-0.237454 0.169526 0)
(-0.298997 0.198798 0)
(-0.361981 0.223377 0)
(-0.423589 0.241274 0)
(-0.481595 0.251362 0)
(-0.534503 0.25337 0)
(-0.581483 0.24768 0)
(-0.622205 0.235062 0)
(-0.65669 0.216455 0)
(-0.685196 0.192823 0)
(-0.708158 0.165076 0)
(-0.726129 0.134024 0)
(-0.739718 0.100355 0)
(-0.749515 0.0646227 0)
(-0.756018 0.0272626 0)
(-0.75958 -0.0113848 0)
(-0.760366 -0.0510197 0)
(-0.758334 -0.0912789 0)
(-0.753073 -0.131698 0)
(-0.743874 -0.171561 0)
(-0.729686 -0.209809 0)
(-0.709157 -0.24495 0)
(-0.680744 -0.275032 0)
(-0.642932 -0.29771 0)
(-0.59457 -0.310467 0)
(-0.535309 -0.311007 0)
(-0.466055 -0.297801 0)
(-0.389317 -0.270704 0)
(-0.309233 -0.231432 0)
(-0.231132 -0.183655 0)
(-0.160519 -0.132467 0)
(-0.101709 -0.0832014 0)
(-0.0566487 -0.0400161 0)
(-0.0247319 -0.00506861 0)
(-0.00390127 0.0212512 0)
(0.00789246 0.0392593 0)
(0.0125675 0.0495233 0)
(0.0120497 0.0527786 0)
(0.0083545 0.0493513 0)
(0.00372669 0.0383762 0)
(0.000335306 0.0172978 0)
(0.000341542 -0.0151257 0)
(-0.00325682 -0.019109 0)
(-0.0134681 -0.00460138 0)
(-0.0307574 0.0204435 0)
(-0.055606 0.0507348 0)
(-0.0887206 0.0840058 0)
(-0.130706 0.119805 0)
(-0.181408 0.157637 0)
(-0.239379 0.195866 0)
(-0.301992 0.231808 0)
(-0.366066 0.262529 0)
(-0.428558 0.285651 0)
(-0.487038 0.299783 0)
(-0.539853 0.304546 0)
(-0.586071 0.300351 0)
(-0.625338 0.288107 0)
(-0.657734 0.268968 0)
(-0.683676 0.244162 0)
(-0.703841 0.214876 0)
(-0.719077 0.182178 0)
(-0.730309 0.146957 0)
(-0.738442 0.109891 0)
(-0.744287 0.071446 0)
(-0.748497 0.0319076 0)
(-0.751556 -0.00857583 0)
(-0.753752 -0.0499453 0)
(-0.75517 -0.0921214 0)
(-0.755549 -0.134988 0)
(-0.75432 -0.178215 0)
(-0.750499 -0.221152 0)
(-0.742638 -0.262684 0)
(-0.728823 -0.301111 0)
(-0.706779 -0.334078 0)
(-0.674134 -0.35865 0)
(-0.628867 -0.371577 0)
(-0.569929 -0.369822 0)
(-0.497923 -0.351324 0)
(-0.415647 -0.315859 0)
(-0.328211 -0.265742 0)
(-0.242467 -0.205972 0)
(-0.165605 -0.143452 0)
(-0.103159 -0.0852094 0)
(-0.0572935 -0.0362808 0)
(-0.0266087 0.00139305 0)
(-0.00783845 0.028241 0)
(0.00198416 0.0451986 0)
(0.00538157 0.0530747 0)
(0.0046873 0.0521386 0)
(0.00224991 0.0415026 0)
(0.00019193 0.0188221 0)
(-0.000317274 -0.0124057 0)
(-0.00864554 -0.00946639 0)
(-0.0251826 0.0125644 0)
(-0.0496324 0.045396 0)
(-0.0822359 0.0839227 0)
(-0.12353 0.125936 0)
(-0.173495 0.170361 0)
(-0.230921 0.215482 0)
(-0.293298 0.258457 0)
(-0.35736 0.295956 0)
(-0.419836 0.325115 0)
(-0.478023 0.344128 0)
(-0.530023 0.352383 0)
(-0.574732 0.350245 0)
(-0.611722 0.33874 0)
(-0.641114 0.319267 0)
(-0.663477 0.293374 0)
(-0.679717 0.262597 0)
(-0.690948 0.228328 0)
(-0.698354 0.191721 0)
(-0.703066 0.153638 0)
(-0.706076 0.114649 0)
(-0.708198 0.075064 0)
(-0.710053 0.0349868 0)
(-0.712111 -0.00562575 0)
(-0.714701 -0.0469206 0)
(-0.717984 -0.0890342 0)
(-0.721919 -0.132136 0)
(-0.726236 -0.176263 0)
(-0.730315 -0.221233 0)
(-0.733051 -0.266482 0)
(-0.732729 -0.310881 0)
(-0.726954 -0.352537 0)
(-0.712732 -0.388664 0)
(-0.686762 -0.41562 0)
(-0.646034 -0.429233 0)
(-0.58867 -0.425494 0)
(-0.514897 -0.401602 0)
(-0.427846 -0.357181 0)
(-0.333778 -0.295283 0)
(-0.241335 -0.2226 0)
(-0.159597 -0.148315 0)
(-0.0953109 -0.0814812 0)
(-0.0505371 -0.0279597 0)
(-0.0226527 0.0108555 0)
(-0.00698919 0.0364147 0)
(0.000253922 0.0501011 0)
(0.00217027 0.052531 0)
(0.0014257 0.0430479 0)
(0.000177593 0.0197253 0)
(-0.00121296 -0.00640041 0)
(-0.0149631 0.00614131 0)
(-0.0380715 0.03663 0)
(-0.0695501 0.0777124 0)
(-0.109345 0.124746 0)
(-0.157572 0.175227 0)
(-0.213343 0.227048 0)
(-0.27444 0.277224 0)
(-0.337657 0.322062 0)
(-0.39955 0.358115 0)
(-0.457117 0.383 0)
(-0.508155 0.395695 0)
(-0.551326 0.396401 0)
(-0.586082 0.386207 0)
(-0.612558 0.366753 0)
(-0.631456 0.339947 0)
(-0.6439 0.307727 0)
(-0.651255 0.271864 0)
(-0.654932 0.233818 0)
(-0.656226 0.19467 0)
(-0.65622 0.155113 0)
(-0.655755 0.115513 0)
(-0.655442 0.0759807 0)
(-0.655707 0.0364494 0)
(-0.65687 -0.00326644 0)
(-0.659209 -0.0434346 0)
(-0.662889 -0.0842867 0)
(-0.668044 -0.126132 0)
(-0.674727 -0.169242 0)
(-0.682794 -0.213806 0)
(-0.691759 -0.259811 0)
(-0.700578 -0.306848 0)
(-0.707432 -0.353848 0)
(-0.709559 -0.398771 0)
(-0.703272 -0.438373 0)
(-0.684291 -0.468176 0)
(-0.648495 -0.482856 0)
(-0.593068 -0.477157 0)
(-0.517835 -0.44734 0)
(-0.426384 -0.392887 0)
(-0.32639 -0.317903 0)
(-0.228576 -0.231363 0)
(-0.144026 -0.145347 0)
(-0.0803955 -0.0711699 0)
(-0.0389638 -0.0151481 0)
(-0.0153198 0.0224162 0)
(-0.00352869 0.0439522 0)
(0.000864255 0.0510162 0)
(0.00130646 0.0436312 0)
(0.000287939 0.0204279 0)
(-0.00227739 0.00334518 0)
(-0.0216837 0.0279035 0)
(-0.0511088 0.0673436 0)
(-0.088951 0.116732 0)
(-0.134759 0.171941 0)
(-0.188037 0.229809 0)
(-0.247007 0.287024 0)
(-0.308712 0.339559 0)
(-0.369653 0.383341 0)
(-0.426558 0.415235 0)
(-0.476881 0.433598 0)
(-0.518989 0.43828 0)
(-0.552154 0.430318 0)
(-0.57647 0.411551 0)
(-0.592731 0.384256 0)
(-0.602254 0.350818 0)
(-0.606641 0.313443 0)
(-0.60752 0.27395 0)
(-0.606338 0.233661 0)
(-0.604238 0.1934 0)
(-0.602031 0.153576 0)
(-0.600241 0.114297 0)
(-0.599172 0.0754774 0)
(-0.598984 0.0369271 0)
(-0.599797 -0.00160686 0)
(-0.601771 -0.040416 0)
(-0.605028 -0.0797137 0)
(-0.609768 -0.119799 0)
(-0.616237 -0.160998 0)
(-0.624669 -0.203671 0)
(-0.635168 -0.248168 0)
(-0.64752 -0.2947 0)
(-0.660901 -0.343103 0)
(-0.673542 -0.392466 0)
(-0.682421 -0.440664 0)
(-0.683189 -0.483952 0)
(-0.670524 -0.516842 0)
(-0.639082 -0.532562 0)
(-0.585033 -0.524303 0)
(-0.507875 -0.48723 0)
(-0.411926 -0.420875 0)
(-0.30669 -0.331018 0)
(-0.205313 -0.229828 0)
(-0.120814 -0.133017 0)
(-0.061026 -0.0540947 0)
(-0.0253671 0.00106259 0)
(-0.00718682 0.0339756 0)
(0.000209155 0.0477618 0)
(0.00166062 0.0437451 0)
(0.000482938 0.0212919 0)
(-0.00336801 0.0169727 0)
(-0.0281659 0.0555147 0)
(-0.0631996 0.103984 0)
(-0.106282 0.161279 0)
(-0.156481 0.223732 0)
(-0.212624 0.287284 0)
(-0.272205 0.347486 0)
(-0.331863 0.399638 0)
(-0.388146 0.439722 0)
(-0.438164 0.465223 0)
(-0.479934 0.475384 0)
(-0.512462 0.470995 0)
(-0.535713 0.453979 0)
(-0.550496 0.426945 0)
(-0.558264 0.392755 0)
(-0.560825 0.354116 0)
(-0.560023 0.313276 0)
(-0.557461 0.271853 0)
(-0.554353 0.230823 0)
(-0.551487 0.190635 0)
(-0.549291 0.151364 0)
(-0.547936 0.112878 0)
(-0.547437 0.074947 0)
(-0.547739 0.0373217 0)
(-0.548797 -0.00024615 0)
(-0.550661 -0.038004 0)
(-0.553397 -0.0760852 0)
(-0.557165 -0.114693 0)
(-0.562238 -0.154074 0)
(-0.568988 -0.194559 0)
(-0.57785 -0.236589 0)
(-0.589216 -0.280694 0)
(-0.603219 -0.32737 0)
(-0.619372 -0.376792 0)
(-0.636077 -0.428305 0)
(-0.650143 -0.479747 0)
(-0.65656 -0.526783 0)
(-0.648874 -0.562657 0)
(-0.620417 -0.578766 0)
(-0.566351 -0.566409 0)
(-0.486086 -0.519629 0)
(-0.385177 -0.438517 0)
(-0.275575 -0.331632 0)
(-0.173191 -0.21564 0)
(-0.0925469 -0.110542 0)
(-0.0402696 -0.0312447 0)
(-0.0125521 0.0184438 0)
(-0.0007642 0.0422732 0)
(0.00208069 0.043479 0)
(0.000705111 0.0224885 0)
(-0.00433764 0.034239 0)
(-0.0337928 0.0882267 0)
(-0.073351 0.145431 0)
(-0.12023 0.209814 0)
(-0.172981 0.278112 0)
(-0.229822 0.3453 0)
(-0.287763 0.406021 0)
(-0.343351 0.455296 0)
(-0.393412 0.489507 0)
(-0.435572 0.506969 0)
(-0.468482 0.507922 0)
(-0.491859 0.494158 0)
(-0.506406 0.468513 0)
(-0.513615 0.43431 0)
(-0.515447 0.394819 0)
(-0.513938 0.352813 0)
(-0.510866 0.310299 0)
(-0.507541 0.268471 0)
(-0.504759 0.227841 0)
(-0.502885 0.188452 0)
(-0.501981 0.150095 0)
(-0.501949 0.112473 0)
(-0.502626 0.0752926 0)
(-0.503848 0.0383086 0)
(-0.5055 0.00132181 0)
(-0.507567 -0.0358445 0)
(-0.51008 -0.0732427 0)
(-0.513116 -0.110973 0)
(-0.516866 -0.149159 0)
(-0.521637 -0.187998 0)
(-0.527879 -0.227816 0)
(-0.536188 -0.26913 0)
(-0.547226 -0.312662 0)
(-0.561502 -0.359243 0)
(-0.578933 -0.40947 0)
(-0.59818 -0.46303 0)
(-0.615918 -0.517717 0)
(-0.626422 -0.56843 0)
(-0.621978 -0.606744 0)
(-0.594508 -0.621727 0)
(-0.538309 -0.60247 0)
(-0.453213 -0.542137 0)
(-0.346842 -0.442451 0)
(-0.234398 -0.316513 0)
(-0.13472 -0.187132 0)
(-0.062677 -0.07868 0)
(-0.0214596 -0.005305 0)
(-0.00306332 0.0333096 0)
(0.00215259 0.0424078 0)
(0.000906044 0.0239495 0)
(-0.00504912 0.0545162 0)
(-0.038056 0.124931 0)
(-0.0807984 0.190294 0)
(-0.129875 0.260632 0)
(-0.183349 0.333108 0)
(-0.238973 0.401816 0)
(-0.293533 0.460789 0)
(-0.34372 0.505125 0)
(-0.386789 0.531865 0)
(-0.420961 0.540301 0)
(-0.445575 0.53176 0)
(-0.461078 0.509072 0)
(-0.468863 0.475931 0)
(-0.47094 0.436198 0)
(-0.469504 0.393279 0)
(-0.466514 0.349706 0)
(-0.463415 0.307006 0)
(-0.461058 0.265825 0)
(-0.459786 0.226201 0)
(-0.459593 0.187849 0)
(-0.460296 0.150384 0)
(-0.461665 0.113446 0)
(-0.463488 0.0767554 0)
(-0.465595 0.0401149 0)
(-0.467877 0.00338727 0)
(-0.470314 -0.0335404 0)
(-0.472925 -0.0706703 0)
(-0.475721 -0.108038 0)
(-0.47879 -0.145675 0)
(-0.482294 -0.183647 0)
(-0.486519 -0.222103 0)
(-0.491933 -0.261357 0)
(-0.49923 -0.301988 0)
(-0.509306 -0.344918 0)
(-0.523046 -0.391353 0)
(-0.540804 -0.442386 0)
(-0.561529 -0.498097 0)
(-0.58172 -0.55615 0)
(-0.594784 -0.610327 0)
(-0.591555 -0.64993 0)
(-0.56251 -0.661074 0)
(-0.501472 -0.630465 0)
(-0.409601 -0.551173 0)
(-0.297788 -0.428523 0)
(-0.185353 -0.282751 0)
(-0.0936033 -0.144384 0)
(-0.0353025 -0.0406444 0)
(-0.00742953 0.0189949 0)
(0.00159434 0.0396628 0)
(0.00106207 0.0254139 0)
(-0.00540092 0.0768778 0)
(-0.0406064 0.164286 0)
(-0.0850733 0.237054 0)
(-0.134755 0.312045 0)
(-0.187303 0.386973 0)
(-0.240181 0.455236 0)
(-0.290172 0.51057 0)
(-0.334279 0.548438 0)
(-0.370273 0.566727 0)
(-0.39701 0.565822 0)
(-0.414521 0.548178 0)
(-0.423922 0.517632 0)
(-0.427132 0.478575 0)
(-0.426424 0.435135 0)
(-0.423931 0.390538 0)
(-0.421274 0.346818 0)
(-0.419422 0.304885 0)
(-0.418749 0.264839 0)
(-0.419224 0.226338 0)
(-0.420612 0.1889 0)
(-0.42263 0.152087 0)
(-0.425037 0.115567 0)
(-0.427661 0.0791226 0)
(-0.430386 0.0426177 0)
(-0.433145 0.00596871 0)
(-0.435945 -0.0308955 0)
(-0.43881 -0.0679602 0)
(-0.441725 -0.105237 0)
(-0.444709 -0.142721 0)
(-0.447804 -0.180407 0)
(-0.451112 -0.218313 0)
(-0.454857 -0.256538 0)
(-0.459474 -0.295371 0)
(-0.46571 -0.335445 0)
(-0.474659 -0.377894 0)
(-0.487573 -0.424345 0)
(-0.505252 -0.476462 0)
(-0.526889 -0.53472 0)
(-0.548645 -0.59641 0)
(-0.562761 -0.653581 0)
(-0.558359 -0.692368 0)
(-0.524601 -0.695238 0)
(-0.455623 -0.64675 0)
(-0.355358 -0.541677 0)
(-0.239513 -0.392217 0)
(-0.132036 -0.229065 0)
(-0.0548069 -0.09085 0)
(-0.0142662 -0.00291022 0)
(0.0002869 0.0341187 0)
(0.00118116 0.0265331 0)
(-0.00533427 0.100211 0)
(-0.041274 0.20484 0)
(-0.0860112 0.284207 0)
(-0.134836 0.362525 0)
(-0.185088 0.438289 0)
(-0.234115 0.504451 0)
(-0.278871 0.554727 0)
(-0.316769 0.585162 0)
(-0.346137 0.59463 0)
(-0.366457 0.584667 0)
(-0.378387 0.558846 0)
(-0.383569 0.52188 0)
(-0.384215 0.478617 0)
(-0.382585 0.433138 0)
(-0.380506 0.388214 0)
(-0.379129 0.345227 0)
(-0.378937 0.304465 0)
(-0.379923 0.265582 0)
(-0.38183 0.228003 0)
(-0.384341 0.191189 0)
(-0.387188 0.15474 0)
(-0.390191 0.118405 0)
(-0.393251 0.0820393 0)
(-0.396317 0.0455638 0)
(-0.399365 0.00892912 0)
(-0.402432 -0.0279157 0)
(-0.405554 -0.0649594 0)
(-0.408717 -0.102215 0)
(-0.411913 -0.139682 0)
(-0.41513 -0.177342 0)
(-0.418358 -0.215163 0)
(-0.421624 -0.253121 0)
(-0.425069 -0.291264 0)
(-0.429072 -0.329846 0)
(-0.434408 -0.369557 0)
(-0.442355 -0.411774 0)
(-0.454534 -0.458629 0)
(-0.472168 -0.512435 0)
(-0.494562 -0.573972 0)
(-0.517196 -0.639651 0)
(-0.53067 -0.698755 0)
(-0.522145 -0.733027 0)
(-0.479929 -0.720736 0)
(-0.399922 -0.64549 0)
(-0.290909 -0.507263 0)
(-0.174987 -0.330046 0)
(-0.0799885 -0.158153 0)
(-0.0238485 -0.0349772 0)
(-0.00179041 0.0245292 0)
(0.0012786 0.0269474 0)
(-0.00484366 0.123331 0)
(-0.0400558 0.245154 0)
(-0.0837112 0.330362 0)
(-0.130423 0.410786 0)
(-0.177329 0.486012 0)
(-0.221807 0.548809 0)
(-0.261097 0.593106 0)
(-0.293074 0.615689 0)
(-0.316612 0.616499 0)
(-0.33176 0.59823 0)
(-0.339679 0.565485 0)
(-0.342332 0.523652 0)
(-0.341983 0.477744 0)
(-0.340651 0.43152 0)
(-0.339727 0.387117 0)
(-0.339883 0.345236 0)
(-0.341209 0.305636 0)
(-0.343467 0.267678 0)
(-0.34632 0.230702 0)
(-0.349476 0.19421 0)
(-0.352738 0.157895 0)
(-0.356012 0.121592 0)
(-0.359267 0.0852206 0)
(-0.362496 0.0487393 0)
(-0.365703 0.0121153 0)
(-0.368942 -0.0246962 0)
(-0.372259 -0.0616954 0)
(-0.375649 -0.0989048 0)
(-0.379103 -0.136341 0)
(-0.382604 -0.174006 0)
(-0.386109 -0.211877 0)
(-0.389559 -0.249904 0)
(-0.392911 -0.288023 0)
(-0.396219 -0.326226 0)
(-0.399799 -0.364735 0)
(-0.404458 -0.404315 0)
(-0.411676 -0.446668 0)
(-0.423466 -0.494566 0)
(-0.441415 -0.551049 0)
(-0.464661 -0.616929 0)
(-0.487416 -0.686771 0)
(-0.498004 -0.745462 0)
(-0.481569 -0.768887 0)
(-0.426717 -0.731278 0)
(-0.333479 -0.618401 0)
(-0.218076 -0.441477 0)
(-0.109739 -0.242549 0)
(-0.0365351 -0.0797784 0)
(-0.00470806 0.00952031 0)
(0.0013427 0.0262714 0)
(-0.0039639 0.145092 0)
(-0.0370835 0.283885 0)
(-0.0784696 0.374314 0)
(-0.122057 0.455819 0)
(-0.164878 0.529443 0)
(-0.204451 0.588036 0)
(-0.238373 0.625915 0)
(-0.264984 0.640708 0)
(-0.283656 0.633443 0)
(-0.2949 0.607922 0)
(-0.300208 0.569622 0)
(-0.301657 0.524361 0)
(-0.301355 0.477055 0)
(-0.300946 0.430934 0)
(-0.301365 0.387445 0)
(-0.302887 0.346673 0)
(-0.305349 0.308001 0)
(-0.308423 0.270646 0)
(-0.311794 0.233974 0)
(-0.315248 0.197581 0)
(-0.318676 0.16126 0)
(-0.322053 0.124917 0)
(-0.325392 0.0885159 0)
(-0.328712 0.0520306 0)
(-0.332023 0.0154325 0)
(-0.335378 -0.0213235 0)
(-0.338832 -0.0582492 0)
(-0.342386 -0.0953739 0)
(-0.346037 -0.13273 0)
(-0.349781 -0.170343 0)
(-0.353589 -0.208222 0)
(-0.357396 -0.246347 0)
(-0.361102 -0.284652 0)
(-0.364598 -0.323033 0)
(-0.367863 -0.361425 0)
(-0.371161 -0.400025 0)
(-0.375361 -0.439738 0)
(-0.382208 -0.482739 0)
(-0.394144 -0.532651 0)
(-0.412993 -0.593266 0)
(-0.437203 -0.664763 0)
(-0.458827 -0.738128 0)
(-0.463247 -0.791521 0)
(-0.43414 -0.793724 0)
(-0.362726 -0.716953 0)
(-0.256567 -0.555576 0)
(-0.141687 -0.341185 0)
(-0.052489 -0.139117 0)
(-0.00860205 -0.0123809 0)
(0.00133009 0.024086 0)
(-0.00276539 0.164462 0)
(-0.0325825 0.319846 0)
(-0.070706 0.415071 0)
(-0.1104 0.496888 0)
(-0.148672 0.568188 0)
(-0.183251 0.622148 0)
(-0.212119 0.653596 0)
(-0.234052 0.661043 0)
(-0.248839 0.646576 0)
(-0.257315 0.61499 0)
(-0.261128 0.572446 0)
(-0.262281 0.524954 0)
(-0.26259 0.477118 0)
(-0.263286 0.431551 0)
(-0.264908 0.389035 0)
(-0.267455 0.349177 0)
(-0.270647 0.311129 0)
(-0.274163 0.274089 0)
(-0.277762 0.237505 0)
(-0.28132 0.201083 0)
(-0.284801 0.164697 0)
(-0.288221 0.128302 0)
(-0.291617 0.0918784 0)
(-0.295015 0.0554044 0)
(-0.298419 0.018847 0)
(-0.301872 -0.0178407 0)
(-0.305433 -0.0546785 0)
(-0.30911 -0.0916992 0)
(-0.312895 -0.128943 0)
(-0.316801 -0.16645 0)
(-0.320819 -0.204259 0)
(-0.324914 -0.242391 0)
(-0.329005 -0.28083 0)
(-0.332957 -0.319493 0)
(-0.336602 -0.358231 0)
(-0.339852 -0.396916 0)
(-0.342953 -0.435756 0)
(-0.346906 -0.475919 0)
(-0.353829 -0.520318 0)
(-0.366631 -0.573709 0)
(-0.387072 -0.640441 0)
(-0.412003 -0.718613 0)
(-0.430128 -0.792743 0)
(-0.423595 -0.831438 0)
(-0.376466 -0.796597 0)
(-0.286475 -0.664308 0)
(-0.172677 -0.448868 0)
(-0.071128 -0.213134 0)
(-0.0136644 -0.0427209 0)
(0.00122238 0.0199541 0)
(-0.00133753 0.180585 0)
(-0.0268334 0.352037 0)
(-0.060898 0.45186 0)
(-0.0961519 0.5335 0)
(-0.129629 0.602085 0)
(-0.159306 0.65135 0)
(-0.183551 0.676706 0)
(-0.20152 0.677534 0)
(-0.213313 0.656895 0)
(-0.219945 0.620431 0)
(-0.223059 0.574785 0)
(-0.224449 0.525956 0)
(-0.225577 0.478118 0)
(-0.227292 0.433251 0)
(-0.229836 0.391579 0)
(-0.233053 0.35237 0)
(-0.236644 0.314675 0)
(-0.240349 0.27774 0)
(-0.244014 0.241121 0)
(-0.247588 0.204619 0)
(-0.251082 0.168163 0)
(-0.254535 0.131731 0)
(-0.257989 0.0953068 0)
(-0.261468 0.0588617 0)
(-0.264966 0.0223562 0)
(-0.268513 -0.0142575 0)
(-0.272175 -0.0510038 0)
(-0.27596 -0.0879173 0)
(-0.279855 -0.12504 0)
(-0.283877 -0.162418 0)
(-0.288033 -0.200105 0)
(-0.292314 -0.238155 0)
(-0.296679 -0.276603 0)
(-0.301033 -0.315436 0)
(-0.305202 -0.354546 0)
(-0.308966 -0.393724 0)
(-0.312185 -0.432782 0)
(-0.315146 -0.472011 0)
(-0.319105 -0.513081 0)
(-0.326706 -0.560067 0)
(-0.341292 -0.619138 0)
(-0.363888 -0.694384 0)
(-0.388302 -0.778928 0)
(-0.398677 -0.846558 0)
(-0.374873 -0.854124 0)
(-0.305299 -0.760859 0)
(-0.199596 -0.55923 0)
(-0.0910196 -0.299921 0)
(-0.0200379 -0.0828735 0)
(0.00105014 0.0134313 0)
(0.000217748 0.192809 0)
(-0.0201402 0.379645 0)
(-0.0495297 0.484105 0)
(-0.0799794 0.565358 0)
(-0.108579 0.631142 0)
(-0.133558 0.675956 0)
(-0.153644 0.695827 0)
(-0.168307 0.690938 0)
(-0.177847 0.665211 0)
(-0.183324 0.624964 0)
(-0.186246 0.577137 0)
(-0.188119 0.527584 0)
(-0.190049 0.479998 0)
(-0.192571 0.435793 0)
(-0.195735 0.394757 0)
(-0.199326 0.355948 0)
(-0.203084 0.3184 0)
(-0.206825 0.281445 0)
(-0.210473 0.24474 0)
(-0.214027 0.208154 0)
(-0.217523 0.171649 0)
(-0.221006 0.135207 0)
(-0.224514 0.0988038 0)
(-0.228069 0.0624042 0)
(-0.231659 0.0259616 0)
(-0.235296 -0.0105729 0)
(-0.239058 -0.0472239 0)
(-0.242957 -0.0840304 0)
(-0.246966 -0.121032 0)
(-0.251102 -0.158277 0)
(-0.255377 -0.195823 0)
(-0.259796 -0.233741 0)
(-0.264349 -0.272104 0)
(-0.268985 -0.310961 0)
(-0.273587 -0.350291 0)
(-0.277943 -0.389943 0)
(-0.281777 -0.429624 0)
(-0.284933 -0.469109 0)
(-0.287833 -0.508931 0)
(-0.292182 -0.551695 0)
(-0.301322 -0.603253 0)
(-0.31874 -0.67116 0)
(-0.343389 -0.756975 0)
(-0.364065 -0.843699 0)
(-0.360012 -0.889409 0)
(-0.312259 -0.840532 0)
(-0.220063 -0.665965 0)
(-0.110297 -0.395899 0)
(-0.0276601 -0.133702 0)
(0.00086459 0.00407312 0)
(0.00179858 0.200694 0)
(-0.0128082 0.402046 0)
(-0.0370577 0.511396 0)
(-0.0624818 0.592315 0)
(-0.0862284 0.655467 0)
(-0.10676 0.696317 0)
(-0.123129 0.711493 0)
(-0.135041 0.70189 0)
(-0.142897 0.672136 0)
(-0.147687 0.629059 0)
(-0.150695 0.579755 0)
(-0.153107 0.529854 0)
(-0.155706 0.482591 0)
(-0.158794 0.438913 0)
(-0.162315 0.398296 0)
(-0.16606 0.359688 0)
(-0.169834 0.322157 0)
(-0.173525 0.285123 0)
(-0.177113 0.248323 0)
(-0.180626 0.211672 0)
(-0.18411 0.175145 0)
(-0.187607 0.138719 0)
(-0.191152 0.102359 0)
(-0.194768 0.0660219 0)
(-0.198436 0.0296567 0)
(-0.202153 -0.00678766 0)
(-0.206012 -0.0433324 0)
(-0.210036 -0.0800251 0)
(-0.214177 -0.116904 0)
(-0.218451 -0.154014 0)
(-0.222866 -0.191416 0)
(-0.227432 -0.229184 0)
(-0.232152 -0.267411 0)
(-0.237009 -0.30619 0)
(-0.241936 -0.345576 0)
(-0.246786 -0.385524 0)
(-0.251296 -0.425802 0)
(-0.255144 -0.466014 0)
(-0.258214 -0.505969 0)
(-0.261234 -0.546789 0)
(-0.266629 -0.592754 0)
(-0.278512 -0.652169 0)
(-0.299603 -0.732821 0)
(-0.324464 -0.828614 0)
(-0.335092 -0.904808 0)
(-0.308097 -0.901044 0)
(-0.232782 -0.763768 0)
(-0.127197 -0.496593 0)
(-0.0361553 -0.194917 0)
(0.000661748 -0.00849629 0)
(0.00330813 0.204036 0)
(-0.00512847 0.418745 0)
(-0.0238981 0.533452 0)
(-0.0441717 0.614328 0)
(-0.0631522 0.675225 0)
(-0.0794888 0.712768 0)
(-0.0925176 0.724161 0)
(-0.102114 0.710876 0)
(-0.108687 0.67809 0)
(-0.113077 0.632989 0)
(-0.116289 0.582721 0)
(-0.119186 0.532674 0)
(-0.12228 0.485694 0)
(-0.125712 0.442375 0)
(-0.129387 0.401988 0)
(-0.133134 0.363441 0)
(-0.136825 0.325852 0)
(-0.140412 0.288721 0)
(-0.143908 0.251842 0)
(-0.147357 0.215154 0)
(-0.150805 0.178633 0)
(-0.15429 0.142246 0)
(-0.157845 0.10595 0)
(-0.161494 0.0696944 0)
(-0.165222 0.0334279 0)
(-0.169004 -0.0029048 0)
(-0.172953 -0.0393247 0)
(-0.17711 -0.0758856 0)
(-0.181404 -0.112628 0)
(-0.185846 -0.149597 0)
(-0.19044 -0.186849 0)
(-0.195193 -0.22446 0)
(-0.200111 -0.26253 0)
(-0.20519 -0.301175 0)
(-0.210401 -0.340506 0)
(-0.215652 -0.380569 0)
(-0.220751 -0.421254 0)
(-0.225378 -0.462205 0)
(-0.229187 -0.502922 0)
(-0.232219 -0.543464 0)
(-0.235778 -0.586231 0)
(-0.243325 -0.638298 0)
(-0.259396 -0.710553 0)
(-0.283814 -0.806939 0)
(-0.303696 -0.904246 0)
(-0.294631 -0.942313 0)
(-0.237553 -0.848864 0)
(-0.140457 -0.597456 0)
(-0.0449026 -0.264992 0)
(0.000345299 -0.0246049 0)
(0.00461907 0.202736 0)
(0.00261515 0.429494 0)
(-0.0104108 0.550061 0)
(-0.0254802 0.631411 0)
(-0.0398018 0.690588 0)
(-0.0521664 0.725599 0)
(-0.0621489 0.734181 0)
(-0.0697366 0.718239 0)
(-0.0752838 0.683337 0)
(-0.079421 0.636885 0)
(-0.0828514 0.586019 0)
(-0.0861323 0.535914 0)
(-0.0895518 0.48912 0)
(-0.093149 0.445991 0)
(-0.0968267 0.405685 0)
(-0.10047 0.367105 0)
(-0.104013 0.329426 0)
(-0.107453 0.292204 0)
(-0.110826 0.255269 0)
(-0.11418 0.218571 0)
(-0.11756 0.182081 0)
(-0.121 0.145757 0)
(-0.124531 0.109545 0)
(-0.128185 0.0733951 0)
(-0.131949 0.0372558 0)
(-0.135779 0.00106876 0)
(-0.139807 -0.0351999 0)
(-0.144098 -0.0715983 0)
(-0.148563 -0.10818 0)
(-0.153201 -0.144988 0)
(-0.158013 -0.182076 0)
(-0.163002 -0.21952 0)
(-0.16817 -0.257418 0)
(-0.173518 -0.295901 0)
(-0.179032 -0.335111 0)
(-0.18466 -0.375164 0)
(-0.190271 -0.41606 0)
(-0.195615 -0.457566 0)
(-0.200317 -0.499158 0)
(-0.204072 -0.540324 0)
(-0.20729 -0.581903 0)
(-0.212261 -0.628828 0)
(-0.223632 -0.692207 0)
(-0.244874 -0.783276 0)
(-0.269158 -0.892251 0)
(-0.274227 -0.965938 0)
(-0.235069 -0.919121 0)
(-0.149456 -0.694483 0)
(-0.0532201 -0.341566 0)
(-0.000235542 -0.0445392 0)
(0.00561125 0.197116 0)
(0.010079 0.433873 0)
(0.00311967 0.561198 0)
(-0.00675257 0.643592 0)
(-0.0165259 0.701715 0)
(-0.025092 0.735035 0)
(-0.0322308 0.741797 0)
(-0.0379996 0.724195 0)
(-0.0426555 0.688014 0)
(-0.046589 0.640778 0)
(-0.0501943 0.589581 0)
(-0.0537462 0.539437 0)
(-0.057349 0.49271 0)
(-0.0609757 0.449621 0)
(-0.0645501 0.40928 0)
(-0.068015 0.370611 0)
(-0.0713599 0.33283 0)
(-0.0746145 0.295534 0)
(-0.077828 0.25857 0)
(-0.0810509 0.221889 0)
(-0.0843254 0.185454 0)
(-0.0876841 0.149216 0)
(-0.0911589 0.113114 0)
(-0.0947853 0.0770959 0)
(-0.0985606 0.0411151 0)
(-0.102425 0.00511239 0)
(-0.106517 -0.0309645 0)
(-0.110937 -0.0671576 0)
(-0.115584 -0.103542 0)
(-0.12044 -0.140156 0)
(-0.125505 -0.177055 0)
(-0.130775 -0.214309 0)
(-0.13625 -0.252017 0)
(-0.141928 -0.290315 0)
(-0.147801 -0.329363 0)
(-0.153836 -0.369324 0)
(-0.159946 -0.410284 0)
(-0.165947 -0.452139 0)
(-0.171523 -0.494462 0)
(-0.176272 -0.536556 0)
(-0.180075 -0.578244 0)
(-0.184092 -0.622293 0)
(-0.192062 -0.678108 0)
(-0.209168 -0.760734 0)
(-0.234163 -0.873153 0)
(-0.249341 -0.974565 0)
(-0.226586 -0.97387 0)
(-0.154174 -0.784545 0)
(-0.0605274 -0.421936 0)
(-0.00116882 -0.068431 0)
(0.00623116 0.187662 0)
(0.01694 0.431642 0)
(0.0163782 0.566661 0)
(0.0117372 0.650988 0)
(0.00640386 0.708732 0)
(0.00152234 0.741234 0)
(-0.00287756 0.747167 0)
(-0.00690815 0.72886 0)
(-0.0107095 0.692175 0)
(-0.0144208 0.644648 0)
(-0.0181313 0.593325 0)
(-0.0218528 0.54313 0)
(-0.025531 0.496348 0)
(-0.0290928 0.453164 0)
(-0.0324909 0.412696 0)
(-0.0357231 0.373898 0)
(-0.0388259 0.336018 0)
(-0.0418556 0.29867 0)
(-0.0448706 0.261704 0)
(-0.0479221 0.225065 0)
(-0.0510517 0.188711 0)
(-0.0542933 0.152585 0)
(-0.0576802 0.116622 0)
(-0.0612525 0.080767 0)
(-0.0650175 0.0449767 0)
(-0.0689025 0.0091948 0)
(-0.0730398 -0.0266424 0)
(-0.0775755 -0.0625755 0)
(-0.0824125 -0.0987116 0)
(-0.0875002 -0.135088 0)
(-0.0928413 -0.171756 0)
(-0.0984316 -0.208784 0)
(-0.104265 -0.246272 0)
(-0.110337 -0.284353 0)
(-0.116638 -0.323204 0)
(-0.123141 -0.363015 0)
(-0.129786 -0.403936 0)
(-0.136437 -0.445967 0)
(-0.142849 -0.488811 0)
(-0.148648 -0.531791 0)
(-0.153491 -0.574216 0)
(-0.157737 -0.617156 0)
(-0.163875 -0.667485 0)
(-0.177191 -0.7409 0)
(-0.200579 -0.850535 0)
(-0.222173 -0.971278 0)
(-0.213609 -1.01358 0)
(-0.155027 -0.865495 0)
(-0.0664603 -0.503518 0)
(-0.00241936 -0.0961842 0)
(0.00648405 0.174959 0)
(0.0229416 0.422837 0)
(0.0290405 0.566209 0)
(0.0297513 0.653617 0)
(0.0287761 0.711737 0)
(0.0274972 0.744247 0)
(0.0258073 0.750314 0)
(0.0235289 0.732236 0)
(0.0206309 0.69579 0)
(0.0172176 0.648438 0)
(0.013491 0.597175 0)
(0.00968858 0.546913 0)
(0.00601216 0.499966 0)
(0.00257799 0.456571 0)
(-0.000592942 0.415903 0)
(-0.00354956 0.37695 0)
(-0.00637063 0.338978 0)
(-0.00913533 0.301598 0)
(-0.0119104 0.264656 0)
(-0.014749 0.228087 0)
(-0.0176943 0.19184 0)
(-0.0207836 0.155855 0)
(-0.0240537 0.120063 0)
(-0.0275502 0.0844023 0)
(-0.0312948 0.0488316 0)
(-0.0351961 0.0133088 0)
(-0.0393548 -0.022234 0)
(-0.0439806 -0.0578468 0)
(-0.0490015 -0.0936797 0)
(-0.0543245 -0.129769 0)
(-0.059957 -0.166156 0)
(-0.0658964 -0.202911 0)
(-0.0721329 -0.240132 0)
(-0.0786562 -0.277957 0)
(-0.0854526 -0.316567 0)
(-0.0924982 -0.356176 0)
(-0.0997427 -0.39698 0)
(-0.107083 -0.439057 0)
(-0.114329 -0.482223 0)
(-0.121175 -0.525901 0)
(-0.127239 -0.569224 0)
(-0.132435 -0.61216 0)
(-0.138131 -0.659081 0)
(-0.148734 -0.72412 0)
(-0.169483 -0.826972 0)
(-0.194482 -0.959112 0)
(-0.197622 -1.03946 0)
(-0.152688 -0.936101 0)
(-0.070908 -0.584134 0)
(-0.00386096 -0.127465 0)
(0.00640161 0.159692 0)
(0.0278806 0.407673 0)
(0.0407749 0.55961 0)
(0.0470542 0.651417 0)
(0.0504322 0.710796 0)
(0.0527211 0.744104 0)
(0.0537769 0.751197 0)
(0.0533403 0.734228 0)
(0.0514632 0.698741 0)
(0.0484669 0.65203 0)
(0.0448238 0.60103 0)
(0.0410113 0.550705 0)
(0.0373823 0.503499 0)
(0.0341064 0.45979 0)
(0.0311895 0.41885 0)
(0.0285403 0.379716 0)
(0.0260399 0.341658 0)
(0.0235835 0.304272 0)
(0.0210922 0.267385 0)
(0.0185083 0.230921 0)
(0.0157847 0.194823 0)
(0.0128786 0.159029 0)
(0.00974678 0.123469 0)
(0.00633896 0.0880799 0)
(0.00262165 0.052821 0)
(-0.00129601 0.0176465 0)
(-0.00545159 -0.0175775 0)
(-0.0101291 -0.0528724 0)
(-0.0153122 -0.0883788 0)
(-0.0208653 -0.12414 0)
(-0.0267937 -0.1602 0)
(-0.033099 -0.19663 0)
(-0.0397706 -0.233533 0)
(-0.0467948 -0.271052 0)
(-0.0541513 -0.309377 0)
(-0.061812 -0.348735 0)
(-0.0697315 -0.389353 0)
(-0.0778259 -0.43137 0)
(-0.0859457 -0.474694 0)
(-0.093849 -0.518854 0)
(-0.101198 -0.562976 0)
(-0.107726 -0.606435 0)
(-0.114016 -0.651595 0)
(-0.123223 -0.709908 0)
(-0.141301 -0.804018 0)
(-0.167527 -0.940734 0)
(-0.179934 -1.05313 0)
(-0.147931 -0.995885 0)
(-0.0739854 -0.662117 0)
(-0.00533508 -0.161768 0)
(0.00603171 0.142608 0)
(0.0316055 0.386554 0)
(0.0512518 0.546675 0)
(0.0633799 0.644235 0)
(0.0712012 0.705914 0)
(0.0770662 0.74079 0)
(0.0809524 0.749728 0)
(0.0825174 0.734702 0)
(0.0818492 0.700879 0)
(0.0794418 0.655289 0)
(0.0760081 0.604785 0)
(0.0722559 0.554438 0)
(0.0687012 0.506901 0)
(0.0655893 0.462773 0)
(0.0629324 0.421482 0)
(0.0606089 0.382127 0)
(0.0584619 0.343977 0)
(0.056357 0.306602 0)
(0.0541978 0.269797 0)
(0.0519172 0.23347 0)
(0.0494623 0.197559 0)
(0.0467844 0.162 0)
(0.0438348 0.126725 0)
(0.0405613 0.0916691 0)
(0.0369153 0.0567843 0)
(0.0329531 0.022013 0)
(0.0287228 -0.0128157 0)
(0.024003 -0.0477374 0)
(0.0186979 -0.0828426 0)
(0.0129308 -0.118192 0)
(0.00671045 -0.15384 0)
(3.06933e-05 -0.18987 0)
(-0.00710168 -0.226394 0)
(-0.0146689 -0.263555 0)
(-0.0226408 -0.301544 0)
(-0.0309819 -0.340599 0)
(-0.0396493 -0.380969 0)
(-0.0485723 -0.422837 0)
(-0.0576304 -0.466182 0)
(-0.0666337 -0.510622 0)
(-0.075308 -0.555339 0)
(-0.08336 -0.599445 0)
(-0.0909228 -0.643926 0)
(-0.0999703 -0.697342 0)
(-0.116002 -0.782346 0)
(-0.1421 -0.91827 0)
(-0.161595 -1.05631 0)
(-0.141518 -1.04491 0)
(-0.0759742 -0.736312 0)
(-0.00671421 -0.198532 0)
(0.0054378 0.124477 0)
(0.0340201 0.360091 0)
(0.0601453 0.527302 0)
(0.0784108 0.631837 0)
(0.0908762 0.697017 0)
(0.100381 0.734244 0)
(0.107217 0.745765 0)
(0.110996 0.73346 0)
(0.111788 0.702004 0)
(0.110198 0.658054 0)
(0.107138 0.608346 0)
(0.103532 0.558075 0)
(0.100075 0.510174 0)
(0.0971178 0.465539 0)
(0.0947086 0.423807 0)
(0.0927139 0.384173 0)
(0.0909438 0.345908 0)
(0.0892302 0.308544 0)
(0.0874513 0.271839 0)
(0.0855242 0.235675 0)
(0.0833866 0.19998 0)
(0.0809832 0.164688 0)
(0.0782604 0.129729 0)
(0.0751652 0.0950313 0)
(0.0716458 0.0605327 0)
(0.0677093 0.0261716 0)
(0.0634307 -0.00818775 0)
(0.0586435 -0.042615 0)
(0.0532057 -0.0772021 0)
(0.0472116 -0.112029 0)
(0.0406768 -0.147162 0)
(0.0335906 -0.182691 0)
(0.0259639 -0.218734 0)
(0.0178189 -0.255438 0)
(0.00918606 -0.293003 0)
(0.000104672 -0.331677 0)
(-0.00938072 -0.371728 0)
(-0.0192078 -0.413364 0)
(-0.0292787 -0.456609 0)
(-0.0394475 -0.501149 0)
(-0.0495032 -0.546231 0)
(-0.0591886 -0.590876 0)
(-0.0684412 -0.635242 0)
(-0.0783316 -0.685375 0)
(-0.0932775 -0.761968 0)
(-0.118605 -0.893263 0)
(-0.143376 -1.05066 0)
(-0.134128 -1.08356 0)
(-0.0772532 -0.806007 0)
(-0.00793919 -0.237257 0)
(0.00469685 0.106044 0)
(0.0350895 0.32911 0)
(0.0671431 0.50154 0)
(0.0917633 0.613925 0)
(0.109183 0.683929 0)
(0.12247 0.724355 0)
(0.132405 0.739124 0)
(0.138649 0.730245 0)
(0.141208 0.701849 0)
(0.140727 0.660112 0)
(0.138259 0.611578 0)
(0.134925 0.561564 0)
(0.131604 0.513324 0)
(0.12879 0.468117 0)
(0.126603 0.425855 0)
(0.124924 0.385865 0)
(0.123541 0.347442 0)
(0.122251 0.310079 0)
(0.120899 0.273489 0)
(0.119377 0.237518 0)
(0.117609 0.202079 0)
(0.115531 0.167099 0)
(0.113083 0.132505 0)
(0.11021 0.098221 0)
(0.106859 0.0641727 0)
(0.102999 0.030289 0)
(0.0987024 -0.00353949 0)
(0.0938462 -0.0374166 0)
(0.0882744 -0.0714198 0)
(0.0820534 -0.105645 0)
(0.0752012 -0.140175 0)
(0.0677046 -0.175108 0)
(0.0595701 -0.210566 0)
(0.0508207 -0.246711 0)
(0.0414868 -0.283752 0)
(0.0316072 -0.321947 0)
(0.0212296 -0.361578 0)
(0.0104155 -0.402869 0)
(-0.000754311 -0.445881 0)
(-0.0121723 -0.490348 0)
(-0.0236875 -0.535565 0)
(-0.0350999 -0.580533 0)
(-0.0462986 -0.624964 0)
(-0.0577722 -0.673015 0)
(-0.0726871 -0.74246 0)
(-0.0971621 -0.866711 0)
(-0.125797 -1.03758 0)
(-0.126317 -1.1124 0)
(-0.0782354 -0.870837 0)
(-0.00903752 -0.277605 0)
(0.00388947 0.0879931 0)
(0.034849 0.294646 0)
(0.0719685 0.469662 0)
(0.102992 0.590207 0)
(0.125749 0.666372 0)
(0.143066 0.71095 0)
(0.156285 0.72959 0)
(0.165265 0.724754 0)
(0.169948 0.700083 0)
(0.170937 0.66117 0)
(0.169355 0.61428 0)
(0.166479 0.564804 0)
(0.163378 0.51633 0)
(0.160713 0.470529 0)
(0.15872 0.42765 0)
(0.15733 0.387213 0)
(0.156329 0.348565 0)
(0.155482 0.311176 0)
(0.154596 0.274704 0)
(0.153532 0.238955 0)
(0.152189 0.203814 0)
(0.15049 0.169197 0)
(0.148368 0.135025 0)
(0.145761 0.101218 0)
(0.142614 0.067692 0)
(0.138875 0.0343647 0)
(0.134593 0.00114442 0)
(0.129681 -0.0321059 0)
(0.123989 -0.0654461 0)
(0.117549 -0.0989808 0)
(0.110379 -0.132815 0)
(0.102465 -0.167055 0)
(0.0938102 -0.201837 0)
(0.0844361 -0.237333 0)
(0.0743749 -0.273759 0)
(0.0636665 -0.311381 0)
(0.0523568 -0.350482 0)
(0.0404954 -0.391304 0)
(0.0281381 -0.433929 0)
(0.0153616 -0.478125 0)
(0.00227443 -0.523233 0)
(-0.0109764 -0.568259 0)
(-0.0243029 -0.612686 0)
(-0.0378769 -0.659418 0)
(-0.053756 -0.723159 0)
(-0.0776901 -0.839157 0)
(-0.109155 -1.01824 0)
(-0.118499 -1.132 0)
(-0.0793146 -0.930669 0)
(-0.0101236 -0.319453 0)
(0.00309111 0.0709029 0)
(0.03341 0.257916 0)
(0.074413 0.432225 0)
(0.111612 0.560479 0)
(0.140089 0.643978 0)
(0.161798 0.693781 0)
(0.178543 0.716924 0)
(0.190545 0.716657 0)
(0.197738 0.696314 0)
(0.200626 0.66086 0)
(0.200315 0.616167 0)
(0.198177 0.567624 0)
(0.195453 0.519123 0)
(0.192993 0.472774 0)
(0.191185 0.42922 0)
(0.190054 0.388238 0)
(0.189412 0.349276 0)
(0.189011 0.311805 0)
(0.188618 0.275436 0)
(0.188056 0.239924 0)
(0.187193 0.205121 0)
(0.18593 0.170919 0)
(0.184187 0.137229 0)
(0.181895 0.103964 0)
(0.178992 0.0710337 0)
(0.175418 0.0383459 0)
(0.171189 0.00581312 0)
(0.166245 -0.0267149 0)
(0.160453 -0.0592994 0)
(0.153809 -0.0920495 0)
(0.146327 -0.125086 0)
(0.137998 -0.15853 0)
(0.128821 -0.192529 0)
(0.118814 -0.227266 0)
(0.108009 -0.26297 0)
(0.096444 -0.299911 0)
(0.0841589 -0.338376 0)
(0.0711918 -0.378605 0)
(0.0575768 -0.420683 0)
(0.0433523 -0.464401 0)
(0.028574 -0.509133 0)
(0.0133371 -0.55391 0)
(-0.00229287 -0.598117 0)
(-0.0183295 -0.643904 0)
(-0.0360283 -0.703301 0)
(-0.0599875 -0.810789 0)
(-0.0935744 -0.993543 0)
(-0.110933 -1.14284 0)
(-0.0808233 -0.985499 0)
(-0.011389 -0.362926 0)
(0.00235828 0.0552226 0)
(0.0309594 0.22027 0)
(0.074375 0.390123 0)
(0.117151 0.524732 0)
(0.151608 0.616341 0)
(0.178164 0.672501 0)
(0.198759 0.700847 0)
(0.214084 0.705614 0)
(0.224189 0.690114 0)
(0.22946 0.658732 0)
(0.230902 0.616854 0)
(0.229902 0.569752 0)
(0.227828 0.521556 0)
(0.225714 0.474804 0)
(0.224135 0.430576 0)
(0.223249 0.388967 0)
(0.222939 0.349592 0)
(0.222967 0.31196 0)
(0.223074 0.275653 0)
(0.223044 0.240379 0)
(0.222705 0.205941 0)
(0.221932 0.172203 0)
(0.220624 0.139058 0)
(0.2187 0.106407 0)
(0.216088 0.0741516 0)
(0.212723 0.0421915 0)
(0.208592 0.0104323 0)
(0.203649 -0.0212727 0)
(0.197783 -0.0530006 0)
(0.190957 -0.0848652 0)
(0.183181 -0.116998 0)
(0.174451 -0.149537 0)
(0.164761 -0.182641 0)
(0.154127 -0.216507 0)
(0.142575 -0.251372 0)
(0.130139 -0.28751 0)
(0.116848 -0.325203 0)
(0.102722 -0.364685 0)
(0.0877682 -0.406037 0)
(0.0719863 -0.449057 0)
(0.0553847 -0.493142 0)
(0.0380113 -0.537346 0)
(0.0199018 -0.581023 0)
(0.00112253 -0.625946 0)
(-0.0190867 -0.682127 0)
(-0.04378 -0.781541 0)
(-0.0790453 -0.964136 0)
(-0.103725 -1.14528 0)
(-0.082998 -1.03534 0)
(-0.0130882 -0.408389 0)
(0.00172541 0.0412573 0)
(0.0277479 0.183096 0)
(0.0718995 0.344596 0)
(0.119216 0.483272 0)
(0.159643 0.583111 0)
(0.191508 0.646675 0)
(0.216375 0.681021 0)
(0.235365 0.691269 0)
(0.248784 0.681026 0)
(0.256955 0.654265 0)
(0.260722 0.615842 0)
(0.261393 0.570788 0)
(0.260388 0.523363 0)
(0.258896 0.476484 0)
(0.257687 0.431679 0)
(0.257091 0.389416 0)
(0.257105 0.349541 0)
(0.257538 0.311657 0)
(0.258132 0.27535 0)
(0.25864 0.240289 0)
(0.258855 0.20623 0)
(0.258613 0.172999 0)
(0.25779 0.14046 0)
(0.256284 0.108497 0)
(0.254014 0.0769994 0)
(0.250903 0.0458581 0)
(0.246919 0.0149681 0)
(0.242021 -0.0158134 0)
(0.236114 -0.0465805 0)
(0.229139 -0.0774538 0)
(0.221101 -0.108576 0)
(0.211997 -0.140097 0)
(0.201819 -0.172191 0)
(0.190577 -0.205065 0)
(0.178291 -0.238964 0)
(0.164981 -0.27416 0)
(0.150661 -0.310927 0)
(0.135326 -0.349481 0)
(0.11895 -0.389891 0)
(0.101492 -0.431952 0)
(0.0829108 -0.475087 0)
(0.0632129 -0.518394 0)
(0.0424245 -0.561216 0)
(0.0206835 -0.605114 0)
(-0.0025477 -0.658937 0)
(-0.0287447 -0.751188 0)
(-0.0654584 -0.930506 0)
(-0.0968201 -1.1395 0)
(-0.0859485 -1.08013 0)
(-0.0155119 -0.456429 0)
(0.00120134 0.0291706 0)
(0.0240666 0.147714 0)
(0.0672072 0.297199 0)
(0.117578 0.436828 0)
(0.163537 0.54414 0)
(0.201043 0.615837 0)
(0.230672 0.657027 0)
(0.25373 0.67324 0)
(0.270873 0.668587 0)
(0.282469 0.646889 0)
(0.289197 0.612522 0)
(0.292199 0.570179 0)
(0.292853 0.524115 0)
(0.292437 0.477534 0)
(0.291895 0.432387 0)
(0.291744 0.38954 0)
(0.292136 0.349131 0)
(0.292975 0.310919 0)
(0.294039 0.274541 0)
(0.295073 0.23965 0)
(0.295844 0.205964 0)
(0.296156 0.173267 0)
(0.295852 0.141387 0)
(0.294808 0.110182 0)
(0.292924 0.0795265 0)
(0.290116 0.0492965 0)
(0.286329 0.019375 0)
(0.281526 -0.0103814 0)
(0.275622 -0.0400811 0)
(0.268544 -0.0698547 0)
(0.260288 -0.099854 0)
(0.250854 -0.130243 0)
(0.240229 -0.161208 0)
(0.228413 -0.192963 0)
(0.215414 -0.225756 0)
(0.201235 -0.259852 0)
(0.185864 -0.295511 0)
(0.169264 -0.332924 0)
(0.151372 -0.372138 0)
(0.132101 -0.412943 0)
(0.111365 -0.454785 0)
(0.0891321 -0.496828 0)
(0.0654297 -0.538479 0)
(0.0404901 -0.581157 0)
(0.0139223 -0.633046 0)
(-0.0145128 -0.719421 0)
(-0.0526307 -0.893045 0)
(-0.0900009 -1.12554 0)
(-0.0896267 -1.11966 0)
(-0.018949 -0.507806 0)
(0.000782104 0.019 0)
(0.0202147 0.115242 0)
(0.0607027 0.249704 0)
(0.112256 0.386618 0)
(0.162755 0.499652 0)
(0.205907 0.579606 0)
(0.240751 0.628385 0)
(0.268351 0.651099 0)
(0.289658 0.652329 0)
(0.305201 0.636011 0)
(0.315553 0.606201 0)
(0.321645 0.567222 0)
(0.324714 0.523196 0)
(0.326033 0.477487 0)
(0.326658 0.432394 0)
(0.327284 0.389177 0)
(0.32824 0.348303 0)
(0.329564 0.309744 0)
(0.331114 0.273243 0)
(0.332666 0.238477 0)
(0.333983 0.205143 0)
(0.334847 0.172989 0)
(0.335075 0.141807 0)
(0.334518 0.111423 0)
(0.333057 0.0816868 0)
(0.330594 0.0524572 0)
(0.327053 0.023602 0)
(0.322397 -0.00502735 0)
(0.316549 -0.0335548 0)
(0.309423 -0.0621206 0)
(0.301008 -0.0908856 0)
(0.291297 -0.120026 0)
(0.280275 -0.149735 0)
(0.267926 -0.180233 0)
(0.254239 -0.211763 0)
(0.239192 -0.244578 0)
(0.222739 -0.278913 0)
(0.204806 -0.314932 0)
(0.185283 -0.352653 0)
(0.16404 -0.39186 0)
(0.140947 -0.43203 0)
(0.115946 -0.472416 0)
(0.0890794 -0.512551 0)
(0.0606771 -0.553862 0)
(0.0305841 -0.603919 0)
(-0.000687667 -0.685878 0)
(-0.0403247 -0.852144 0)
(-0.0828816 -1.10332 0)
(-0.0937964 -1.15344 0)
(-0.0236189 -0.563386 0)
(0.000457691 0.0106778 0)
(0.0164654 0.0864938 0)
(0.0529452 0.203949 0)
(0.103568 0.334344 0)
(0.15701 0.450399 0)
(0.205281 0.537873 0)
(0.245582 0.594633 0)
(0.278206 0.624363 0)
(0.304163 0.631762 0)
(0.324183 0.621038 0)
(0.338823 0.596145 0)
(0.348818 0.561097 0)
(0.355189 0.519805 0)
(0.359099 0.475652 0)
(0.361628 0.431176 0)
(0.363597 0.387979 0)
(0.365502 0.346859 0)
(0.367542 0.308045 0)
(0.369695 0.271435 0)
(0.37181 0.236777 0)
(0.373681 0.20378 0)
(0.375094 0.172172 0)
(0.375854 0.141713 0)
(0.375793 0.112198 0)
(0.374774 0.0834475 0)
(0.372685 0.0552986 0)
(0.369434 0.0276 0)
(0.364973 0.00019526 0)
(0.359231 -0.0270596 0)
(0.352116 -0.0543118 0)
(0.3436 -0.0817302 0)
(0.33367 -0.1095 0)
(0.322298 -0.13782 0)
(0.30945 -0.166907 0)
(0.295088 -0.196994 0)
(0.279155 -0.228314 0)
(0.261567 -0.261072 0)
(0.242202 -0.295399 0)
(0.220905 -0.331285 0)
(0.197499 -0.368507 0)
(0.171822 -0.40659 0)
(0.143802 -0.444907 0)
(0.113517 -0.483179 0)
(0.0814117 -0.522963 0)
(0.047604 -0.571448 0)
(0.0131347 -0.649997 0)
(-0.0282434 -0.808254 0)
(-0.0749168 -1.07275 0)
(-0.098009 -1.18067 0)
(-0.0295856 -0.623976 0)
(0.000226604 0.00404511 0)
(0.013044 0.0619125 0)
(0.0445789 0.161648 0)
(0.0921256 0.282097 0)
(0.146361 0.39777 0)
(0.19854 0.491009 0)
(0.244094 0.555483 0)
(0.282098 0.592532 0)
(0.313219 0.606357 0)
(0.338272 0.601369 0)
(0.35786 0.581609 0)
(0.372577 0.550923 0)
(0.383206 0.512994 0)
(0.390716 0.471125 0)
(0.396106 0.42796 0)
(0.40024 0.38535 0)
(0.403737 0.344388 0)
(0.406951 0.30557 0)
(0.410004 0.268985 0)
(0.412856 0.234496 0)
(0.415371 0.201863 0)
(0.417373 0.170819 0)
(0.41868 0.14111 0)
(0.419124 0.112503 0)
(0.418558 0.0847933 0)
(0.416861 0.0577937 0)
(0.41393 0.0313315 0)
(0.4097 0.00523877 0)
(0.404101 -0.0206489 0)
(0.397041 -0.0464832 0)
(0.388471 -0.0724413 0)
(0.37836 -0.0987129 0)
(0.366663 -0.125496 0)
(0.353322 -0.152998 0)
(0.338263 -0.181434 0)
(0.321391 -0.21101 0)
(0.302573 -0.241896 0)
(0.28164 -0.274187 0)
(0.258388 -0.307847 0)
(0.232601 -0.34266 0)
(0.204092 -0.378216 0)
(0.1728 -0.414047 0)
(0.138865 -0.45013 0)
(0.102875 -0.488257 0)
(0.0652009 -0.535408 0)
(0.0273702 -0.611444 0)
(-0.0160302 -0.761942 0)
(-0.0654195 -1.03385 0)
(-0.101581 -1.20012 0)
(-0.0366428 -0.690084 0)
(9.50309e-05 -0.00113749 0)
(0.0101118 0.0415886 0)
(0.0362183 0.12421 0)
(0.0787394 0.232176 0)
(0.131243 0.343787 0)
(0.18539 0.440051 0)
(0.235342 0.511038 0)
(0.278741 0.555212 0)
(0.315469 0.575565 0)
(0.346137 0.576389 0)
(0.371339 0.561861 0)
(0.391578 0.535804 0)
(0.407426 0.501743 0)
(0.419616 0.462842 0)
(0.428979 0.42174 0)
(0.436324 0.380425 0)
(0.442322 0.34021 0)
(0.447439 0.301826 0)
(0.451937 0.265566 0)
(0.455906 0.231436 0)
(0.459315 0.199283 0)
(0.462059 0.168878 0)
(0.464003 0.139974 0)
(0.465001 0.112328 0)
(0.464919 0.0857153 0)
(0.463634 0.0599288 0)
(0.46104 0.0347765 0)
(0.45706 0.0100762 0)
(0.45162 -0.0143523 0)
(0.44463 -0.0386647 0)
(0.436013 -0.0630437 0)
(0.425717 -0.087678 0)
(0.413675 -0.112758 0)
(0.399796 -0.138475 0)
(0.383968 -0.16502 0)
(0.366048 -0.192565 0)
(0.345857 -0.221244 0)
(0.323175 -0.251114 0)
(0.297755 -0.282123 0)
(0.26935 -0.314075 0)
(0.237768 -0.346656 0)
(0.202985 -0.379606 0)
(0.165233 -0.413222 0)
(0.125262 -0.449623 0)
(0.0836751 -0.495739 0)
(0.0425246 -0.570057 0)
(-0.00322492 -0.713849 0)
(-0.0535794 -0.986964 0)
(-0.103564 -1.21018 0)
(-0.044191 -0.761789 0)
(7.36422e-05 -0.0051764 0)
(0.00771904 0.0253408 0)
(0.0282659 0.0926382 0)
(0.0641879 0.186848 0)
(0.112333 0.290965 0)
(0.165918 0.38677 0)
(0.218668 0.462008 0)
(0.266929 0.512308 0)
(0.309456 0.538893 0)
(0.346276 0.545461 0)
(0.377768 0.536168 0)
(0.40431 0.514875 0)
(0.426297 0.485032 0)
(0.444228 0.449673 0)
(0.458722 0.411362 0)
(0.470455 0.372115 0)
(0.480062 0.333372 0)
(0.488061 0.296038 0)
(0.494815 0.260587 0)
(0.500537 0.227175 0)
(0.505312 0.195755 0)
(0.509135 0.166168 0)
(0.511945 0.138197 0)
(0.513648 0.111611 0)
(0.514142 0.0861799 0)
(0.513324 0.0616864 0)
(0.511096 0.0379262 0)
(0.507375 0.0147064 0)
(0.502086 -0.00816417 0)
(0.49514 -0.0308432 0)
(0.486436 -0.0535128 0)
(0.475895 -0.0763534 0)
(0.463423 -0.0995418 0)
(0.448897 -0.123248 0)
(0.432162 -0.147631 0)
(0.413031 -0.172828 0)
(0.391277 -0.198931 0)
(0.366637 -0.225969 0)
(0.338829 -0.253882 0)
(0.307594 -0.28252 0)
(0.27276 -0.311703 0)
(0.234367 -0.341428 0)
(0.192765 -0.372376 0)
(0.148875 -0.407064 0)
(0.1035 -0.452485 0)
(0.0592137 -0.525949 0)
(0.0108231 -0.664599 0)
(-0.0385547 -0.933078 0)
(-0.102757 -1.20906 0)
(-0.0511405 -0.838801 0)
(0.000133056 -0.00837132 0)
(0.00561963 0.0128891 0)
(0.0205792 0.0675544 0)
(0.0487886 0.14811 0)
(0.0902088 0.242025 0)
(0.140457 0.333561 0)
(0.193791 0.409808 0)
(0.245727 0.464224 0)
(0.293811 0.496076 0)
(0.337128 0.507999 0)
(0.375532 0.503807 0)
(0.409128 0.487307 0)
(0.438107 0.461903 0)
(0.462756 0.430528 0)
(0.483475 0.395644 0)
(0.500767 0.359222 0)
(0.515166 0.322736 0)
(0.527169 0.287194 0)
(0.53719 0.253196 0)
(0.545528 0.221031 0)
(0.552374 0.190762 0)
(0.557828 0.162312 0)
(0.561918 0.135517 0)
(0.564625 0.110178 0)
(0.565901 0.0860791 0)
(0.565681 0.0630076 0)
(0.563892 0.040758 0)
(0.560457 0.0191363 0)
(0.555304 -0.00205081 0)
(0.548349 -0.0229625 0)
(0.539475 -0.0437689 0)
(0.528578 -0.0646349 0)
(0.515539 -0.085718 0)
(0.500202 -0.107161 0)
(0.482377 -0.129089 0)
(0.461837 -0.151599 0)
(0.438318 -0.174748 0)
(0.411528 -0.198542 0)
(0.381175 -0.222933 0)
(0.347009 -0.247846 0)
(0.308913 -0.273278 0)
(0.267014 -0.299529 0)
(0.221786 -0.327703 0)
(0.174292 -0.360763 0)
(0.125483 -0.405831 0)
(0.0783345 -0.479228 0)
(0.0271221 -0.614619 0)
(-0.0197086 -0.873915 0)
(-0.0978465 -1.19479 0)
(-0.055908 -0.920042 0)
(0.000124633 -0.0107791 0)
(0.00289127 0.00422394 0)
(0.0119192 0.0494081 0)
(0.0317208 0.117487 0)
(0.064719 0.199454 0)
(0.109187 0.283066 0)
(0.160706 0.356433 0)
(0.214625 0.411967 0)
(0.267493 0.447256 0)
(0.317287 0.463609 0)
(0.363033 0.464128 0)
(0.404329 0.45233 0)
(0.441057 0.43149 0)
(0.473267 0.404431 0)
(0.501155 0.373501 0)
(0.525042 0.340586 0)
(0.545329 0.30713 0)
(0.562446 0.274165 0)
(0.576799 0.242367 0)
(0.58873 0.212113 0)
(0.598506 0.183563 0)
(0.606314 0.156719 0)
(0.612271 0.131482 0)
(0.616439 0.107699 0)
(0.618837 0.0851851 0)
(0.619454 0.0637486 0)
(0.618254 0.0431975 0)
(0.615186 0.0233481 0)
(0.610189 0.00401993 0)
(0.60318 -0.0149469 0)
(0.59405 -0.0336987 0)
(0.582676 -0.0523791 0)
(0.568918 -0.0711187 0)
(0.552602 -0.0900292 0)
(0.533513 -0.109199 0)
(0.511403 -0.128688 0)
(0.485993 -0.148525 0)
(0.456993 -0.16871 0)
(0.42413 -0.189231 0)
(0.387209 -0.210121 0)
(0.346189 -0.231586 0)
(0.301299 -0.254255 0)
(0.253104 -0.279663 0)
(0.20273 -0.311208 0)
(0.151146 -0.356161 0)
(0.101504 -0.430015 0)
(0.047447 -0.563553 0)
(0.00340073 -0.811613 0)
(-0.087407 -1.1647 0)
(-0.0564057 -1.00193 0)
(-0.000353839 -0.0116225 0)
(-0.00253719 0.000323149 0)
(-0.000629476 0.0389481 0)
(0.010316 0.0960017 0)
(0.0342388 0.165014 0)
(0.07153 0.237553 0)
(0.119359 0.304018 0)
(0.173522 0.357009 0)
(0.23001 0.39308 0)
(0.285801 0.412269 0)
(0.338952 0.416704 0)
(0.38834 0.409319 0)
(0.433373 0.393069 0)
(0.473794 0.370578 0)
(0.509574 0.344042 0)
(0.540857 0.315231 0)
(0.567909 0.285513 0)
(0.591069 0.255895 0)
(0.610699 0.227069 0)
(0.627146 0.199465 0)
(0.640713 0.173305 0)
(0.651648 0.148657 0)
(0.660141 0.125488 0)
(0.666327 0.103695 0)
(0.670293 0.0831357 0)
(0.672087 0.0636518 0)
(0.671721 0.0450784 0)
(0.66918 0.027254 0)
(0.664426 0.0100244 0)
(0.657389 -0.00675912 0)
(0.64798 -0.0232172 0)
(0.636074 -0.0394668 0)
(0.621526 -0.0556067 0)
(0.604162 -0.0717139 0)
(0.583771 -0.0878424 0)
(0.560116 -0.104024 0)
(0.532944 -0.120275 0)
(0.502011 -0.136609 0)
(0.467113 -0.153077 0)
(0.428143 -0.169844 0)
(0.385153 -0.187336 0)
(0.338444 -0.206499 0)
(0.288598 -0.229256 0)
(0.236668 -0.259384 0)
(0.183437 -0.304255 0)
(0.131953 -0.378611 0)
(0.0750446 -0.51061 0)
(0.0322986 -0.748151 0)
(-0.0690621 -1.11518 0)
(-0.0498446 -1.07712 0)
(-0.00218193 -0.00821806 0)
(-0.0141036 0.00411699 0)
(-0.0216662 0.0375918 0)
(-0.0199801 0.0840973 0)
(-0.00467352 0.139311 0)
(0.0256661 0.19825 0)
(0.0692522 0.254152 0)
(0.122549 0.30084 0)
(0.181503 0.334573 0)
(0.242454 0.354428 0)
(0.302596 0.361511 0)
(0.360023 0.357952 0)
(0.413545 0.346159 0)
(0.462496 0.3284 0)
(0.506577 0.306629 0)
(0.545739 0.282446 0)
(0.580112 0.257106 0)
(0.609936 0.231551 0)
(0.635516 0.20645 0)
(0.657176 0.182243 0)
(0.67523 0.159188 0)
(0.689959 0.137402 0)
(0.701604 0.116901 0)
(0.710357 0.0976309 0)
(0.716365 0.079498 0)
(0.719732 0.0623827 0)
(0.720524 0.0461562 0)
(0.718769 0.0306893 0)
(0.714466 0.0158595 0)
(0.707582 0.00154954 0)
(0.698043 -0.0123391 0)
(0.685752 -0.0258929 0)
(0.670593 -0.0391838 0)
(0.652424 -0.0522611 0)
(0.631081 -0.0651525 0)
(0.606389 -0.0778746 0)
(0.578175 -0.0904478 0)
(0.546291 -0.102922 0)
(0.510643 -0.115426 0)
(0.471223 -0.128255 0)
(0.428148 -0.142026 0)
(0.38171 -0.157933 0)
(0.332367 -0.178198 0)
(0.28092 -0.206875 0)
(0.227745 -0.2514 0)
(0.175555 -0.325816 0)
(0.115994 -0.455869 0)
(0.0719659 -0.684827 0)
(-0.0381785 -1.04486 0)
(-0.0328373 -1.13831 0)
(-0.00694658 0.00490031 0)
(-0.0362307 0.0205562 0)
(-0.0564101 0.0473083 0)
(-0.0642003 0.081551 0)
(-0.0561071 0.121529 0)
(-0.0311428 0.164713 0)
(0.00928952 0.207194 0)
(0.0618656 0.244393 0)
(0.122671 0.27282 0)
(0.187887 0.290959 0)
(0.2542 0.299078 0)
(0.319057 0.298448 0)
(0.380686 0.29076 0)
(0.43797 0.277754 0)
(0.490286 0.26102 0)
(0.537369 0.24191 0)
(0.579194 0.221511 0)
(0.615899 0.200661 0)
(0.647724 0.179973 0)
(0.674958 0.159868 0)
(0.697909 0.140614 0)
(0.716875 0.122354 0)
(0.732129 0.105143 0)
(0.743908 0.0889689 0)
(0.752412 0.0737805 0)
(0.757799 0.0594993 0)
(0.76019 0.0460348 0)
(0.75967 0.0332934 0)
(0.756291 0.0211856 0)
(0.750072 0.00963039 0)
(0.741014 -0.0014424 0)
(0.729052 -0.0120827 0)
(0.714121 -0.0223451 0)
(0.69617 -0.0322781 0)
(0.675134 -0.0419095 0)
(0.650947 -0.0512593 0)
(0.623553 -0.0603627 0)
(0.592924 -0.069306 0)
(0.559069 -0.0782794 0)
(0.52204 -0.087665 0)
(0.481934 -0.0981853 0)
(0.438899 -0.111159 0)
(0.393075 -0.128939 0)
(0.344759 -0.155714 0)
(0.293642 -0.198939 0)
(0.241822 -0.272161 0)
(0.179458 -0.399078 0)
(0.132978 -0.618811 0)
(0.00972889 -0.962058 0)
(-0.00298933 -1.18373 0)
(-0.0168737 0.0368072 0)
(-0.0726728 0.0552218 0)
(-0.107781 0.069228 0)
(-0.124271 0.0868621 0)
(-0.121215 0.109097 0)
(-0.0992509 0.134876 0)
(-0.0602524 0.161959 0)
(-0.00753992 0.187411 0)
(0.0550515 0.208366 0)
(0.123747 0.22281 0)
(0.195148 0.230336 0)
(0.266308 0.231542 0)
(0.335011 0.227381 0)
(0.399755 0.218964 0)
(0.459616 0.207404 0)
(0.514102 0.193712 0)
(0.563026 0.178742 0)
(0.606415 0.163174 0)
(0.644438 0.147529 0)
(0.677347 0.132179 0)
(0.705438 0.117374 0)
(0.729021 0.103266 0)
(0.748395 0.0899329 0)
(0.76384 0.0773946 0)
(0.775606 0.0656342 0)
(0.783911 0.0546105 0)
(0.788937 0.0442686 0)
(0.790838 0.0345483 0)
(0.789735 0.0253901 0)
(0.785727 0.0167396 0)
(0.778884 0.00855154 0)
(0.769287 0.00079016 0)
(0.757 -0.00657026 0)
(0.741941 -0.013553 0)
(0.72416 -0.0202084 0)
(0.703716 -0.0265894 0)
(0.680664 -0.0327553 0)
(0.655058 -0.0388099 0)
(0.626942 -0.0449566 0)
(0.596347 -0.05158 0)
(0.563244 -0.0593817 0)
(0.527504 -0.0696193 0)
(0.488764 -0.0845266 0)
(0.446523 -0.108103 0)
(0.399262 -0.147511 0)
(0.347615 -0.215725 0)
(0.280088 -0.334976 0)
(0.227557 -0.540619 0)
(0.0731593 -0.875686 0)
(0.041115 -1.20359 0)
(-0.0344153 0.100456 0)
(-0.121206 0.113626 0)
(-0.164332 0.102273 0)
(-0.182941 0.0969629 0)
(-0.180805 0.0989114 0)
(-0.159592 0.10621 0)
(-0.121285 0.117318 0)
(-0.0689757 0.130026 0)
(-0.00620388 0.141907 0)
(0.0637948 0.151197 0)
(0.137963 0.156966 0)
(0.213242 0.159037 0)
(0.287063 0.157671 0)
(0.357639 0.153375 0)
(0.423807 0.146767 0)
(0.484867 0.138474 0)
(0.540469 0.129068 0)
(0.590517 0.119034 0)
(0.635098 0.108761 0)
(0.67441 0.0985395 0)
(0.708726 0.0885791 0)
(0.738349 0.0790162 0)
(0.763594 0.0699313 0)
(0.784767 0.0613621 0)
(0.802153 0.0533153 0)
(0.816015 0.0457772 0)
(0.826586 0.0387213 0)
(0.834071 0.0321148 0)
(0.838651 0.0259225 0)
(0.840483 0.0201109 0)
(0.839701 0.0146479 0)
(0.836431 0.00950588 0)
(0.830773 0.00467322 0)
(0.822928 0.000134501 0)
(0.812956 -0.00413677 0)
(0.800843 -0.00818362 0)
(0.786664 -0.012074 0)
(0.770478 -0.0159119 0)
(0.752307 -0.0198728 0)
(0.732098 -0.0242692 0)
(0.70966 -0.0296609 0)
(0.684573 -0.0370497 0)
(0.65595 -0.0482274 0)
(0.622347 -0.0664395 0)
(0.580503 -0.0975897 0)
(0.527985 -0.1526 0)
(0.449923 -0.251083 0)
(0.374982 -0.426244 0)
(0.154805 -0.745624 0)
(0.118505 -1.14489 0)
(-0.0722759 0.214104 0)
(-0.142012 0.161207 0)
(-0.136967 0.105089 0)
(-0.123162 0.0865603 0)
(-0.10244 0.0752635 0)
(-0.0727764 0.0671339 0)
(-0.0333603 0.0639172 0)
(0.0155505 0.064868 0)
(0.0730975 0.0681081 0)
(0.137767 0.0723587 0)
(0.207445 0.076438 0)
(0.279732 0.0794173 0)
(0.35239 0.0808829 0)
(0.423618 0.0807625 0)
(0.492079 0.0791841 0)
(0.556842 0.0763845 0)
(0.617312 0.0726428 0)
(0.673164 0.0682354 0)
(0.724281 0.0634085 0)
(0.770692 0.058367 0)
(0.812529 0.0532709 0)
(0.849988 0.0482388 0)
(0.8833 0.043353 0)
(0.91271 0.0386665 0)
(0.938463 0.0342096 0)
(0.960796 0.0299962 0)
(0.979929 0.0260286 0)
(0.996066 0.0223015 0)
(1.00939 0.0188055 0)
(1.02007 0.0155291 0)
(1.02825 0.0124596 0)
(1.03408 0.00958441 0)
(1.03767 0.00688928 0)
(1.03914 0.00436259 0)
(1.03861 0.00200212 0)
(1.03622 -0.00020703 0)
(1.03204 -0.0023053 0)
(1.02609 -0.00435959 0)
(1.01837 -0.00648071 0)
(1.00875 -0.00886229 0)
(0.996959 -0.0118476 0)
(0.982392 -0.0160465 0)
(0.963844 -0.022539 0)
(0.939197 -0.0332499 0)
(0.903806 -0.0516331 0)
(0.8518 -0.0839837 0)
(0.762868 -0.142887 0)
(0.646793 -0.254496 0)
(0.340245 -0.498749 0)
(0.328948 -0.865342 0)
(0.23875 0.159184 0)
(0.356794 0.171832 0)
(0.470373 0.12686 0)
(0.571823 0.0903821 0)
(0.649079 0.066378 0)
(0.709343 0.0497657 0)
(0.760412 0.0376789 0)
(0.80684 0.0288113 0)
(0.851448 0.0224617 0)
(0.896101 0.0181512 0)
(0.941749 0.0154272 0)
(0.988572 0.0138356 0)
(1.03622 0.0129696 0)
(1.08403 0.0125004 0)
(1.13127 0.0121878 0)
(1.17721 0.0118765 0)
(1.22123 0.011482 0)
(1.26285 0.0109712 0)
(1.30173 0.0103441 0)
(1.33766 0.00961907 0)
(1.37054 0.00882241 0)
(1.40037 0.00798169 0)
(1.4272 0.00712196 0)
(1.45113 0.0062641 0)
(1.47229 0.00542438 0)
(1.49082 0.00461472 0)
(1.50687 0.00384335 0)
(1.5206 0.00311555 0)
(1.53216 0.00243438 0)
(1.54168 0.00180125 0)
(1.5493 0.00121639 0)
(1.55516 0.000679106 0)
(1.55938 0.000187819 0)
(1.56206 -0.000259032 0)
(1.56331 -0.000664043 0)
(1.56324 -0.00103183 0)
(1.56191 -0.00137073 0)
(1.55939 -0.00169715 0)
(1.55567 -0.00203967 0)
(1.55066 -0.00244863 0)
(1.54406 -0.00301325 0)
(1.53532 -0.00388917 0)
(1.52328 -0.00535092 0)
(1.50599 -0.00785869 0)
(1.4794 -0.0122625 0)
(1.43792 -0.0198063 0)
(1.36434 -0.0339416 0)
(1.24968 -0.0586131 0)
(0.976293 -0.131733 0)
(0.998191 -0.300876 0)
)
;

boundaryField
{
    movingWall
    {
        type            fixedValue;
        value           uniform (2 0 0);
    }
    fixedWalls
    {
        type            fixedValue;
        value           uniform (0 0 0);
    }
    frontAndBack
    {
        type            empty;
    }
}


// ************************************************************************* //
