/*--------------------------------*- C++ -*----------------------------------*\
  =========                 |
  \\      /  F ield         | OpenFOAM: The Open Source CFD Toolbox
   \\    /   O peration     | Website:  https://openfoam.org
    \\  /    A nd           | Version:  7
     \\/     M anipulation  |
\*---------------------------------------------------------------------------*/
FoamFile
{
    version     2.0;
    format      ascii;
    class       surfaceScalarField;
    location    "1000";
    object      phi;
}
// * * * * * * * * * * * * * * * * * * * * * * * * * * * * * * * * * * * * * //

dimensions      [0 3 -1 0 0 0 0];

internalField   nonuniform List<scalar> 
4900
(
1.69398e-06
-1.70995e-06
6.22222e-06
-4.52841e-06
1.17161e-05
-5.49391e-06
1.65023e-05
-4.78623e-06
1.97496e-05
-3.2473e-06
2.13884e-05
-1.63887e-06
2.17666e-05
-3.78252e-07
2.12607e-05
5.05832e-07
2.00138e-05
1.24681e-06
1.78619e-05
2.15192e-06
1.44115e-05
3.45033e-06
9.17572e-06
5.2357e-06
1.6634e-06
7.51228e-06
-8.57759e-06
1.02409e-05
-2.18967e-05
1.33191e-05
-3.84569e-05
1.65601e-05
-5.81622e-05
1.97053e-05
-8.0577e-05
2.24149e-05
-0.000104863
2.42859e-05
-0.000129763
2.48998e-05
-0.000153649
2.3886e-05
-0.000174634
2.09855e-05
-0.000190737
1.61031e-05
-0.000200083
9.34554e-06
-0.00020115
1.06709e-06
-0.000192998
-8.15244e-06
-0.000175381
-1.76164e-05
-0.000148822
-2.65593e-05
-0.000114614
-3.42086e-05
-7.47816e-05
-3.98321e-05
-3.19779e-05
-4.28037e-05
1.0682e-05
-4.26599e-05
4.99412e-05
-3.92593e-05
8.29481e-05
-3.30069e-05
0.000107526
-2.4578e-05
0.00012241
-1.48843e-05
0.000127486
-5.07589e-06
0.000123835
3.65124e-06
0.000113454
1.0381e-05
9.87349e-05
1.47189e-05
8.20213e-05
1.67136e-05
6.52509e-05
1.67704e-05
4.97696e-05
1.54813e-05
3.63117e-05
1.34579e-05
2.51048e-05
1.12069e-05
1.60412e-05
9.0636e-06
8.89424e-06
7.14693e-06
3.59477e-06
5.29948e-06
5.05346e-07
3.08943e-06
5.05349e-07
4.47127e-06
-6.18145e-06
1.38452e-05
-1.39026e-05
2.43079e-05
-1.59567e-05
3.28961e-05
-1.33745e-05
3.79981e-05
-8.34935e-06
3.92235e-05
-2.86441e-06
3.68543e-05
1.99087e-06
3.1197e-05
6.16292e-06
2.21435e-05
1.03002e-05
9.06556e-06
1.52298e-05
-9.03431e-06
2.15501e-05
-3.3257e-05
2.94583e-05
-6.45022e-05
3.87574e-05
-0.00010321
4.89481e-05
-0.000149149
5.92585e-05
-0.00020126
6.86711e-05
-0.000257596
7.60407e-05
-0.000315445
8.02643e-05
-0.000371611
8.04513e-05
-0.000422756
7.60453e-05
-0.000465744
6.68739e-05
-0.000497896
5.31371e-05
-0.000517157
3.53643e-05
-0.000522186
1.43743e-05
-0.000512438
-8.68096e-06
-0.000488007
-3.25838e-05
-0.000449528
-5.60948e-05
-0.000398205
-7.78825e-05
-0.000335866
-9.65478e-05
-0.000264986
-0.000110713
-0.000188655
-0.000119135
-0.000110447
-0.000120867
-3.42444e-05
-0.000115462
3.58794e-05
-0.000103131
9.62321e-05
-8.49308e-05
0.000143999
-6.26509e-05
0.000177256
-3.83332e-05
0.000195213
-1.43064e-05
0.000198464
7.12993e-06
0.000189106
2.40771e-05
0.000170287
3.55329e-05
0.000145597
4.14597e-05
0.000118448
4.26311e-05
9.16034e-05
4.03021e-05
6.69321e-05
3.58783e-05
4.54211e-05
3.05746e-05
2.74608e-05
2.51072e-05
1.33359e-05
1.94244e-05
3.75578e-06
1.26696e-05
4.26113e-06
5.98631e-06
-1.21679e-05
1.73347e-05
-2.52513e-05
2.8798e-05
-2.74202e-05
3.68173e-05
-2.13939e-05
3.95306e-05
-1.10628e-05
3.63491e-05
3.16885e-07
2.72099e-05
1.113e-05
1.19052e-05
2.14674e-05
-1.033e-05
3.25352e-05
-4.07731e-05
4.56727e-05
-8.07837e-05
6.15606e-05
-0.000131285
7.99595e-05
-0.000192342
9.98141e-05
-0.000262849
0.000119456
-0.000340461
0.00013687
-0.000421818
0.000150028
-0.000503005
0.000157227
-0.000580068
0.000157327
-0.000649461
0.000149845
-0.000708323
0.000134907
-0.000754569
0.00011312
-0.000786845
8.54128e-05
-0.000804386
5.29053e-05
-0.000806841
1.68292e-05
-0.000794077
-2.14451e-05
-0.00076611
-6.05507e-05
-0.000723249
-9.89557e-05
-0.000666227
-0.000134904
-0.000596284
-0.000166491
-0.000515267
-0.00019173
-0.000425694
-0.000208707
-0.000330762
-0.0002158
-0.000234257
-0.000211967
-0.000140315
-0.000197073
-5.3166e-05
-0.00017208
2.32276e-05
-0.000139045
8.58921e-05
-0.000100998
0.000133035
-6.14494e-05
0.00016369
-2.35248e-05
0.000177999
9.76802e-06
0.0001775
3.60321e-05
0.000164994
5.39649e-05
0.000144031
6.35942e-05
0.000118292
6.60413e-05
9.10376e-05
6.31329e-05
6.4742e-05
5.68702e-05
4.10648e-05
4.87844e-05
2.12078e-05
3.92814e-05
6.60726e-06
2.72701e-05
1.08684e-05
6.50804e-06
-1.86761e-05
1.75945e-05
-3.63381e-05
2.69473e-05
-3.67733e-05
3.07516e-05
-2.51985e-05
2.72014e-05
-7.51268e-06
1.56031e-05
1.1915e-05
-4.57882e-06
3.13118e-05
-3.43587e-05
5.12472e-05
-7.52599e-05
7.34363e-05
-0.000128759
9.91718e-05
-0.000195586
0.000128387
-0.00027516
0.000159533
-0.000365353
0.000190007
-0.000462678
0.00021678
-0.000562819
0.000237011
-0.000661329
0.000248538
-0.000754231
0.00025013
-0.000838388
0.000241484
-0.000911588
0.000223045
-0.00097243
0.000195749
-0.00102009
0.000160778
-0.00105407
0.000119392
-0.00107402
7.28577e-05
-0.00107963
2.24367e-05
-0.0010705
-3.05707e-05
-0.00104633
-8.47198e-05
-0.00100697
-0.000138323
-0.000952475
-0.000189396
-0.000883275
-0.00023569
-0.000800293
-0.000274712
-0.000705156
-0.000303844
-0.000600358
-0.000320598
-0.00048932
-0.000323006
-0.000376311
-0.000310082
-0.000266163
-0.000282228
-0.000163731
-0.000241477
-7.33339e-05
-0.000191395
1.75522e-06
-0.000136539
5.99626e-05
-8.17323e-05
0.000100984
-3.12539e-05
0.000125076
1.19409e-05
0.000133527
4.55142e-05
0.000128842
6.82786e-05
0.000114319
8.05649e-05
9.35388e-05
8.39129e-05
6.98647e-05
8.05443e-05
4.61132e-05
7.25359e-05
2.4635e-05
6.07597e-05
7.92794e-06
4.39772e-05
1.87963e-05
6.20467e-06
-2.4881e-05
1.48929e-05
-4.50266e-05
1.92009e-05
-4.10815e-05
1.5468e-05
-2.14658e-05
2.14724e-06
5.80783e-06
-2.16455e-05
3.57076e-05
-5.70876e-05
6.67537e-05
-0.000105905
0.000100065
-0.000169722
0.000137253
-0.000249101
0.00017855
-0.000342856
0.000222142
-0.000447968
0.000264645
-0.000560056
0.000302095
-0.000674175
0.000330899
-0.00078565
0.000348485
-0.00089066
0.000353549
-0.000986479
0.000345948
-0.00107139
0.000326394
-0.00114443
0.000296091
-0.00120513
0.000256447
-0.00125324
0.000208882
-0.00128859
0.00015475
-0.00131107
9.53346e-05
-0.00132051
3.18714e-05
-0.00131662
-3.44559e-05
-0.00129905
-0.000102291
-0.00126732
-0.000170055
-0.00122086
-0.000235854
-0.00115914
-0.000297413
-0.00108186
-0.000351993
-0.000989261
-0.000396439
-0.000882461
-0.000427397
-0.000763747
-0.00044172
-0.00063681
-0.000437019
-0.000506716
-0.000412322
-0.000379497
-0.000368696
-0.000261355
-0.000309537
-0.000157588
-0.000240306
-7.1722e-05
-0.000167598
-5.19976e-06
-9.77763e-05
4.25209e-05
-3.57799e-05
7.26854e-05
1.53497e-05
8.68969e-05
5.40672e-05
8.76829e-05
7.9779e-05
7.82519e-05
9.33438e-05
6.21161e-05
9.66802e-05
4.27361e-05
9.1916e-05
2.34062e-05
8.00896e-05
7.60258e-06
5.97809e-05
2.63989e-05
4.89757e-06
-2.97787e-05
8.8774e-06
-4.90068e-05
5.28393e-06
-3.74884e-05
-8.9325e-06
-7.24964e-06
-3.51165e-05
3.19916e-05
-7.44309e-05
7.50219e-05
-0.000128594
0.000120917
-0.000199355
0.000170826
-0.00028727
0.000225168
-0.000390815
0.000282095
-0.000506343
0.00033767
-0.00062879
0.000387093
-0.000752708
0.000426013
-0.000873189
0.00045138
-0.000986431
0.000461728
-0.00108988
0.000456994
-0.00118204
0.00043811
-0.00126221
0.000406567
-0.00133021
0.000364085
-0.00138614
0.000312386
-0.00143035
0.000253085
-0.00146324
0.00018764
-0.00148524
0.000117336
-0.00149666
4.32952e-05
-0.0014976
-3.35172e-05
-0.00148783
-0.000112065
-0.00146673
-0.000191156
-0.00143325
-0.000269334
-0.00138599
-0.00034467
-0.0013234
-0.000414587
-0.00124403
-0.000475807
-0.00114698
-0.000524441
-0.00103246
-0.000556244
-0.00090233
-0.00056715
-0.000760559
-0.000554092
-0.000613278
-0.000515977
-0.000468265
-0.00045455
-0.000333778
-0.000374794
-0.000216884
-0.000284492
-0.000121891
-0.000192769
-4.97571e-05
-0.000107914
1.15319e-06
-3.55606e-05
3.34418e-05
2.17786e-05
4.96601e-05
6.35608e-05
5.2767e-05
9.02371e-05
4.61764e-05
0.000103271
3.35912e-05
0.000104501
1.88721e-05
9.48087e-05
6.1136e-06
7.25394e-05
3.25125e-05
2.27358e-06
-3.20524e-05
-9.17653e-07
-4.58159e-05
-1.5011e-05
-2.33953e-05
-4.21985e-05
1.99376e-05
-8.36632e-05
7.34561e-05
-0.00014084
0.000132198
-0.000215427
0.000195505
-0.000308105
0.000263503
-0.000417334
0.000334398
-0.000539169
0.000403931
-0.000668063
0.000466563
-0.000798082
0.000517111
-0.000923956
0.000551886
-0.00104166
0.000569089
-0.00114856
0.000568618
-0.00124315
0.000551589
-0.00132487
0.000519829
-0.0013938
0.000475493
-0.00145049
0.000420782
-0.00149587
0.000357767
-0.00153106
0.000288267
-0.00155721
0.000213795
-0.00157539
0.000135518
-0.00158641
5.43112e-05
-0.00159075
-2.91744e-05
-0.00158844
-0.000114377
-0.00157893
-0.000200664
-0.00156104
-0.000287224
-0.00153295
-0.000372766
-0.00149222
-0.000455316
-0.00143598
-0.000532044
-0.0013613
-0.000599122
-0.00126579
-0.000651752
-0.00114843
-0.000684516
-0.0010104
-0.000692122
-0.000855869
-0.000670505
-0.000692251
-0.000618168
-0.000529593
-0.000537452
-0.000378912
-0.000435173
-0.000249688
-0.000321993
-0.000147397
-0.000210204
-7.25043e-05
-0.000110454
-2.17056e-05
-2.90201e-05
9.32117e-06
3.25341e-05
2.44342e-05
7.51241e-05
2.74173e-05
0.000100288
2.22276e-05
0.000109691
1.30452e-05
0.000103991
4.2126e-06
8.13721e-05
3.67251e-05
-1.91828e-06
-3.01343e-05
-1.4657e-05
-3.30776e-05
-4.13298e-05
3.27723e-06
-8.32278e-05
6.18353e-05
-0.000141363
0.000131591
-0.000217133
0.000207968
-0.00031132
0.000289692
-0.000422642
0.000374824
-0.000547205
0.00045896
-0.000679204
0.000535929
-0.000812251
0.000599611
-0.000940586
0.000645446
-0.00105976
0.000671061
-0.00116682
0.000676145
-0.00126013
0.00066193
-0.00133916
0.000630618
-0.00140424
0.000584909
-0.00145638
0.000527631
-0.00149706
0.000461471
-0.00152807
0.000388771
-0.00155122
0.000311419
-0.00156822
0.000230797
-0.00158051
0.000147806
-0.00158919
6.29899e-05
-0.001595
-2.33662e-05
-0.00159819
-0.000111181
-0.0015985
-0.000200353
-0.00159503
-0.000290701
-0.00158611
-0.000381685
-0.00156919
-0.000472229
-0.00154082
-0.000560417
-0.00149677
-0.000643173
-0.00143249
-0.000716035
-0.00134383
-0.000773173
-0.00122819
-0.000807763
-0.00108582
-0.00081287
-0.000921041
-0.000782951
-0.000742704
-0.000715789
-0.000563553
-0.000614323
-0.00039796
-0.000487587
-0.00025832
-0.000349844
-0.000151407
-0.000217367
-7.68657e-05
-0.000103562
-2.92309e-05
-1.51007e-05
-2.07504e-06
4.79683e-05
9.97259e-06
8.82402e-05
1.17294e-05
0.000107934
7.79095e-06
0.00010793
2.60082e-06
8.65623e-05
3.9326e-05
-7.74561e-06
-2.23888e-05
-3.19015e-05
-8.92204e-06
-7.25022e-05
4.38777e-05
-0.000129806
0.000119138
-0.000204633
0.000206419
-0.000297715
0.00030105
-0.000408158
0.000400135
-0.000532453
0.000499119
-0.000664826
0.000591333
-0.000798544
0.000669648
-0.000927296
0.000728363
-0.00104606
0.000764214
-0.00115143
0.000776428
-0.00124151
0.000766225
-0.00131575
0.000736166
-0.0013747
0.000689568
-0.00141979
0.000630003
-0.00145306
0.0005609
-0.00147683
0.000485237
-0.00149342
0.000405367
-0.00150497
0.000322966
-0.00151325
0.00023908
-0.00151969
0.000154244
-0.00152535
6.86497e-05
-0.00153096
-1.776e-05
-0.00153691
-0.000105229
-0.00154327
-0.000193996
-0.00154966
-0.000284306
-0.00155509
-0.000376256
-0.00155769
-0.000469634
-0.00155449
-0.000563618
-0.00154127
-0.000656395
-0.00151255
-0.000744751
-0.00146205
-0.000823674
-0.00138365
-0.000886164
-0.00127291
-0.000923603
-0.00112894
-0.000926927
-0.000956065
-0.000888662
-0.0007648
-0.000805589
-0.000571035
-0.000681352
-0.000392993
-0.000527885
-0.000246207
-0.000364153
-0.000138415
-0.000211354
-6.77156e-05
-8.57998e-05
-2.59036e-05
6.15623e-06
-4.31591e-06
6.66526e-05
3.86787e-06
9.97505e-05
4.28119e-06
0.000107516
1.7145e-06
8.91291e-05
4.10405e-05
-1.4936e-05
-7.453e-06
-5.16694e-05
2.7811e-05
-0.000106495
9.87027e-05
-0.000178737
0.000191381
-0.000268747
0.000296428
-0.000375982
0.000408285
-0.000497575
0.000521727
-0.000628127
0.000629671
-0.000760784
0.00072399
-0.000888728
0.000797591
-0.0010063
0.00084593
-0.00110949
0.000867413
-0.00119607
0.000863007
-0.00126538
0.000835535
-0.00131816
0.000788945
-0.00135623
0.000727639
-0.00138213
0.000655904
-0.00139869
0.000577457
-0.00140864
0.000495185
-0.00141436
0.000411084
-0.00141774
0.000326347
-0.0014202
0.00024154
-0.00142276
0.000156807
-0.00142614
7.20294e-05
-0.00143084
-1.30646e-05
-0.00143724
-9.88271e-05
-0.00144563
-0.000185607
-0.00145613
-0.000273799
-0.00146858
-0.000363813
-0.00148223
-0.000455985
-0.00149544
-0.000550403
-0.00150521
-0.00064662
-0.0015068
-0.000743163
-0.00149363
-0.00083685
-0.00145769
-0.000922098
-0.00139074
-0.000990558
-0.0012862
-0.00103146
-0.0011418
-0.00103307
-0.000961988
-0.000985397
-0.000759297
-0.000884043
-0.00055329
-0.000733892
-0.000366432
-0.00055101
-0.000217207
-0.000360579
-0.00011335
-0.000189657
-5.01943e-05
-5.69992e-05
-1.63417e-05
3.27999e-05
-1.2915e-06
8.47004e-05
2.74771e-06
0.000103477
1.64822e-06
9.02287e-05
4.26887e-05
-2.29904e-05
1.55373e-05
-7.24507e-05
7.7271e-05
-0.000140715
0.000166966
-0.000226269
0.000276934
-0.000328588
0.000398748
-0.000445546
0.000525243
-0.000572476
0.000648657
-0.000702741
0.000759936
-0.000829186
0.000850435
-0.000945504
0.000913909
-0.00104703
0.000947461
-0.00113104
0.000951414
-0.00119665
0.000928617
-0.00124468
0.000883571
-0.00127729
0.000821557
-0.00129749
0.000747832
-0.00130856
0.000666982
-0.00131364
0.000582528
-0.00131528
0.000496829
-0.00131541
0.000411214
-0.0013153
0.00032624
-0.00131573
0.000241973
-0.00131715
0.000158225
-0.00131981
7.46895e-05
-0.00132391
-8.96535e-06
-0.0013297
-9.30388e-05
-0.00133749
-0.000177819
-0.00134768
-0.000263612
-0.00136068
-0.000350807
-0.00137678
-0.000439882
-0.00139579
-0.000531395
-0.00141655
-0.00062586
-0.00143634
-0.000723375
-0.00145024
-0.000822952
-0.00145075
-0.000921583
-0.00142812
-0.00101319
-0.00137171
-0.00108787
-0.00127267
-0.00113211
-0.00112731
-0.00113076
-0.000940493
-0.00107086
-0.000727384
-0.000947001
-0.000511984
-0.00076641
-0.000321273
-0.00055129
-0.000175853
-0.000335077
-8.16237e-05
-0.000151229
-2.96219e-05
-1.92018e-05
-5.39673e-06
6.04752e-05
2.49166e-06
9.5589e-05
2.18099e-06
9.05394e-05
4.48697e-05
-3.11669e-05
4.6704e-05
-9.24329e-05
0.000138537
-0.000172427
0.00024696
-0.000268677
0.000373184
-0.000379524
0.000509595
-0.000501284
0.000647003
-0.000627963
0.000775336
-0.000752386
0.000884359
-0.00086771
0.00096576
-0.000968552
0.00101475
-0.00105153
0.00103044
-0.00111538
0.00101526
-0.00116082
0.000974061
-0.0011902
0.000912948
-0.00120689
0.000838254
-0.00121466
0.000755598
-0.00121698
0.000669298
-0.00121663
0.000582185
-0.00121557
0.000495763
-0.00121492
0.000410564
-0.00121521
0.000326534
-0.0012166
0.000243357
-0.00121902
0.00016065
-0.00122239
7.80611e-05
-0.00122667
-4.68217e-06
-0.00123195
-8.7766e-05
-0.00123842
-0.000171341
-0.0012465
-0.000255533
-0.00125678
-0.000340534
-0.00126999
-0.000426673
-0.00128687
-0.000514508
-0.00130788
-0.00060485
-0.00133259
-0.000698663
-0.00135886
-0.000796692
-0.00138178
-0.000898659
-0.00139306
-0.00100192
-0.00138113
-0.00109979
-0.00133287
-0.00118037
-0.00123694
-0.00122669
-0.00108843
-0.00121937
-0.000893328
-0.0011421
-0.00067059
-0.000989148
-0.000449594
-0.000772286
-0.000261709
-0.000522961
-0.000127803
-0.000285135
-4.91605e-05
-9.78438e-05
-1.12792e-05
2.2594e-05
2.15666e-06
8.21532e-05
2.88048e-06
8.98157e-05
4.77502e-05
-3.85903e-05
8.52941e-05
-0.000109888
0.000209834
-0.000199146
0.000336218
-0.000302823
0.000476861
-0.000418062
0.000624833
-0.000539904
0.000768845
-0.000661608
0.000897039
-0.000776057
0.000998808
-0.000877171
0.00106687
-0.000960788
0.00109837
-0.00102502
0.00109467
-0.00107023
0.00106048
-0.00109873
0.00100256
-0.00111413
0.000928346
-0.00112055
0.000844673
-0.00112184
0.000756893
-0.00112105
0.000668508
-0.00112019
0.000581321
-0.00112031
0.000495878
-0.00112174
0.000412001
-0.00112442
0.000329211
-0.00112807
0.000247004
-0.00113239
0.000164968
-0.00113714
8.28189e-05
-0.00114221
3.84017e-07
-0.00114756
-8.24159e-05
-0.00115329
-0.00016561
-0.00115965
-0.000249179
-0.00116705
-0.000333131
-0.00117616
-0.000417561
-0.00118792
-0.000502747
-0.0012035
-0.000589274
-0.00122399
-0.000678169
-0.00124978
-0.0007709
-0.00127944
-0.000869005
-0.0013083
-0.000973052
-0.00132731
-0.00108078
-0.00132294
-0.00118474
-0.00127929
-0.00127034
-0.00118259
-0.00131607
-0.00102737
-0.00129732
-0.000822053
-0.00119447
-0.000590994
-0.00100334
-0.000369961
-0.000743995
-0.000193732
-0.000461365
-7.99974e-05
-0.000211578
-2.19532e-05
-3.545e-05
2.44994e-07
5.99552e-05
3.27217e-06
8.67886e-05
5.10224e-05
-4.44935e-05
0.000129787
-0.000123385
0.000288725
-0.000218956
0.000431789
-0.000326529
0.000584434
-0.000442166
0.00074047
-0.000560055
0.000886733
-0.000673246
0.00101023
-0.000775149
0.00110071
-0.000860757
0.00115248
-0.000927329
0.00116494
-0.000974577
0.00114191
-0.00100446
0.00109036
-0.00102056
0.00101867
-0.00102727
0.000935052
-0.00102878
0.000846186
-0.00102845
0.000756556
-0.00102842
0.000668488
-0.00102977
0.000582665
-0.00103271
0.000498816
-0.001037
0.000416296
-0.00104224
0.000334453
-0.00104803
0.000252791
-0.00105405
0.000170991
-0.00106011
8.88793e-05
-0.00106611
6.37779e-06
-0.001072
-7.65234e-05
-0.00107782
-0.000159792
-0.00108363
-0.000243363
-0.00108962
-0.000327151
-0.00109609
-0.000411083
-0.00110369
-0.000495153
-0.00111342
-0.000579545
-0.00112674
-0.00066485
-0.00114533
-0.000752302
-0.00117045
-0.00084389
-0.00120148
-0.000942023
-0.00123401
-0.00104825
-0.00125804
-0.00116071
-0.00125777
-0.00127062
-0.00121431
-0.00135952
-0.00111178
-0.00139985
-0.000945345
-0.0013609
-0.000727997
-0.00122069
-0.000491691
-0.000980301
-0.000279047
-0.000674009
-0.000125358
-0.000365267
-3.96828e-05
-0.000121125
-4.39552e-06
2.46679e-05
3.03045e-06
7.93629e-05
5.40529e-05
-4.83056e-05
0.000178093
-0.000131941
0.00037236
-0.000230677
0.000530524
-0.000338707
0.000692465
-0.000451252
0.000853014
-0.000562083
0.000997565
-0.000664498
0.00111264
-0.000752751
0.00118896
-0.000823105
0.00122284
-0.000874314
0.00121615
-0.000907621
0.00117522
-0.000926282
0.00110902
-0.000934695
0.00102708
-0.000937356
0.000937713
-0.000937966
0.000846795
-0.000938956
0.000757546
-0.000941483
0.000671015
-0.00094575
0.000586932
-0.000951424
0.000504491
-0.000958001
0.000422873
-0.000965019
0.000341471
-0.000972152
0.000259923
-0.000979212
0.000178051
-0.000986116
9.57841e-05
-0.000992845
1.31061e-05
-0.0009994
-6.99685e-05
-0.00100579
-0.000153407
-0.00101199
-0.00023716
-0.001018
-0.000321144
-0.00102384
-0.000405237
-0.00102971
-0.000489289
-0.00103606
-0.00057319
-0.00104389
-0.000657023
-0.00105485
-0.000741342
-0.00107118
-0.000827554
-0.00109497
-0.000918234
-0.0011264
-0.00101682
-0.00116115
-0.00112596
-0.00118791
-0.00124386
-0.00118801
-0.00135942
-0.00113938
-0.00144848
-0.00102484
-0.00147545
-0.000842458
-0.00140307
-0.00061289
-0.00120987
-0.000377869
-0.00090903
-0.000185656
-0.000557479
-6.59174e-05
-0.000240864
-1.23391e-05
-2.89102e-05
2.03978e-06
6.49841e-05
5.60927e-05
-4.96975e-05
0.00022779
-0.000135066
0.000457729
-0.000233884
0.000629342
-0.00033929
0.00079787
-0.000445947
0.000959671
-0.000547614
0.00109923
-0.000638158
0.00120319
-0.000712885
0.00126369
-0.000769385
0.00127934
-0.000807832
0.0012546
-0.000830742
0.00119813
-0.000842222
0.0011205
-0.000846891
0.00103175
-0.000848814
0.000939636
-0.000850808
0.00084879
-0.000854286
0.000761024
-0.000859539
0.000676268
-0.000866211
0.000593603
-0.00087373
0.000512011
-0.000881587
0.00043073
-0.000889443
0.000349328
-0.000897134
0.000267614
-0.000904618
0.000185535
-0.000911924
0.00010309
-0.000919101
2.02836e-05
-0.000926194
-6.28756e-05
-0.000933216
-0.000146385
-0.00094014
-0.000230236
-0.000946895
-0.000314389
-0.000953369
-0.000398762
-0.000959451
-0.000483207
-0.000965129
-0.000567512
-0.000970698
-0.000651454
-0.000977058
-0.000734981
-0.000986022
-0.000818591
-0.00100034
-0.000903913
-0.00102293
-0.000994232
-0.00105468
-0.00109421
-0.00109092
-0.00120762
-0.00111819
-0.00133215
-0.00111422
-0.00145245
-0.00105384
-0.00153583
-0.000920406
-0.0015365
-0.000718453
-0.00141182
-0.000480154
-0.00114733
-0.000258195
-0.000779439
-0.000101475
-0.000397583
-2.37488e-05
-0.000106637
3.0709e-07
4.09283e-05
5.63998e-05
-4.85827e-05
0.000276373
-0.000132732
0.000541877
-0.000228815
0.000725425
-0.000329024
0.000898079
-0.000427754
0.0010584
-0.000519062
0.00119054
-0.000597606
0.00128173
-0.000659811
0.0013259
-0.000704535
0.00132406
-0.000733149
0.00128321
-0.00074905
0.00121403
-0.000756683
0.00112813
-0.000760379
0.00103545
-0.000763415
0.000942672
-0.00076762
0.000852994
-0.000773527
0.000766931
-0.000780852
0.000683593
-0.000788997
0.000601748
-0.000797405
0.000520419
-0.000805713
0.000439038
-0.000813762
0.000357377
-0.000821539
0.000275391
-0.000829109
0.000193106
-0.000836564
0.000110545
-0.000843989
2.77082e-05
-0.000851446
-5.54182e-05
-0.000858965
-0.000138866
-0.000866538
-0.000222663
-0.000874106
-0.00030682
-0.000881546
-0.000391322
-0.000888661
-0.000476092
-0.000895211
-0.000560962
-0.000901012
-0.000645653
-0.000906171
-0.000729822
-0.00091149
-0.000813272
-0.000918947
-0.000896456
-0.000931862
-0.000981317
-0.000953965
-0.00107211
-0.000986535
-0.00117505
-0.00102378
-0.00129491
-0.00104886
-0.00142736
-0.00103505
-0.00154964
-0.00095496
-0.0016166
-0.00079595
-0.00157083
-0.000574184
-0.00136909
-0.000337145
-0.00101648
-0.000146093
-0.000588635
-3.90008e-05
-0.000213729
-2.30753e-06
4.2349e-06
5.40922e-05
-4.50809e-05
0.000321453
-0.000125279
0.000622075
-0.000216199
0.000816344
-0.000309211
0.000991092
-0.00039868
0.00114787
-0.000479188
0.00127105
-0.000546293
0.00134884
-0.000597505
0.00137711
-0.000632766
0.00135932
-0.000654323
0.00130477
-0.000666015
0.00122572
-0.000672168
0.00113428
-0.000676476
0.00103975
-0.000681306
0.000947502
-0.00068761
0.000859298
-0.000695311
0.000774632
-0.000703853
0.000692135
-0.000712642
0.000610537
-0.00072127
0.000529047
-0.000729564
0.000447332
-0.000737517
0.00036533
-0.000745217
0.000283091
-0.00075278
0.000200668
-0.000760313
0.000118079
-0.000767904
3.52989e-05
-0.000775615
-4.77071e-05
-0.00078348
-0.000131001
-0.000791511
-0.000214632
-0.000799682
-0.00029865
-0.000807913
-0.000383091
-0.000816047
-0.000467957
-0.00082383
-0.000553179
-0.000830913
-0.00063857
-0.000836953
-0.000723782
-0.000841893
-0.000808332
-0.000846484
-0.000891865
-0.000852953
-0.000974848
-0.000865282
-0.00105978
-0.000887988
-0.00115234
-0.000922216
-0.00126068
-0.000959667
-0.00138991
-0.000978443
-0.00153086
-0.000946929
-0.00164811
-0.000838178
-0.00167958
-0.000649361
-0.00155791
-0.000414533
-0.00125131
-0.000197724
-0.000805444
-5.87544e-05
-0.000352698
-5.87597e-06
-4.86434e-05
4.82163e-05
-3.94648e-05
0.000360918
-0.000113308
0.000695918
-0.000197078
0.000900114
-0.000281442
0.00107546
-0.000360913
0.00122734
-0.000430737
0.00134087
-0.000487383
0.00140548
-0.000529324
0.00141905
-0.000557331
0.00138733
-0.000574157
0.00132159
-0.000583681
0.00123525
-0.000589774
0.00114037
-0.000595341
0.00104532
-0.000601902
0.000954064
-0.000609762
0.000867158
-0.000618515
0.000783386
-0.000627567
0.000701186
-0.000636456
0.000619427
-0.000644966
0.000537557
-0.000653076
0.000455442
-0.000660882
0.000373136
-0.000668513
0.000290722
-0.000676092
0.000208247
-0.00068372
0.000125706
-0.000691469
4.3048e-05
-0.000699392
-3.97833e-05
-0.000707522
-0.000122871
-0.000715873
-0.00020628
-0.000724444
-0.000290079
-0.0007332
-0.000374336
-0.000742051
-0.000459106
-0.00075082
-0.00054441
-0.000759204
-0.000630186
-0.000766763
-0.000716222
-0.000773019
-0.000802076
-0.000777786
-0.000887098
-0.00078185
-0.000970785
-0.000787864
-0.00105377
-0.000800671
-0.00113954
-0.000825417
-0.00123593
-0.000862023
-0.00135331
-0.000897581
-0.00149531
-0.000903349
-0.00164234
-0.000843938
-0.00173899
-0.000698426
-0.00170342
-0.000482129
-0.0014676
-0.000252283
-0.00103529
-8.3155e-05
-0.000521826
-1.03783e-05
-0.00012142
3.7838e-05
-3.21063e-05
0.000393024
-9.75664e-05
0.000761377
-0.000172637
0.000975184
-0.000247387
0.00115021
-0.00031658
0.00129653
-0.000376192
0.00140048
-0.000423542
0.00145283
-0.00045788
0.00145339
-0.000480518
0.00140996
-0.000494368
0.00133544
-0.000503029
0.00124391
-0.000509732
0.00114708
-0.000516598
0.00105219
-0.000524472
0.000961938
-0.00053326
0.000875946
-0.000542452
0.000792578
-0.000551549
0.000710283
-0.000560264
0.000628142
-0.000568538
0.000545831
-0.000576455
0.000463358
-0.000584151
0.000380833
-0.000591764
0.000298335
-0.000599402
0.000215886
-0.000607151
0.000133455
-0.000615068
5.09654e-05
-0.000623198
-3.1653e-05
-0.000631565
-0.000114504
-0.000640184
-0.000197662
-0.000649059
-0.000281203
-0.000658178
-0.000365216
-0.000667499
-0.000449785
-0.000676925
-0.000534984
-0.000686261
-0.00062085
-0.000695159
-0.000707324
-0.000703091
-0.000794144
-0.000709454
-0.000880734
-0.000713997
-0.000966242
-0.000717712
-0.00105005
-0.000723965
-0.00113328
-0.000738655
-0.00122124
-0.00076705
-0.00132491
-0.000805898
-0.00145646
-0.000834793
-0.00161345
-0.000817229
-0.00175656
-0.000718483
-0.00180217
-0.000533322
-0.00165276
-0.00030449
-0.00126412
-0.000111193
-0.000715123
-1.58176e-05
-0.000216796
2.20203e-05
-2.34294e-05
0.000416453
-7.88602e-05
0.000816808
-0.000144077
0.0010404
-0.000208633
0.00121476
-0.000267586
0.00135549
-0.000317637
0.00145053
-0.000356852
0.00149205
-0.000385048
0.00148158
-0.000403789
0.00142871
-0.000415859
0.00134751
-0.000424367
0.00125242
-0.000431844
0.00115455
-0.000439733
0.00106007
-0.000448409
0.000970615
-0.000457588
0.000885126
-0.000466796
0.000801786
-0.000475681
0.000719168
-0.000484114
0.000636575
-0.000492141
0.000553858
-0.000499896
0.000471114
-0.000507524
0.000388461
-0.000515148
0.000305959
-0.000522861
0.000223599
-0.000530734
0.000141328
-0.000538818
5.90495e-05
-0.000547153
-2.33175e-05
-0.000555757
-0.0001059
-0.000564641
-0.000188778
-0.000573807
-0.000272037
-0.000583248
-0.000355775
-0.000592941
-0.000440091
-0.000602838
-0.000525087
-0.00061283
-0.000610858
-0.000622697
-0.000697457
-0.000632035
-0.000784805
-0.00064022
-0.000872549
-0.000646548
-0.000959914
-0.000650803
-0.0010458
-0.000654453
-0.00112963
-0.000661988
-0.00121371
-0.000680439
-0.00130646
-0.000713855
-0.00142304
-0.00075249
-0.00157481
-0.000765473
-0.00174358
-0.000710796
-0.00185685
-0.000564274
-0.00179929
-0.00034931
-0.00147909
-0.000140874
-0.000923558
-2.20918e-05
-0.000335579
-7.15626e-08
-1.3875e-05
0.000430328
-5.79874e-05
0.00086092
-0.000112522
0.00109493
-0.000166595
0.00126883
-0.000215535
0.00140443
-0.000256723
0.00149172
-0.000288841
0.00152417
-0.000312066
0.00150481
-0.000327969
0.00144461
-0.000338987
0.00135853
-0.000347628
0.00126106
-0.000355758
0.00116268
-0.000364284
0.0010686
-0.000373298
0.000979629
-0.000382471
0.000894299
-0.000391434
0.000810749
-0.000399982
0.000727716
-0.000408099
0.000644692
-0.000415891
0.00056165
-0.000423504
0.000478727
-0.000431072
0.00039603
-0.000438702
0.000313588
-0.000446471
0.000231369
-0.000454446
0.000149303
-0.000462679
6.72825e-05
-0.000471211
-1.47851e-05
-0.000480056
-9.70549e-05
-0.000489222
-0.000179612
-0.000498704
-0.000262555
-0.000508492
-0.000345987
-0.000518567
-0.000430016
-0.000528896
-0.000514757
-0.000539421
-0.000600334
-0.000550013
-0.000686865
-0.000560412
-0.000774406
-0.000570139
-0.000862822
-0.000578458
-0.000951595
-0.0005846
-0.00103965
-0.000588581
-0.00112565
-0.000592781
-0.00120951
-0.000603282
-0.00129596
-0.000627741
-0.00139858
-0.000666062
-0.00153649
-0.000697426
-0.00171221
-0.00067972
-0.00187455
-0.000574154
-0.00190485
-0.000383025
-0.00167022
-0.000169621
-0.00113696
-2.94107e-05
-0.000475789
-2.94823e-05
-3.86288e-06
0.000434191
-3.57123e-05
0.000892769
-7.89799e-05
0.0011382
-0.000122474
0.00131233
-0.000161716
0.00144367
-0.000194684
0.00152469
-0.000220554
0.00155004
-0.000239675
0.00152393
-0.000253433
0.00145837
-0.000263779
0.00136888
-0.000272582
0.00126986
-0.000281117
0.00117122
-0.000289902
0.00107739
-0.000298885
0.000988612
-0.00030778
0.000903195
-0.000316344
0.000819313
-0.000324491
0.000735862
-0.000332277
0.000652477
-0.00033983
0.000569204
-0.000347291
0.000486188
-0.000354778
0.000403516
-0.00036238
0.00032119
-0.000370169
0.000239158
-0.000378209
0.000157343
-0.000386562
7.56356e-05
-0.000395274
-6.07291e-06
-0.00040436
-8.79679e-05
-0.000413826
-0.000170147
-0.000423658
-0.000252722
-0.00043384
-0.000335804
-0.00044435
-0.000419507
-0.000455158
-0.000503949
-0.000466224
-0.000589268
-0.00047747
-0.000675618
-0.000488736
-0.000763139
-0.000499698
-0.00085186
-0.00050977
-0.000941523
-0.000518101
-0.00103132
-0.000523958
-0.0011198
-0.000527933
-0.00120553
-0.000533945
-0.00128995
-0.00054993
-0.0013826
-0.000582239
-0.00150418
-0.000621353
-0.0016731
-0.000631278
-0.00186462
-0.000564676
-0.00197146
-0.000403753
-0.00183114
-0.000194994
-0.00134572
-3.78373e-05
-0.000632945
-6.73196e-05
6.06956e-06
0.000428121
-1.27035e-05
0.000911542
-4.43424e-05
0.00116984
-7.72611e-05
0.00134525
-0.000107124
0.00147353
-0.000132406
0.00154997
-0.000152657
0.00157029
-0.000168258
0.00153953
-0.000180275
0.00147038
-0.000190091
0.00137869
-0.000198948
0.00127872
-0.000207616
0.00117989
-0.00021634
0.00108611
-0.000225021
0.000997292
-0.000233457
0.000911631
-0.000241525
0.000827381
-0.000249225
0.000743563
-0.000256654
0.000659906
-0.000263943
0.000576493
-0.000271216
0.000493462
-0.000278577
0.000410877
-0.000286106
0.00032872
-0.00029387
0.000246923
-0.000301933
0.000165407
-0.000310371
8.40733e-05
-0.000319238
2.79413e-06
-0.000328559
-7.86457e-05
-0.000338336
-0.00016037
-0.000348549
-0.00024251
-0.000359173
-0.00032518
-0.000370181
-0.000408499
-0.000381542
-0.000492587
-0.000393222
-0.000577588
-0.000405164
-0.000663676
-0.000417264
-0.000751039
-0.000429307
-0.000839818
-0.000440871
-0.000929959
-0.000451241
-0.00102095
-0.000459482
-0.00111156
-0.000465115
-0.0011999
-0.000469906
-0.00128516
-0.000480059
-0.00137244
-0.000504632
-0.00147961
-0.000543847
-0.00163388
-0.000571849
-0.00183662
-0.000539263
-0.00200404
-0.000411392
-0.00195901
-0.00021523
-0.00154188
-4.69484e-05
-0.000801227
-0.000114268
1.53144e-05
0.000412807
1.03992e-05
0.000916457
-9.34472e-06
0.00118958
-3.17684e-05
0.00136767
-5.252e-05
0.00149428
-7.05025e-05
0.00156796
-8.55428e-05
0.00158533
-9.79613e-05
0.00155195
-0.000108421
0.00148084
-0.000117704
0.00138798
-0.000126453
0.00128747
-0.000135009
0.00118844
-0.000143428
0.00109453
-0.000151614
0.00100548
-0.000159465
0.000919483
-0.000166961
0.000834877
-0.000174166
0.000750768
-0.000181195
0.000666935
-0.000188171
0.000583469
-0.000195203
0.000500494
-0.000202384
0.000418058
-0.000209789
0.000336125
-0.000217484
0.000254618
-0.000225531
0.000173455
-0.000234014
9.25563e-05
-0.000243007
1.17873e-05
-0.000252551
-6.91013e-05
-0.000262645
-0.000150275
-0.000273259
-0.000231895
-0.000284362
-0.000314077
-0.000295926
-0.000396935
-0.000307919
-0.000480594
-0.000320305
-0.000565202
-0.000333036
-0.000650944
-0.000346036
-0.000738039
-0.000359151
-0.000826703
-0.000372083
-0.000917026
-0.000384286
-0.00100875
-0.000394908
-0.00110093
-0.000403044
-0.00119176
-0.000408933
-0.00127927
-0.000416415
-0.00136496
-0.000434307
-0.00146172
-0.000469354
-0.00159884
-0.000507153
-0.00179882
-0.000502103
-0.00200909
-0.00040721
-0.0020539
-0.000229463
-0.00171963
-5.62041e-05
-0.000974486
-0.000170472
2.34506e-05
0.000389356
3.28595e-05
0.000907048
2.54184e-05
0.00119703
1.33347e-05
0.00137975
1.49011e-06
0.00150613
-9.39914e-06
0.00157884
-1.94251e-05
0.00159535
-2.87884e-05
0.00156131
-3.77126e-05
0.00148977
-4.63756e-05
0.00139664
-5.48499e-05
0.00129594
-6.30999e-05
0.00119669
-7.10367e-05
0.00110247
-7.85925e-05
0.00101303
-8.57639e-05
0.000926654
-9.26184e-05
0.000841732
-9.92675e-05
0.000757418
-0.000105834
0.000673502
-0.000112432
0.000590067
-0.000119159
0.000507222
-0.000126099
0.000424999
-0.000133327
0.000343354
-0.00014091
0.000262201
-0.000148908
0.000181453
-0.000157402
0.000101051
-0.000166492
2.08774e-05
-0.000176243
-5.93501e-05
-0.000186649
-0.000139868
-0.000197673
-0.000220871
-0.00020928
-0.00030247
-0.000221444
-0.00038477
-0.000234137
-0.000467901
-0.000247322
-0.000552017
-0.000260953
-0.000637313
-0.000274963
-0.000724029
-0.000289234
-0.000812432
-0.000303543
-0.000902717
-0.000317479
-0.000994812
-0.000330354
-0.00108806
-0.000341229
-0.00118089
-0.000349534
-0.00127097
-0.000357047
-0.00135745
-0.000370694
-0.00144807
-0.000400234
-0.0015693
-0.000441648
-0.00175741
-0.000457364
-0.00199338
-0.000393297
-0.00211797
-0.000237613
-0.00187531
-6.49235e-05
-0.00114718
-0.000235396
3.0199e-05
0.000359157
5.38835e-05
0.000883363
5.93616e-05
0.00119155
5.76254e-05
0.00138149
5.4475e-05
0.00150928
5.05576e-05
0.00158276
4.5533e-05
0.00160038
3.92878e-05
0.00156756
3.20162e-05
0.00149704
2.41218e-05
0.00140453
1.60759e-05
0.00130399
8.27234e-06
0.0012045
9.35e-07
0.0011098
-5.89536e-06
0.00101986
-1.23066e-05
0.000933066
-1.84453e-05
0.00084787
-2.44627e-05
0.000763435
-3.04891e-05
0.000679529
-3.66305e-05
0.000596209
-4.29769e-05
0.000513568
-4.96096e-05
0.000431632
-5.6606e-05
0.000350351
-6.40394e-05
0.000269635
-7.19743e-05
0.000189388
-8.0481e-05
0.000109558
-8.96488e-05
3.00457e-05
-9.95733e-05
-4.9425e-05
-0.00011026
-0.000129181
-0.000121675
-0.000209456
-0.000133788
-0.000290357
-0.000146582
-0.000371975
-0.000160033
-0.00045445
-0.000174102
-0.000537948
-0.000188742
-0.000622673
-0.00020389
-0.000708881
-0.000219444
-0.000796878
-0.000235226
-0.000886935
-0.000250916
-0.000979121
-0.000265976
-0.001073
-0.000279592
-0.00116727
-0.000290918
-0.00125964
-0.000300351
-0.00134801
-0.000312463
-0.00143596
-0.000337206
-0.00154455
-0.000378369
-0.00171625
-0.000408697
-0.00196305
-0.000372071
-0.0021546
-0.000240186
-0.0020072
-7.25291e-05
-0.00131483
-0.000307925
3.53482e-05
0.000323808
7.27879e-05
0.000845923
9.1754e-05
0.00117258
0.000100588
0.00137266
0.000106074
0.00150379
0.000109143
0.00157969
0.000109251
0.00160027
0.000106327
0.00157048
0.000100929
0.00150244
9.39971e-05
0.00141146
8.65229e-05
0.00131146
7.92596e-05
0.00121176
7.25844e-05
0.00111648
6.65352e-05
0.00102591
6.09486e-05
0.000938653
5.56033e-05
0.000853216
5.03049e-05
0.000768734
4.49102e-05
0.000684924
3.93144e-05
0.000601805
3.34308e-05
0.000519452
2.71771e-05
0.000437886
2.04709e-05
0.000357058
1.32294e-05
0.000276877
5.37462e-06
0.000197243
-3.16196e-06
0.000118095
-1.24338e-05
3.9318e-05
-2.25003e-05
-3.93581e-05
-3.34041e-05
-0.000118277
-4.51591e-05
-0.000197701
-5.77575e-05
-0.000277758
-7.11898e-05
-0.000358543
-8.54362e-05
-0.000440204
-0.00010046
-0.000522924
-0.000116213
-0.00060692
-0.000132627
-0.000692466
-0.000149608
-0.000779896
-0.000167001
-0.000869542
-0.000184548
-0.000961574
-0.000201822
-0.00105572
-0.000218167
-0.00115093
-0.000232748
-0.00124506
-0.000245239
-0.00133552
-0.000258161
-0.00142303
-0.000279941
-0.00152277
-0.000319071
-0.00167712
-0.000358992
-0.00192313
-0.000345896
-0.00216769
-0.000238058
-0.00211504
-7.8694e-05
-0.0014742
-0.000386619
3.87604e-05
0.000285048
8.89711e-05
0.000795712
0.000121878
0.00113967
0.000141711
0.00135282
0.0001559
0.0014896
0.000166059
0.00156953
0.00017157
0.00159476
0.000172321
0.00156973
0.000169138
0.00150562
0.00016343
0.00141717
0.000156682
0.00131821
0.000150025
0.00121842
0.000144035
0.00112247
0.00013879
0.00103116
0.000134075
0.000943367
0.0001296
0.000857691
0.000125119
0.000773216
0.00012046
0.000689583
0.000115512
0.000606754
0.000110183
0.000524781
0.000104389
0.00044368
9.8039e-05
0.000363408
9.10405e-05
0.000283876
8.33113e-05
0.000204973
7.48078e-05
0.000126599
6.55053e-05
4.8621e-05
5.53546e-05
-2.9207e-05
4.4259e-05
-0.000107181
3.2166e-05
-0.000185607
1.90584e-05
-0.00026465
4.94291e-06
-0.000344427
-1.01605e-05
-0.0004251
-2.62185e-05
-0.000506866
-4.31814e-05
-0.000589957
-6.09815e-05
-0.000674666
-7.95265e-05
-0.000761351
-9.86787e-05
-0.00085039
-0.000118224
-0.000942029
-0.000137822
-0.00103613
-0.000156948
-0.0011318
-0.00017489
-0.00122712
-0.00019106
-0.00131935
-0.000206547
-0.00140755
-0.00022757
-0.00150175
-0.000264479
-0.00164021
-0.000310297
-0.00187731
-0.000316851
-0.00216114
-0.000232299
-0.00219959
-8.33781e-05
-0.00162312
-0.000469997
4.04013e-05
0.000244646
0.000101895
0.000734219
0.000148953
0.00109262
0.000180392
0.00132138
0.000203526
0.00146647
0.000220962
0.0015521
0.000232237
0.00158348
0.000237143
0.00156483
0.000236641
0.00150612
0.000232508
0.00142131
0.000226688
0.00132403
0.00022071
0.0012244
0.00021541
0.00112777
0.000210965
0.0010356
0.000207154
0.000947178
0.000203624
0.000861221
0.000200067
0.000776774
0.000196269
0.00069338
0.000192096
0.000610927
0.000187447
0.00052943
0.000182232
0.000448896
0.000176355
0.000369285
0.000169723
0.000290509
0.000162247
0.000212449
0.000153879
0.000134967
0.000144595
5.79061e-05
0.000134353
-1.89649e-05
0.00012305
-9.58776e-05
0.000110597
-0.000173154
9.69507e-05
-0.000251004
8.21081e-05
-0.000329584
6.60813e-05
-0.000409073
4.88996e-05
-0.000489684
3.06127e-05
-0.00057167
1.12918e-05
-0.000655345
-8.967e-06
-0.000741092
-3.00388e-05
-0.000829318
-5.17446e-05
-0.000920323
-7.38131e-05
-0.00101406
-9.58357e-05
-0.00110978
-0.000117246
-0.00120571
-0.000137444
-0.00129916
-0.000156688
-0.0013883
-0.000179044
-0.00147939
-0.00021459
-0.00160466
-0.000263903
-0.001828
-0.000286627
-0.00213842
-0.000224033
-0.00226218
-8.67897e-05
-0.00176036
-0.000556787
4.03467e-05
0.000204299
0.00011111
0.000663455
0.000172122
0.0010316
0.000215875
0.00127763
0.000248418
0.00143392
0.000273416
0.0015271
0.000290885
0.00156601
0.000300534
0.00155518
0.00030331
0.00150335
0.000301226
0.00142339
0.00029662
0.00132864
0.000291437
0.00122958
0.000286833
0.00113238
0.000283168
0.00103927
0.000280267
0.00095008
0.00027774
0.000863748
0.000275212
0.000779302
0.000272408
0.000696184
0.000269153
0.000614183
0.000265326
0.000533258
0.000260825
0.000453397
0.000255553
0.000374558
0.000249412
0.00029665
0.000242314
0.000219547
0.000234193
0.000143089
0.000224997
6.71015e-05
0.000214672
-8.63958e-06
0.000203135
-8.43399e-05
0.000190295
-0.000160313
0.000176086
-0.000236795
0.000160485
-0.000313984
0.000143493
-0.000392081
0.00012513
-0.000471321
0.000105439
-0.000551979
8.4489e-05
-0.000634395
6.23719e-05
-0.000718975
3.92084e-05
-0.000806155
1.51579e-05
-0.000896272
-9.56227e-06
-0.000989337
-3.46503e-05
-0.00108469
-5.96831e-05
-0.00118067
-8.41527e-05
-0.00127469
-0.000107935
-0.00136452
-0.000133378
-0.00145395
-0.000168992
-0.00156905
-0.00022052
-0.00177647
-0.000256511
-0.00210242
-0.000214331
-0.00230436
-8.93126e-05
-0.00188538
-0.000646099
3.87811e-05
0.000165518
0.000116297
0.000585939
0.000190491
0.000957409
0.000247211
0.00122091
0.000289861
0.00139127
0.000322846
0.00149412
0.000346992
0.00154187
0.000362053
0.00154012
0.000368839
0.00149656
0.000369434
0.00142279
0.000366469
0.0013316
0.00036229
0.00123376
0.000358434
0.00113623
0.00035553
0.00104217
0.000353524
0.000952085
0.000352035
0.000865238
0.000350626
0.000780711
0.000348948
0.000697861
0.000346765
0.000616366
0.000343917
0.000536106
0.000340283
0.000457031
0.000335756
0.000379085
0.000330234
0.000302172
0.00032362
0.00022616
0.000315831
0.000150879
0.000306796
7.61372e-05
0.000296441
1.7155e-06
0.000284694
-7.25929e-05
0.000271468
-0.000147087
0.000256681
-0.000222008
0.000240295
-0.000297598
0.000222297
-0.000374083
0.000202697
-0.00045172
0.000181532
-0.000530814
0.000158867
-0.000611729
0.000134789
-0.000694896
0.000109403
-0.000780768
8.28351e-05
-0.000869705
5.52465e-05
-0.000961748
2.68588e-05
-0.0010563
-2.00754e-06
-0.00115181
-3.09831e-05
-0.00124571
-5.98434e-05
-0.00133566
-8.97499e-05
-0.00142404
-0.000127084
-0.00153171
-0.000180421
-0.00172313
-0.000227405
-0.00205544
-0.000204134
-0.00232763
-9.14345e-05
-0.00199808
-0.000737534
3.59837e-05
0.000129534
0.00011732
0.000504603
0.000203193
0.000871536
0.000273256
0.00115085
0.000326895
0.00133763
0.000368487
0.00145252
0.000399854
0.0015105
0.000421045
0.00151892
0.000432695
0.00148491
0.00043678
0.00141871
0.000436076
0.00133231
0.000433274
0.00123656
0.000430324
0.00113918
0.000428204
0.00104429
0.000427077
0.000953213
0.000426632
0.000865683
0.000426404
0.00078094
0.000425967
0.000698298
0.000425007
0.000617326
0.000423305
0.000537808
0.000420704
0.000459633
0.000417076
0.000382713
0.000412308
0.000306941
0.000406294
0.000232175
0.000398935
0.000158239
0.000390142
8.49296e-05
0.000379829
1.20291e-05
0.000367922
-6.06854e-05
0.00035433
-0.000133495
0.000338969
-0.000206647
0.000321786
-0.000280415
0.000302756
-0.000355053
0.00028188
-0.000430844
0.000259187
-0.000508121
0.000234733
-0.000587276
0.000208596
-0.000668759
0.000180863
-0.000753035
0.000151625
-0.000840467
0.000120981
-0.000931105
8.90624e-05
-0.00102438
5.60648e-05
-0.00111881
2.22677e-05
-0.00121191
-1.20854e-05
-0.00130131
-4.74896e-05
-0.00138864
-8.81716e-05
-0.00149103
-0.000143536
-0.00166777
-0.00019984
-0.00199914
-0.000194203
-0.00233327
-9.36846e-05
-0.0020986
-0.000831218
3.22999e-05
9.72346e-05
0.000114277
0.000422626
0.000209502
0.000776311
0.00029273
0.00106762
0.000358273
0.00127209
0.000409314
0.00140148
0.000448547
0.00147127
0.000476616
0.00149086
0.000494071
0.00146746
0.000502639
0.00141014
0.000505055
0.00132989
0.000504242
0.00123737
0.000502542
0.00114088
0.000501342
0.0010455
0.000501115
0.000953439
0.000501712
0.000865086
0.000502693
0.000779959
0.00050358
0.000697411
0.000503974
0.000616933
0.000503578
0.000538204
0.00050218
0.000461031
0.000499617
0.000385276
0.000495754
0.000310804
0.000490471
0.000237458
0.000483655
0.000165054
0.000475203
9.33811e-05
0.000465017
2.22159e-05
0.000453013
-4.86816e-05
0.000439097
-0.000119579
0.000423185
-0.000190735
0.000405213
-0.000262443
0.000385147
-0.000334986
0.000362977
-0.000408675
0.000338725
-0.000483869
0.000312435
-0.000560986
0.000284166
-0.00064049
0.000253977
-0.000722846
0.000221913
-0.000808403
0.000188006
-0.000897197
0.000152293
-0.000988671
0.000114864
-0.00108138
7.59017e-05
-0.00117295
3.56294e-05
-0.00126103
-6.06877e-06
-0.00134694
-5.15606e-05
-0.00144554
-0.000109571
-0.00160976
-0.000174031
-0.00193468
-0.000185076
-0.00232223
-9.65784e-05
-0.0021871
-0.000927797
2.80953e-05
6.91392e-05
0.000107536
0.000343185
0.000208974
0.000674873
0.000304347
0.000972247
0.00038247
0.00119397
0.000443982
0.00133997
0.000491884
0.00142337
0.000527612
0.00145513
0.000551856
0.00144321
0.000566052
0.00139594
0.000572709
0.00132323
0.0005748
0.00123528
0.000574973
0.00114071
0.000575037
0.00104543
0.000575851
0.000952626
0.000577524
0.000863414
0.000579728
0.000777755
0.000581982
0.000695157
0.000583819
0.000615096
0.000584862
0.000537162
0.000584824
0.000461069
0.000583491
0.000386609
0.000580693
0.000313602
0.000576286
0.000241865
0.000570142
0.000171199
0.000562143
0.00010138
0.000552181
3.21778e-05
0.000540164
-3.66637e-05
0.000525989
-0.000105405
0.000509575
-0.00017432
0.00049085
-0.000243718
0.000469772
-0.000313908
0.000446323
-0.000385226
0.000420512
-0.000458058
0.000392365
-0.000532839
0.000361913
-0.000610037
0.000329171
-0.000690105
0.000294129
-0.00077336
0.000256737
-0.000859806
0.000216937
-0.000948871
0.000174712
-0.00103915
0.00013017
-0.00112841
8.35626e-05
-0.00121443
3.49944e-05
-0.00129837
-1.66366e-05
-0.00139391
-7.81292e-05
-0.00154826
-0.00014993
-0.00186288
-0.000177043
-0.00229511
-0.000100565
-0.00226357
-0.00102836
2.37096e-05
4.54296e-05
9.77527e-05
0.000269141
0.000201591
0.000571035
0.00030702
0.000866818
0.000397788
0.0011032
0.000470787
0.00126697
0.000528342
0.00136581
0.000572589
0.00141088
0.000604621
0.00141118
0.000625687
0.00137488
0.000637936
0.00131098
0.000644184
0.00122903
0.000647223
0.00113767
0.000649217
0.00104344
0.000651445
0.000950399
0.000654358
0.000860501
0.000657842
0.000774271
0.000661491
0.000691509
0.000664821
0.000611766
0.000667388
0.000534594
0.000668832
0.000459625
0.000668872
0.00038657
0.000667288
0.000315186
0.000663904
0.00024525
0.000658569
0.000176533
0.000651151
0.000108798
0.000641528
4.18003e-05
0.000629598
-2.47337e-05
0.000615258
-9.10641e-05
0.00059842
-0.000157483
0.000579012
-0.00022431
0.000556983
-0.000291878
0.000532304
-0.000360548
0.000504966
-0.00043072
0.000474966
-0.000502839
0.000442293
-0.000577365
0.000406907
-0.000654719
0.000368721
-0.000735174
0.000327599
-0.000818683
0.000283379
-0.000904652
0.000235948
-0.000991724
0.000185352
-0.00107781
0.0001319
-0.00116097
7.60075e-05
-0.00124248
1.72789e-05
-0.00133518
-4.87448e-05
-0.00148224
-0.000127242
-0.00178438
-0.000170095
-0.00225226
-0.000105975
-0.00232769
-0.00113434
1.94235e-05
2.60059e-05
8.5826e-05
0.000202739
0.000187885
0.000468976
0.000300109
0.000754594
0.000402565
0.00100074
0.000487716
0.00118182
0.000556004
0.00129752
0.000609755
0.00135713
0.0006506
0.00137034
0.000679811
0.00134567
0.000699168
0.00129163
0.000711143
0.00121706
0.000718455
0.00113036
0.000723478
0.00103841
0.000727861
0.000946016
0.000732448
0.000855914
0.000737423
0.000769295
0.000742556
0.000686376
0.000747423
0.0006069
0.000751564
0.000530454
0.000754562
0.000456627
0.000756073
0.000385058
0.000755824
0.000315436
0.000753593
0.000247481
0.0007492
0.000180926
0.000742492
0.000115506
0.000733337
5.09561e-05
0.000721617
-1.30143e-05
0.000707227
-7.66742e-05
0.000690078
-0.000140334
0.000670091
-0.000204323
0.000647205
-0.000268992
0.000621375
-0.000334718
0.000592564
-0.000401909
0.000560728
-0.000471002
0.000525798
-0.000542434
0.000487659
-0.00061658
0.000446137
-0.000693652
0.000400995
-0.000773541
0.000351973
-0.00085563
0.000298872
-0.000938624
0.000241709
-0.00102065
0.000180884
-0.00110015
0.000117154
-0.00117875
5.07957e-05
-0.00126882
-2.08383e-05
-0.00141061
-0.00010541
-0.00169981
-0.000163866
-0.00219381
-0.000112954
-0.0023786
-0.00124729
1.54544e-05
1.05515e-05
7.2811e-05
0.000145382
0.000168973
0.000372814
0.000283666
0.000639901
0.000395483
0.000888928
0.000492622
0.00108468
0.000572555
0.00121759
0.000636903
0.00129278
0.000687656
0.00131958
0.000726296
0.00130703
0.000754352
0.00126357
0.000773858
0.00119755
0.000787242
0.00111697
0.000796876
0.00102878
0.000804649
0.000938243
0.000811763
0.0008488
0.000818754
0.000762304
0.000825656
0.000679474
0.0008322
0.000600356
0.000837983
0.00052467
0.000842588
0.000452023
0.000845632
0.000382014
0.000846795
0.000314273
0.000845814
0.000248461
0.000842475
0.000184265
0.000836599
0.000121382
0.000828039
5.95169e-05
0.000816659
-1.6347e-06
0.000802355
-6.23701e-05
0.000785027
-0.000123006
0.000764586
-0.000183882
0.000740956
-0.000245362
0.000714065
-0.000307827
0.000683835
-0.000371679
0.000650164
-0.000437332
0.000612911
-0.000505181
0.000571869
-0.000575539
0.000526763
-0.000648546
0.000477253
-0.000724032
0.000422985
-0.000801362
0.000363701
-0.00087934
0.00029943
-0.000956379
0.000230718
-0.00103144
0.000158688
-0.00110672
8.43575e-05
-0.00119449
6.32447e-06
-0.00133257
-8.36711e-05
-0.00160981
-0.000157584
-0.00211989
-0.000121375
-0.00241481
-0.00136867
1.19831e-05
-1.43162e-06
5.97878e-05
9.75775e-05
0.00014647
0.000286132
0.000258579
0.000527792
0.000375907
0.0007716
0.000483536
0.000977053
0.000575409
0.00112572
0.000651384
0.00121681
0.000713229
0.00125774
0.000762614
0.00125764
0.000800968
0.00122522
0.000829919
0.0011686
0.00085146
0.00109543
0.000867733
0.00101251
0.000880668
0.000925308
0.000891709
0.000837759
0.000901721
0.000752292
0.00091105
0.000670146
0.000919664
0.000591742
0.000927311
0.000517023
0.000933643
0.000445691
0.000938296
0.000377361
0.000940937
0.000311632
0.000941277
0.000248122
0.000939074
0.000186468
0.000934128
0.000126328
0.00092627
6.73745e-05
0.000915352
9.28349e-06
0.000901259
-4.82772e-05
0.000883876
-0.000105624
0.000863096
-0.000163103
0.000838816
-0.000221082
0.000810924
-0.000279935
0.000779287
-0.000340041
0.000743729
-0.000401774
0.000704018
-0.00046547
0.000659848
-0.000531369
0.000610835
-0.000599533
0.000556538
-0.000669734
0.000496525
-0.000741349
0.000430515
-0.00081333
0.00035861
-0.000884475
0.000281569
-0.000954396
0.000200923
-0.00102608
0.000118411
-0.00111198
3.36233e-05
-0.00124779
-6.11315e-05
-0.00151506
-0.000150024
-0.002031
-0.000130732
-0.0024341
-0.0014994
9.19965e-06
-1.06313e-05
4.77205e-05
5.90566e-05
0.000122243
0.00021161
0.000226505
0.000423529
0.00034412
0.000653985
0.000459061
0.000862112
0.00056201
0.00102277
0.000650206
0.00112861
0.000724312
0.00118363
0.000785814
0.00119614
0.000836065
0.00117497
0.000876379
0.00112829
0.000908281
0.00106353
0.00093352
0.000987268
0.000953853
0.000904976
0.000970783
0.000820829
0.000985402
0.000737674
0.000998345
0.000657203
0.00100986
0.000580227
0.00101992
0.000506965
0.00102832
0.000437288
0.0010348
0.000370887
0.00103905
0.00030738
0.0010408
0.000246366
0.00103982
0.000187453
0.00103588
0.000130268
0.0010288
7.44487e-05
0.00101844
1.96525e-05
0.00100464
-3.44767e-05
0.00098727
-8.82585e-05
0.000966205
-0.000142038
0.000941298
-0.000196175
0.000912382
-0.000251019
0.000879253
-0.000306913
0.000841653
-0.000364174
0.000799249
-0.000423066
0.000751628
-0.000483748
0.0006983
-0.000546205
0.000638735
-0.000610169
0.000572456
-0.00067507
0.000499213
-0.000740087
0.000419249
-0.000804511
0.000333606
-0.000868754
0.000244263
-0.000936732
0.000153599
-0.00102132
6.21179e-05
-0.00115631
-3.66702e-05
-0.00141627
-0.000139394
-0.00192828
-0.000140007
-0.00243349
-0.00163941
7.22052e-06
-1.78518e-05
3.72334e-05
2.90437e-05
9.79312e-05
0.000150912
0.000189469
0.000331992
0.000301278
0.000542176
0.000418684
0.000744706
0.00053026
0.000911191
0.000630331
0.00102854
0.000717555
0.00109641
0.000792535
0.00112116
0.000856292
0.00111121
0.000909836
0.00107474
0.000954269
0.0010191
0.000990885
0.000950652
0.00102111
0.000874753
0.00104631
0.000795622
0.00106766
0.000716327
0.00108599
0.00063888
0.00110179
0.000564425
0.00111528
0.000493467
0.00112649
0.000426082
0.00113529
0.000362091
0.00114149
0.000301179
0.00114488
0.000242971
0.00114526
0.000187074
0.00114243
0.0001331
0.0011362
8.0673e-05
0.00112642
2.9434e-05
0.00111293
-2.09831e-05
0.00109557
-7.08945e-05
0.00107416
-0.000120637
0.00104853
-0.000170542
0.00101844
-0.000220925
0.000983601
-0.000272077
0.000943674
-0.000324247
0.000898224
-0.000377616
0.000846735
-0.00043226
0.000788629
-0.000488099
0.000723317
-0.000544857
0.000650325
-0.000602079
0.000569502
-0.000659264
0.000481308
-0.000716316
0.000387121
-0.000774567
0.000289362
-0.000838974
0.000190956
-0.000922911
9.31687e-05
-0.00105852
-8.95774e-06
-0.00131414
-0.000123256
-0.00181398
-0.000147569
-0.00240918
-0.00178697
5.86976e-06
-2.37215e-05
2.8077e-05
6.83656e-06
7.40482e-05
0.000104941
0.000148922
0.000257117
0.000248844
0.000442254
0.000362759
0.000630792
0.000478906
0.000795044
0.000589154
0.000918294
0.000689604
0.000995956
0.000779159
0.00103161
0.000857961
0.00103241
0.000926527
0.00100618
0.000985525
0.0009601
0.00103581
0.000900372
0.0010784
0.000832163
0.00111441
0.000759604
0.00114493
0.000685814
0.00117084
0.000612971
0.00119281
0.000542448
0.0012113
0.000474985
0.00122651
0.000410864
0.00123854
0.000350061
0.00124736
0.000292368
0.00125285
0.000237473
0.00125491
0.000185018
0.00125338
0.000134632
0.00124811
8.59454e-05
0.00123894
3.86039e-05
0.0012257
-7.75034e-06
0.00120824
-5.34273e-05
0.00118633
-9.87313e-05
0.00115974
-0.000143955
0.00112818
-0.000189366
0.0010913
-0.00023519
0.00104865
-0.000281599
0.000999722
-0.000328691
0.000943927
-0.000376465
0.00088063
-0.000424802
0.000809245
-0.000473472
0.000729372
-0.000522206
0.000641031
-0.000570924
0.00054495
-0.000620236
0.000442839
-0.000672455
0.000337468
-0.000733603
0.000232137
-0.00081758
0.000128714
-0.000955095
2.34594e-05
-0.00120889
-9.87639e-05
-0.00169176
-0.000151239
-0.0023567
-0.00193821
4.14222e-06
-2.78637e-05
1.80219e-05
-7.04299e-06
4.84629e-05
7.44998e-05
0.00010412
0.00020146
0.000187311
0.000359062
0.000291899
0.000526205
0.000407628
0.000679315
0.000525016
0.000800907
0.000637669
0.000883303
0.000742225
0.00092705
0.000837287
0.000937346
0.000922464
0.000921002
0.000997841
0.000884724
0.0010638
0.000834411
0.00112098
0.00077499
0.00117016
0.000710415
0.00121225
0.00064373
0.00124808
0.000577143
0.00127838
0.000512141
0.00130375
0.000449621
0.00132458
0.00039003
0.00134115
0.000333494
0.00135359
0.000279925
0.00136196
0.000229102
0.00136624
0.000180734
0.00136638
0.000134497
0.00136227
9.0055e-05
0.00135379
4.7083e-05
0.00134078
5.25837e-06
0.00132308
-3.57217e-05
0.00130044
-7.60984e-05
0.00127261
-0.000116119
0.00123923
-0.000155989
0.0011999
-0.000195864
0.00115414
-0.000235835
0.00110137
-0.000275926
0.001041
-0.000316087
0.000972396
-0.000356203
0.000895073
-0.000396149
0.000808793
-0.000435925
0.000713808
-0.000475939
0.000611108
-0.000517536
0.000502621
-0.000563969
0.000391234
-0.000622216
0.000280277
-0.000706622
0.000171839
-0.000846658
6.28688e-05
-0.00109992
-6.31986e-05
-0.00156569
-0.000148292
-0.00227161
-0.00208651
-6.38399e-07
-2.72252e-05
1.47407e-06
-9.1553e-06
1.47602e-05
6.12137e-05
5.02212e-05
0.000165999
0.000114412
0.000294871
0.000205728
0.000434889
0.000316561
0.000568481
0.000437434
0.000680034
0.000560173
0.000760564
0.000679118
0.000808105
0.00079091
0.000825554
0.000893781
0.000818132
0.000986932
0.000791572
0.00107017
0.000751177
0.00114368
0.000701473
0.00120796
0.000646138
0.00126365
0.000588041
0.00131148
0.000529317
0.00135215
0.000471467
0.00138631
0.00041546
0.00141449
0.000361853
0.00143709
0.00031089
0.00145442
0.000262596
0.00146667
0.000216851
0.00147396
0.000173449
0.00147632
0.000132132
0.00147375
9.26277e-05
0.00146617
5.46605e-05
0.00145346
1.79677e-05
0.00143547
-1.77246e-05
0.00141196
-5.25941e-05
0.00138267
-8.6827e-05
0.00134724
-0.000120562
0.00130526
-0.000153883
0.00125625
-0.000186821
0.00119967
-0.000219351
0.001135
-0.000251415
0.00106175
-0.000282959
0.000979633
-0.000314027
0.000888638
-0.000344931
0.000789259
-0.00037656
0.000682643
-0.000410919
0.000570709
-0.000452035
0.000456097
-0.000507604
0.000341661
-0.000592186
0.00022897
-0.000733967
0.000114861
-0.00098581
-1.34896e-05
-0.00143734
-0.000134081
-0.00215102
-0.00222059
-1.34045e-05
-1.38206e-05
-3.09229e-05
8.36325e-06
-3.76839e-05
6.79747e-05
-2.18709e-05
0.000150186
2.40852e-05
0.000248915
0.000101636
0.000357339
0.000205451
0.000464666
0.000326911
0.000558574
0.000457161
0.000630315
0.000588849
0.000676416
0.000716719
0.000697684
0.000837394
0.000697458
0.000948915
0.000680051
0.00105031
0.000649786
0.00114125
0.000610529
0.00122186
0.000565524
0.00129255
0.000517355
0.00135387
0.000467993
0.00140648
0.000418864
0.00145099
0.000370943
0.00148801
0.000324836
0.00151803
0.000280866
0.00154148
0.000239151
0.00155867
0.000199663
0.00156983
0.000162282
0.00157513
0.000126834
0.00157464
9.31179e-05
0.00156837
6.09283e-05
0.00155627
3.00708e-05
0.0015382
3.48218e-07
0.001514
-2.83997e-05
0.00148345
-5.62702e-05
0.00144623
-8.33501e-05
0.00140203
-0.000109678
0.00135046
-0.000135253
0.00129116
-0.000160052
0.0012238
-0.000184057
0.00114816
-0.000207319
0.0010642
-0.000230067
0.00097216
-0.000252888
0.000872643
-0.000277044
0.000766713
-0.00030499
0.000655916
-0.000341238
0.000542209
-0.000393897
0.000427507
-0.000477484
0.000312224
-0.000618685
0.000192061
-0.000865647
5.63914e-05
-0.00130167
-9.83206e-05
-0.00199631
-0.00231891
-4.09734e-05
2.71529e-05
-9.01787e-05
5.75686e-05
-0.0001211
9.88956e-05
-0.00012315
0.000152237
-9.13456e-05
0.00021711
-2.47111e-05
0.000290704
7.31534e-05
0.000366801
0.00019449
0.000437238
0.000330303
0.000494501
0.000472561
0.000534158
0.000614701
0.000555544
0.00075195
0.000560208
0.000881151
0.00055085
0.00100043
0.000530503
0.00110885
0.000502112
0.00120609
0.000468285
0.00129226
0.000431183
0.00136775
0.000392506
0.00143308
0.000353531
0.00148886
0.000315167
0.00153568
0.000278016
0.00157411
0.000242441
0.00160464
0.00020862
0.0016277
0.000176604
0.00164363
0.000146349
0.0016527
0.000117762
0.0016551
9.07149e-05
0.00165096
6.50734e-05
0.00164032
4.07077e-05
0.00162316
1.75073e-05
0.00159939
-4.62838e-06
0.0015689
-2.57837e-05
0.00153158
-4.60211e-05
0.00148726
-6.53613e-05
0.00143582
-8.3814e-05
0.00137716
-0.00010139
0.00131124
-0.000118139
0.00123813
-0.000134209
0.00115802
-0.000149955
0.00107123
-0.000166105
0.000978251
-0.000184062
0.000879657
-0.000206396
0.000776109
-0.00023769
0.00066826
-0.000286048
0.000556497
-0.000365722
0.000439856
-0.000502044
0.000312777
-0.000738568
0.000159761
-0.00114865
-2.67772e-05
-0.00180977
-0.00234568
-9.00962e-05
0.000117249
-0.000183152
0.000150625
-0.000240215
0.000155958
-0.00025744
0.000169462
-0.000234929
0.0001946
-0.000174154
0.000229929
-7.93834e-05
0.00027203
4.2579e-05
0.000315275
0.000183131
0.000353949
0.000333774
0.000383516
0.000487523
0.000401795
0.000638721
0.00040901
0.000783316
0.000406255
0.000918653
0.000395166
0.00104315
0.000377613
0.00115603
0.000355406
0.00125707
0.000330142
0.00134644
0.000303142
0.00142452
0.000275444
0.00149187
0.000247822
0.00154906
0.000220821
0.00159671
0.000194797
0.00163537
0.000169958
0.00166557
0.000146403
0.00168777
0.000124152
0.00170235
0.000103174
0.00170966
8.341e-05
0.00170995
6.47832e-05
0.00170344
4.72156e-05
0.00169031
3.06377e-05
0.0016707
1.49829e-05
0.00164465
2.61326e-07
0.00161218
-1.35462e-05
0.00157339
-2.6568e-05
0.00152843
-3.88552e-05
0.00147747
-5.04321e-05
0.00142071
-6.13777e-05
0.00135837
-7.18733e-05
0.0012907
-8.22807e-05
0.00121788
-9.32861e-05
0.00113997
-0.000106151
0.00105673
-0.000123159
0.000967426
-0.000148386
0.00087052
-0.000189142
0.000763342
-0.000258544
0.000641541
-0.000380243
0.000497442
-0.000594469
0.000312262
-0.000963472
8.51108e-05
-0.00158262
-0.00226057
-0.000160353
0.000277602
-0.000293291
0.000283563
-0.000362614
0.000225281
-0.000384719
0.000191567
-0.000365671
0.000175551
-0.000308131
0.000172389
-0.000216328
0.000180227
-9.65873e-05
0.000195534
4.42516e-05
0.00021311
0.000198566
0.000229202
0.000358705
0.000241655
0.000518771
0.000248944
0.000674285
0.000250741
0.000822008
0.000247443
0.000959808
0.000239813
0.00108644
0.000228769
0.00120134
0.000215243
0.0013044
0.000200079
0.00139586
0.000183991
0.00147614
0.000167544
0.00154579
0.000151166
0.00160543
0.00013516
0.00165566
0.000119726
0.00169708
0.000104985
0.00173023
9.09959e-05
0.00175563
7.77782e-05
0.00177372
6.53229e-05
0.00178489
5.36046e-05
0.00178952
4.25895e-05
0.00178792
3.22428e-05
0.00178037
2.25311e-05
0.00176722
1.34125e-05
0.00174878
4.88751e-06
0.00172521
-2.99794e-06
0.00169666
-1.03044e-05
0.00166336
-1.71331e-05
0.00162556
-2.35743e-05
0.00158345
-2.97681e-05
0.00153715
-3.59827e-05
0.00148658
-4.27166e-05
0.00143131
-5.08756e-05
0.00137025
-6.20979e-05
0.00130119
-7.93243e-05
0.00121992
-0.000107874
0.00111885
-0.00015748
0.000984977
-0.000246366
0.000799331
-0.000408822
0.000541188
-0.00070533
0.000229453
-0.00127088
-0.00203112
-0.000223958
0.000501561
-0.000284672
0.000344277
-0.000270944
0.000211553
-0.000242479
0.000163101
-0.000199484
0.000132556
-0.000135968
0.000108873
-5.01678e-05
9.44265e-05
5.73764e-05
8.79901e-05
0.000183446
8.70408e-05
0.000323429
8.92189e-05
0.000472433
9.26516e-05
0.000625443
9.5934e-05
0.000778095
9.80889e-05
0.000926904
9.86344e-05
0.00106927
9.74462e-05
0.0012034
9.4644e-05
0.00132815
9.04878e-05
0.00144294
8.52928e-05
0.00154756
7.93734e-05
0.00164209
7.30107e-05
0.00172682
6.64383e-05
0.00180214
5.98387e-05
0.00186852
5.3347e-05
0.00192645
4.70569e-05
0.00197641
4.10293e-05
0.00201889
3.53002e-05
0.00205433
2.9888e-05
0.00208313
2.47985e-05
0.00210569
2.00292e-05
0.00212236
1.55734e-05
0.00213347
1.14234e-05
0.00213931
7.56819e-06
0.00214021
3.99306e-06
0.00213651
6.94894e-07
0.00212853
-2.32336e-06
0.00211648
-5.07849e-06
0.00210052
-7.61927e-06
0.00208078
-1.00265e-05
0.00205724
-1.24428e-05
0.00202965
-1.51218e-05
0.00199728
-1.85106e-05
0.00195858
-2.33983e-05
0.00191043
-3.11698e-05
0.00184678
-4.42246e-05
0.00175614
-6.68441e-05
0.00161642
-0.000106648
0.001389
-0.000181399
0.0010174
-0.000333728
0.000489579
-0.000743064
-0.00154154
0.000501561
0.000845838
0.00105739
0.00122049
0.00135305
0.00146192
0.00155635
0.00164434
0.00173138
0.0018206
0.00191325
0.00200918
0.00210727
0.00220591
0.00230335
0.002398
0.00248848
0.00257378
0.00265315
0.00272616
0.0027926
0.00285244
0.00290579
0.00295284
0.00299387
0.00302917
0.00305906
0.00308386
0.00310389
0.00311946
0.00313088
0.00313845
0.00314245
0.00314314
0.00314082
0.00313574
0.00312812
0.00311809
0.00310565
0.00309053
0.00307202
0.00304862
0.00301745
0.00297322
0.00290638
0.00279973
0.00261833
0.00228461
0.00154154
)
;

boundaryField
{
    movingWall
    {
        type            calculated;
        value           uniform 0;
    }
    fixedWalls
    {
        type            calculated;
        value           uniform 0;
    }
    frontAndBack
    {
        type            empty;
        value           nonuniform 0();
    }
}


// ************************************************************************* //
