/*--------------------------------*- C++ -*----------------------------------*\
  =========                 |
  \\      /  F ield         | OpenFOAM: The Open Source CFD Toolbox
   \\    /   O peration     | Website:  https://openfoam.org
    \\  /    A nd           | Version:  7
     \\/     M anipulation  |
\*---------------------------------------------------------------------------*/
FoamFile
{
    version     2.0;
    format      ascii;
    class       surfaceScalarField;
    location    "1700";
    object      phi;
}
// * * * * * * * * * * * * * * * * * * * * * * * * * * * * * * * * * * * * * //

dimensions      [0 3 -1 0 0 0 0];

internalField   nonuniform List<scalar> 
4900
(
1.70097e-06
-1.70262e-06
6.22462e-06
-4.52365e-06
1.1717e-05
-5.49239e-06
1.65029e-05
-4.78586e-06
1.97502e-05
-3.24736e-06
2.13892e-05
-1.63907e-06
2.17677e-05
-3.78504e-07
2.12622e-05
5.05513e-07
2.00158e-05
1.24631e-06
1.78647e-05
2.15108e-06
1.44157e-05
3.44902e-06
9.18186e-06
5.23382e-06
1.67214e-06
7.5097e-06
-8.56543e-06
1.02375e-05
-2.18802e-05
1.33148e-05
-3.8435e-05
1.65548e-05
-5.81339e-05
1.96989e-05
-8.05412e-05
2.24073e-05
-0.000104818
2.42771e-05
-0.000129708
2.489e-05
-0.000153584
2.38752e-05
-0.000174557
2.09738e-05
-0.000190648
1.60908e-05
-0.000199981
9.33305e-06
-0.000201036
1.05515e-06
-0.000192873
-8.16323e-06
-0.000175248
-1.76255e-05
-0.000148682
-2.6566e-05
-0.00011447
-3.42118e-05
-7.4639e-05
-3.9831e-05
-3.18408e-05
-4.27982e-05
1.08092e-05
-4.265e-05
5.00546e-05
-3.92453e-05
8.30443e-05
-3.29898e-05
0.000107603
-2.45591e-05
0.000122468
-1.4865e-05
0.000127526
-5.05785e-06
0.00012386
3.66664e-06
0.000113467
1.0393e-05
9.87393e-05
1.47274e-05
8.20204e-05
1.67189e-05
6.52472e-05
1.67732e-05
4.97649e-05
1.54823e-05
3.63071e-05
1.34578e-05
2.51009e-05
1.12062e-05
1.60382e-05
9.06269e-06
8.8922e-06
7.14598e-06
3.59362e-06
5.29857e-06
5.04956e-07
3.08866e-06
5.04955e-07
4.47551e-06
-6.17813e-06
1.38495e-05
-1.38976e-05
2.43115e-05
-1.59544e-05
3.28998e-05
-1.33742e-05
3.80025e-05
-8.35009e-06
3.92291e-05
-2.86572e-06
3.68614e-05
1.98913e-06
3.12063e-05
6.16059e-06
2.21557e-05
1.02968e-05
9.08176e-06
1.52249e-05
-9.0125e-06
2.15432e-05
-3.32278e-05
2.94491e-05
-6.44638e-05
3.87456e-05
-0.00010316
4.89336e-05
-0.000149087
5.92414e-05
-0.000201183
6.86517e-05
-0.000257504
7.60194e-05
-0.000315338
8.02413e-05
-0.000371488
8.04273e-05
-0.00042262
7.60213e-05
-0.000465594
6.68497e-05
-0.000497733
5.31121e-05
-0.000516981
3.5339e-05
-0.000521999
1.4351e-05
-0.000512242
-8.70128e-06
-0.000487803
-3.26027e-05
-0.000449316
-5.61123e-05
-0.000397987
-7.78948e-05
-0.000335648
-9.65514e-05
-0.00026477
-0.000110709
-0.000188444
-0.000119124
-0.000110246
-0.000120849
-3.40573e-05
-0.000115434
3.60473e-05
-0.000103094
9.63785e-05
-8.48903e-05
0.000144122
-6.26083e-05
0.000177355
-3.82907e-05
0.000195288
-1.42668e-05
0.000198517
7.16408e-06
0.00018914
2.41044e-05
0.000170306
3.55529e-05
0.000145606
4.1473e-05
0.00011845
4.26388e-05
9.16018e-05
4.03057e-05
6.69289e-05
3.58791e-05
4.54178e-05
3.05738e-05
2.74582e-05
2.51056e-05
1.33343e-05
1.94225e-05
3.75514e-06
1.26678e-05
4.2601e-06
5.98762e-06
-1.21658e-05
1.73378e-05
-2.52478e-05
2.88024e-05
-2.7419e-05
3.68233e-05
-2.13952e-05
3.95389e-05
-1.10657e-05
3.63604e-05
3.12693e-07
2.72249e-05
1.11246e-05
1.19252e-05
2.14602e-05
-1.03034e-05
3.25254e-05
-4.07378e-05
4.56592e-05
-8.07375e-05
6.15428e-05
-0.000131226
7.99373e-05
-0.000192268
9.97877e-05
-0.00026276
0.000119425
-0.000340355
0.000136837
-0.000421699
0.000149995
-0.000502874
0.000157194
-0.000579926
0.000157294
-0.000649312
0.000149813
-0.00070817
0.000134879
-0.000754412
0.000113092
-0.000786682
8.53818e-05
-0.000804219
5.2876e-05
-0.000806674
1.68061e-05
-0.000793908
-2.14678e-05
-0.000765932
-6.05788e-05
-0.000723062
-9.89819e-05
-0.000666038
-0.000134919
-0.000596095
-0.000166495
-0.000515073
-0.000191731
-0.000425497
-0.000208701
-0.000330569
-0.000215776
-0.000234074
-0.000211929
-0.000140144
-0.000197025
-5.30083e-05
-0.000172026
2.33672e-05
-0.000138984
8.60115e-05
-0.000100935
0.000133134
-6.13893e-05
0.000163768
-2.34701e-05
0.000178058
9.81501e-06
0.000177541
3.60697e-05
0.000165021
5.39928e-05
0.000144047
6.36131e-05
0.0001183
6.60527e-05
9.10402e-05
6.31385e-05
6.47421e-05
5.68719e-05
4.10639e-05
4.87837e-05
2.1207e-05
3.92795e-05
6.60686e-06
2.72679e-05
1.0867e-05
6.5089e-06
-1.86747e-05
1.75977e-05
-3.63367e-05
2.69534e-05
-3.67748e-05
3.07612e-05
-2.5203e-05
2.72152e-05
-7.51969e-06
1.5622e-05
1.19058e-05
-4.55352e-06
3.13e-05
-3.43252e-05
5.12318e-05
-7.52158e-05
7.34159e-05
-0.000128702
9.91455e-05
-0.000195515
0.000128355
-0.000275074
0.000159496
-0.000365253
0.000189967
-0.000462566
0.000216738
-0.0005627
0.000236971
-0.000661207
0.000248502
-0.000754108
0.000250096
-0.000838267
0.000241453
-0.000911476
0.000223022
-0.000972327
0.00019573
-0.00101999
0.000160752
-0.00105397
0.000119364
-0.00107393
7.28392e-05
-0.00107955
2.24201e-05
-0.00107041
-3.06031e-05
-0.00104623
-8.47602e-05
-0.00100686
-0.000138349
-0.000952372
-0.00018941
-0.000883157
-0.000235709
-0.000800156
-0.000274732
-0.000705012
-0.000303844
-0.000600215
-0.000320573
-0.000489174
-0.00032297
-0.000376162
-0.000310036
-0.00026602
-0.000282168
-0.000163601
-0.000241403
-7.32188e-05
-0.000191317
1.85523e-06
-0.000136463
6.00472e-05
-8.1662e-05
0.000101053
-3.11913e-05
0.000125129
1.19937e-05
0.000133566
4.55561e-05
0.00012887
6.83096e-05
0.000114336
8.0586e-05
9.35491e-05
8.39256e-05
6.98702e-05
8.05507e-05
4.61158e-05
7.25381e-05
2.4636e-05
6.07593e-05
7.92815e-06
4.39757e-05
1.87951e-05
6.20584e-06
-2.48806e-05
1.48974e-05
-4.50284e-05
1.92099e-05
-4.10873e-05
1.54823e-05
-2.14755e-05
2.16765e-06
5.79491e-06
-2.16179e-05
3.56913e-05
-5.70508e-05
6.6733e-05
-0.000105857
0.000100038
-0.000169662
0.00013722
-0.000249027
0.000178511
-0.000342769
0.000222098
-0.000447872
0.000264599
-0.000559954
0.000302049
-0.000674074
0.000330858
-0.000785556
0.000348453
-0.000890578
0.000353524
-0.00098641
0.000345928
-0.00107134
0.000326382
-0.00114441
0.00029609
-0.00120512
0.000256442
-0.00125323
0.000208865
-0.00128861
0.000154742
-0.00131111
9.53353e-05
-0.00132053
3.18477e-05
-0.00131663
-3.4503e-05
-0.00129907
-0.000102326
-0.00126734
-0.000170075
-0.00122086
-0.000235889
-0.00115911
-0.000297465
-0.00108181
-0.000352029
-0.000989212
-0.000396444
-0.000882394
-0.000427392
-0.000763653
-0.000441711
-0.000636702
-0.000436987
-0.000506608
-0.000412262
-0.000379392
-0.000368619
-0.000261254
-0.000309456
-0.000157495
-0.000240222
-7.1642e-05
-0.000167515
-5.13229e-06
-9.7701e-05
4.25768e-05
-3.57154e-05
7.273e-05
1.54029e-05
8.69308e-05
5.41088e-05
8.77072e-05
7.98095e-05
7.82684e-05
9.33644e-05
6.21265e-05
9.66927e-05
4.2742e-05
9.19225e-05
2.34091e-05
8.00922e-05
7.60347e-06
5.97813e-05
2.63986e-05
4.89943e-06
-2.978e-05
8.88405e-06
-4.9013e-05
5.29665e-06
-3.75e-05
-8.91299e-06
-7.26587e-06
-3.50892e-05
3.19711e-05
-7.43946e-05
7.49966e-05
-0.000128547
0.000120886
-0.000199296
0.000170787
-0.0002872
0.000225124
-0.000390736
0.000282046
-0.000506259
0.000337621
-0.000628708
0.000387048
-0.000752635
0.000425976
-0.000873133
0.000451356
-0.000986399
0.000461718
-0.00108987
0.000456994
-0.00118206
0.000438118
-0.00126227
0.00040659
-0.00133029
0.00036411
-0.00138624
0.000312397
-0.00143047
0.000253096
-0.0014634
0.000187664
-0.0014854
0.000117338
-0.00149681
4.32573e-05
-0.00149776
-3.35509e-05
-0.00148801
-0.00011208
-0.00146689
-0.000191195
-0.00143336
-0.00026941
-0.00138609
-0.00034474
-0.00132349
-0.000414625
-0.0012441
-0.00047584
-0.001147
-0.000524484
-0.00103245
-0.000556269
-0.000902298
-0.000567135
-0.00076051
-0.000554049
-0.000613207
-0.000515922
-0.000468183
-0.00045448
-0.000333698
-0.000374707
-0.000216812
-0.000284401
-0.000121829
-0.000192684
-4.97046e-05
-0.00010784
1.19666e-06
-3.54984e-05
3.34767e-05
2.18287e-05
4.9687e-05
6.35992e-05
5.27865e-05
9.02648e-05
4.61897e-05
0.000103289
3.35994e-05
0.000104513
1.88763e-05
9.48153e-05
6.11494e-06
7.25427e-05
3.25135e-05
2.27639e-06
-3.20564e-05
-9.08644e-07
-4.58281e-05
-1.49947e-05
-2.3414e-05
-4.21742e-05
1.99137e-05
-8.36303e-05
7.34272e-05
-0.000140797
0.000132163
-0.000215375
0.000195463
-0.000308043
0.000263456
-0.000417267
0.000334348
-0.000539103
0.000403883
-0.000668006
0.000466524
-0.000798042
0.000517084
-0.000923941
0.000551875
-0.00104168
0.000569098
-0.00114861
0.000568644
-0.00124324
0.000551626
-0.001325
0.00051988
-0.00139397
0.000475554
-0.00145069
0.000420835
-0.0014961
0.000357809
-0.00153133
0.00028832
-0.0015575
0.000213835
-0.00157567
0.000135512
-0.0015867
5.42919e-05
-0.00159108
-2.91752e-05
-0.00158876
-0.000114403
-0.00157921
-0.000200744
-0.0015613
-0.000287314
-0.00153322
-0.000372829
-0.00149246
-0.000455382
-0.00143616
-0.000532138
-0.00136143
-0.000599212
-0.0012659
-0.0006518
-0.0011485
-0.000684535
-0.00101042
-0.000692131
-0.00085585
-0.000670493
-0.000692211
-0.000618119
-0.000529542
-0.000537376
-0.000378855
-0.000435089
-0.000249631
-0.000321908
-0.000147348
-0.000210122
-7.24639e-05
-0.000110383
-2.16727e-05
-2.89624e-05
9.34728e-06
3.25792e-05
2.4454e-05
7.51581e-05
2.74314e-05
0.000100312
2.22366e-05
0.000109708
1.30499e-05
0.000104002
4.21405e-06
8.13785e-05
3.67276e-05
-1.91443e-06
-3.0142e-05
-1.46459e-05
-3.30967e-05
-4.13107e-05
3.25085e-06
-8.32006e-05
6.18035e-05
-0.000141327
0.000131554
-0.000217089
0.000207925
-0.000311271
0.000289645
-0.00042259
0.000374775
-0.000547158
0.000458915
-0.000679171
0.000535895
-0.000812242
0.000599594
-0.000940608
0.00064545
-0.00105982
0.00067109
-0.00116692
0.000676198
-0.00126028
0.000662
-0.00133936
0.000630703
-0.00140448
0.000585006
-0.00145666
0.000527731
-0.00149738
0.000461559
-0.00152843
0.000388857
-0.00155161
0.000311502
-0.00156862
0.000230841
-0.00158093
0.000147819
-0.00158964
6.30108e-05
-0.00159545
-2.33661e-05
-0.00159861
-0.000111243
-0.00159892
-0.000200443
-0.00159545
-0.000290774
-0.00158652
-0.000381768
-0.00156954
-0.000472355
-0.00154112
-0.000560558
-0.00149705
-0.000643282
-0.00143273
-0.00071612
-0.00134401
-0.000773261
-0.0012283
-0.000807837
-0.0010859
-0.000812898
-0.000921077
-0.000782937
-0.0007427
-0.000715753
-0.000563521
-0.000614268
-0.000397916
-0.000487513
-0.000258277
-0.000349761
-0.00015137
-0.00021729
-7.68351e-05
-0.000103497
-2.92068e-05
-1.50491e-05
-2.05666e-06
4.80079e-05
9.98575e-06
8.82697e-05
1.17378e-05
0.000107956
7.7953e-06
0.000107944
2.60212e-06
8.65717e-05
3.93297e-05
-7.74097e-06
-2.24011e-05
-3.18892e-05
-8.94845e-06
-7.24823e-05
4.38438e-05
-0.000129779
0.0001191
-0.0002046
0.000206376
-0.000297678
0.000301003
-0.000408122
0.000400088
-0.000532425
0.000499078
-0.000664815
0.000591305
-0.00079856
0.000669641
-0.000927349
0.000728383
-0.00104616
0.000764263
-0.00115158
0.000776506
-0.00124171
0.000766328
-0.001316
0.000736289
-0.001375
0.000689704
-0.00142014
0.000630148
-0.00145345
0.000561041
-0.00147726
0.000485369
-0.0014939
0.000405493
-0.00150546
0.000323068
-0.00151376
0.000239144
-0.00152024
0.000154296
-0.00152592
6.8685e-05
-0.0015315
-1.77827e-05
-0.00153745
-0.000105295
-0.00154383
-0.000194063
-0.00155021
-0.000284388
-0.00155559
-0.000376389
-0.00155815
-0.0004698
-0.00155494
-0.000563768
-0.00154169
-0.000656532
-0.0015129
-0.000744906
-0.00146233
-0.000823832
-0.00138388
-0.000886284
-0.0012731
-0.000923679
-0.00112906
-0.000926979
-0.000956125
-0.000888689
-0.000764818
-0.000805575
-0.000571027
-0.000681304
-0.000392968
-0.00052782
-0.000246175
-0.000364083
-0.000138386
-0.000211286
-6.7693e-05
-8.57419e-05
-2.58867e-05
6.20169e-06
-4.30412e-06
6.66871e-05
3.87527e-06
9.97761e-05
4.28488e-06
0.000107535
1.71552e-06
8.91411e-05
4.10452e-05
-1.49311e-05
-7.47003e-06
-5.16574e-05
2.77778e-05
-0.000106476
9.86629e-05
-0.000178714
0.000191337
-0.000268722
0.000296383
-0.00037596
0.000408241
-0.000497562
0.00052169
-0.000628133
0.00062965
-0.00076082
0.000723992
-0.000888803
0.000797624
-0.00100642
0.000845996
-0.00110967
0.000867513
-0.0011963
0.000863139
-0.00126567
0.000835694
-0.0013185
0.000789121
-0.00135662
0.000727828
-0.00138257
0.000656097
-0.00139917
0.000577643
-0.00140917
0.00049536
-0.00141492
0.000411243
-0.00141832
0.000326474
-0.00142082
0.000241638
-0.0014234
0.000156883
-0.00142678
7.20589e-05
-0.00143147
-1.30872e-05
-0.0014379
-9.88707e-05
-0.00144629
-0.000185673
-0.00145676
-0.000273918
-0.00146917
-0.000363978
-0.00148281
-0.000456156
-0.00149601
-0.000550574
-0.00150572
-0.000646819
-0.00150724
-0.000743382
-0.00149403
-0.000837047
-0.00145805
-0.00092226
-0.00139102
-0.000990707
-0.00128641
-0.0010316
-0.00114194
-0.00103315
-0.000962085
-0.000985433
-0.000759343
-0.000884046
-0.000553295
-0.000733868
-0.000366416
-0.000550962
-0.000217185
-0.000360518
-0.000113329
-0.000189598
-5.01785e-05
-5.6949e-05
-1.63308e-05
3.28393e-05
-1.28489e-06
8.47302e-05
2.75089e-06
0.000103499
1.64904e-06
9.02429e-05
4.26943e-05
-2.2986e-05
1.5516e-05
-7.2441e-05
7.72328e-05
-0.000140701
0.000166923
-0.000226255
0.000276891
-0.000328578
0.000398706
-0.000445546
0.00052521
-0.000572495
0.000648639
-0.00070279
0.000759944
-0.000829274
0.000850477
-0.00094564
0.000913989
-0.00104722
0.000947581
-0.00113128
0.000951571
-0.00119695
0.000928807
-0.00124504
0.000883786
-0.00127771
0.000821789
-0.00129795
0.000748073
-0.00130908
0.000667222
-0.0013142
0.000582759
-0.00131588
0.000497045
-0.00131604
0.000411406
-0.00131597
0.000326399
-0.00131643
0.000242102
-0.00131786
0.000158314
-0.00132053
7.47257e-05
-0.00132465
-8.96749e-06
-0.00133045
-9.30746e-05
-0.00133821
-0.000177907
-0.00134838
-0.000263754
-0.00136138
-0.000350976
-0.00137747
-0.000440067
-0.00139642
-0.000531616
-0.00141713
-0.000626115
-0.00143688
-0.000723627
-0.00145074
-0.000823185
-0.00145119
-0.000921814
-0.00142848
-0.00101342
-0.00137202
-0.00108806
-0.00127292
-0.00113225
-0.00112749
-0.00113086
-0.000940603
-0.00107093
-0.000727441
-0.000947031
-0.000512004
-0.000766399
-0.000321269
-0.000551253
-0.000175838
-0.000335028
-8.16087e-05
-0.000151179
-2.96111e-05
-1.91583e-05
-5.39008e-06
6.05092e-05
2.49486e-06
9.56141e-05
2.18184e-06
9.05559e-05
4.48761e-05
-3.1164e-05
4.66799e-05
-9.24276e-05
0.000138496
-0.000172422
0.000246917
-0.000268676
0.000373145
-0.000379533
0.000509564
-0.000501312
0.000646988
-0.00062802
0.000775347
-0.000752481
0.000884405
-0.000867852
0.000965848
-0.000968746
0.00101488
-0.00105178
0.00103061
-0.00111568
0.00101548
-0.00116119
0.000974308
-0.00119062
0.000913219
-0.00120737
0.00083854
-0.00121519
0.00075589
-0.00121755
0.000669587
-0.00121725
0.000582462
-0.00121623
0.00049602
-0.00121562
0.000410792
-0.00121594
0.000326728
-0.00121735
0.00024351
-0.00121979
0.000160754
-0.00122318
7.8117e-05
-0.00122748
-4.67108e-06
-0.00123275
-8.78098e-05
-0.00123921
-0.000171444
-0.00124729
-0.000255679
-0.00125755
-0.000340713
-0.00127072
-0.000426896
-0.00128756
-0.000514774
-0.00130854
-0.000605135
-0.00133322
-0.000698947
-0.00135942
-0.000796985
-0.00138227
-0.00089896
-0.0013935
-0.00100219
-0.00138152
-0.00110003
-0.00133319
-0.00118058
-0.00123718
-0.00122687
-0.00108861
-0.00121951
-0.000893456
-0.00114219
-0.000670663
-0.000989192
-0.00044962
-0.000772296
-0.000261708
-0.00052294
-0.000127792
-0.000285095
-4.915e-05
-9.78005e-05
-1.12719e-05
2.26312e-05
2.16049e-06
8.21817e-05
2.88163e-06
8.98348e-05
4.77577e-05
-3.85899e-05
8.52698e-05
-0.000109888
0.000209795
-0.000199152
0.00033618
-0.000302839
0.000476832
-0.000418094
0.00062482
-0.000539963
0.000768857
-0.000661703
0.000897087
-0.000776196
0.000998899
-0.000877362
0.00106701
-0.000961033
0.00109855
-0.00102532
0.0010949
-0.00107059
0.00106075
-0.00109915
0.00100286
-0.0011146
0.000928672
-0.00112107
0.000845013
-0.00112242
0.000757236
-0.00112168
0.000668847
-0.00112086
0.000581644
-0.00112102
0.000496177
-0.00112249
0.000412267
-0.0011252
0.000329437
-0.00112887
0.000247182
-0.00113322
0.000165095
-0.00113799
8.28925e-05
-0.00114306
3.99242e-07
-0.00114841
-8.24629e-05
-0.00115414
-0.000165712
-0.00116049
-0.000249331
-0.00116787
-0.000333336
-0.00117694
-0.000417818
-0.00118868
-0.00050304
-0.00120422
-0.000589589
-0.00122466
-0.000678506
-0.00125039
-0.000771257
-0.00128
-0.000869358
-0.00130881
-0.000973379
-0.00132776
-0.00108109
-0.00132332
-0.00118502
-0.0012796
-0.00127059
-0.00118285
-0.00131626
-0.00102757
-0.00129747
-0.000822179
-0.00119458
-0.000591065
-0.00100341
-0.000369991
-0.000744014
-0.000193735
-0.000461351
-7.99903e-05
-0.000211545
-2.19457e-05
-3.54134e-05
2.49616e-07
5.99863e-05
3.27378e-06
8.68106e-05
5.10315e-05
-4.44962e-05
0.000129766
-0.000123393
0.000288692
-0.000218974
0.000431761
-0.000326563
0.000584421
-0.000442224
0.00074048
-0.000560145
0.000886778
-0.000673377
0.00101032
-0.000775328
0.00110085
-0.000860988
0.00115267
-0.000927615
0.00116518
-0.000974919
0.0011422
-0.00100485
0.00109068
-0.00102102
0.00101903
-0.00102778
0.000935432
-0.00102934
0.000846579
-0.00102906
0.000756952
-0.00102909
0.000668875
-0.00103048
0.000583034
-0.00103346
0.000499157
-0.00103779
0.000416599
-0.00104306
0.00033471
-0.00104888
0.000252995
-0.00105492
0.000171139
-0.00106099
8.89659e-05
-0.00106699
6.39873e-06
-0.00107289
-7.65662e-05
-0.00107871
-0.000159896
-0.00108451
-0.000243528
-0.00109047
-0.000327377
-0.00109693
-0.000411361
-0.00110449
-0.000495471
-0.00111418
-0.000579901
-0.00112745
-0.00066524
-0.001146
-0.000752707
-0.00117107
-0.000844291
-0.00120203
-0.000942414
-0.00123449
-0.00104863
-0.00125846
-0.00116105
-0.00125813
-0.00127091
-0.00121462
-0.00135977
-0.00111202
-0.00140006
-0.000945528
-0.00136107
-0.000728125
-0.00122081
-0.000491763
-0.000980376
-0.000279074
-0.00067404
-0.000125359
-0.00036526
-3.96768e-05
-0.000121096
-4.39041e-06
2.46999e-05
3.03246e-06
7.93877e-05
5.4064e-05
-4.8312e-05
0.000178078
-0.000131957
0.000372337
-0.000230707
0.000530511
-0.000338759
0.000692472
-0.000451332
0.000853054
-0.000562201
0.000997647
-0.000664659
0.00111278
-0.000752962
0.00118915
-0.000823368
0.00122308
-0.000874631
0.00121644
-0.000907991
0.00117556
-0.000926706
0.0011094
-0.000935173
0.00102749
-0.000937888
0.000938148
-0.000938551
0.000847242
-0.000939592
0.000757993
-0.000942168
0.000671451
-0.00094648
0.000587346
-0.000952196
0.000504873
-0.000958808
0.000423212
-0.000965856
0.000341759
-0.000973014
0.000260153
-0.000980093
0.000178218
-0.000987011
9.58834e-05
-0.000993748
1.31359e-05
-0.00100031
-7.00071e-05
-0.00100669
-0.000153514
-0.00101288
-0.000237336
-0.00101887
-0.000321383
-0.0010247
-0.000405532
-0.00103054
-0.000489636
-0.00103685
-0.000573585
-0.00104464
-0.000657453
-0.00105556
-0.00074179
-0.00107183
-0.000828013
-0.00109555
-0.000918694
-0.00112692
-0.00101726
-0.00116162
-0.00112636
-0.00118831
-0.00124422
-0.00118835
-0.00135973
-0.00113966
-0.00144875
-0.00102507
-0.00147566
-0.000842636
-0.00140325
-0.000613004
-0.00121001
-0.000377927
-0.000909118
-0.000185675
-0.000557512
-6.59169e-05
-0.000240854
-1.23348e-05
-2.88822e-05
2.04201e-06
6.50108e-05
5.6106e-05
-4.97075e-05
0.000227785
-0.000135091
0.00045772
-0.000233927
0.000629347
-0.000339358
0.000797903
-0.000446048
0.000959744
-0.000547755
0.00109935
-0.000638344
0.00120337
-0.000713119
0.00126393
-0.00076967
0.00127963
-0.000808168
0.00125494
-0.00083113
0.00119853
-0.000842661
0.00112093
-0.000847382
0.00103222
-0.000849358
0.000940124
-0.000851405
0.000849288
-0.000854933
0.000761521
-0.000860234
0.000676752
-0.000866949
0.000594061
-0.000874507
0.000512431
-0.000882397
0.000431102
-0.000890282
0.000349643
-0.000897996
0.000267867
-0.000905498
0.00018572
-0.000912817
0.000103202
-0.000920003
2.03223e-05
-0.000927099
-6.29115e-05
-0.000934117
-0.000146496
-0.000941035
-0.000230418
-0.000947778
-0.000314639
-0.000954234
-0.000399076
-0.000960289
-0.000483581
-0.000965939
-0.000567935
-0.000971474
-0.000651917
-0.000977789
-0.000735475
-0.000986697
-0.000819106
-0.00100096
-0.000904431
-0.00102349
-0.000994732
-0.00105517
-0.00109468
-0.00109134
-0.00120805
-0.00111855
-0.00133252
-0.00111453
-0.00145276
-0.0010541
-0.0015361
-0.000920615
-0.00153673
-0.000718608
-0.00141201
-0.000480255
-0.00114747
-0.000258242
-0.000779525
-0.000101486
-0.000397609
-2.3747e-05
-0.000106622
3.09194e-07
4.09546e-05
5.64152e-05
-4.8596e-05
0.000276381
-0.000132763
0.000541887
-0.000228869
0.000725453
-0.000329107
0.000898141
-0.000427872
0.00105851
-0.00051922
0.0011907
-0.000597809
0.00128196
-0.000660061
0.00132618
-0.000704832
0.0013244
-0.000733494
0.0012836
-0.000749444
0.00121447
-0.000757127
0.00112861
-0.000760874
0.00103596
-0.000763961
0.000943211
-0.000768217
0.000853544
-0.000774172
0.000767477
-0.000781542
0.000684121
-0.000789727
0.000602246
-0.000798171
0.000520874
-0.00080651
0.000439441
-0.000814585
0.000357719
-0.000822383
0.000275665
-0.000829971
0.000193308
-0.000837439
0.000110671
-0.000844872
2.77552e-05
-0.000852333
-5.54508e-05
-0.00085985
-0.000138978
-0.000867418
-0.000222851
-0.000874976
-0.000307082
-0.000882399
-0.000391653
-0.000889494
-0.000476486
-0.000896019
-0.00056141
-0.000901788
-0.000646148
-0.000906907
-0.000730356
-0.000912181
-0.000813831
-0.000919588
-0.000897024
-0.00093244
-0.00098188
-0.000954471
-0.00107265
-0.000986974
-0.00117555
-0.00102416
-0.00129534
-0.00104919
-0.00142773
-0.00103533
-0.00154996
-0.000955194
-0.00161686
-0.000796145
-0.00157106
-0.000574325
-0.00136929
-0.000337222
-0.00101663
-0.000146119
-0.000588712
-3.90028e-05
-0.000213738
-2.30574e-06
4.25765e-06
5.41094e-05
-4.50968e-05
0.000321478
-0.000125316
0.000622107
-0.000216261
0.000816398
-0.000309304
0.000991184
-0.000398809
0.00114801
-0.000479358
0.00127125
-0.000546505
0.0013491
-0.000597761
0.00137744
-0.000633066
0.00135971
-0.000654668
0.00130521
-0.000666406
0.00122621
-0.000672607
0.00113481
-0.000676964
0.00104032
-0.000681843
0.00094809
-0.000688195
0.000859895
-0.000695941
0.000775223
-0.000704524
0.000692705
-0.00071335
0.000611072
-0.000722011
0.000529535
-0.000730332
0.000447763
-0.00073831
0.000365697
-0.000746031
0.000283386
-0.00075361
0.000200886
-0.000761156
0.000118217
-0.000768754
3.53541e-05
-0.00077647
-4.77355e-05
-0.000784336
-0.000131112
-0.000792362
-0.000214825
-0.000800523
-0.00029892
-0.000808741
-0.000383435
-0.000816858
-0.000468368
-0.000824618
-0.00055365
-0.000831672
-0.000639094
-0.00083768
-0.000724348
-0.000842583
-0.000808928
-0.000847128
-0.00089248
-0.00085354
-0.000975468
-0.000865807
-0.00106038
-0.000888448
-0.00115291
-0.000922604
-0.00126118
-0.000959989
-0.00139035
-0.000978721
-0.00153122
-0.000947178
-0.00164841
-0.000838391
-0.00167985
-0.000649526
-0.00155816
-0.000414638
-0.00125151
-0.000197771
-0.000805579
-5.87635e-05
-0.000352746
-5.87504e-06
-4.86308e-05
4.82344e-05
-3.94823e-05
0.000360961
-0.000113349
0.000695974
-0.000197146
0.000900195
-0.000281542
0.00107558
-0.000361048
0.00122752
-0.000430911
0.00134111
-0.000487597
0.00140579
-0.000529578
0.00141942
-0.000557625
0.00138775
-0.000574493
0.00132207
-0.00058406
0.00123578
-0.000590198
0.00114095
-0.000595812
0.00104593
-0.000602419
0.000954698
-0.000610323
0.000867799
-0.000619117
0.000784017
-0.000628206
0.000701793
-0.000637129
0.000619995
-0.000645668
0.000538074
-0.000653804
0.000455899
-0.000661632
0.000373525
-0.000669282
0.000291036
-0.000676877
0.000208481
-0.000684518
0.000125857
-0.000692275
4.31119e-05
-0.000700204
-3.98067e-05
-0.000708334
-0.000122981
-0.000716683
-0.000206476
-0.000725247
-0.000290356
-0.000733991
-0.000374691
-0.000742826
-0.000459533
-0.000751575
-0.000544902
-0.000759935
-0.000630734
-0.000767467
-0.000716816
-0.000773689
-0.000802706
-0.000778416
-0.000887753
-0.000782435
-0.00097145
-0.000788396
-0.00105442
-0.000801137
-0.00114017
-0.000825812
-0.00123651
-0.000862353
-0.00135381
-0.000897862
-0.00149572
-0.00090359
-0.00164268
-0.000844147
-0.00173929
-0.000698606
-0.0017037
-0.000482265
-0.00146786
-0.000252357
-0.00103549
-8.31764e-05
-0.000521927
-1.0379e-05
-0.000121428
3.78554e-05
-3.21244e-05
0.000393085
-9.761e-05
0.00076146
-0.000172709
0.000975293
-0.000247489
0.00115036
-0.000316716
0.00129675
-0.000376364
0.00140076
-0.00042375
0.00145317
-0.000458125
0.00145379
-0.0004808
0.00141043
-0.000494688
0.00133596
-0.000503389
0.00124448
-0.000510134
0.0011477
-0.000517042
0.00105284
-0.000524958
0.000962614
-0.000533786
0.000876627
-0.000543015
0.000793246
-0.000552144
0.000710923
-0.00056089
0.00062874
-0.00056919
0.000546375
-0.000577131
0.000463839
-0.000584848
0.000381242
-0.000592479
0.000298666
-0.000600132
0.000216135
-0.000607893
0.000133618
-0.000615819
5.10382e-05
-0.000623955
-3.16708e-05
-0.000632324
-0.000114612
-0.000640941
-0.000197859
-0.000649811
-0.000281486
-0.000658921
-0.000365581
-0.000668229
-0.000450225
-0.000677638
-0.000535493
-0.000686953
-0.000621419
-0.000695826
-0.000707944
-0.000703729
-0.000794803
-0.00071006
-0.000881422
-0.000714565
-0.000966944
-0.000718233
-0.00105076
-0.00072443
-0.00113397
-0.000739056
-0.00122188
-0.000767385
-0.00132548
-0.000806168
-0.00145693
-0.000835018
-0.00161383
-0.000817435
-0.00175688
-0.000718675
-0.00180246
-0.000533479
-0.00165305
-0.000304588
-0.00126438
-0.000111228
-0.000715286
-1.58202e-05
-0.000216836
2.20352e-05
-2.34469e-05
0.000416532
-7.89036e-05
0.000816916
-0.000144148
0.00104054
-0.000208733
0.00121495
-0.000267718
0.00135573
-0.000317802
0.00145084
-0.000357049
0.00149242
-0.000385278
0.00148202
-0.000404052
0.0014292
-0.000416156
0.00134807
-0.000424699
0.00125303
-0.000432214
0.00115521
-0.000440141
0.00106077
-0.000448854
0.000971327
-0.000458069
0.000885841
-0.000467309
0.000802486
-0.000476223
0.000719837
-0.000484682
0.000637199
-0.000492734
0.000554426
-0.00050051
0.000471616
-0.000508158
0.00038889
-0.000515798
0.000306307
-0.000523525
0.000223862
-0.00053141
0.000141502
-0.000539502
5.91311e-05
-0.000547844
-2.33293e-05
-0.000556451
-0.000106005
-0.000565335
-0.000188975
-0.000574498
-0.000272323
-0.000583933
-0.000356147
-0.000593616
-0.000440542
-0.000603498
-0.00052561
-0.000613472
-0.000611445
-0.000623318
-0.000698098
-0.000632631
-0.000785489
-0.000640789
-0.000873265
-0.000647084
-0.000960649
-0.000651301
-0.00104654
-0.000654906
-0.00113036
-0.000662386
-0.0012144
-0.00068077
-0.00130709
-0.00071412
-0.00142358
-0.000752709
-0.00157524
-0.000765671
-0.00174392
-0.000710981
-0.00185715
-0.000564434
-0.0017996
-0.000349422
-0.00147939
-0.000140923
-0.000923785
-2.20967e-05
-0.000335663
-6.1428e-08
-1.38907e-05
0.000430423
-5.80283e-05
0.000861054
-0.000112589
0.0010951
-0.000166689
0.00126905
-0.000215659
0.0014047
-0.000256875
0.00149206
-0.000289022
0.00152457
-0.000312275
0.00150527
-0.000328206
0.00144513
-0.000339254
0.00135911
-0.000347926
0.0012617
-0.000356089
0.00116337
-0.000364648
0.00106933
-0.000373694
0.000980373
-0.000382897
0.000895045
-0.000391889
0.000811477
-0.000400462
0.000728411
-0.000408602
0.000645339
-0.000416415
0.00056224
-0.000424047
0.000479249
-0.000431633
0.000396476
-0.000439278
0.000313952
-0.000447061
0.000231645
-0.000455047
0.000149488
-0.000463288
6.73728e-05
-0.000471827
-1.47903e-05
-0.000480677
-9.71556e-05
-0.000489844
-0.000179807
-0.000499325
-0.000262842
-0.000509109
-0.000346363
-0.000519176
-0.000430475
-0.000529495
-0.000515292
-0.000540005
-0.000600935
-0.000550579
-0.000687524
-0.000560958
-0.000775111
-0.000570661
-0.000863562
-0.000578953
-0.000952357
-0.000585065
-0.00104043
-0.00058901
-0.00112642
-0.000593163
-0.00121025
-0.000603606
-0.00129665
-0.000628004
-0.00139918
-0.00066627
-0.00153697
-0.000697597
-0.00171259
-0.000679878
-0.00187487
-0.000574306
-0.00190517
-0.000383149
-0.00167055
-0.000169686
-0.00113725
-2.94198e-05
-0.000475929
-2.94812e-05
-3.87564e-06
0.000434298
-3.57486e-05
0.000892927
-7.90405e-05
0.00113839
-0.000122559
0.00131257
-0.000161826
0.00144397
-0.000194819
0.00152505
-0.000220713
0.00155046
-0.000239858
0.00152442
-0.00025364
0.00145892
-0.000264011
0.00136948
-0.00027284
0.00127053
-0.000281403
0.00117194
-0.000290215
0.00107814
-0.000299225
0.000989383
-0.000308146
0.000903966
-0.000316733
0.000820065
-0.000324901
0.000736579
-0.000332707
0.000653145
-0.000340279
0.000569812
-0.000347757
0.000486727
-0.000355259
0.000403978
-0.000362875
0.000321568
-0.000370676
0.000239446
-0.000378726
0.000157538
-0.000387087
7.57344e-05
-0.000395806
-6.0713e-06
-0.000404898
-8.80635e-05
-0.000414367
-0.000170339
-0.0004242
-0.000253009
-0.000434381
-0.000336182
-0.000444886
-0.00041997
-0.000455687
-0.000504491
-0.000466742
-0.00058988
-0.000477974
-0.000676291
-0.000489224
-0.000763861
-0.000500166
-0.00085262
-0.000510215
-0.000942307
-0.000518522
-0.00103212
-0.00052435
-0.00112059
-0.000528289
-0.00120631
-0.000534255
-0.00129069
-0.000550183
-0.00138326
-0.000582429
-0.00150473
-0.000621499
-0.00167352
-0.000631416
-0.00186495
-0.000564822
-0.00197177
-0.000403883
-0.00183149
-0.000195071
-0.00134606
-3.78525e-05
-0.000633147
-6.73337e-05
6.06096e-06
0.000428237
-1.27333e-05
0.000911721
-4.4394e-05
0.00117005
-7.7334e-05
0.00134551
-0.000107218
0.00147385
-0.000132521
0.00155036
-0.000152791
0.00157073
-0.000168411
0.00154004
-0.000180448
0.00147095
-0.000190284
0.00137932
-0.000199161
0.0012794
-0.000207851
0.00118063
-0.000216597
0.00108689
-0.000225299
0.000998085
-0.000233756
0.000912422
-0.000241842
0.000828151
-0.00024956
0.000744297
-0.000257006
0.000660591
-0.00026431
0.000577116
-0.000271598
0.000494014
-0.000278972
0.000411351
-0.000286513
0.000329109
-0.000294288
0.000247221
-0.00030236
0.000165611
-0.000310806
8.41803e-05
-0.00031968
2.80279e-06
-0.000329008
-7.87354e-05
-0.00033879
-0.000160557
-0.000349005
-0.000242793
-0.00035963
-0.000325557
-0.000370637
-0.000408963
-0.000381995
-0.000493133
-0.000393667
-0.000578208
-0.0004056
-0.000664359
-0.000417687
-0.000751774
-0.000429714
-0.000840593
-0.00044126
-0.000930761
-0.000451611
-0.00102177
-0.000459829
-0.00111237
-0.000465436
-0.0012007
-0.000470192
-0.00128593
-0.000480295
-0.00137315
-0.000504812
-0.00148021
-0.000543985
-0.00163435
-0.000571973
-0.00183696
-0.000539392
-0.00200435
-0.000411515
-0.00195936
-0.000215314
-0.00154226
-4.69704e-05
-0.00080149
-0.000114304
1.53107e-05
0.000412927
1.03776e-05
0.000916654
-9.38508e-06
0.00118981
-3.18264e-05
0.00136795
-5.2595e-05
0.00149462
-7.05936e-05
0.00156836
-8.5649e-05
0.00158579
-9.8082e-05
0.00155247
-0.000108556
0.00148143
-0.000117854
0.00138862
-0.000126618
0.00128817
-0.00013519
0.0011892
-0.000143625
0.00109532
-0.000151826
0.00100629
-0.000159692
0.000920289
-0.000167202
0.000835662
-0.000174421
0.000751516
-0.000181463
0.000667633
-0.000188452
0.000584105
-0.000195496
0.000501059
-0.000202688
0.000418543
-0.000210103
0.000336524
-0.000217808
0.000254925
-0.000225863
0.000173667
-0.000234354
9.26709e-05
-0.000243354
1.18031e-05
-0.000252905
-6.91845e-05
-0.000263005
-0.000150457
-0.000273624
-0.000232174
-0.000284731
-0.00031445
-0.000296296
-0.000397398
-0.000308288
-0.000481141
-0.000320671
-0.000565825
-0.000333397
-0.000651633
-0.000346388
-0.000738783
-0.000359492
-0.000827489
-0.000372411
-0.000917842
-0.000384599
-0.00100958
-0.000395204
-0.00110177
-0.000403321
-0.00119259
-0.000409184
-0.00128007
-0.000416631
-0.00136571
-0.000434476
-0.00146237
-0.000469475
-0.00159935
-0.000507246
-0.00179919
-0.0005022
-0.00200939
-0.000407318
-0.00205424
-0.000229549
-0.00172003
-5.62332e-05
-0.000974806
-0.000170537
2.3452e-05
0.000389475
3.28477e-05
0.000907258
2.53908e-05
0.00119727
1.32934e-05
0.00138004
1.43636e-06
0.00150648
-9.46455e-06
0.00157926
-1.95012e-05
0.00159583
-2.88743e-05
0.00156184
-3.78076e-05
0.00149036
-4.64796e-05
0.00139729
-5.49631e-05
0.00129665
-6.32225e-05
0.00119746
-7.1169e-05
0.00110327
-7.87347e-05
0.00101385
-8.59162e-05
0.00092747
-9.27807e-05
0.000842526
-9.94397e-05
0.000758175
-0.000106016
0.000674209
-0.000112623
0.000590712
-0.00011936
0.000507795
-0.000126309
0.000425492
-0.000133546
0.000343761
-0.000141137
0.000262516
-0.000149142
0.000181672
-0.000157643
0.000101173
-0.00016674
2.09003e-05
-0.000176499
-5.94263e-05
-0.000186912
-0.000140043
-0.000197942
-0.000221144
-0.000209554
-0.000302837
-0.000221723
-0.000385229
-0.000234418
-0.000468445
-0.000247604
-0.000552639
-0.000261233
-0.000638003
-0.000275239
-0.000724777
-0.000289504
-0.000813224
-0.000303805
-0.000903541
-0.000317732
-0.000995653
-0.000330595
-0.0010889
-0.000341457
-0.00118172
-0.000349744
-0.00127178
-0.000357232
-0.00135822
-0.000370839
-0.00144876
-0.000400328
-0.00156986
-0.000441708
-0.00175781
-0.000457432
-0.00199367
-0.000393389
-0.00211829
-0.000237698
-0.00187572
-6.49586e-05
-0.00114755
-0.000235496
3.02052e-05
0.000359269
5.38823e-05
0.000883581
5.93482e-05
0.0011918
5.76022e-05
0.00138179
5.44437e-05
0.00150964
5.05193e-05
0.00158318
4.54886e-05
0.00160086
3.92383e-05
0.00156809
3.19627e-05
0.00149764
2.40649e-05
0.00140519
1.60159e-05
0.0013047
8.20924e-06
0.00120526
8.68356e-07
0.00111061
-5.96617e-06
0.00102069
-1.23822e-05
0.000933886
-1.85263e-05
0.00084867
-2.45497e-05
0.000764199
-3.05823e-05
0.000680242
-3.67301e-05
0.00059686
-4.30832e-05
0.000514148
-4.97226e-05
0.000432132
-5.67258e-05
0.000350765
-6.41662e-05
0.000269957
-7.2108e-05
0.000189614
-8.06217e-05
0.000109687
-8.97967e-05
3.00754e-05
-9.9729e-05
-4.94939e-05
-0.000110423
-0.000129349
-0.000121846
-0.000209721
-0.000133966
-0.000290718
-0.000146767
-0.000372428
-0.000160223
-0.000454989
-0.000174296
-0.000538566
-0.000188938
-0.000623361
-0.000204087
-0.000709628
-0.00021964
-0.000797671
-0.000235419
-0.000887762
-0.000251104
-0.000979967
-0.000266158
-0.00107385
-0.000279766
-0.00116812
-0.000291082
-0.00126046
-0.000300499
-0.0013488
-0.000312582
-0.00143668
-0.000337285
-0.00154515
-0.000378418
-0.00171668
-0.000408749
-0.00196334
-0.000372145
-0.00215489
-0.000240264
-0.0020076
-7.25682e-05
-0.00131524
-0.000308064
3.53587e-05
0.000323911
7.27975e-05
0.000846142
9.17558e-05
0.00117285
0.000100583
0.00137296
0.000106066
0.00150415
0.000109132
0.00158011
0.000109239
0.00160075
0.000106314
0.00157102
0.000100917
0.00150303
9.39878e-05
0.00141212
8.65166e-05
0.00131217
7.92566e-05
0.00121252
7.25842e-05
0.00111728
6.65366e-05
0.00102673
6.09506e-05
0.000939472
5.56046e-05
0.000854017
5.03044e-05
0.000769499
4.49071e-05
0.000685639
3.9308e-05
0.000602459
3.34203e-05
0.000520036
2.7162e-05
0.00043839
2.04506e-05
0.000357476
1.32032e-05
0.000277204
5.34218e-06
0.000197475
-3.20123e-06
0.00011823
-1.24804e-05
3.93547e-05
-2.25546e-05
-3.94195e-05
-3.34667e-05
-0.000118436
-4.52302e-05
-0.000197958
-5.78372e-05
-0.00027811
-7.12779e-05
-0.000358987
-8.55323e-05
-0.000440735
-0.000100564
-0.000523535
-0.000116323
-0.000607602
-0.000132742
-0.000693209
-0.000149727
-0.000780687
-0.000167122
-0.000870367
-0.000184669
-0.00096242
-0.000201943
-0.00105658
-0.000218286
-0.00115177
-0.000232864
-0.00124589
-0.000245347
-0.00133632
-0.000258255
-0.00142377
-0.000280008
-0.0015234
-0.000319107
-0.00167758
-0.00035902
-0.00192343
-0.000345946
-0.00216797
-0.000238126
-0.00211542
-7.87351e-05
-0.00147463
-0.000386799
3.87742e-05
0.000285137
8.89909e-05
0.000795926
0.000121895
0.00113994
0.000141725
0.00135313
0.000155915
0.00148996
0.000166077
0.00156995
0.00017159
0.00159524
0.000172345
0.00157026
0.000169168
0.00150621
0.000163468
0.00141782
0.000156729
0.00131891
0.000150081
0.00121917
0.0001441
0.00112326
0.000138862
0.00103197
0.000134154
0.000944181
0.000129684
0.000858487
0.000125204
0.000773978
0.000120547
0.000690297
0.000115598
0.000607408
0.000110269
0.000525365
0.000104472
0.000444187
9.81185e-05
0.00036383
9.11154e-05
0.000284207
8.33804e-05
0.00020521
7.48702e-05
0.00012674
6.55604e-05
4.86647e-05
5.54018e-05
-2.92608e-05
4.42978e-05
-0.000107332
3.21956e-05
-0.000185856
1.90783e-05
-0.000264993
4.9526e-06
-0.000344862
-1.01613e-05
-0.000425621
-2.62297e-05
-0.000507466
-4.32027e-05
-0.000590629
-6.10124e-05
-0.000675399
-7.9566e-05
-0.000762133
-9.87256e-05
-0.000851208
-0.000118277
-0.000942868
-0.000137881
-0.00103697
-0.00015701
-0.00113264
-0.000174954
-0.00122794
-0.000191124
-0.00132015
-0.000206605
-0.00140829
-0.000227607
-0.0015024
-0.000264483
-0.0016407
-0.000310288
-0.00187762
-0.000316872
-0.00216138
-0.000232352
-0.00219994
-8.34186e-05
-0.00162357
-0.000470218
4.04172e-05
0.000244719
0.000101924
0.000734419
0.000148985
0.00109288
0.000180426
0.00132169
0.000203564
0.00146682
0.000221007
0.00155251
0.00023229
0.00158395
0.000237204
0.00156535
0.000236712
0.0015067
0.000232592
0.00142194
0.000226786
0.00132472
0.000220823
0.00122513
0.000215538
0.00112855
0.000211107
0.0010364
0.000207308
0.00094798
0.000203787
0.000862008
0.000200237
0.000777528
0.000196445
0.000694089
0.000192275
0.000611578
0.000187628
0.000530013
0.000182412
0.000449402
0.000176534
0.000369708
0.000169898
0.000290843
0.000162417
0.000212691
0.000154044
0.000135114
0.000144752
5.79566e-05
0.000134502
-1.90111e-05
0.00012319
-9.60202e-05
0.000110727
-0.000173392
9.70699e-05
-0.000251336
8.22154e-05
-0.000330007
6.61758e-05
-0.000409581
4.89807e-05
-0.000490271
3.06801e-05
-0.000572328
1.13456e-05
-0.000656064
-8.92648e-06
-0.000741861
-3.0011e-05
-0.000830123
-5.17286e-05
-0.000921151
-7.38078e-05
-0.00101489
-9.58397e-05
-0.00111061
-0.000117258
-0.00120652
-0.000137462
-0.00129995
-0.000156707
-0.00138904
-0.00017905
-0.00148006
-0.000214571
-0.00160518
-0.000263873
-0.00182832
-0.000286625
-0.00213863
-0.000224069
-0.0022625
-8.68259e-05
-0.00176081
-0.000557044
4.03635e-05
0.000204356
0.000111146
0.000663636
0.000172168
0.00103186
0.000215927
0.00127793
0.000248479
0.00143427
0.000273486
0.0015275
0.000290968
0.00156647
0.00030063
0.00155569
0.00030342
0.00150391
0.000301353
0.00142401
0.000296767
0.0013293
0.000291604
0.0012303
0.000287021
0.00113313
0.000283376
0.00104005
0.000280492
0.000950864
0.00027798
0.00086452
0.000275464
0.000780045
0.000272669
0.000696883
0.000269421
0.000614826
0.000265598
0.000533835
0.0002611
0.000453901
0.000255828
0.00037498
0.000249686
0.000296986
0.000242585
0.000219792
0.000234458
0.000143241
0.000225256
6.71586e-05
0.000214923
-8.67782e-06
0.000203376
-8.44733e-05
0.000190525
-0.000160541
0.000176303
-0.000237114
0.000160689
-0.000314392
0.000143682
-0.000392575
0.000125303
-0.000471892
0.000105595
-0.00055262
8.46265e-05
-0.000635096
6.24915e-05
-0.000719726
3.93104e-05
-0.000806942
1.52426e-05
-0.000897083
-9.49383e-06
-0.000990158
-3.45972e-05
-0.00108551
-5.96441e-05
-0.00118148
-8.41263e-05
-0.00127546
-0.000107918
-0.00136525
-0.000133363
-0.00145461
-0.000168967
-0.00156958
-0.000220484
-0.0017768
-0.000256492
-0.00210262
-0.000214349
-0.00230464
-8.93425e-05
-0.00188582
-0.000646386
3.87974e-05
0.000165559
0.000116338
0.000586096
0.000190549
0.000957648
0.00024728
0.0012212
0.000289942
0.00139161
0.000322941
0.0014945
0.000347104
0.00154231
0.000362181
0.00154061
0.000368986
0.00149711
0.000369602
0.00142339
0.000366661
0.00133225
0.000362507
0.00123445
0.000358678
0.00113696
0.000355799
0.00104293
0.000353816
0.000952846
0.000352347
0.000865989
0.000350955
0.000781437
0.000349291
0.000698547
0.000347119
0.000616999
0.000344278
0.000536676
0.00034065
0.000457529
0.000336126
0.000379504
0.000330604
0.000302508
0.000323989
0.000226407
0.000316195
0.000151035
0.000307153
7.62004e-05
0.00029679
1.6852e-06
0.000285034
-7.27165e-05
0.000271795
-0.000147303
0.000256995
-0.000222314
0.000240594
-0.000297991
0.000222578
-0.000374559
0.000202959
-0.000452273
0.000181774
-0.000531435
0.000159087
-0.000612409
0.000134986
-0.000695625
0.000109577
-0.000781533
8.2987e-05
-0.000870493
5.53766e-05
-0.000962547
2.6968e-05
-0.0010571
-1.91821e-06
-0.00115259
-3.09124e-05
-0.00124647
-5.97896e-05
-0.00133637
-8.9708e-05
-0.00142469
-0.000127041
-0.00153224
-0.000180366
-0.00172348
-0.000227363
-0.00205562
-0.000204135
-0.00232787
-9.14577e-05
-0.00199849
-0.000737844
3.59986e-05
0.00012956
0.000117364
0.00050473
0.00020326
0.000871752
0.00027334
0.00115112
0.000326995
0.00133796
0.000368604
0.00145289
0.000399991
0.00151092
0.000421203
0.0015194
0.000432876
0.00148543
0.000436985
0.00141928
0.000436308
0.00133292
0.000433536
0.00123722
0.000430617
0.00113988
0.000428528
0.00104502
0.00042743
0.000953944
0.000427011
0.000866408
0.000426804
0.000781644
0.000426386
0.000698965
0.000425441
0.000617944
0.000423751
0.000538366
0.000421158
0.000460122
0.000417536
0.000383127
0.00041277
0.000307273
0.000406756
0.000232422
0.000399393
0.000158397
0.000390596
8.49981e-05
0.000380274
1.20066e-05
0.000368357
-6.07989e-05
0.000354752
-0.000133698
0.000339377
-0.000206939
0.000322176
-0.000280791
0.000303126
-0.000355509
0.000282228
-0.000431374
0.000259511
-0.000508718
0.000235032
-0.00058793
0.000208867
-0.000669461
0.000181107
-0.000753772
0.000151841
-0.000841227
0.00012117
-0.000931877
8.92255e-05
-0.00102515
5.62028e-05
-0.00111957
2.23819e-05
-0.00121265
-1.19927e-05
-0.001302
-4.74129e-05
-0.00138927
-8.80968e-05
-0.00149156
-0.000143451
-0.00166812
-0.00019977
-0.0019993
-0.000194182
-0.00233346
-9.3699e-05
-0.00209898
-0.000831543
3.23126e-05
9.72473e-05
0.00011432
0.000422723
0.000209575
0.000776496
0.000292826
0.00106787
0.000358389
0.00127239
0.000409451
0.00140183
0.000448707
0.00147167
0.0004768
0.00149131
0.000494281
0.00146795
0.000502876
0.00141068
0.000505323
0.00133048
0.000504544
0.001238
0.000502879
0.00114154
0.000501714
0.00104618
0.000501522
0.000954137
0.000502149
0.000865781
0.000503158
0.000780635
0.000504068
0.000698054
0.000504481
0.000617531
0.000504101
0.000538746
0.000502714
0.000461509
0.00050016
0.000385681
0.000496302
0.000311131
0.00049102
0.000237703
0.000484203
0.000165215
0.000475747
9.34542e-05
0.000465553
2.22009e-05
0.000453538
-4.87846e-05
0.000439609
-0.000119769
0.000423681
-0.00019101
0.00040569
-0.0002628
0.000385601
-0.00033542
0.000363407
-0.00040918
0.000339127
-0.000484438
0.000312808
-0.000561611
0.000284508
-0.000641161
0.000254287
-0.000723551
0.00022219
-0.000809131
0.000188251
-0.000897937
0.000152507
-0.000989411
0.000115048
-0.00108211
7.60562e-05
-0.00117366
3.57569e-05
-0.0012617
-5.9639e-06
-0.00134755
-5.14676e-05
-0.00144606
-0.000109475
-0.00161011
-0.000173944
-0.00193484
-0.000185034
-0.00232237
-9.65809e-05
-0.00218743
-0.000928124
2.81054e-05
6.91419e-05
0.000107577
0.000343251
0.000209049
0.000675024
0.000304452
0.000972469
0.000382599
0.00119425
0.000444136
0.00134029
0.000492063
0.00142374
0.000527819
0.00145555
0.000552091
0.00144368
0.000566319
0.00139646
0.000573008
0.00132379
0.000575135
0.00123587
0.000575347
0.00114133
0.00057545
0.00104608
0.000576302
0.000953284
0.000578011
0.000864072
0.000580248
0.000778398
0.00058253
0.000695772
0.000584391
0.00061567
0.000585454
0.000537684
0.000585432
0.000461531
0.00058411
0.000387003
0.000581319
0.000313922
0.000576916
0.000242107
0.000570772
0.000171359
0.00056277
0.000101456
0.000552801
3.21699e-05
0.000540773
-3.67561e-05
0.000526585
-0.000105581
0.000510152
-0.000174578
0.000491406
-0.000244054
0.000470304
-0.000314317
0.000446828
-0.000385704
0.000420986
-0.000458597
0.000392806
-0.000533431
0.000362319
-0.000610673
0.000329541
-0.000690774
0.000294462
-0.000774052
0.000257033
-0.000860509
0.000217197
-0.000949575
0.000174937
-0.00103985
0.00013036
-0.00112908
8.372e-05
-0.00121506
3.51207e-05
-0.00129895
-1.65354e-05
-0.0013944
-7.80352e-05
-0.00154861
-0.000149839
-0.00186303
-0.000176986
-0.00229522
-0.000100556
-0.00226386
-0.00102868
2.37171e-05
4.54248e-05
9.7788e-05
0.000269181
0.000201664
0.000571149
0.000307128
0.000867005
0.000397926
0.00110345
0.000470953
0.00126727
0.000528537
0.00136615
0.000572814
0.00141127
0.000604877
0.00141162
0.000625976
0.00137536
0.000638261
0.0013115
0.000644546
0.00122959
0.000647625
0.00113825
0.000649662
0.00104404
0.000651931
0.000951015
0.000654885
0.000861118
0.000658407
0.000774876
0.000662089
0.00069209
0.000665448
0.000612311
0.000668039
0.000535092
0.000669503
0.000460067
0.000669557
0.000386948
0.000667984
0.000315496
0.000664606
0.000245485
0.000659273
0.000176692
0.000651852
0.000108877
0.000642223
4.17989e-05
0.000630283
-2.48156e-05
0.000615927
-9.12255e-05
0.000599071
-0.000157722
0.00057964
-0.000224623
0.000557585
-0.000292261
0.000532876
-0.000360995
0.000505504
-0.000431225
0.000475468
-0.000503394
0.000442757
-0.000577962
0.000407331
-0.000655348
0.000369104
-0.000735825
0.000327941
-0.000819345
0.000283681
-0.000905315
0.00023621
-0.000992377
0.000185575
-0.00107844
0.000132085
-0.00116157
7.61556e-05
-0.00124302
1.73959e-05
-0.00133564
-4.86417e-05
-0.00148258
-0.000127142
-0.00178453
-0.000170026
-0.00225234
-0.000105958
-0.00232793
-0.00113464
1.94287e-05
2.59961e-05
8.58548e-05
0.000202754
0.000187951
0.000469052
0.000300214
0.000754741
0.000402706
0.00100096
0.00048789
0.00118208
0.00055621
0.00129784
0.000609993
0.00135749
0.000650872
0.00137074
0.000680118
0.00134611
0.000699512
0.00129211
0.000711527
0.00121757
0.00071888
0.0011309
0.000723947
0.00103897
0.000728374
0.000946588
0.000733004
0.000856488
0.000738021
0.00076986
0.000743192
0.000686919
0.000748092
0.000607411
0.000752261
0.000530923
0.000755283
0.000457045
0.000756813
0.000385418
0.000756577
0.000315732
0.000754355
0.000247707
0.000749966
0.00018108
0.000743257
0.000115586
0.000734096
5.09604e-05
0.000722366
-1.30857e-05
0.000707961
-7.68206e-05
0.000690793
-0.000140553
0.000670781
-0.000204612
0.000647867
-0.000269347
0.000622005
-0.000335133
0.000593158
-0.000402379
0.000561283
-0.000471519
0.000526311
-0.00054299
0.00048813
-0.000617166
0.000446563
-0.000694258
0.000401377
-0.000774159
0.00035231
-0.000856248
0.000299166
-0.000939232
0.000241959
-0.00102124
0.000181092
-0.0011007
0.000117323
-0.00117925
5.09315e-05
-0.00126925
-2.07196e-05
-0.00141093
-0.000105295
-0.00169996
-0.000163782
-0.00219385
-0.000112927
-0.00237878
-0.00124757
1.54576e-05
1.05385e-05
7.28328e-05
0.000145379
0.000169029
0.000372856
0.000283764
0.000640007
0.000395622
0.000889097
0.000492798
0.00108491
0.000572765
0.00121787
0.000637148
0.00129311
0.000687937
0.00131995
0.000726615
0.00130743
0.000754709
0.00126401
0.000774255
0.00119803
0.000787682
0.00111747
0.00079736
0.0010293
0.000805179
0.00093877
0.000812338
0.000849329
0.000819374
0.000762824
0.000826317
0.000679976
0.000832897
0.00060083
0.000838714
0.000525107
0.000843345
0.000452414
0.000846412
0.000382352
0.000847592
0.000314552
0.000846622
0.000248677
0.000843289
0.000184413
0.000837414
0.000121461
0.000828849
5.95259e-05
0.000817459
-1.69616e-06
0.00080314
-6.25013e-05
0.000785792
-0.000123206
0.000765326
-0.000184146
0.000741666
-0.000245687
0.000714741
-0.000308208
0.000684474
-0.000372111
0.000650762
-0.000437808
0.000613465
-0.000505693
0.000572377
-0.000576079
0.000527224
-0.000649106
0.000477667
-0.000724602
0.000423351
-0.000801932
0.00036402
-0.000879901
0.000299701
-0.000956919
0.000230943
-0.00103194
0.000158869
-0.00110718
8.45022e-05
-0.00119488
6.44501e-06
-0.00133287
-8.35541e-05
-0.00160996
-0.000157489
-0.00211991
-0.000121337
-0.00241493
-0.0013689
1.19847e-05
-1.44622e-06
5.9803e-05
9.7561e-05
0.000146515
0.000286144
0.000258665
0.000527857
0.000376037
0.000771726
0.000483707
0.000977238
0.000575619
0.00112596
0.000651631
0.0012171
0.000713514
0.00125807
0.000762937
0.00125801
0.000801331
0.00122562
0.000830323
0.00116903
0.000851907
0.00109589
0.000868225
0.00101298
0.000881206
0.000925789
0.000892293
0.000838241
0.000902351
0.000752767
0.000911722
0.000670604
0.000920376
0.000592176
0.00092806
0.000517424
0.000934422
0.000446051
0.000939101
0.000377673
0.000941762
0.000311891
0.000942115
0.000248323
0.000939921
0.000186608
0.000934977
0.000126405
0.000927116
6.73869e-05
0.000916188
9.2312e-06
0.000902081
-4.83935e-05
0.000884678
-0.000105803
0.000863873
-0.000163341
0.000839562
-0.000221377
0.000811636
-0.000280281
0.000779959
-0.000340434
0.000744358
-0.000402207
0.000704602
-0.000465937
0.000660385
-0.000531862
0.000611323
-0.000600044
0.000556976
-0.000670254
0.000496912
-0.000741869
0.000430852
-0.00081384
0.000358896
-0.000884964
0.000281804
-0.000954852
0.000201111
-0.00102649
0.000118555
-0.00111233
3.37349e-05
-0.00124805
-6.10285e-05
-0.00151519
-0.000149931
-0.00203101
-0.000130686
-0.00243418
-0.00149959
9.20035e-06
-1.06466e-05
4.77306e-05
5.90308e-05
0.000122277
0.000211598
0.000226577
0.000423556
0.000344236
0.000654067
0.000459221
0.000862253
0.000562213
0.00102296
0.000650448
0.00112886
0.000724593
0.00118392
0.000786134
0.00119647
0.000836427
0.00117533
0.000876782
0.00112868
0.000908728
0.00106394
0.000934012
0.000987694
0.00095439
0.000905411
0.000971367
0.000821264
0.000986031
0.000738103
0.000999018
0.000657617
0.00101058
0.000580619
0.00102067
0.000507328
0.00102911
0.000437615
0.00103561
0.000371172
0.00103988
0.000307616
0.00104166
0.00024655
0.00104068
0.000187583
0.00103675
0.00013034
0.00102967
7.44631e-05
0.00101929
1.96083e-05
0.00100548
-3.4579e-05
0.000988093
-8.84175e-05
0.000967004
-0.000142252
0.000942066
-0.000196439
0.000913114
-0.00025133
0.000879947
-0.000307266
0.000842303
-0.000364564
0.000799853
-0.000423487
0.000752184
-0.000484192
0.000698805
-0.000546665
0.000639188
-0.000610637
0.000572857
-0.000675537
0.00049956
-0.000740544
0.000419542
-0.000804946
0.000333847
-0.000869157
0.000244452
-0.000937091
0.000153743
-0.00102162
6.22252e-05
-0.00115653
-3.6576e-05
-0.00141639
-0.000139309
-0.00192828
-0.000139961
-0.00243353
-0.00163955
7.22107e-06
-1.78676e-05
3.72405e-05
2.90114e-05
9.79561e-05
0.000150882
0.000189526
0.000331987
0.000301376
0.000542216
0.000418826
0.000744803
0.000530447
0.000911344
0.000630559
0.00102875
0.000717825
0.00109666
0.000792846
0.00112145
0.000856643
0.00111153
0.000910231
0.00107509
0.000954707
0.00101947
0.000991368
0.000951034
0.00102164
0.000875142
0.00104689
0.000796011
0.00106828
0.00071671
0.00108665
0.00063925
0.00110249
0.000564776
0.00111603
0.000493791
0.00112727
0.000426374
0.0011361
0.000362346
0.00114232
0.000301392
0.00114573
0.000243137
0.00114612
0.000187192
0.0011433
0.000133167
0.00113707
8.06878e-05
0.00112728
2.93965e-05
0.00111378
-2.10725e-05
0.0010964
-7.10346e-05
0.00107497
-0.000120826
0.00104931
-0.000170776
0.00101918
-0.000221202
0.000984303
-0.000272391
0.000944333
-0.000324594
0.000898836
-0.00037799
0.000847299
-0.000432655
0.000789141
-0.000488507
0.000723776
-0.000545272
0.00065073
-0.000602491
0.000569851
-0.000659665
0.000481601
-0.000716696
0.000387359
-0.000774915
0.000289549
-0.000839281
0.000191097
-0.000923166
9.32752e-05
-0.00105871
-8.8648e-06
-0.00131425
-0.00012317
-0.00181397
-0.000147523
-0.00240917
-0.00178707
5.87122e-06
-2.37388e-05
2.80838e-05
6.79882e-06
7.40676e-05
0.000104898
0.000148966
0.000257089
0.000248923
0.000442259
0.000362879
0.000630847
0.00047907
0.000795152
0.000589362
0.000918455
0.000689854
0.000996164
0.000779451
0.00103185
0.000858295
0.00103269
0.000926903
0.00100648
0.000985946
0.000960423
0.00103627
0.000900709
0.00107891
0.000832506
0.00111497
0.000759948
0.00114553
0.000686153
0.00117148
0.000613297
0.0011935
0.000542756
0.00121202
0.00047527
0.00122727
0.000411121
0.00123933
0.000350286
0.00124817
0.000292555
0.00125369
0.00023762
0.00125576
0.000185122
0.00125423
0.000134691
0.00124896
8.59592e-05
0.00123979
3.85717e-05
0.00122654
-7.82824e-06
0.00120906
-5.35497e-05
0.00118713
-9.88965e-05
0.00116051
-0.00014416
0.00112892
-0.000189608
0.00109199
-0.000235466
0.0010493
-0.000281903
0.00100033
-0.000329018
0.000944487
-0.00037681
0.000881139
-0.000425159
0.000809699
-0.000473832
0.00072977
-0.000522562
0.000641372
-0.000571268
0.000545234
-0.000620558
0.000443067
-0.000672748
0.000337645
-0.000733859
0.000232269
-0.00081779
0.000128812
-0.000955252
2.35399e-05
-0.00120898
-9.86839e-05
-0.00169175
-0.00015119
-0.00235667
-0.00193826
4.14562e-06
-2.78845e-05
1.8031e-05
-7.0865e-06
4.84804e-05
7.44488e-05
0.000104153
0.000201416
0.00018737
0.000359042
0.000291993
0.000526224
0.000407763
0.000679383
0.000525193
0.000801025
0.00063789
0.000883467
0.000742488
0.000927254
0.000837594
0.000937581
0.000922814
0.000921262
0.000998235
0.000885002
0.00106424
0.000834702
0.00112146
0.000775287
0.0011707
0.000710714
0.00121282
0.000644024
0.00124869
0.000577427
0.00127904
0.000512409
0.00130444
0.000449868
0.00132531
0.000390253
0.00134191
0.000333688
0.00135438
0.000280086
0.00136277
0.000229229
0.00136707
0.000180824
0.00136721
0.000134548
0.0013631
9.00666e-05
0.00135462
4.70548e-05
0.0013416
5.19076e-06
0.00132388
-3.58278e-05
0.00130122
-7.62413e-05
0.00127336
-0.000116296
0.00123995
-0.000156199
0.00120059
-0.000196101
0.00115478
-0.000236096
0.00110197
-0.000276207
0.00104154
-0.000316382
0.000972889
-0.000356506
0.00089551
-0.000396454
0.000809173
-0.000436225
0.000714131
-0.000476225
0.000611374
-0.000517801
0.000502833
-0.000564207
0.000391396
-0.000622422
0.000280394
-0.000706789
0.000171922
-0.00084678
6.29265e-05
-0.00109999
-6.31423e-05
-0.00156568
-0.000148249
-0.00227156
-0.00208651
-6.33253e-07
-2.72512e-05
1.48498e-06
-9.20473e-06
1.47764e-05
6.11574e-05
5.02457e-05
0.000165947
0.000114453
0.000294835
0.000205794
0.000434883
0.000316661
0.000568516
0.000437573
0.000680113
0.000560354
0.000760686
0.000679343
0.000808265
0.000791179
0.000825745
0.000894094
0.000818348
0.00098729
0.000791806
0.00107057
0.000751423
0.00114413
0.000701724
0.00120846
0.00064639
0.00126419
0.000588289
0.00131206
0.000529557
0.00135278
0.000471693
0.00138697
0.000415669
0.00141519
0.000362041
0.00143782
0.000311053
0.00145518
0.000262732
0.00146745
0.000216958
0.00147475
0.000173523
0.00147712
0.000132174
0.00147455
9.26363e-05
0.00146697
5.46354e-05
0.00145425
1.79095e-05
0.00143624
-1.78153e-05
0.00141271
-5.27157e-05
0.0013834
-8.69776e-05
0.00134794
-0.000120738
0.00130592
-0.000154083
0.00125686
-0.00018704
0.00120024
-0.000219586
0.00113552
-0.00025166
0.00106222
-0.000283209
0.000980043
-0.000314277
0.000888991
-0.000345173
0.000789555
-0.000376789
0.000682883
-0.00041113
0.000570897
-0.000452222
0.000456238
-0.000507762
0.000341761
-0.000592312
0.000229038
-0.000734056
0.000114904
-0.000985852
-1.34552e-05
-0.00143732
-0.000134052
-0.00215096
-0.00222056
-1.33998e-05
-1.38514e-05
-3.09144e-05
8.30992e-06
-3.76739e-05
6.79169e-05
-2.18587e-05
0.000150131
2.41048e-05
0.000248871
0.000101672
0.000357316
0.000205513
0.000464674
0.000327006
0.00055862
0.000457294
0.000630398
0.000589025
0.000676534
0.00071694
0.00069783
0.00083766
0.000697627
0.000949228
0.000680238
0.00105067
0.000649984
0.00114166
0.000610734
0.00122232
0.00056573
0.00129305
0.000517559
0.00135442
0.000468189
0.00140706
0.000419049
0.00145162
0.000371114
0.00148867
0.000324989
0.00151872
0.000280999
0.00154219
0.000239261
0.0015594
0.000199748
0.00157058
0.000162341
0.00157589
0.000126866
0.0015754
9.3123e-05
0.00156913
6.0906e-05
0.00155702
3.00214e-05
0.00153893
2.72581e-07
0.00151472
-2.85002e-05
0.00148413
-5.63938e-05
0.00144689
-8.34944e-05
0.00140265
-0.00010984
0.00135104
-0.00013543
0.00129169
-0.000160239
0.00122428
-0.000184251
0.00114859
-0.000207516
0.00106457
-0.000230261
0.000972473
-0.000253074
0.000872902
-0.000277218
0.00076692
-0.000305148
0.000656075
-0.000341377
0.000542327
-0.000394014
0.000427589
-0.000477575
0.000312278
-0.000618745
0.000192097
-0.000865671
5.64193e-05
-0.00130164
-9.83002e-05
-0.00199625
-0.00231886
-4.09727e-05
2.71213e-05
-9.01809e-05
5.75181e-05
-0.000121106
9.88422e-05
-0.00012316
0.000152185
-9.13543e-05
0.000217065
-2.47116e-05
0.000290673
7.31706e-05
0.000366792
0.000194534
0.000437257
0.000330381
0.00049455
0.000472679
0.000534236
0.000614863
0.000555647
0.000752158
0.000560332
0.000881407
0.000550989
0.00100074
0.000530652
0.0011092
0.000502268
0.00120649
0.000468444
0.00129271
0.00043134
0.00136824
0.000392657
0.00143362
0.000353674
0.00148943
0.000315298
0.00153629
0.000278134
0.00157475
0.000242542
0.0016053
0.000208704
0.00162838
0.000176668
0.00164433
0.000146393
0.00165341
0.000117785
0.00165582
9.07166e-05
0.00165167
6.50539e-05
0.00164102
4.06674e-05
0.00162385
1.74475e-05
0.00160006
-4.70681e-06
0.00156954
-2.58794e-05
0.00153218
-4.6132e-05
0.00148782
-6.54847e-05
0.00143634
-8.3947e-05
0.00137763
-0.00010153
0.00131166
-0.000118282
0.0012385
-0.000134353
0.00115834
-0.000150095
0.0010715
-0.000166239
0.000978467
-0.000184185
0.000879826
-0.000206507
0.000776235
-0.000237787
0.000668351
-0.000286129
0.000556558
-0.000365782
0.000439892
-0.000502079
0.000312796
-0.000738575
0.000159776
-0.00114862
-2.67605e-05
-0.00180971
-0.00234562
-9.01046e-05
0.000117226
-0.000183174
0.000150587
-0.000240249
0.000155917
-0.000257483
0.00016942
-0.000234977
0.00019456
-0.0001742
0.000229896
-7.94177e-05
0.00027201
4.25656e-05
0.000315273
0.000183148
0.000353968
0.000333826
0.000383557
0.000487618
0.000401855
0.000638862
0.000409087
0.000783505
0.000406346
0.000918891
0.000395266
0.00104344
0.000377719
0.00115637
0.000355515
0.00125746
0.000330251
0.00134687
0.000303248
0.001425
0.000275544
0.00149238
0.000247915
0.00154961
0.000220904
0.00159728
0.000194868
0.00163597
0.000170016
0.00166619
0.000146447
0.00168841
0.000124181
0.001703
0.000103189
0.00171031
8.34095e-05
0.0017106
6.47677e-05
0.00170408
4.71859e-05
0.00169093
3.05947e-05
0.0016713
1.49273e-05
0.00164522
1.94583e-07
0.00161271
-1.36224e-05
0.00157388
-2.66518e-05
0.00152888
-3.89447e-05
0.00147787
-5.05255e-05
0.00142106
-6.1473e-05
0.00135868
-7.19681e-05
0.00129095
-8.23726e-05
0.00121809
-9.33731e-05
0.00114013
-0.000106231
0.00105686
-0.000123229
0.000967516
-0.000148446
0.000870579
-0.000189192
0.000763377
-0.000258581
0.000641555
-0.000380257
0.000497437
-0.000594457
0.000312252
-0.000963439
8.51103e-05
-0.00158257
-0.00226051
-0.00016037
0.000277596
-0.00029333
0.000283547
-0.000362673
0.000225261
-0.000384795
0.000191542
-0.000365758
0.000175523
-0.000308224
0.000172361
-0.000216417
0.000180203
-9.66623e-05
0.000195519
4.41992e-05
0.000213107
0.000198545
0.000229212
0.000358722
0.000241678
0.000518831
0.000248979
0.000674392
0.000250785
0.000822162
0.000247496
0.00096001
0.000239871
0.0010867
0.00022883
0.00120164
0.000215305
0.00130475
0.000200141
0.00139624
0.000184049
0.00147656
0.000167598
0.00154625
0.000151215
0.00160591
0.000135202
0.00165617
0.000119761
0.0016976
0.000105011
0.00173077
9.10133e-05
0.00175617
7.77869e-05
0.00177426
6.53225e-05
0.00178543
5.35951e-05
0.00179005
4.25718e-05
0.00178842
3.22177e-05
0.00178085
2.24989e-05
0.00176767
1.33733e-05
0.00174921
4.8432e-06
0.0017256
-3.04546e-06
0.00169701
-1.03546e-05
0.00166367
-1.71854e-05
0.00162583
-2.36275e-05
0.00158368
-2.98207e-05
0.00153734
-3.60333e-05
0.00148673
-4.2764e-05
0.00143142
-5.09186e-05
0.00137032
-6.21344e-05
0.00130123
-7.93533e-05
0.00121994
-0.000107897
0.00111885
-0.000157497
0.000984961
-0.000246366
0.000799303
-0.0004088
0.000541157
-0.000705292
0.000229433
-0.00127084
-0.00203108
-0.000223968
0.000501564
-0.000284698
0.000344277
-0.000270988
0.000211551
-0.000242543
0.000163096
-0.000199568
0.000132548
-0.000136068
0.000108862
-5.02796e-05
9.44138e-05
5.72617e-05
8.79776e-05
0.000183338
8.70304e-05
0.000323337
8.92126e-05
0.000472365
9.26501e-05
0.000625406
9.5938e-05
0.000778093
9.80982e-05
0.00092694
9.86485e-05
0.00106935
9.7464e-05
0.00120351
9.46644e-05
0.00132831
9.05098e-05
0.00144313
8.53154e-05
0.00154779
7.93956e-05
0.00164235
7.30316e-05
0.00172711
6.64573e-05
0.00180246
5.98552e-05
0.00186886
5.33604e-05
0.0019268
4.7067e-05
0.00197678
4.1036e-05
0.00201926
3.53034e-05
0.0020547
2.98875e-05
0.0020835
2.47941e-05
0.00210605
2.00214e-05
0.0021227
1.5563e-05
0.00213379
1.14101e-05
0.00213961
7.55195e-06
0.00214048
3.97466e-06
0.00213676
6.75418e-07
0.00212875
-2.34345e-06
0.00211666
-5.09909e-06
0.00210068
-7.63978e-06
0.0020809
-1.00461e-05
0.00205733
-1.24611e-05
0.0020297
-1.51383e-05
0.00199731
-1.85249e-05
0.00195859
-2.34091e-05
0.00191041
-3.11765e-05
0.00184674
-4.42284e-05
0.00175609
-6.68451e-05
0.00161636
-0.000106641
0.00138894
-0.000181381
0.00101736
-0.000333703
0.000489554
-0.000743042
-0.00154153
0.000501564
0.000845841
0.00105739
0.00122049
0.00135304
0.0014619
0.00155631
0.00164429
0.00173132
0.00182053
0.00191318
0.00200912
0.00210722
0.00220587
0.00230333
0.002398
0.00248851
0.00257382
0.00265322
0.00272625
0.00279271
0.00285256
0.00290592
0.00295299
0.00299402
0.00302933
0.00305921
0.00308401
0.00310403
0.00311959
0.003131
0.00313856
0.00314253
0.00314321
0.00314086
0.00313576
0.00312812
0.00311808
0.00310562
0.00309048
0.00307195
0.00304854
0.00301737
0.00297314
0.00290629
0.00279965
0.00261827
0.00228457
0.00154153
)
;

boundaryField
{
    movingWall
    {
        type            calculated;
        value           uniform 0;
    }
    fixedWalls
    {
        type            calculated;
        value           uniform 0;
    }
    frontAndBack
    {
        type            empty;
        value           nonuniform 0();
    }
}


// ************************************************************************* //
