/*--------------------------------*- C++ -*----------------------------------*\
  =========                 |
  \\      /  F ield         | OpenFOAM: The Open Source CFD Toolbox
   \\    /   O peration     | Website:  https://openfoam.org
    \\  /    A nd           | Version:  7
     \\/     M anipulation  |
\*---------------------------------------------------------------------------*/
FoamFile
{
    version     2.0;
    format      ascii;
    class       surfaceScalarField;
    location    "500";
    object      phi;
}
// * * * * * * * * * * * * * * * * * * * * * * * * * * * * * * * * * * * * * //

dimensions      [0 3 -1 0 0 0 0];

internalField   nonuniform List<scalar> 
4900
(
5.40522e-07
-5.46317e-07
1.32278e-06
-7.82284e-07
1.85546e-06
-5.32709e-07
1.92521e-06
-6.97567e-08
1.47833e-06
4.46873e-07
5.3014e-07
9.48174e-07
-8.82513e-07
1.41264e-06
-2.72474e-06
1.84222e-06
-4.97207e-06
2.24733e-06
-7.61026e-06
2.63818e-06
-1.06307e-05
3.02043e-06
-1.40241e-05
3.39346e-06
-1.77745e-05
3.75034e-06
-2.1853e-05
4.07856e-06
-2.62141e-05
4.36108e-06
-3.07917e-05
4.57756e-06
-3.54973e-05
4.70568e-06
-4.02199e-05
4.72258e-06
-4.48263e-05
4.60644e-06
-4.91647e-05
4.33834e-06
-5.30688e-05
3.90411e-06
-5.63652e-05
3.2964e-06
-5.88816e-05
2.51647e-06
-6.04575e-05
1.57583e-06
-6.09548e-05
4.97357e-07
-6.02704e-05
-6.84436e-07
-5.83456e-05
-1.92483e-06
-5.51759e-05
-3.16967e-06
-5.08173e-05
-4.3586e-06
-4.53885e-05
-5.42886e-06
-3.90687e-05
-6.3198e-06
-3.20909e-05
-6.97785e-06
-2.47295e-05
-7.36143e-06
-1.72844e-05
-7.44513e-06
-1.00617e-05
-7.22278e-06
-3.35321e-06
-6.70849e-06
2.58279e-06
-5.93602e-06
7.53869e-06
-4.95593e-06
1.13689e-05
-3.83021e-06
1.39955e-05
-2.62662e-06
1.54087e-05
-1.41326e-06
1.56619e-05
-2.53225e-07
1.48636e-05
7.98385e-07
1.31691e-05
1.69445e-06
1.07792e-05
2.38994e-06
7.94553e-06
2.83364e-06
4.9895e-06
2.95604e-06
2.332e-06
2.6575e-06
5.14944e-07
1.81706e-06
5.14943e-07
7.89575e-07
-1.33591e-06
1.67139e-06
-1.6642e-06
1.7872e-06
-6.48594e-07
7.52402e-07
9.65014e-07
-1.56063e-06
2.75987e-06
-5.14808e-06
4.53559e-06
-9.95479e-06
6.21932e-06
-1.59177e-05
7.80514e-06
-2.29832e-05
9.31275e-06
-3.11069e-05
1.07618e-05
-4.0245e-05
1.21585e-05
-5.03413e-05
1.34898e-05
-6.1314e-05
1.47231e-05
-7.30443e-05
1.58089e-05
-8.53675e-05
1.66842e-05
-9.80676e-05
1.72776e-05
-0.000110876
1.75141e-05
-0.000123474
1.73206e-05
-0.0001355
1.66319e-05
-0.000146558
1.53967e-05
-0.000156237
1.35832e-05
-0.000164126
1.11853e-05
-0.000169836
8.22658e-06
-0.000173024
4.76388e-06
-0.000173415
8.88579e-07
-0.000170826
-3.27376e-06
-0.000165181
-7.56974e-06
-0.000156529
-1.18225e-05
-0.000145046
-1.58413e-05
-0.000131042
-1.94329e-05
-0.000114948
-2.24137e-05
-9.73027e-05
-2.46232e-05
-7.87271e-05
-2.59371e-05
-5.98937e-05
-2.62786e-05
-4.14901e-05
-2.56264e-05
-2.41801e-05
-2.40185e-05
-8.56475e-06
-2.15514e-05
4.85189e-06
-1.83726e-05
1.56913e-05
-1.46697e-05
2.37195e-05
-1.06548e-05
2.88533e-05
-6.54707e-06
3.11588e-05
-2.55881e-06
3.08431e-05
1.11412e-06
2.82422e-05
4.2953e-06
2.38158e-05
6.81638e-06
1.81504e-05
8.49904e-06
1.19761e-05
9.13032e-06
6.18754e-06
8.44603e-06
1.83032e-06
6.17427e-06
2.34525e-06
4.87987e-07
-1.82392e-06
4.50397e-07
-1.62668e-06
-9.65428e-07
7.67218e-07
-4.14351e-06
4.14306e-06
-9.21213e-06
7.82846e-06
-1.61672e-05
1.14906e-05
-2.49492e-05
1.50013e-05
-3.54851e-05
1.8341e-05
-4.77029e-05
2.15305e-05
-6.15281e-05
2.4587e-05
-7.68713e-05
2.75017e-05
-9.36111e-05
3.02295e-05
-0.000111578
3.26899e-05
-0.000130541
3.4772e-05
-0.0001502
3.6343e-05
-0.000170181
3.72588e-05
-0.000190041
3.73742e-05
-0.000209276
3.65552e-05
-0.000227334
3.469e-05
-0.000243638
3.17007e-05
-0.000257608
2.75529e-05
-0.000268687
2.22643e-05
-0.000276371
1.59109e-05
-0.000280237
8.62948e-06
-0.000279966
6.17966e-07
-0.000275373
-7.86769e-06
-0.000266415
-1.65275e-05
-0.000253211
-2.50263e-05
-0.000236042
-3.30107e-05
-0.000215348
-4.01269e-05
-0.000191719
-4.60421e-05
-0.000165877
-5.04654e-05
-0.000138645
-5.31697e-05
-0.000110913
-5.40103e-05
-8.35999e-05
-5.29395e-05
-5.7604e-05
-5.00144e-05
-3.37585e-05
-4.5397e-05
-1.27856e-05
-3.93455e-05
4.74134e-06
-3.21967e-05
1.84291e-05
-2.43426e-05
2.80841e-05
-1.6202e-05
3.37187e-05
-8.1934e-06
3.55489e-05
-7.16083e-07
3.39867e-05
5.85745e-06
2.96296e-05
1.11734e-05
2.32581e-05
1.48706e-05
1.58382e-05
1.65502e-05
8.52943e-06
1.57548e-05
2.6938e-06
1.20099e-05
5.03905e-06
-1.62009e-07
-1.66192e-06
-1.8108e-06
2.20763e-08
-5.58249e-06
4.53887e-06
-1.173e-05
1.02905e-05
-2.03079e-05
1.64063e-05
-3.12775e-05
2.24601e-05
-4.4565e-05
2.82888e-05
-6.00878e-05
3.38639e-05
-7.77574e-05
3.92e-05
-9.74673e-05
4.42969e-05
-0.000119075
4.91093e-05
-0.000142383
5.35371e-05
-0.000167121
5.74278e-05
-0.000192936
6.05877e-05
-0.00021939
6.27964e-05
-0.000245956
6.38249e-05
-0.000272035
6.34536e-05
-0.000296971
6.14907e-05
-0.00032007
5.77894e-05
-0.000340633
5.22631e-05
-0.000357978
4.48985e-05
-0.000371478
3.57643e-05
-0.000380583
2.50158e-05
-0.00038485
1.28959e-05
-0.000383964
-2.68356e-07
-0.00037776
-1.40717e-05
-0.000366234
-2.80535e-05
-0.000349551
-4.1709e-05
-0.00032805
-5.45122e-05
-0.000302237
-6.59394e-05
-0.000272783
-7.54965e-05
-0.000240499
-8.27487e-05
-0.00020632
-8.73492e-05
-0.000171264
-8.90669e-05
-0.000136395
-8.7808e-05
-0.000102778
-8.36313e-05
-7.14237e-05
-7.67515e-05
-4.32381e-05
-6.75312e-05
-1.89745e-05
-5.64603e-05
8.08203e-07
-4.41253e-05
1.5777e-05
-3.11708e-05
2.58447e-05
-1.82611e-05
3.11746e-05
-6.04599e-06
3.21785e-05
4.85356e-06
2.9505e-05
1.38469e-05
2.40318e-05
2.03438e-05
1.68602e-05
2.37218e-05
9.32133e-06
2.32936e-05
3.0177e-06
1.83135e-05
8.05675e-06
-1.03604e-06
-6.25894e-07
-4.79238e-06
3.77837e-06
-1.15396e-05
1.12861e-05
-2.12975e-05
2.00484e-05
-3.39838e-05
2.90927e-05
-4.94902e-05
3.79664e-05
-6.77119e-05
4.65104e-05
-8.855e-05
5.4702e-05
-0.000111895
6.25453e-05
-0.000137605
7.00062e-05
-0.000165477
7.69812e-05
-0.000195231
8.3291e-05
-0.000226493
8.86897e-05
-0.000258789
9.28841e-05
-0.00029155
9.55571e-05
-0.000324119
9.63937e-05
-0.000355772
9.51065e-05
-0.000385741
9.14603e-05
-0.000413245
8.52933e-05
-0.000437516
7.6534e-05
-0.000457831
6.52134e-05
-0.000473539
5.14722e-05
-0.000484086
3.5562e-05
-0.000489032
1.7842e-05
-0.000488073
-1.22713e-06
-0.000481053
-2.10916e-05
-0.000467973
-4.11342e-05
-0.000448997
-6.06848e-05
-0.000424463
-7.90463e-05
-0.000394881
-9.55217e-05
-0.00036093
-0.000109447
-0.000323453
-0.000120227
-0.000283431
-0.000127371
-0.000241962
-0.000130536
-0.000200219
-0.000129551
-0.000159405
-0.000124446
-0.000120693
-0.000115463
-8.51719e-05
-0.000103052
-5.37825e-05
-8.78497e-05
-2.72671e-05
-7.06407e-05
-6.12455e-06
-5.23134e-05
9.42056e-06
-3.38062e-05
1.94359e-05
-1.60614e-05
2.42805e-05
9.02074e-09
2.45993e-05
1.3528e-05
2.13073e-05
2.36358e-05
1.55827e-05
2.94464e-05
8.87137e-06
3.00049e-05
2.93383e-06
2.4251e-05
1.09906e-05
-2.06799e-06
1.44207e-06
-8.29019e-06
1.00005e-05
-1.84667e-05
2.14625e-05
-3.23063e-05
3.3888e-05
-4.95403e-05
4.63266e-05
-6.99611e-05
5.83871e-05
-9.34172e-05
6.99665e-05
-0.000119784
8.10688e-05
-0.000148925
9.16866e-05
-0.000180656
0.000101737
-0.000214711
0.000111036
-0.000250726
0.000119306
-0.000288227
0.00012619
-0.000326631
0.000131288
-0.000365259
0.000134185
-0.000403354
0.000134489
-0.000440109
0.000131861
-0.000474693
0.000126044
-0.000506282
0.000116882
-0.000534087
0.00010434
-0.000557383
8.85093e-05
-0.000575524
6.96125e-05
-0.000587961
4.79989e-05
-0.000594257
2.41386e-05
-0.000594098
-1.38661e-06
-0.0005873
-2.78893e-05
-0.000573823
-5.46113e-05
-0.000553779
-8.07289e-05
-0.000527446
-0.00010538
-0.000495277
-0.000127691
-0.000457908
-0.000146816
-0.000416157
-0.000161977
-0.000371018
-0.000172511
-0.000323634
-0.000177919
-0.000275272
-0.000177913
-0.000227267
-0.000172451
-0.000180963
-0.000161767
-0.000137648
-0.000146367
-9.84789e-05
-0.000127019
-6.44119e-05
-0.000104708
-3.61462e-05
-8.05792e-05
-1.40781e-05
-5.58743e-05
1.72428e-06
-3.18637e-05
1.15318e-05
-9.79848e-06
1.59486e-05
9.11126e-06
1.58906e-05
2.36937e-05
1.2576e-05
3.27611e-05
7.52163e-06
3.50592e-05
2.57298e-06
2.91997e-05
1.35636e-05
-3.21477e-06
4.65682e-06
-1.21546e-05
1.89403e-05
-2.60709e-05
3.53788e-05
-4.43051e-05
5.21221e-05
-6.63662e-05
6.83876e-05
-9.19267e-05
8.39475e-05
-0.000120775
9.88151e-05
-0.000152753
0.000113047
-0.000187691
0.000126624
-0.000225357
0.000139402
-0.000265421
0.0001511
-0.000307439
0.000161324
-0.00035085
0.0001696
-0.000394981
0.00017542
-0.000439076
0.00017828
-0.000482316
0.000177728
-0.000523848
0.000173394
-0.000562823
0.000165018
-0.000598414
0.000152473
-0.000629844
0.00013577
-0.000656403
0.000115068
-0.000677458
9.06668e-05
-0.000692461
6.30017e-05
-0.000700958
3.2636e-05
-0.000702596
2.50815e-07
-0.000697127
-3.33582e-05
-0.000684427
-6.73106e-05
-0.000664511
-0.000100646
-0.000637547
-0.000132343
-0.000603884
-0.000161354
-0.000564065
-0.000186636
-0.000518839
-0.000207203
-0.00046917
-0.00022218
-0.000416221
-0.000230868
-0.000361332
-0.000232802
-0.000305969
-0.000227815
-0.000251662
-0.000216074
-0.000199924
-0.000198105
-0.000152165
-0.000174778
-0.000109604
-0.000147269
-7.3186e-05
-0.000116997
-4.35256e-05
-8.55347e-05
-2.08646e-05
-5.45247e-05
-5.05678e-06
-2.56063e-05
4.4273e-06
-3.72828e-07
8.48458e-06
1.96365e-05
8.34738e-06
3.28983e-05
5.57277e-06
3.78338e-05
2.04354e-06
3.27289e-05
1.56071e-05
-4.44043e-06
9.09722e-06
-1.62562e-05
3.0756e-05
-3.40918e-05
5.32143e-05
-5.68832e-05
7.49135e-05
-8.38951e-05
9.53994e-05
-0.000114667
0.000114719
-0.00014892
0.000133068
-0.000186454
0.000150581
-0.00022706
0.000167231
-0.000270459
0.000182801
-0.000316259
0.000196901
-0.000363947
0.000209011
-0.000412888
0.000218542
-0.000462353
0.000224884
-0.000511535
0.000227462
-0.00055959
0.000225783
-0.000605661
0.000219465
-0.000648909
0.000208266
-0.000688531
0.000192095
-0.000723778
0.000171017
-0.000753959
0.00014525
-0.000778451
0.000115158
-0.000796695
8.12461e-05
-0.000808205
4.41456e-05
-0.000812566
4.6121e-06
-0.000809446
-3.64785e-05
-0.000798613
-7.81438e-05
-0.000779951
-0.000119307
-0.00075349
-0.000158805
-0.000719429
-0.000195415
-0.000678172
-0.000227893
-0.000630353
-0.000255023
-0.000576852
-0.000275681
-0.000518807
-0.000288913
-0.000457595
-0.000294014
-0.000394796
-0.000290614
-0.000332126
-0.000278744
-0.00027135
-0.000258881
-0.000214175
-0.000231952
-0.000162137
-0.000199307
-0.000116494
-0.00016264
-7.81422e-05
-0.000123887
-4.7552e-05
-8.51148e-05
-2.47457e-05
-4.84126e-05
-9.29864e-06
-1.58199e-05
-3.61565e-07
1.06994e-05
3.29786e-06
2.92388e-05
3.26069e-06
3.7871e-05
1.42808e-06
3.45615e-05
1.70352e-05
-5.70871e-06
1.48059e-05
-2.0468e-05
4.55153e-05
-4.22763e-05
7.50226e-05
-6.96434e-05
0.000102281
-0.000101579
0.000127335
-0.000137485
0.000150625
-0.000177008
0.000172591
-0.000219905
0.000193477
-0.000265925
0.000213251
-0.000314738
0.000231614
-0.000365899
0.000248061
-0.000418837
0.00026195
-0.000472871
0.000272576
-0.000527233
0.000279246
-0.000581104
0.000281333
-0.00063364
0.000278319
-0.000684005
0.00026983
-0.00073139
0.000255652
-0.000775029
0.000235734
-0.000814202
0.000210189
-0.000848239
0.000179287
-0.000876522
0.000143441
-0.000898478
0.000103202
-0.000913584
5.92521e-05
-0.000921369
1.23969e-05
-0.000921414
-3.64335e-05
-0.000913379
-8.61791e-05
-0.000897011
-0.000135675
-0.000872178
-0.000183638
-0.000838903
-0.00022869
-0.000797403
-0.000269393
-0.000748133
-0.000304293
-0.000691824
-0.00033199
-0.000629513
-0.000351223
-0.000562552
-0.000360975
-0.000492583
-0.000360584
-0.000421483
-0.000349844
-0.000351276
-0.000329088
-0.000284002
-0.000299226
-0.000221579
-0.000261731
-0.000165659
-0.00021856
-0.000117504
-0.000172042
-7.78948e-05
-0.000124724
-4.70882e-05
-7.92193e-05
-2.48094e-05
-3.80987e-05
-1.02868e-05
-3.82317e-06
-2.30149e-06
2.12535e-05
7.45503e-07
3.4824e-05
7.81791e-07
3.45252e-05
1.7817e-05
-6.97978e-06
2.17857e-05
-2.46571e-05
6.31924e-05
-5.03675e-05
0.000100733
-8.219e-05
0.000134103
-0.000118879
0.000164024
-0.000159698
0.000191444
-0.000204221
0.000217114
-0.000252153
0.00024141
-0.000303203
0.0002643
-0.000356995
0.000285406
-0.000413036
0.000304103
-0.000470716
0.000319629
-0.000529322
0.000331182
-0.000588076
0.000338
-0.000646162
0.000339419
-0.000702759
0.000334916
-0.000757064
0.000324135
-0.000808305
0.000306892
-0.00085575
0.000283179
-0.000898713
0.000253152
-0.000936545
0.000217119
-0.000968638
0.000175534
-0.00099442
0.000128984
-0.00101335
7.81843e-05
-0.00102493
2.39726e-05
-0.00102867
-3.26901e-05
-0.00102415
-9.06959e-05
-0.001011
-0.000148828
-0.00098892
-0.00020572
-0.000957731
-0.000259878
-0.000917425
-0.000309699
-0.000868212
-0.000353506
-0.000810586
-0.000389615
-0.000745387
-0.000416423
-0.000673832
-0.00043253
-0.000597537
-0.000436879
-0.000518473
-0.000428908
-0.000438887
-0.000408673
-0.00036117
-0.000376944
-0.000287676
-0.000335224
-0.000220544
-0.000285692
-0.000161512
-0.000231074
-0.000111784
-0.000174452
-7.19451e-05
-0.000119058
-4.19446e-05
-6.80992e-05
-2.11313e-05
-2.46364e-05
-8.32165e-06
8.44385e-06
-1.89258e-06
2.83949e-05
1.32722e-07
3.24999e-05
1.79497e-05
-8.20972e-06
2.99953e-05
-2.86834e-05
8.3666e-05
-5.81034e-05
0.000130153
-9.41287e-05
0.000170128
-0.000135267
0.000205162
-0.000180645
0.000236822
-0.000229763
0.000266232
-0.000282278
0.000293925
-0.000337854
0.000319876
-0.000396074
0.000343626
-0.000456407
0.000364436
-0.000518215
0.000381437
-0.000580772
0.000393739
-0.000643299
0.000400528
-0.000705
0.000401119
-0.000765079
0.000394995
-0.000822766
0.000381822
-0.000877326
0.000361453
-0.000928063
0.000333917
-0.000974323
0.000299411
-0.00101549
0.000258287
-0.00105099
0.000211035
-0.00108028
0.000158276
-0.00110285
0.00010075
-0.00111819
3.93178e-05
-0.00112583
-2.50522e-05
-0.00112529
-9.12387e-05
-0.0011161
-0.000158016
-0.00109783
-0.000223992
-0.0010701
-0.000287612
-0.00103263
-0.000347165
-0.000985337
-0.000400799
-0.000928386
-0.000446566
-0.000862295
-0.000482514
-0.000788018
-0.000506807
-0.000706998
-0.0005179
-0.000621177
-0.000514729
-0.000532942
-0.000496908
-0.000444997
-0.000464889
-0.000360166
-0.000420055
-0.000281155
-0.000364704
-0.000210306
-0.000301923
-0.000149389
-0.000235369
-9.94566e-05
-0.000168991
-6.07906e-05
-0.000106765
-3.29317e-05
-5.24954e-05
-1.47678e-05
-9.72009e-06
-4.6491e-06
1.82762e-05
-5.1642e-07
2.83672e-05
1.74333e-05
-9.35167e-06
3.9347e-05
-3.24033e-05
0.000106718
-6.52221e-05
0.000162972
-0.000105073
0.000209979
-0.000150231
0.00025032
-0.000199694
0.000286285
-0.000252885
0.000319423
-0.000309412
0.000350451
-0.000368895
0.000379359
-0.000430881
0.000405611
-0.000494809
0.000428364
-0.000560018
0.000446646
-0.000625779
0.0004595
-0.000691321
0.000466069
-0.000755862
0.00046566
-0.000818632
0.000457765
-0.000878889
0.000442079
-0.00093593
0.000418493
-0.000989094
0.000387081
-0.00103777
0.00034809
-0.00108141
0.000301921
-0.00111948
0.000249113
-0.00115154
0.000190329
-0.00117713
0.000126338
-0.00119582
5.80114e-05
-0.00120718
-1.36902e-05
-0.00121075
-8.7674e-05
-0.00120601
-0.000162751
-0.00119243
-0.000237568
-0.00116946
-0.00031059
-0.00113654
-0.000380078
-0.00109326
-0.000444082
-0.00103937
-0.000500458
-0.000974948
-0.000546932
-0.000900535
-0.00058122
-0.000817221
-0.000601213
-0.000726739
-0.000605211
-0.000631458
-0.000592189
-0.000534291
-0.000562057
-0.000438497
-0.000515849
-0.000347405
-0.000455796
-0.000264084
-0.000385244
-0.000191036
-0.000308417
-0.000129961
-0.000230067
-8.16298e-05
-0.000155096
-4.58903e-05
-8.82349e-05
-2.17612e-05
-3.38492e-05
-7.58399e-06
4.09898e-06
-1.1837e-06
2.19669e-05
1.62496e-05
-1.0358e-05
4.97049e-05
-3.56747e-05
0.000132034
-7.14703e-05
0.000198767
-0.000114656
0.000253165
-0.000163294
0.000298958
-0.000216256
0.000339246
-0.000272891
0.000376059
-0.000332755
0.000410315
-0.000395425
0.000442029
-0.000460411
0.000470598
-0.000527127
0.000495079
-0.000594897
0.000514416
-0.000662986
0.000527589
-0.000730627
0.000533711
-0.00079705
0.000532082
-0.0008615
0.000522215
-0.000923258
0.000503837
-0.00098165
0.000476885
-0.00103606
0.000441492
-0.00108595
0.000397974
-0.00113083
0.000346803
-0.0011703
0.000288586
-0.00120401
0.000224042
-0.00123165
0.000153978
-0.00125291
7.92714e-05
-0.00126747
8.63457e-07
-0.00127491
-8.02283e-05
-0.00127477
-0.000162888
-0.00126647
-0.000245875
-0.0012493
-0.00032776
-0.0012225
-0.000406879
-0.00118529
-0.00048129
-0.00113699
-0.000548755
-0.00107716
-0.000606763
-0.00100576
-0.000652622
-0.00092334
-0.000683633
-0.000831195
-0.000697355
-0.000731449
-0.000691935
-0.000627031
-0.000666475
-0.000521517
-0.000621362
-0.000418838
-0.000558475
-0.000322874
-0.000481208
-0.00023703
-0.00039426
-0.000163866
-0.000303231
-0.000104854
-0.000214108
-6.03162e-05
-0.000132773
-2.95073e-05
-6.46581e-05
-1.08033e-05
-1.46051e-05
-1.90222e-06
1.30659e-05
1.43474e-05
-1.1183e-05
6.08879e-05
-3.83637e-05
0.000159215
-7.6613e-05
0.000237017
-0.000122543
0.000299095
-0.000174022
0.000350437
-0.000229806
0.00039503
-0.000289167
0.000435419
-0.000351603
0.000472751
-0.000416649
0.000507075
-0.000483779
0.000537728
-0.000552381
0.000563681
-0.000621764
0.000583799
-0.000691183
0.000597008
-0.000759869
0.000602397
-0.000827054
0.000599267
-0.000891992
0.000587154
-0.000953983
0.000565828
-0.00101239
0.000535291
-0.00106666
0.000495759
-0.00111632
0.000447639
-0.00116102
0.000391505
-0.00120049
0.000328058
-0.00123454
0.000258092
-0.00126303
0.000182461
-0.0012858
0.000102049
-0.0013027
1.77624e-05
-0.00131345
-6.94784e-05
-0.00131766
-0.000158676
-0.00131477
-0.000248765
-0.00130403
-0.000338504
-0.0012845
-0.000426408
-0.00125512
-0.000510673
-0.00121477
-0.000589103
-0.00116245
-0.000659082
-0.00109745
-0.000717618
-0.00101961
-0.000761472
-0.000929547
-0.000787421
-0.000828848
-0.000792633
-0.000720183
-0.000775141
-0.000607215
-0.00073433
-0.000494347
-0.000671343
-0.000386277
-0.000589279
-0.000287445
-0.000493093
-0.000201492
-0.000389183
-0.000130853
-0.000284748
-7.65523e-05
-0.000187073
-3.82491e-05
-0.000102961
-1.44373e-05
-3.84169e-05
-2.71393e-06
1.34254e-06
1.16335e-05
-1.17855e-05
7.26733e-05
-4.03516e-05
0.000187781
-8.04447e-05
0.00027711
-0.000128441
0.000347091
-0.000182046
0.000404042
-0.000239899
0.000452883
-0.000301193
0.000496713
-0.000365366
0.000536924
-0.000431907
0.000573615
-0.000500254
0.000606075
-0.000569766
0.000633194
-0.000639734
0.000653766
-0.000709397
0.000666671
-0.000777976
0.000670976
-0.000844701
0.000665991
-0.000908832
0.000651285
-0.000969693
0.000626689
-0.0010267
0.000592293
-0.00107936
0.000548423
-0.00112733
0.000495613
-0.00117039
0.000434566
-0.00120844
0.000366101
-0.00124146
0.000291109
-0.00126949
0.000210499
-0.00129261
0.000125164
-0.00131081
3.59642e-05
-0.001324
-5.62832e-05
-0.00133194
-0.000150744
-0.00133414
-0.000246563
-0.00132989
-0.000342755
-0.00131818
-0.000438113
-0.00129776
-0.000531092
-0.00126717
-0.000619694
-0.00122488
-0.000701375
-0.00116949
-0.000773009
-0.0011
-0.000830957
-0.00101615
-0.000871271
-0.000918709
-0.000890078
-0.000809724
-0.000884125
-0.000692616
-0.000851438
-0.000571998
-0.00079196
-0.000453261
-0.000708015
-0.000341926
-0.000604428
-0.000242913
-0.000488197
-0.000159894
-0.000367766
-9.48973e-05
-0.00025207
-4.82189e-05
-0.00014964
-1.86201e-05
-6.80157e-05
-3.661e-06
-1.36165e-05
7.97248e-06
-1.21317e-05
8.48049e-05
-4.15413e-05
0.00021719
-8.27979e-05
0.000318366
-0.000132118
0.000396411
-0.000187069
0.000458993
-0.000246182
0.000511997
-0.000308566
0.000559097
-0.000373593
0.000601951
-0.000440702
0.000640725
-0.000509294
0.000674666
-0.000578698
0.000702598
-0.00064818
0.000723248
-0.000716961
0.000735453
-0.000784252
0.000738267
-0.000849277
0.000731016
-0.00091131
0.000713319
-0.000969712
0.000685091
-0.00102396
0.000646538
-0.00107366
0.000598129
-0.0011186
0.000540554
-0.00115871
0.000474671
-0.00119405
0.000401442
-0.0012248
0.000321863
-0.00125121
0.000236906
-0.00127352
0.000147476
-0.00129194
5.43834e-05
-0.00130656
-4.16612e-05
-0.0013173
-0.000140003
-0.00132384
-0.00024002
-0.00132558
-0.000341021
-0.00132155
-0.000442144
-0.00131043
-0.000542208
-0.00129057
-0.000639561
-0.00126002
-0.000731921
-0.00121678
-0.000816253
-0.001159
-0.000888735
-0.0010854
-0.000944865
-0.00099569
-0.000979792
-0.000890939
-0.000988876
-0.000773898
-0.000968479
-0.000649002
-0.000916856
-0.000522053
-0.000834964
-0.000399557
-0.000726924
-0.00028782
-0.000599934
-0.000192025
-0.000463562
-0.000115535
-0.00032856
-5.95978e-05
-0.000205577
-2.34654e-05
-0.000104148
-4.78108e-06
-3.23008e-05
3.19141e-06
-1.21974e-05
9.70023e-05
-4.18626e-05
0.000246856
-8.35514e-05
0.000360055
-0.000133404
0.000446264
-0.000188882
0.000514471
-0.000248412
0.000571527
-0.000311012
0.000621697
-0.000375987
0.000666926
-0.000442721
0.000707458
-0.000510575
0.00074252
-0.000578847
0.000770871
-0.00064678
0.000791181
-0.000713579
0.000802252
-0.000778443
0.000803132
-0.000840605
0.000793177
-0.000899364
0.000772078
-0.000954133
0.00073986
-0.00100447
0.000696875
-0.0010501
0.000643763
-0.00109095
0.000581397
-0.00112708
0.000510809
-0.00115875
0.000433111
-0.0011863
0.000349413
-0.00121015
0.000260752
-0.00123072
0.000168043
-0.00124838
7.20481e-05
-0.00126341
-2.66268e-05
-0.00127592
-0.000127503
-0.00128575
-0.000230184
-0.00129249
-0.000334286
-0.00129531
-0.000439316
-0.001293
-0.000544525
-0.00128383
-0.000648723
-0.00126569
-0.000750067
-0.00123609
-0.000845852
-0.00119247
-0.000932354
-0.00113253
-0.0010048
-0.00105475
-0.00105757
-0.000958937
-0.00108469
-0.000846726
-0.00108069
-0.000721877
-0.00104171
-0.000590166
-0.000966676
-0.000458806
-0.000858283
-0.000335454
-0.000723287
-0.000226996
-0.000572019
-0.000138481
-0.000417075
-7.24844e-05
-0.000271574
-2.90519e-05
-0.000147581
-6.10499e-06
-5.52478e-05
-2.91356e-06
-1.19696e-05
0.000108972
-4.12759e-05
0.000276162
-8.26359e-05
0.000401415
-0.000132203
0.00049583
-0.000187367
0.000569635
-0.000246457
0.000630616
-0.000308397
0.000683638
-0.000372416
0.000730945
-0.000437844
0.000772886
-0.000504001
0.000808677
-0.000570159
0.000837029
-0.00063554
0.000856562
-0.000699339
0.00086605
-0.000760759
0.000864552
-0.000819053
0.000851471
-0.000873566
0.000826592
-0.000923785
0.000790079
-0.000969364
0.000742455
-0.00101016
0.000684556
-0.00104621
0.000617452
-0.00107776
0.000542359
-0.00110519
0.00046054
-0.00112899
0.000373211
-0.00114971
0.000281471
-0.00116791
0.00018624
-0.00118409
8.82332e-05
-0.00119868
-1.20377e-05
-0.00121193
-0.00011425
-0.0012239
-0.000218214
-0.00123436
-0.000323824
-0.00124273
-0.000430946
-0.00124798
-0.000539277
-0.00124855
-0.000648152
-0.00124232
-0.000756299
-0.00122661
-0.000861563
-0.00119834
-0.000960622
-0.00115435
-0.00104879
-0.0010919
-0.00112003
-0.00100931
-0.00116727
-0.000906759
-0.00118324
-0.000786787
-0.00116168
-0.000654576
-0.00109889
-0.000517585
-0.000995275
-0.000384585
-0.000856287
-0.000264231
-0.000692374
-0.000163555
-0.00051775
-8.68756e-05
-0.000348254
-3.54179e-05
-0.000199038
-7.6532e-06
-8.30125e-05
-1.05668e-05
-1.14477e-05
0.000120419
-3.97751e-05
0.000304489
-8.00371e-05
0.000441677
-0.000128494
0.000544287
-0.000182504
0.000623645
-0.000240306
0.000688418
-0.000300727
0.000744059
-0.000362918
0.000793136
-0.000426152
0.00083612
-0.000489714
0.000872239
-0.000552853
0.000900168
-0.000614783
0.000918492
-0.000674703
0.000925971
-0.000731838
0.000921686
-0.000785481
0.000905114
-0.000835045
0.000876156
-0.000880105
0.000835139
-0.00092043
0.000782781
-0.000955996
0.000720122
-0.000986982
0.000648438
-0.00101375
0.000569123
-0.00103679
0.00048358
-0.0010567
0.000393121
-0.00107411
0.000298889
-0.00108968
0.000201803
-0.00110398
0.000102536
-0.00111753
1.51263e-06
-0.00113071
-0.00010107
-0.00114373
-0.00020519
-0.00115658
-0.000310975
-0.00116893
-0.000418598
-0.00118004
-0.000528167
-0.00118865
-0.000639542
-0.00119286
-0.000752092
-0.00119005
-0.000864369
-0.00117694
-0.000973727
-0.00114978
-0.00107595
-0.00110477
-0.00116504
-0.00103877
-0.00123327
-0.000950221
-0.0012718
-0.000839983
-0.00127191
-0.000712017
-0.00122685
-0.000573401
-0.00113389
-0.000433578
-0.00099611
-0.000302829
-0.000823122
-0.000190368
-0.000630212
-0.000102659
-0.000435963
-4.25562e-05
-0.000259141
-9.43446e-06
-0.000116134
-2.00012e-05
-1.06433e-05
0.000131063
-3.73878e-05
0.000331234
-7.57964e-05
0.000480086
-0.000122334
0.000590825
-0.00017437
0.000675681
-0.000230064
0.000744111
-0.000288147
0.000802142
-0.00034769
0.000852679
-0.000407912
0.000896342
-0.000468068
0.000932395
-0.000527398
0.000959498
-0.000585119
0.000976214
-0.000640456
0.000981308
-0.000692675
0.000973905
-0.000741134
0.000953573
-0.000785332
0.000920354
-0.000824948
0.000874756
-0.000859868
0.0008177
-0.000890186
0.000750441
-0.000916194
0.000674447
-0.000938348
0.000591277
-0.000957224
0.000502456
-0.000973471
0.000409369
-0.000987767
0.000313185
-0.00100078
0.000214812
-0.00101312
0.000114878
-0.00102534
1.37377e-05
-0.0010379
-8.85086e-05
-0.00105113
-0.00019197
-0.00106516
-0.000296935
-0.00107995
-0.000403817
-0.00109506
-0.000513057
-0.00110961
-0.000624985
-0.00112211
-0.000739599
-0.00113024
-0.000856233
-0.00113085
-0.000973117
-0.00111994
-0.00108686
-0.001093
-0.00119198
-0.00104561
-0.00128066
-0.000974414
-0.00134299
-0.000878279
-0.00136805
-0.000759348
-0.00134578
-0.000623601
-0.00126964
-0.00048051
-0.0011392
-0.000341618
-0.000962014
-0.000218333
-0.000753497
-0.000119611
-0.000534685
-5.04135e-05
-0.000328338
-1.14464e-05
-0.000155101
-3.14475e-05
-9.58002e-06
0.000140643
-3.41738e-05
0.000355827
-7.00091e-05
0.000515921
-0.000113852
0.000634668
-0.000163131
0.00072496
-0.000215944
0.000796924
-0.00027093
0.000857129
-0.00032708
0.000908829
-0.000383563
0.000952825
-0.000439613
0.000988445
-0.000494474
0.00101436
-0.00054739
0.00102913
-0.000597628
0.00103155
-0.00064452
0.0010208
-0.000687509
0.000996562
-0.000726195
0.000959041
-0.000760369
0.00090893
-0.00079003
0.000847361
-0.000815378
0.000775789
-0.000836795
0.000695863
-0.0008548
0.000609283
-0.00087001
0.000517666
-0.000883088
0.000422447
-0.000894703
0.000324801
-0.000905501
0.000225609
-0.000916078
0.000125456
-0.000926975
2.46344e-05
-0.000938661
-7.68226e-05
-0.000951522
-0.000179108
-0.000965842
-0.000282616
-0.000981749
-0.00038791
-0.000999136
-0.00049567
-0.00101752
-0.000606597
-0.00103588
-0.000721239
-0.00105242
-0.000839695
-0.00106438
-0.000961163
-0.0010679
-0.00108333
-0.00105819
-0.0012017
-0.00102989
-0.00130895
-0.000978071
-0.00139481
-0.000899453
-0.00144667
-0.000793921
-0.00145132
-0.000665647
-0.00139791
-0.000523345
-0.0012815
-0.000379232
-0.00110613
-0.000246702
-0.000886028
-0.000137409
-0.000643977
-5.88928e-05
-0.000406855
-1.3677e-05
-0.000200317
-4.51245e-05
-8.29209e-06
0.000148935
-3.02228e-05
0.000377758
-6.28201e-05
0.000548518
-0.000103245
0.000675093
-0.000149038
0.000770752
-0.000198259
0.000846145
-0.000249462
0.000908332
-0.00030156
0.000960928
-0.000353681
0.00100495
-0.000405047
0.00103981
-0.000454924
0.00106424
-0.000502599
0.00107681
-0.000547407
0.00107635
-0.000588764
0.00106215
-0.000626213
0.00103401
-0.000659467
0.000992294
-0.000688427
0.00093789
-0.000713194
0.000872129
-0.000734057
0.000796652
-0.000751456
0.000713262
-0.000765945
0.000623772
-0.000778143
0.000529864
-0.000788689
0.000432993
-0.00079821
0.000334321
-0.000807293
0.000234693
-0.00081648
0.000134643
-0.000826258
3.44131e-05
-0.000837073
-6.60078e-05
-0.000849322
-0.000166859
-0.000863356
-0.000268582
-0.000879449
-0.000371817
-0.000897739
-0.000477379
-0.000918114
-0.000586222
-0.000940037
-0.000699316
-0.000962306
-0.000817426
-0.00098277
-0.000940699
-0.000998071
-0.00106803
-0.00100354
-0.00119623
-0.000993389
-0.0013191
-0.000961464
-0.00142674
-0.000902503
-0.00150563
-0.000813894
-0.00153992
-0.000697392
-0.00151441
-0.000560135
-0.00141876
-0.00041423
-0.00125203
-0.000274607
-0.00102565
-0.000155646
-0.000762938
-6.78568e-05
-0.000494644
-1.6104e-05
-0.00025207
-6.12285e-05
-6.82237e-06
0.000155757
-2.56503e-05
0.000396586
-5.4418e-05
0.000577286
-9.07693e-05
0.000711444
-0.000132414
0.000812397
-0.000177405
0.000891136
-0.000224221
0.000955148
-0.000271707
0.00100841
-0.000318951
0.00105219
-0.000365181
0.00108604
-0.000409695
0.00110875
-0.000451846
0.00111896
-0.000491054
0.00111556
-0.000526835
0.00109794
-0.000558845
0.00106602
-0.000586907
0.00102036
-0.000611027
0.000962011
-0.000631396
0.000892497
-0.000648361
0.000813617
-0.000662397
0.000727298
-0.000674058
0.000635434
-0.000683937
0.000539743
-0.000692622
0.000441678
-0.000700668
0.000342367
-0.000708585
0.00024261
-0.000716833
0.000142891
-0.000725828
4.34084e-05
-0.000735959
-5.58776e-05
-0.000747595
-0.000155223
-0.000761104
-0.000255074
-0.00077684
-0.000356081
-0.00079511
-0.000459109
-0.000816093
-0.000565239
-0.000839685
-0.000675724
-0.000865273
-0.000791839
-0.00089141
-0.000914562
-0.000915459
-0.00104398
-0.00093328
-0.00117841
-0.000939168
-0.00131321
-0.000926271
-0.00143964
-0.000887708
-0.00154419
-0.000818405
-0.00160923
-0.000717309
-0.00161551
-0.000589213
-0.00154686
-0.000445224
-0.00139602
-0.000301138
-0.00116974
-0.000173855
-0.000890222
-7.71349e-05
-0.000591364
-1.86958e-05
-0.000310509
-7.99243e-05
-5.22019e-06
0.000160977
-2.0592e-05
0.000411958
-4.50279e-05
0.000601722
-7.67321e-05
0.000743149
-0.000113645
0.000849309
-0.000153847
0.000931338
-0.000195761
0.000997063
-0.000238171
0.00105082
-0.000280134
0.00109415
-0.000320891
0.0011268
-0.00035979
0.00114765
-0.000396262
0.00115543
-0.000429828
0.00114913
-0.000460116
0.00112822
-0.000486896
0.0010928
-0.000510099
0.00104356
-0.000529825
0.000981736
-0.000546328
0.000909001
-0.000559997
0.000827285
-0.00057131
0.000738611
-0.000580797
0.000644921
-0.000588999
0.000547945
-0.000596432
0.00044911
-0.000603569
0.000349505
-0.000610831
0.000249872
-0.000618588
0.000150648
-0.000627173
5.19937e-05
-0.000636903
-4.61475e-05
-0.000648098
-0.000144028
-0.000661102
-0.000242071
-0.00067629
-0.000340892
-0.000694065
-0.000441334
-0.0007148
-0.000544505
-0.000738727
-0.000651797
-0.000765741
-0.000764824
-0.00079509
-0.000885213
-0.00082496
-0.00101411
-0.000852022
-0.00115135
-0.000871102
-0.00129413
-0.000875244
-0.0014355
-0.000856493
-0.00156294
-0.000807617
-0.0016581
-0.000724622
-0.00169851
-0.00060935
-0.00166213
-0.000471008
-0.00153436
-0.000325412
-0.00131533
-0.000191548
-0.00102409
-8.65346e-05
-0.000696377
-2.14131e-05
-0.00037563
-0.000101337
-3.53884e-06
0.000164516
-1.51985e-05
0.000423618
-3.4903e-05
0.000621426
-6.14806e-05
0.000769726
-9.31633e-05
0.000880992
-0.000128103
0.000966278
-0.00016469
0.00103365
-0.000201654
0.00108779
-0.000238032
0.00113053
-0.000273083
0.00116185
-0.000306218
0.00118078
-0.000336958
0.00118617
-0.00036493
0.0011771
-0.000389881
0.00115317
-0.000411695
0.00111462
-0.000430401
0.00106227
-0.000446174
0.00099751
-0.000459318
0.000922144
-0.000470232
0.000838199
-0.000479378
0.000747757
-0.00048724
0.000652783
-0.00049429
0.000554995
-0.000500966
0.000455786
-0.00050765
0.000356189
-0.000514675
0.000256897
-0.000522322
0.000158294
-0.000530843
6.05151e-05
-0.000540482
-3.65089e-05
-0.000551495
-0.000133014
-0.000564181
-0.000229385
-0.000578898
-0.000326175
-0.000596075
-0.000424157
-0.000616189
-0.000524391
-0.000639695
-0.00062829
-0.000666876
-0.000737643
-0.000697575
-0.000854514
-0.000730786
-0.000980904
-0.000764126
-0.00111801
-0.000793291
-0.00126497
-0.000811763
-0.00141702
-0.000811155
-0.00156355
-0.000782605
-0.00168665
-0.000719328
-0.00176178
-0.000619851
-0.0017616
-0.000490664
-0.00166355
-0.000346655
-0.00145934
-0.000208253
-0.00116249
-9.58566e-05
-0.000808774
-2.42116e-05
-0.000447275
-0.000125549
-1.83305e-06
0.000166349
-9.62896e-06
0.000431414
-2.43162e-05
0.000636113
-4.53921e-05
0.000790802
-7.14401e-05
0.00090704
-0.000100731
0.000995568
-0.000131648
0.00106457
-0.000162886
0.00111903
-0.000193463
0.00116111
-0.000222665
0.00119105
-0.000249968
0.00120809
-0.000274988
0.00121119
-0.000297467
0.00119958
-0.000317269
0.00117298
-0.000334383
0.00113173
-0.000348928
0.00107681
-0.000361137
0.00100972
-0.000371341
0.000932348
-0.000379933
0.000846792
-0.000387339
0.000755164
-0.000393984
0.000659428
-0.000400264
0.000561275
-0.000406531
0.000462053
-0.000413083
0.000362741
-0.000420167
0.00026398
-0.000427987
0.000166114
-0.000436722
6.92506e-05
-0.000446549
-2.66822e-05
-0.000457663
-0.0001219
-0.000470305
-0.000216742
-0.000484792
-0.000311688
-0.000501533
-0.000407417
-0.000521034
-0.00050489
-0.000543866
-0.000605458
-0.000570566
-0.000710943
-0.000601428
-0.000823652
-0.000636145
-0.000946186
-0.000673275
-0.00108088
-0.000709568
-0.00122867
-0.000739374
-0.00138722
-0.000754508
-0.00154841
-0.000745143
-0.00169602
-0.000702124
-0.0018048
-0.000620576
-0.00184315
-0.000503621
-0.00178051
-0.000364262
-0.0015987
-0.000223559
-0.00130319
-0.000104912
-0.00092742
-2.70464e-05
-0.000525141
-0.000152595
-1.56811e-07
0.000166506
-4.04587e-06
0.000435303
-1.35517e-05
0.000645619
-2.88636e-05
0.000806114
-4.89704e-05
0.000927147
-7.2312e-05
0.00101891
-9.73015e-05
0.00108956
-0.00012261
0.00114433
-0.000147246
0.00118575
-0.000170522
0.00121433
-0.00019198
0.00122954
-0.000211335
0.00123054
-0.00022844
0.00121668
-0.000243271
0.00118781
-0.000255917
0.00114438
-0.000266571
0.00108746
-0.000275512
0.00101866
-0.00028308
0.000939916
-0.000289649
0.00085336
-0.000295595
0.000761111
-0.000301278
0.00066511
-0.000307013
0.000567011
-0.000313071
0.000468111
-0.000319672
0.000369341
-0.000326987
0.000271295
-0.000335156
0.000174283
-0.000344298
7.83926e-05
-0.000354533
-1.64468e-05
-0.000366003
-0.00011043
-0.000378896
-0.00020385
-0.000393472
-0.000297112
-0.000410094
-0.000390795
-0.000429246
-0.000485739
-0.000451528
-0.000583177
-0.000477605
-0.000684865
-0.00050807
-0.000793187
-0.000543153
-0.000911103
-0.000582236
-0.0010418
-0.000623157
-0.00118775
-0.000661396
-0.00134898
-0.000689515
-0.00152029
-0.000697434
-0.0016881
-0.000674253
-0.00182798
-0.000611888
-0.00190552
-0.000509676
-0.00188272
-0.00037784
-0.00173053
-0.000237148
-0.00144388
-0.000113543
-0.00105103
-2.98763e-05
-0.000608808
-0.000182472
1.43869e-06
0.000165068
1.38984e-06
0.000435352
-2.89696e-06
0.000649906
-1.23025e-05
0.00081552
-2.62653e-05
0.00094111
-4.34456e-05
0.00103609
-6.23235e-05
0.00110844
-8.15679e-05
0.00116358
-0.000100183
0.00120436
-0.000117505
0.00123165
-0.000133141
0.00124518
-0.0001469
0.0012443
-0.00015874
0.00122852
-0.000168744
0.00119781
-0.000177091
0.00115272
-0.000184036
0.00109441
-0.000189891
0.00102452
-0.000194997
0.000945022
-0.000199696
0.00085806
-0.000204314
0.000765728
-0.000209137
0.000669933
-0.000214408
0.000572282
-0.00022032
0.000474023
-0.000227023
0.000376044
-0.000234628
0.0002789
-0.00024322
0.000182875
-0.000252875
8.80472e-05
-0.000263669
-5.65278e-06
-0.000275702
-9.83977e-05
-0.000289113
-0.000190438
-0.000304112
-0.000282114
-0.000321
-0.000373906
-0.000340206
-0.000466533
-0.000362301
-0.000561082
-0.000387982
-0.000659185
-0.000417994
-0.000763175
-0.000452928
-0.00087617
-0.000492817
-0.00100191
-0.000536485
-0.00114409
-0.000580642
-0.00130482
-0.00061898
-0.00148196
-0.000641835
-0.00166524
-0.000637306
-0.00183251
-0.000594549
-0.00194827
-0.000508964
-0.0019683
-0.000387221
-0.00185228
-0.00024882
-0.00158228
-0.000121634
-0.00117821
-3.2669e-05
-0.000697773
-0.000215141
2.90834e-06
0.000162159
6.52638e-06
0.000431734
7.36239e-06
0.00064907
3.87851e-06
0.000819004
-3.84359e-06
0.000948832
-1.47375e-05
0.00104698
-2.73914e-05
0.00112109
-4.04947e-05
0.00117668
-5.30534e-05
0.00121692
-6.44275e-05
0.00124302
-7.42808e-05
0.00125503
-8.25068e-05
0.00125253
-8.91646e-05
0.00123518
-9.44317e-05
0.00120308
-9.85681e-05
0.00115686
-0.000101886
0.00109773
-0.00010472
0.00102735
-0.000107405
0.000947707
-0.000110252
0.000860906
-0.00011353
0.000769006
-0.000117461
0.000673865
-0.000122219
0.000577039
-0.000127929
0.000479733
-0.000134681
0.000382796
-0.000142537
0.000286756
-0.000151542
0.00019188
-0.000161738
9.82425e-05
-0.000173171
5.7804e-06
-0.000185912
-8.56573e-05
-0.000200064
-0.000176286
-0.000215788
-0.00026639
-0.000233328
-0.000356366
-0.000253044
-0.000446817
-0.000275438
-0.000538688
-0.00030117
-0.000633452
-0.000331028
-0.000733317
-0.000365797
-0.000841402
-0.000405963
-0.000961743
-0.000451157
-0.00109889
-0.000499265
-0.00125671
-0.000545318
-0.0014359
-0.000580615
-0.00162995
-0.000593021
-0.0018201
-0.000569587
-0.00197171
-0.000501883
-0.00203601
-0.000392439
-0.00196172
-0.000258502
-0.00171622
-0.000129131
-0.00130758
-3.54064e-05
-0.000791497
-0.000250547
4.21237e-06
0.000157947
1.12233e-05
0.000424723
1.69545e-05
0.000643339
1.92747e-05
0.000816684
1.77735e-05
0.000950333
1.32003e-05
0.00105156
6.8161e-06
0.00112747
-1.17119e-07
0.00118361
-6.61788e-06
0.00122342
-1.2068e-05
0.00124847
-1.61787e-05
0.00125914
-1.89182e-05
0.00125527
-2.04344e-05
0.0012367
-2.09926e-05
0.00120364
-2.09259e-05
0.00115679
-2.05956e-05
0.0010974
-2.03586e-05
0.00102711
-2.05421e-05
0.000947891
-2.14252e-05
0.00086179
-2.323e-05
0.000770811
-2.61202e-05
0.000676755
-3.02077e-05
0.000581127
-3.5562e-05
0.000485088
-4.22234e-05
0.000389457
-5.02144e-05
0.000294747
-5.95507e-05
0.000201217
-7.02505e-05
0.000108942
-8.23424e-05
1.78722e-05
-9.58762e-05
-7.21236e-05
-0.000110932
-0.00016123
-0.000127634
-0.000249688
-0.000146173
-0.000337827
-0.000166838
-0.000426152
-0.00019005
-0.000515476
-0.000216389
-0.000607113
-0.000246599
-0.000703107
-0.000281531
-0.000806471
-0.000321935
-0.000921339
-0.000368035
-0.00105279
-0.000418731
-0.00120602
-0.000470431
-0.0013842
-0.000515772
-0.00158461
-0.000543104
-0.00179277
-0.000538151
-0.00197666
-0.000489014
-0.00208514
-0.000393694
-0.00205704
-0.000266236
-0.00184368
-0.000136043
-0.00143778
-3.80885e-05
-0.000889452
-0.000288636
5.31769e-06
0.000152629
1.53551e-05
0.000414686
2.56216e-05
0.000633072
3.34872e-05
0.000808818
3.8068e-05
0.000945752
3.97626e-05
0.00104986
3.96318e-05
0.0011276
3.88539e-05
0.00118439
3.83857e-05
0.00122389
3.88275e-05
0.00124803
4.04278e-05
0.00125754
4.31552e-05
0.00125254
4.67836e-05
0.00123307
5.09689e-05
0.00119945
5.5311e-05
0.00115245
5.9402e-05
0.00109331
6.28634e-05
0.00102365
6.53712e-05
0.000945383
6.66702e-05
0.000860491
6.65776e-05
0.000770903
6.4977e-05
0.000678355
6.18063e-05
0.000584297
5.70416e-05
0.000489852
5.06818e-05
0.000395817
4.27344e-05
0.000302694
3.32051e-05
0.000210746
2.20902e-05
0.000120057
9.37112e-06
3.05911e-05
-4.98953e-06
-5.77631e-05
-2.10564e-05
-0.000145164
-3.89279e-05
-0.000231817
-5.8753e-05
-0.000318002
-8.0757e-05
-0.000404148
-0.000105275
-0.000490958
-0.000132787
-0.000579601
-0.000163947
-0.000671947
-0.000199568
-0.000770849
-0.000240512
-0.000880395
-0.000287381
-0.00100592
-0.000339868
-0.00115353
-0.000395657
-0.00132841
-0.00044892
-0.00153134
-0.000489085
-0.00175261
-0.000501378
-0.00196437
-0.00047101
-0.00211551
-0.000391287
-0.00213677
-0.000272165
-0.0019628
-0.000142445
-0.0015675
-4.07372e-05
-0.000991159
-0.000329373
6.19752e-06
0.000146432
1.88112e-05
0.000402072
3.31272e-05
0.000618757
4.61362e-05
0.000795809
5.65259e-05
0.000935363
6.43304e-05
0.00104206
7.03698e-05
0.00112156
7.57004e-05
0.00117906
8.12301e-05
0.00121836
8.75349e-05
0.00124173
9.48313e-05
0.00125025
0.000103036
0.00124434
0.000111857
0.00122425
0.00012088
0.00119043
0.000129642
0.00114369
0.000137688
0.00108526
0.000144616
0.00101672
0.000150096
0.000939903
0.000153886
0.0008567
0.000155831
0.000768959
0.000155848
0.000678338
0.000153912
0.000586233
0.000150034
0.00049373
0.000144243
0.000401609
0.000136567
0.00031037
0.000127028
0.000220285
0.000115632
0.000131454
0.000102363
4.3859e-05
8.71914e-05
-4.25911e-05
7.00579e-05
-0.00012803
5.08818e-05
-0.000212641
2.95471e-05
-0.000296668
5.88316e-06
-0.000380484
-2.03642e-05
-0.000464711
-4.95717e-05
-0.000550394
-8.2275e-05
-0.000639244
-0.000119192
-0.000733932
-0.000161172
-0.000838416
-0.000209012
-0.000958084
-0.000262966
-0.00109958
-0.000321795
-0.00126959
-0.000381229
-0.00147191
-0.000432211
-0.00170163
-0.00046028
-0.0019363
-0.000448501
-0.00212729
-0.00038555
-0.00219972
-0.000276489
-0.00207186
-0.000148469
-0.00169552
-4.33987e-05
-0.00109623
-0.000372771
6.83071e-06
0.000139601
2.14954e-05
0.000387407
3.92533e-05
0.000600999
5.686e-05
0.000778203
7.26474e-05
0.000919575
8.62935e-05
0.00102841
9.83465e-05
0.00110951
0.0001097
0.00116771
0.000121182
0.00120688
0.000133332
0.00122958
0.000146334
0.00123725
0.000160062
0.00123061
0.000174168
0.00121014
0.000188175
0.00117642
0.000201561
0.0011303
0.000213824
0.001073
0.000224529
0.00100602
0.000233333
0.0009311
0.000239994
0.000850039
0.000244368
0.000764584
0.000246393
0.000676313
0.000246068
0.000586558
0.000243426
0.000496372
0.000238515
0.00040652
0.00023138
0.000317504
0.000222053
0.000229611
0.000210545
0.000142962
0.000196843
5.7561e-05
0.000180916
-2.66646e-05
0.000162712
-0.000109826
0.000142159
-0.000192089
0.000119166
-0.000273674
9.36022e-05
-0.000354921
6.52849e-05
-0.000436394
3.3938e-05
-0.000519047
-8.45822e-07
-0.00060446
-3.96485e-05
-0.000695129
-8.32339e-05
-0.00079483
-0.000132448
-0.00090887
-0.000187888
-0.00104414
-0.000249153
-0.00120832
-0.000313419
-0.00140764
-0.000373395
-0.00164165
-0.000415658
-0.00189404
-0.000422003
-0.00212094
-0.000376771
-0.00224495
-0.00027942
-0.00216921
-0.000154296
-0.00182064
-4.61461e-05
-0.00120438
-0.000418918
7.19993e-06
0.000132401
2.33218e-05
0.000371285
4.3797e-05
0.000580523
6.53113e-05
0.000756688
8.59419e-05
0.000898944
0.000105043
0.00100931
0.000122874
0.00109168
0.000140124
0.00115046
0.000157507
0.00118949
0.000175498
0.00121159
0.000194243
0.0012185
0.000213577
0.00121127
0.000233101
0.00119062
0.000252282
0.00115724
0.000270543
0.00111204
0.000287333
0.00105621
0.000302177
0.000991176
0.000314706
0.000918571
0.000324665
0.00084008
0.000331908
0.000757341
0.000336377
0.000671844
0.000338079
0.000584856
0.00033706
0.000497392
0.000333378
0.000410201
0.000327089
0.000323793
0.000318229
0.000238471
0.000306813
0.000154379
0.000292829
7.15447e-05
0.000276246
-1.00818e-05
0.000257015
-9.05948e-05
0.00023507
-0.000170144
0.000210338
-0.000248941
0.000182725
-0.000327308
0.000152106
-0.000405775
0.000118295
-0.000485236
8.10019e-05
-0.000567167
3.97937e-05
-0.000653921
-5.95077e-06
-0.000749086
-5.70163e-05
-0.000857805
-0.000114176
-0.000986977
-0.00017762
-0.00114488
-0.000245769
-0.00133949
-0.00031317
-0.00157425
-0.000368038
-0.00183917
-0.000391837
-0.00209715
-0.00036511
-0.00227168
-0.000281133
-0.00225319
-0.000160135
-0.00194164
-4.9082e-05
-0.00131543
-0.000468
7.28852e-06
0.000125113
2.42073e-05
0.000354367
4.65607e-05
0.00055817
7.11483e-05
0.000732101
9.59209e-05
0.000874172
0.000119967
0.000985265
0.000143254
0.00106839
0.000166234
0.00112748
0.000189456
0.00116627
0.000213303
0.00118774
0.000237861
0.00119394
0.000262919
0.00118622
0.000288032
0.00116551
0.000312615
0.00113266
0.000336037
0.00108862
0.000357694
0.00103455
0.000377068
0.000971802
0.000393752
0.000901886
0.000407466
0.000826366
0.000418045
0.000746762
0.000425421
0.000664468
0.000429596
0.000580681
0.000430616
0.000496372
0.000428542
0.000412275
0.000423433
0.000328902
0.000415328
0.000246576
0.000404243
0.000165464
0.000390167
8.56197e-05
0.00037307
7.01565e-06
0.000352905
-7.04303e-05
0.000329615
-0.000146854
0.000303138
-0.000222465
0.000273413
-0.000297583
0.000240366
-0.000372728
0.00020389
-0.000448761
0.00016381
-0.000527087
0.00011983
-0.00060994
7.14759e-05
-0.000700732
1.80907e-05
-0.000804419
-4.11164e-05
-0.00092777
-0.000106721
-0.00107927
-0.000178137
-0.00126808
-0.00025168
-0.0015007
-0.000317624
-0.00177322
-0.000358065
-0.0020567
-0.000350526
-0.00227922
-0.000281694
-0.00232202
-0.0001662
-0.00205713
-5.23418e-05
-0.00142929
-0.000520341
7.07501e-06
0.000118038
2.40582e-05
0.000337384
4.73337e-05
0.000534894
7.40169e-05
0.000705418
0.000102084
0.000846104
0.00013044
0.00095691
0.000158775
0.00104006
0.000187271
0.00109898
0.000216268
0.00113728
0.000246005
0.001158
0.000276481
0.00116347
0.000307421
0.00115528
0.000338331
0.0011346
0.000368572
0.00110242
0.000397462
0.00105973
0.000424344
0.00100767
0.00044865
0.000947496
0.000469929
0.000880607
0.000487862
0.000808433
0.000502252
0.000732372
0.000513008
0.000653712
0.000520115
0.000573573
0.000523608
0.000492879
0.000523542
0.00041234
0.000519973
0.000332472
0.00051294
0.000253608
0.000502461
0.000175943
0.000488527
9.9554e-05
0.000471106
2.44358e-05
0.000450161
-4.94853e-05
0.000425641
-0.000122334
0.000397499
-0.000194323
0.000365702
-0.000265786
0.000330222
-0.000337248
0.000291024
-0.000409563
0.000248033
-0.000484097
0.000201086
-0.000562993
0.000149859
-0.000649505
9.38199e-05
-0.00074838
3.22384e-05
-0.000866189
-3.56408e-05
-0.00101139
-0.000109971
-0.00119375
-0.000188657
-0.00142202
-0.00026426
-0.00169762
-0.00032043
-0.00200053
-0.000332695
-0.00226695
-0.000280991
-0.00237372
-0.000172681
-0.00216544
-5.61009e-05
-0.00154587
-0.000576442
6.52407e-06
0.000111514
2.27472e-05
0.000321161
4.58608e-05
0.000511781
7.35191e-05
0.000677759
0.000103896
0.000815727
0.000135811
0.000924995
0.000168705
0.00100716
0.000202464
0.00106522
0.000237166
0.00110257
0.000272853
0.00112232
0.000309389
0.00112693
0.000346412
0.00111825
0.000383359
0.00109765
0.000419541
0.00106624
0.000454218
0.00102505
0.000486685
0.0009752
0.00051632
0.000917862
0.000542622
0.000854306
0.000565224
0.000785831
0.00058389
0.000713707
0.000598492
0.00063911
0.000608988
0.000563077
0.000615392
0.000486474
0.000617747
0.000409986
0.000616098
0.00033412
0.000610485
0.000259222
0.000600923
0.000185504
0.000587408
0.000113069
0.000569916
4.19283e-05
0.000548413
-2.79832e-05
0.000522864
-9.67848e-05
0.000493242
-0.000164701
0.000459539
-0.000232082
0.000421769
-0.000299478
0.000379961
-0.000367754
0.000334128
-0.000438264
0.000284223
-0.000513087
0.000230059
-0.000595342
0.000171237
-0.000689558
0.000107093
-0.000802045
3.67924e-05
-0.000941092
-4.02904e-05
-0.00111666
-0.000123381
-0.00133893
-0.000207388
-0.00161361
-0.000278303
-0.00192962
-0.000310928
-0.00223433
-0.000278637
-0.00240602
-0.000179696
-0.00226438
-6.05835e-05
-0.00166498
-0.000637026
5.57114e-06
0.000105943
2.00768e-05
0.000306655
4.17923e-05
0.000490065
6.91641e-05
0.000650387
0.000100747
0.000784145
0.000135377
0.000890365
0.000172281
0.000970262
0.000211024
0.00102648
0.000251368
0.00106223
0.000293094
0.00108059
0.000335876
0.00108415
0.000379223
0.00107491
0.000422485
0.00105439
0.000464908
0.00102381
0.0005057
0.000984262
0.000544102
0.000936798
0.000579441
0.000882523
0.000611165
0.000822582
0.000638856
0.00075814
0.00066223
0.000690333
0.000681118
0.000620222
0.000695442
0.000548753
0.000705187
0.00047673
0.000710375
0.000404798
0.000711042
0.000333453
0.00070722
0.000263044
0.000698928
0.000193796
0.000686168
0.000125829
0.000668925
5.91717e-05
0.000647177
-6.23552e-06
0.000620912
-7.05199e-05
0.000590125
-0.000133914
0.000554838
-0.000196796
0.000515108
-0.000259748
0.000471015
-0.000323661
0.000422644
-0.000389894
0.00037004
-0.000460483
0.000313129
-0.00053843
0.000251623
-0.000628052
0.000184933
-0.000735356
0.000112169
-0.000868328
3.23825e-05
-0.00103688
-5.46275e-05
-0.00125192
-0.000145977
-0.00152226
-0.000230617
-0.00184498
-0.000284081
-0.00218086
-0.000273862
-0.00241623
-0.000187227
-0.00235102
-6.60722e-05
-0.00178614
-0.000703098
4.09615e-06
0.000101847
1.57192e-05
0.000295032
3.46079e-05
0.000471177
6.02937e-05
0.000624702
9.18931e-05
0.000752545
0.000128352
0.000853906
0.0001687
0.000929914
0.000212155
0.000983025
0.000258103
0.00101628
0.000305995
0.0010327
0.000355253
0.00103489
0.000405207
0.00102495
0.000455093
0.0010045
0.000504076
0.00097483
0.000551307
0.000937032
0.000595976
0.000892129
0.000637362
0.000841136
0.000674865
0.000785079
0.000708017
0.000724987
0.000736486
0.000661864
0.000760057
0.000596652
0.000778611
0.000530199
0.000792103
0.000463237
0.000800531
0.00039637
0.000803918
0.000330066
0.000802289
0.000264672
0.000795669
0.000200417
0.000784067
0.00013743
0.000767489
7.57503e-05
0.000745929
1.53238e-05
0.000719407
-4.39975e-05
0.000687946
-0.000102454
0.000651605
-0.000160455
0.000610476
-0.000218619
0.000564686
-0.000277871
0.000514369
-0.000339577
0.00045963
-0.000405744
0.000400465
-0.000479265
0.000336659
-0.000564246
0.000267674
-0.000666371
0.000192575
-0.000793229
0.000110145
-0.000954448
1.94609e-05
-0.00116123
-7.84246e-05
-0.00142438
-0.000175788
-0.00174762
-0.000250452
-0.0021062
-0.000265363
-0.00240132
-0.000195013
-0.00242137
-7.29083e-05
-0.00190824
-0.000776006
1.87861e-06
9.9968e-05
9.12352e-06
0.000287787
2.3504e-05
0.000456796
4.59815e-05
0.000602224
7.63877e-05
0.000722139
0.000113823
0.000816471
0.000157105
0.000886631
0.000205062
0.000935068
0.000256634
0.000964709
0.000310874
0.000978458
0.000366886
0.00097888
0.000423773
0.000968065
0.000480618
0.000947658
0.00053649
0.000918958
0.000590474
0.000883047
0.000641716
0.000840888
0.00068945
0.000793402
0.000733035
0.000741494
0.000771962
0.000686061
0.000805852
0.000627974
0.000834448
0.000568055
0.000857594
0.000507052
0.000875213
0.000445619
0.00088728
0.000384303
0.000893805
0.000323542
0.000894813
0.000263664
0.000890333
0.000204896
0.000880397
0.000147367
0.000865031
9.11157e-05
0.000844266
3.60892e-05
0.000818147
-1.78785e-05
0.000786742
-7.10484e-05
0.000750143
-0.000123856
0.000708479
-0.000176955
0.000661902
-0.000231294
0.000610573
-0.000288248
0.000554615
-0.000349785
0.00049404
-0.00041869
0.000428649
-0.000498855
0.000357897
-0.000595619
0.000280783
-0.000716115
0.000195854
-0.000869519
0.000101575
-0.00106696
-2.40349e-06
-0.0013204
-0.000111594
-0.00163843
-0.000207658
-0.00201013
-0.000251108
-0.00235787
-0.000202387
-0.00247009
-8.14732e-05
-0.00202916
-0.00085748
-1.47715e-06
0.000101445
-6.23475e-07
0.000286934
7.24391e-06
0.000448929
2.49098e-05
0.000584558
5.29984e-05
0.00069405
9.07146e-05
0.000778755
0.00013659
0.000840756
0.000188978
0.000882681
0.000246305
0.000907382
0.000307154
0.000917609
0.000370253
0.000915781
0.000434431
0.000903887
0.000498588
0.000883501
0.000561677
0.00085587
0.000622715
0.000822009
0.0006808
0.000782803
0.000735138
0.000739064
0.000785056
0.000691577
0.00083001
0.000641106
0.000869592
0.000588393
0.00090351
0.000534138
0.000931577
0.000478985
0.00095369
0.000423505
0.00096981
0.000368183
0.000979939
0.000313413
0.000984107
0.000259496
0.00098236
0.000206642
0.000974755
0.000154972
0.000961355
0.000104516
0.00094223
5.52139e-05
0.000917459
6.89267e-06
0.000887156
-4.07452e-05
0.000851445
-8.81455e-05
0.000810475
-0.000135985
0.000764408
-0.000185226
0.000713391
-0.000237232
0.000657518
-0.000293913
0.000596756
-0.000357928
0.000530842
-0.000432941
0.00045915
-0.000523927
0.000380555
-0.00063752
0.000293359
-0.000782323
0.000195486
-0.000969084
8.54225e-05
-0.00121034
-3.50141e-05
-0.00151799
-0.00015246
-0.00189269
-0.000228064
-0.00228227
-0.000207987
-0.00249017
-9.21386e-05
-0.002145
-0.000949618
-6.67195e-06
0.000108117
-1.49964e-05
0.000295258
-1.60089e-05
0.000449941
-4.73096e-06
0.00057328
2.01716e-05
0.000669148
5.78128e-05
0.000741114
0.000106257
0.000792312
0.000163259
0.000825679
0.000226648
0.000843993
0.00029448
0.000849776
0.000365064
0.000845197
0.000436923
0.000832027
0.000508752
0.000811673
0.000579378
0.000785244
0.000647747
0.00075364
0.000712922
0.000717628
0.000774085
0.000677901
0.000830548
0.000635113
0.000881756
0.000589899
0.00092728
0.000542869
0.000966811
0.000494606
0.00100015
0.000445649
0.00102717
0.000396478
0.00104785
0.000347511
0.00106217
0.000299087
0.0010702
0.000251472
0.00107199
0.000204847
0.00106765
0.000159316
0.00105727
0.000114895
0.00104097
7.15119e-05
0.00101888
2.89883e-05
0.000991122
-1.29918e-05
0.00095786
-5.48831e-05
0.000919237
-9.73619e-05
0.000875389
-0.000141379
0.000826412
-0.000188255
0.000772313
-0.000239813
0.000712941
-0.000298556
0.000647889
-0.000367888
0.000576358
-0.000452396
0.000497012
-0.000558174
0.000407862
-0.000693173
0.000306317
-0.000867539
0.000189812
-0.00109383
5.80333e-05
-0.00138621
-8.06263e-05
-0.00175403
-0.000191859
-0.00217104
-0.000209297
-0.00247273
-0.000105126
-0.00224918
-0.00105474
-1.48935e-05
0.000123011
-3.62629e-05
0.000316627
-4.88281e-05
0.000462507
-4.52194e-05
0.000569672
-2.38186e-05
0.000647747
1.39813e-05
0.000703314
6.54877e-05
0.000740805
0.000127679
0.000763488
0.000197704
0.000773967
0.000273058
0.000774422
0.000351615
0.000766641
0.000431587
0.000752055
0.000511465
0.000731795
0.000589955
0.000706753
0.000665942
0.000677653
0.000738463
0.000645107
0.000806698
0.000609667
0.000869962
0.000571849
0.000927705
0.000532155
0.000979506
0.000491069
0.00102506
0.000449054
0.00106416
0.000406544
0.00109671
0.00036393
0.00112267
0.000321553
0.00114206
0.000279694
0.00115496
0.000238573
0.00116147
0.000198339
0.00116171
0.000159071
0.00115584
0.000120771
0.001144
8.33538e-05
0.00112635
4.66386e-05
0.00110303
1.03221e-05
0.0010742
-2.60553e-05
0.00103998
-6.3135e-05
0.00100042
-0.000101826
0.000955539
-0.00014337
0.000905188
-0.000189463
0.000849036
-0.000242404
0.000786447
-0.000305299
0.000716356
-0.000382305
0.000637117
-0.000478935
0.000546363
-0.000602419
0.000440967
-0.000762143
0.000317398
-0.000970262
0.000173368
-0.00124218
1.32068e-05
-0.00159387
-0.000136471
-0.00202136
-0.000202105
-0.0024071
-0.000120171
-0.00233111
-0.00117491
-2.80875e-05
0.000151098
-6.76353e-05
0.000356175
-9.4319e-05
0.00048919
-9.87995e-05
0.000574152
-8.01368e-05
0.000629084
-4.09535e-05
0.00066413
1.49083e-05
0.000684944
8.34673e-05
0.000694929
0.000161115
0.000696319
0.000244799
0.000690738
0.00033199
0.00067945
0.000420629
0.000663416
0.000509033
0.000643391
0.000595817
0.000619969
0.000679826
0.000593644
0.000760095
0.000564838
0.000835823
0.000533939
0.000906354
0.000501319
0.000971167
0.000467342
0.00102987
0.000432369
0.00108217
0.000396746
0.00112791
0.000360806
0.00116699
0.000324848
0.00119941
0.000289139
0.0012252
0.000253899
0.00124448
0.0002193
0.00125736
0.000185457
0.001264
0.000152426
0.00126458
0.000120194
0.00125926
8.86751e-05
0.0012482
5.76946e-05
0.00123156
2.69701e-05
0.00120942
-3.91744e-06
0.00118184
-3.55579e-05
0.0011488
-6.87812e-05
0.00111014
-0.000104712
0.00106554
-0.000144869
0.00101444
-0.000191302
0.000955903
-0.000246759
0.000888513
-0.000314915
0.000810221
-0.000400643
0.00071818
-0.000510378
0.000608659
-0.000652623
0.000477181
-0.000838783
0.000319582
-0.00108458
0.000136413
-0.0014107
-5.37533e-05
-0.00183119
-0.000179551
-0.0022813
-0.000135925
-0.00237474
-0.00131084
-4.92237e-05
0.000200322
-0.000112961
0.000419913
-0.000154895
0.000531123
-0.000165658
0.000584916
-0.000146838
0.000610264
-0.000103275
0.000620568
-4.04117e-05
0.00062208
3.66887e-05
0.000617828
0.000123691
0.000609316
0.000217058
0.000597371
0.000313964
0.000582544
0.000412172
0.000565209
0.000509904
0.000545658
0.000605738
0.000524136
0.000698524
0.000500858
0.000787329
0.000476033
0.000871395
0.000449872
0.000950118
0.000422596
0.00102303
0.000394434
0.00108977
0.000365627
0.0011501
0.000336413
0.00120388
0.000307026
0.00125105
0.000277684
0.0012916
0.000248581
0.00132562
0.000219882
0.00135321
0.000191714
0.0013745
0.000164163
0.00138966
0.000137264
0.00139886
0.000111002
0.00140224
8.52953e-05
0.00139994
5.99896e-05
0.00139207
3.48376e-05
0.00137868
9.47983e-06
0.00135972
-1.6597e-05
0.00133503
-4.41002e-05
0.00130432
-7.40014e-05
0.00126706
-0.000107601
0.00122239
-0.000146641
0.00116909
-0.000193454
0.00110533
-0.000251155
0.00102859
-0.0003239
0.000935444
-0.000417235
0.000821463
-0.000538642
0.000681194
-0.000698514
0.000508712
-0.000912101
0.000300618
-0.0012026
6.79356e-05
-0.00159851
-0.00012932
-0.00208404
-0.000148477
-0.00235558
-0.00145932
-8.19822e-05
0.000282304
-0.000174629
0.000512559
-0.000227833
0.000584328
-0.000237595
0.000594678
-0.000211181
0.000583849
-0.000156759
0.000566147
-8.16228e-05
0.000546943
8.14645e-06
0.000528059
0.000107677
0.000509785
0.000213168
0.00049188
0.000321721
0.000473991
0.000431095
0.000455834
0.000539551
0.000437202
0.000645725
0.000417962
0.000748539
0.000398044
0.000847136
0.000377436
0.000940834
0.000356175
0.00102909
0.000334335
0.00111151
0.000312022
0.00118777
0.000289366
0.00125767
0.00026651
0.00132109
0.000243602
0.00137799
0.000220788
0.00142837
0.0001982
0.0014723
0.000175953
0.00150988
0.000154138
0.00154122
0.000132816
0.00156648
0.000112011
0.00158577
9.17078e-05
0.00159923
7.18387e-05
0.00160694
5.2278e-05
0.00160895
3.28257e-05
0.00160524
1.31896e-05
0.00159569
-7.04205e-06
0.00158002
-2.84366e-05
0.00155779
-5.17717e-05
0.00152828
-7.80861e-05
0.0014904
-0.000108766
0.00144261
-0.000145663
0.00138271
-0.000191255
0.00130768
-0.00024887
0.00121347
-0.000323027
0.00109483
-0.000419999
0.000945196
-0.00054888
0.000756907
-0.000723813
0.000522897
-0.000968592
0.000245839
-0.00132145
-2.99517e-05
-0.00180825
-0.000146848
-0.00223868
-0.00160616
-0.000128228
0.000410532
-0.000245637
0.000629968
-0.000291304
0.000629996
-0.000279716
0.00058309
-0.000228652
0.000532785
-0.000150052
0.000487547
-5.25103e-05
0.000449401
5.73931e-05
0.000418155
0.000174785
0.000392393
0.000296205
0.00037046
0.000419112
0.000351084
0.000541587
0.000333359
0.000662162
0.000316627
0.000779703
0.000300421
0.000893319
0.000284427
0.00100231
0.000268449
0.0011061
0.000252377
0.00120427
0.000236167
0.00129647
0.000219825
0.00138244
0.000203392
0.00146202
0.000186932
0.0015351
0.000170527
0.00160162
0.00015426
0.00166161
0.000138213
0.0017151
0.000122461
0.00176218
0.000107063
0.00180293
9.20581e-05
0.00183748
7.74618e-05
0.00186593
6.32596e-05
0.00188837
4.94012e-05
0.00190485
3.57924e-05
0.0019154
2.22848e-05
0.00191992
8.66136e-06
0.00191826
-5.38215e-06
0.00191009
-2.02593e-05
0.00189484
-3.65245e-05
0.00187168
-5.49233e-05
0.00183936
-7.64482e-05
0.00179612
-0.000102419
0.00173946
-0.000134603
0.00166598
-0.00017539
0.00157105
-0.000228091
0.00144852
-0.000297476
0.0012905
-0.000390851
0.0010871
-0.000520417
0.000827172
-0.000708664
0.000504088
-0.00099837
0.000144561
-0.00144872
-0.000107061
-0.00198706
-0.00171323
-0.000181417
0.000591949
-0.000280811
0.000729362
-0.000260771
0.000609956
-0.000180895
0.000503213
-7.22271e-05
0.000424117
5.32556e-05
0.000362064
0.000188161
0.000314495
0.000327283
0.000279033
0.000467513
0.000252163
0.000606901
0.000231072
0.000744089
0.000213896
0.000878077
0.000199371
0.0010081
0.000186601
0.00113357
0.000174955
0.00125399
0.000164008
0.00136896
0.00015348
0.00147814
0.000143194
0.00158126
0.000133045
0.00167811
0.000122983
0.0017685
0.000112997
0.00185233
0.000103101
0.00192953
9.3325e-05
0.00200009
8.37087e-05
0.00206401
7.42932e-05
0.00212135
6.51172e-05
0.0021722
5.62114e-05
0.00221666
4.75957e-05
0.00225485
3.9275e-05
0.00228687
3.1236e-05
0.00231283
2.34432e-05
0.00233279
1.58339e-05
0.00234676
8.31197e-06
0.00235469
7.37721e-07
0.00235638
-7.07785e-06
0.00235151
-1.53828e-05
0.00233949
-2.4509e-05
0.00231947
-3.4901e-05
0.00229017
-4.7145e-05
0.00224976
-6.20136e-05
0.00219569
-8.05343e-05
0.0021244
-0.000104103
0.002031
-0.000134685
0.00190875
-0.000175224
0.00174841
-0.000230513
0.00153723
-0.000309234
0.00125759
-0.000429034
0.000888165
-0.000628941
0.000427818
-0.000988378
3.19815e-06
-0.00156244
-0.00171003
-0.000180256
0.000772205
-6.55618e-05
0.000614668
0.00015345
0.000390944
0.000367628
0.000289035
0.000567716
0.00022403
0.000755199
0.00017458
0.000929838
0.000139856
0.00109258
0.000116289
0.00124503
9.97172e-05
0.00138857
8.75326e-05
0.00152421
7.82557e-05
0.00165265
7.09254e-05
0.00177438
6.48763e-05
0.00188967
5.96607e-05
0.00199869
5.49855e-05
0.00210151
5.066e-05
0.00219814
4.65623e-05
0.00228857
4.26182e-05
0.00237277
3.87863e-05
0.00245072
3.50483e-05
0.00252242
3.14006e-05
0.00258789
2.7849e-05
0.0026472
2.44042e-05
0.00270041
2.10787e-05
0.00274764
1.78837e-05
0.00278903
1.48275e-05
0.00282471
1.19138e-05
0.00285485
9.13999e-06
0.00287959
6.49579e-06
0.00289907
3.96201e-06
0.00291339
1.50819e-06
0.00292261
-9.08471e-07
0.0029267
-3.34412e-06
0.00292549
-5.87485e-06
0.00291871
-8.60131e-06
0.00290586
-1.16538e-05
0.00288616
-1.52012e-05
0.00285847
-1.94622e-05
0.00282118
-2.47193e-05
0.00277199
-3.13431e-05
0.00270772
-3.98339e-05
0.00262394
-5.09033e-05
0.00251436
-6.5649e-05
0.00236981
-8.59591e-05
0.00217609
-0.000115516
0.00190954
-0.000162488
0.0015284
-0.000247792
0.000970699
-0.000430681
0.000281364
-0.000873105
-0.00142866
0.000772205
0.00138687
0.00177782
0.00206685
0.00229088
0.00246546
0.00260532
0.00272161
0.00282132
0.00290886
0.00298711
0.00305804
0.00312291
0.00318258
0.00323756
0.00328822
0.00333478
0.0033774
0.00341619
0.00345124
0.00348264
0.00351049
0.00353489
0.00355597
0.00357385
0.00358868
0.00360059
0.00360973
0.00361623
0.00362019
0.0036217
0.00362079
0.00361745
0.00361157
0.00360297
0.00359132
0.00357612
0.00355665
0.00353193
0.00350059
0.00346076
0.00340985
0.00334421
0.00325825
0.00314273
0.00298024
0.00273245
0.00230177
0.00142866
)
;

boundaryField
{
    movingWall
    {
        type            calculated;
        value           uniform 0;
    }
    fixedWalls
    {
        type            calculated;
        value           uniform 0;
    }
    frontAndBack
    {
        type            empty;
        value           nonuniform 0();
    }
}


// ************************************************************************* //
